4.0000      -30783.576660
8.0000      -30984.647040
12.0000      -31056.072317
16.0000      -30936.857068
20.0000      -30962.639436
24.0000      -30881.927289
28.0000      -30988.323362
32.0000      -30893.393540
36.0000      -30869.409302
40.0000      -30883.486837
44.0000      -30887.942605
48.0000      -30846.046038
52.0000      -31036.887202
56.0000      -30989.704793
60.0000      -30907.771680
64.0000      -30963.586537
68.0000      -30714.592133
72.0000      -30918.027022
76.0000      -30773.422418
80.0000      -30921.531386
84.0000      -31065.430251
88.0000      -30896.322279
92.0000      -30992.511367
96.0000      -30764.810289
100.0000      -30804.989939
104.0000      -31047.464085
108.0000      -30817.705596
112.0000      -30907.680506
116.0000      -30831.099718
120.0000      -30997.966057
124.0000      -30888.441366
128.0000      -30953.205400
132.0000      -30812.542341
136.0000      -30864.448445
140.0000      -30818.488683
144.0000      -30951.096104
148.0000      -30819.719745
152.0000      -30892.082581
156.0000      -30870.259244
160.0000      -30946.612448
164.0000      -30903.621809
168.0000      -31023.834580
172.0000      -30923.336475
176.0000      -31046.857558
180.0000      -30878.057460
184.0000      -31056.901163
188.0000      -30715.409083
192.0000      -30991.808441
196.0000      -30856.990555
200.0000      -30931.869655
204.0000      -30950.024143
208.0000      -30959.982242
212.0000      -30769.876477
216.0000      -30884.583657
220.0000      -30892.132487
224.0000      -31010.664784
228.0000      -30917.260878
232.0000      -31057.541772
236.0000      -30896.432759
240.0000      -30829.875903
244.0000      -30829.807038
248.0000      -30884.803576
252.0000      -30774.575415
256.0000      -30856.860039
260.0000      -31006.095402
264.0000      -30822.799574
268.0000      -30898.614492
272.0000      -30922.801955
276.0000      -30965.187843
280.0000      -30757.335394
284.0000      -30961.848076
288.0000      -31020.281806
292.0000      -31060.133195
296.0000      -30928.103829
300.0000      -30964.475126
304.0000      -30966.662185
308.0000      -30804.922339
312.0000      -30887.885238
316.0000      -30811.511675
320.0000      -30759.069895
324.0000      -30720.513858
328.0000      -30734.993026
332.0000      -30990.550619
336.0000      -30901.549897
340.0000      -30833.735332
344.0000      -30908.785244
348.0000      -31031.298391
352.0000      -30973.572850
356.0000      -30897.556889
360.0000      -30850.456921
364.0000      -30797.706278
368.0000      -30880.390722
372.0000      -30895.655311
376.0000      -30880.642955
380.0000      -30843.136416
384.0000      -31172.308072
388.0000      -30953.384191
392.0000      -30844.890524
396.0000      -30820.589278
400.0000      -30868.158873
404.0000      -31038.289492
408.0000      -30986.410838
412.0000      -30891.440863
416.0000      -30776.043882
420.0000      -30960.614607
424.0000      -31014.210036
428.0000      -31104.013351
432.0000      -30845.767471
436.0000      -30868.752995
440.0000      -30856.858279
444.0000      -30834.859226
448.0000      -30910.296564
452.0000      -30912.359575
456.0000      -30947.202078
460.0000      -31007.770333
464.0000      -30897.699925
468.0000      -30821.444110
472.0000      -31011.735584
476.0000      -30911.485747
480.0000      -30799.863997
484.0000      -30837.409253
488.0000      -30988.465668
492.0000      -30838.090109
496.0000      -31082.023336
500.0000      -30956.702027
504.0000      -30944.667540
508.0000      -30847.095636
512.0000      -30677.456915
516.0000      -30864.124473
520.0000      -30808.071489
524.0000      -30867.703996
528.0000      -30924.896931
532.0000      -30863.889297
536.0000      -30824.419792
540.0000      -30790.347584
544.0000      -30839.116366
548.0000      -30951.204411
552.0000      -30920.857898
556.0000      -30852.511637
560.0000      -30866.454948
564.0000      -30876.021203
568.0000      -30823.048662
572.0000      -30846.309623
576.0000      -30939.493659
580.0000      -31004.175521
584.0000      -31063.880642
588.0000      -30898.064711
592.0000      -30845.087861
596.0000      -30961.595318
600.0000      -30756.929454
604.0000      -30962.680245
608.0000      -30781.490921
612.0000      -31075.708377
616.0000      -30826.011479
620.0000      -30858.827334
624.0000      -30950.971918
628.0000      -30990.428271
632.0000      -30966.521811
636.0000      -30909.749850
640.0000      -30870.001609
644.0000      -31006.251757
648.0000      -30975.438781
652.0000      -30910.260620
656.0000      -30966.147231
660.0000      -30991.074663
664.0000      -30913.694902
668.0000      -30917.009270
672.0000      -30916.354912
676.0000      -30929.159067
680.0000      -31006.650515
684.0000      -30866.606994
688.0000      -31000.608359
692.0000      -30853.328023
696.0000      -30825.118868
700.0000      -30892.347011
704.0000      -30783.727822
708.0000      -30855.669099
712.0000      -31052.571376
716.0000      -30908.001482
720.0000      -31079.484574
724.0000      -30801.237011
728.0000      -30949.439424
732.0000      -31027.806769
736.0000      -30872.687839
740.0000      -30973.845766
744.0000      -31074.110593
748.0000      -30881.611302
752.0000      -30778.771779
756.0000      -30842.035951
760.0000      -30923.249051
764.0000      -30894.855670
768.0000      -30903.834743
772.0000      -30859.339637
776.0000      -30757.464613
780.0000      -30986.843327
784.0000      -30880.858439
788.0000      -31023.948187
792.0000      -30861.416272
796.0000      -30955.038993
800.0000      -30885.187852
804.0000      -30950.550397
808.0000      -30826.787034
812.0000      -30941.645840
816.0000      -30636.342291
820.0000      -30882.536565
824.0000      -30851.164208
828.0000      -30804.139954
832.0000      -30902.509726
836.0000      -30893.363600
840.0000      -30951.296063
844.0000      -30799.542165
848.0000      -30946.903528
852.0000      -31018.481923
856.0000      -30937.187548
860.0000      -30887.952919
864.0000      -30884.865225
868.0000      -30921.161317
872.0000      -30967.196831
876.0000      -30981.417979
880.0000      -31057.820889
884.0000      -30893.021881
888.0000      -30993.534933
892.0000      -30994.853915
896.0000      -30936.483588
900.0000      -30989.148623
904.0000      -30900.211795
908.0000      -30876.107993
912.0000      -30849.821662
916.0000      -30803.651100
920.0000      -30915.724638
924.0000      -30890.515377
928.0000      -30898.588540
932.0000      -30896.841204
936.0000      -30993.765118
940.0000      -31088.395540
944.0000      -30882.951897
948.0000      -30832.974220
952.0000      -30900.070113
956.0000      -31021.256574
960.0000      -30937.316413
964.0000      -30867.833956
968.0000      -30901.832964
972.0000      -31037.700683
976.0000      -30755.764374
980.0000      -30962.563304
984.0000      -30849.705234
988.0000      -31121.165819
992.0000      -30889.695158
996.0000      -30848.109732
1000.0000      -30962.852754
1004.0000      -30797.074687
1008.0000      -30881.283918
1012.0000      -30863.395742
1016.0000      -30844.035214
1020.0000      -30899.476639
1024.0000      -30756.208240
1028.0000      -30810.278988
1032.0000      -30665.037352
1036.0000      -30924.557638
1040.0000      -30748.409811
1044.0000      -30809.629342
1048.0000      -30986.015903
1052.0000      -30920.446459
1056.0000      -30853.812441
1060.0000      -30720.254233
1064.0000      -30987.711060
1068.0000      -30850.637856
1072.0000      -30951.165004
1076.0000      -30828.170226
1080.0000      -30742.906208
1084.0000      -30945.722739
1088.0000      -30944.982395
1092.0000      -30949.830962
1096.0000      -30975.841625
1100.0000      -30997.287608
1104.0000      -31026.867574
1108.0000      -31005.996508
1112.0000      -31019.863276
1116.0000      -31106.981120
1120.0000      -31115.534106
1124.0000      -30986.547747
1128.0000      -31022.242131
1132.0000      -30965.003203
1136.0000      -31069.771921
1140.0000      -30995.562915
1144.0000      -30939.434024
1148.0000      -30985.241556
1152.0000      -31007.028912
1156.0000      -31008.468724
1160.0000      -30868.053032
1164.0000      -30933.103324
1168.0000      -30992.333197
1172.0000      -31048.570171
1176.0000      -31126.276888
1180.0000      -31102.284010
1184.0000      -30945.775645
1188.0000      -31077.735646
1192.0000      -30881.138141
1196.0000      -30788.133891
1200.0000      -30941.035714
1204.0000      -30867.910632
1208.0000      -30979.846559
1212.0000      -30926.817962
1216.0000      -30825.447276
1220.0000      -30960.800025
1224.0000      -30836.491651
1228.0000      -30883.531014
1232.0000      -30940.794221
1236.0000      -30852.272345
1240.0000      -31068.290155
1244.0000      -30692.397056
1248.0000      -30818.357273
1252.0000      -30897.059863
1256.0000      -30800.854962
1260.0000      -30881.177119
1264.0000      -30767.476819
1268.0000      -30863.632872
1272.0000      -30978.762387
1276.0000      -30899.128689
1280.0000      -30931.776347
1284.0000      -30836.696879
1288.0000      -31069.322835
1292.0000      -30851.212174
1296.0000      -31067.259477
1300.0000      -30905.500245
1304.0000      -30849.558381
1308.0000      -30860.005917
1312.0000      -31002.790482
1316.0000      -30912.445778
1320.0000      -30950.168728
1324.0000      -31093.789897
1328.0000      -30818.741905
1332.0000      -30753.889063
1336.0000      -30867.851892
1340.0000      -30969.424459
1344.0000      -30864.924376
1348.0000      -30858.981458
1352.0000      -31006.350016
1356.0000      -30857.948410
1360.0000      -31000.634176
1364.0000      -30690.330573
1368.0000      -30943.129768
1372.0000      -30798.109313
1376.0000      -31012.205542
1380.0000      -30986.199523
1384.0000      -30894.345129
1388.0000      -30821.736967
1392.0000      -30854.075293
1396.0000      -30919.687666
1400.0000      -30956.654138
1404.0000      -30944.814887
1408.0000      -30967.608828
1412.0000      -30754.640751
1416.0000      -30806.810016
1420.0000      -31066.460917
1424.0000      -30887.620558
1428.0000      -30845.022449
1432.0000      -30926.865617
1436.0000      -30874.101466
1440.0000      -30901.114270
1444.0000      -30916.060414
1448.0000      -30962.753257
1452.0000      -30961.568945
1456.0000      -30991.943091
1460.0000      -30962.772503
1464.0000      -30727.747535
1468.0000      -30948.638684
1472.0000      -30943.262966
1476.0000      -30918.009067
1480.0000      -31044.612130
1484.0000      -31105.373896
1488.0000      -31083.571517
1492.0000      -30877.822254
1496.0000      -30850.342432
1500.0000      -30736.558255
1504.0000      -30785.476084
1508.0000      -30918.562249
1512.0000      -31009.273187
1516.0000      -31033.591663
1520.0000      -30807.659742
1524.0000      -30835.894121
1528.0000      -30894.245815
1532.0000      -30905.583621
1536.0000      -30909.799291
1540.0000      -31030.298120
1544.0000      -30815.871630
1548.0000      -31023.585028
1552.0000      -30845.448532
1556.0000      -30797.529725
1560.0000      -30946.368166
1564.0000      -30880.051355
1568.0000      -30900.905217
1572.0000      -30813.023777
1576.0000      -30981.266558
1580.0000      -30841.563970
1584.0000      -30773.605317
1588.0000      -30874.169816
1592.0000      -30959.853562
1596.0000      -30980.025224
1600.0000      -31004.151188
1604.0000      -30841.463933
1608.0000      -30932.116361
1612.0000      -30926.106309
1616.0000      -30867.247307
1620.0000      -30971.249531
1624.0000      -31031.316415
1628.0000      -30883.846333
1632.0000      -30902.120205
1636.0000      -30976.813544
1640.0000      -31052.625751
1644.0000      -30835.548402
1648.0000      -30961.492860
1652.0000      -30982.534022
1656.0000      -30947.451643
1660.0000      -30834.051896
1664.0000      -30974.058013
1668.0000      -30726.417363
1672.0000      -30898.171719
1676.0000      -30876.126005
1680.0000      -30810.851048
1684.0000      -31017.222807
1688.0000      -30928.008959
1692.0000      -30928.680813
1696.0000      -30829.586313
1700.0000      -30954.393400
1704.0000      -30962.029687
1708.0000      -31093.897344
1712.0000      -30936.988062
1716.0000      -30764.517165
1720.0000      -30829.455020
1724.0000      -30854.132510
1728.0000      -30942.150754
1732.0000      -30797.878899
1736.0000      -30894.271676
1740.0000      -30932.235315
1744.0000      -30921.385490
1748.0000      -30865.964086
1752.0000      -30912.386963
1756.0000      -31006.963783
1760.0000      -30868.328925
1764.0000      -30932.392506
1768.0000      -30964.262142
1772.0000      -30794.270370
1776.0000      -30719.181451
1780.0000      -30808.728726
1784.0000      -30891.175415
1788.0000      -31137.248144
1792.0000      -30936.130516
1796.0000      -30942.207190
1800.0000      -30826.895529
1804.0000      -30893.229155
1808.0000      -30915.738245
1812.0000      -30910.549015
1816.0000      -30776.687441
1820.0000      -30851.568287
1824.0000      -30776.911418
1828.0000      -30768.470146
1832.0000      -30904.520806
1836.0000      -30782.872940
1840.0000      -30873.530652
1844.0000      -31040.732120
1848.0000      -31017.925874
1852.0000      -31041.612259
1856.0000      -30826.602820
1860.0000      -30960.871573
1864.0000      -30819.973573
1868.0000      -30868.089048
1872.0000      -31014.875952
1876.0000      -30885.673568
1880.0000      -30848.791375
1884.0000      -30917.174066
1888.0000      -30880.718013
1892.0000      -30830.210613
1896.0000      -30881.689447
1900.0000      -30807.649166
1904.0000      -30809.973567
1908.0000      -30786.323331
1912.0000      -30833.398170
1916.0000      -30957.058981
1920.0000      -31055.698415
1924.0000      -31071.290610
1928.0000      -31005.270018
1932.0000      -30830.195167
1936.0000      -30967.671928
1940.0000      -30737.474895
1944.0000      -30775.652570
1948.0000      -30666.607619
1952.0000      -30980.845959
1956.0000      -30818.683122
1960.0000      -30902.777941
1964.0000      -30841.263184
1968.0000      -30847.178546
1972.0000      -31095.834050
1976.0000      -30964.065422
1980.0000      -31124.396180
1984.0000      -30938.183340
1988.0000      -30857.895461
1992.0000      -30950.056842
1996.0000      -31037.912591
2000.0000      -30758.555723
2004.0000      -30824.519975
2008.0000      -31073.177330
2012.0000      -30917.001109
2016.0000      -30910.985059
2020.0000      -30959.173418
2024.0000      -30945.478821
2028.0000      -30883.349720
2032.0000      -30852.022018
2036.0000      -30922.444780
2040.0000      -30860.126856
2044.0000      -30882.723916
2048.0000      -30926.591507
2052.0000      -30823.509085
2056.0000      -30949.274779
2060.0000      -30874.426701
2064.0000      -30767.141045
2068.0000      -30931.785217
2072.0000      -30819.464787
2076.0000      -30789.571241
2080.0000      -30905.199438
2084.0000      -30818.752525
2088.0000      -30880.399016
2092.0000      -30906.565589
2096.0000      -30961.373329
2100.0000      -30869.404101
2104.0000      -30938.792800
2108.0000      -30952.481600
2112.0000      -30930.120846
2116.0000      -30757.877095
2120.0000      -30863.174104
2124.0000      -30786.444222
2128.0000      -30870.199643
2132.0000      -30793.149617
2136.0000      -30605.136571
2140.0000      -30875.546827
2144.0000      -30817.851280
2148.0000      -30959.283088
2152.0000      -30901.277343
2156.0000      -30798.483126
2160.0000      -30928.789812
2164.0000      -31086.343637
2168.0000      -30982.760880
2172.0000      -30940.750907
2176.0000      -30795.452499
2180.0000      -30925.386875
2184.0000      -30887.896719
2188.0000      -31021.850346
2192.0000      -30901.996926
2196.0000      -30918.860465
2200.0000      -31036.444563
2204.0000      -30975.615783
2208.0000      -31139.982667
2212.0000      -30966.402815
2216.0000      -31071.789757
2220.0000      -30871.330677
2224.0000      -30984.590411
2228.0000      -30883.980376
2232.0000      -31052.443859
2236.0000      -31170.125460
2240.0000      -31002.657225
2244.0000      -30913.356849
2248.0000      -30983.882349
2252.0000      -30859.448142
2256.0000      -30885.305623
2260.0000      -31108.588937
2264.0000      -30808.921230
2268.0000      -30912.296631
2272.0000      -31078.374578
2276.0000      -30832.349986
2280.0000      -30958.045766
2284.0000      -30921.482803
2288.0000      -30936.360398
2292.0000      -30834.446853
2296.0000      -31062.253937
2300.0000      -30961.476680
2304.0000      -30854.986628
2308.0000      -30864.282665
2312.0000      -30877.598577
2316.0000      -30823.600447
2320.0000      -30998.334811
2324.0000      -30949.406302
2328.0000      -30930.621317
2332.0000      -31032.683582
2336.0000      -30756.088711
2340.0000      -30686.921635
2344.0000      -30745.194793
2348.0000      -30855.084596
2352.0000      -30834.644476
2356.0000      -30820.858573
2360.0000      -30807.814465
2364.0000      -30932.824435
2368.0000      -31105.651627
2372.0000      -30876.536944
2376.0000      -30798.815377
2380.0000      -30873.962499
2384.0000      -30932.386655
2388.0000      -30846.934471
2392.0000      -30934.730094
2396.0000      -30793.484538
2400.0000      -30822.096400
2404.0000      -30997.147430
2408.0000      -30859.174184
2412.0000      -30894.378584
2416.0000      -31001.515575
2420.0000      -31031.601945
2424.0000      -31019.881006
2428.0000      -31051.102004
2432.0000      -30843.948270
2436.0000      -30747.074561
2440.0000      -31005.612066
2444.0000      -30852.470860
2448.0000      -30868.984794
2452.0000      -30846.991824
2456.0000      -30813.555084
2460.0000      -30836.133740
2464.0000      -30911.964710
2468.0000      -31025.675869
2472.0000      -30993.818759
2476.0000      -31087.706146
2480.0000      -30912.407013
2484.0000      -30911.913996
2488.0000      -30834.733639
2492.0000      -30803.167040
2496.0000      -30923.443799
2500.0000      -30997.630502
2504.0000      -30817.714015
2508.0000      -30811.831709
2512.0000      -30941.832794
2516.0000      -30877.711531
2520.0000      -30726.905993
2524.0000      -30795.721814
2528.0000      -30974.210294
2532.0000      -30985.183970
2536.0000      -30844.704905
2540.0000      -30760.502661
2544.0000      -30762.851577
2548.0000      -31054.018686
2552.0000      -31009.393278
2556.0000      -30803.770354
2560.0000      -30904.529646
2564.0000      -30992.540699
2568.0000      -31117.881567
2572.0000      -31031.305365
2576.0000      -30997.573133
2580.0000      -30969.458565
2584.0000      -30714.228493
2588.0000      -30901.564700
2592.0000      -30873.077329
2596.0000      -30669.998199
2600.0000      -30864.655397
2604.0000      -30891.687888
2608.0000      -30959.725981
2612.0000      -30837.955645
2616.0000      -30849.151070
2620.0000      -30958.913819
2624.0000      -31009.696547
2628.0000      -30876.778200
2632.0000      -30917.503171
2636.0000      -31025.198880
2640.0000      -31006.604749
2644.0000      -31051.226453
2648.0000      -30967.244711
2652.0000      -31049.124244
2656.0000      -30935.755923
2660.0000      -30898.692249
2664.0000      -30878.069117
2668.0000      -30797.711782
2672.0000      -30922.191659
2676.0000      -30990.486338
2680.0000      -30908.657201
2684.0000      -30881.891682
2688.0000      -30829.791212
2692.0000      -30777.469633
2696.0000      -30760.082088
2700.0000      -30831.477048
2704.0000      -30914.786064
2708.0000      -30949.788901
2712.0000      -30693.969360
2716.0000      -31003.120048
2720.0000      -30807.093825
2724.0000      -30827.127259
2728.0000      -30896.975825
2732.0000      -30742.064593
2736.0000      -30797.335002
2740.0000      -30892.466955
2744.0000      -30847.034397
2748.0000      -30965.740764
2752.0000      -30797.953233
2756.0000      -30802.441408
2760.0000      -30980.216761
2764.0000      -30736.510655
2768.0000      -30923.250187
2772.0000      -30862.723848
2776.0000      -30819.347544
2780.0000      -30907.271702
2784.0000      -30865.505939
2788.0000      -30791.450252
2792.0000      -31033.688743
2796.0000      -30759.365688
2800.0000      -30912.472748
2804.0000      -30845.232660
2808.0000      -30969.976066
2812.0000      -30776.955366
2816.0000      -30932.125416
2820.0000      -30975.231903
2824.0000      -30876.201301
2828.0000      -30765.410430
2832.0000      -30819.968940
2836.0000      -30822.194814
2840.0000      -30881.636054
2844.0000      -30875.466625
2848.0000      -30983.159032
2852.0000      -30951.940103
2856.0000      -30937.304967
2860.0000      -30912.975947
2864.0000      -31008.209617
2868.0000      -30986.885381
2872.0000      -30915.610136
2876.0000      -31009.518928
2880.0000      -30922.242503
2884.0000      -30922.722304
2888.0000      -30878.088712
2892.0000      -30987.458838
2896.0000      -30846.958556
2900.0000      -30965.009523
2904.0000      -30924.390084
2908.0000      -30806.619561
2912.0000      -30881.410805
2916.0000      -30881.096827
2920.0000      -30819.537609
2924.0000      -30980.161337
2928.0000      -30865.447089
2932.0000      -30891.621609
2936.0000      -31057.077142
2940.0000      -30893.912184
2944.0000      -30825.530687
2948.0000      -30952.880644
2952.0000      -30809.497177
2956.0000      -30773.876103
2960.0000      -31000.001544
2964.0000      -30978.986793
2968.0000      -30889.945391
2972.0000      -30947.375245
2976.0000      -30937.187680
2980.0000      -31025.176625
2984.0000      -30926.647907
2988.0000      -31000.617602
2992.0000      -30888.959669
2996.0000      -30763.748660
3000.0000      -31038.220396
3004.0000      -31071.462119
3008.0000      -30810.523354
3012.0000      -30788.665239
3016.0000      -30778.039423
3020.0000      -30843.836610
3024.0000      -30816.912057
3028.0000      -30965.310960
3032.0000      -31089.235833
3036.0000      -31155.147643
3040.0000      -30905.320094
3044.0000      -30937.783455
3048.0000      -31056.595956
3052.0000      -30799.912245
3056.0000      -30957.483208
3060.0000      -30846.384776
3064.0000      -31028.882839
3068.0000      -30826.184748
3072.0000      -30930.198719
3076.0000      -30806.827995
3080.0000      -30950.393825
3084.0000      -30877.469388
3088.0000      -30744.639033
3092.0000      -30890.912441
3096.0000      -30951.489760
3100.0000      -31126.751290
3104.0000      -30775.271624
3108.0000      -30952.758537
3112.0000      -30984.450541
3116.0000      -30875.542129
3120.0000      -30877.659000
3124.0000      -30990.020901
3128.0000      -30994.955973
3132.0000      -30875.944759
3136.0000      -30782.585660
3140.0000      -30978.578357
3144.0000      -31016.117050
3148.0000      -30936.134080
3152.0000      -30757.893723
3156.0000      -30961.936561
3160.0000      -30950.157955
3164.0000      -30847.374180
3168.0000      -30820.673343
3172.0000      -30929.700678
3176.0000      -30923.507208
3180.0000      -31005.031712
3184.0000      -30867.639202
3188.0000      -30759.710778
3192.0000      -31148.170743
3196.0000      -30951.682708
3200.0000      -30970.130228
3204.0000      -31118.775648
3208.0000      -30999.368623
3212.0000      -31052.552339
3216.0000      -30822.306316
3220.0000      -30960.870868
3224.0000      -31013.313696
3228.0000      -30901.358708
3232.0000      -30972.361289
3236.0000      -31050.420418
3240.0000      -30801.709690
3244.0000      -30718.079270
3248.0000      -30971.031423
3252.0000      -30867.577304
3256.0000      -30970.917887
3260.0000      -31013.651025
3264.0000      -31042.788709
3268.0000      -30906.376978
3272.0000      -30937.855083
3276.0000      -30849.584925
3280.0000      -31036.429234
3284.0000      -30970.696253
3288.0000      -30920.881373
3292.0000      -30907.057818
3296.0000      -30772.882381
3300.0000      -30941.080727
3304.0000      -31019.665200
3308.0000      -30689.683984
3312.0000      -30785.447088
3316.0000      -30908.147031
3320.0000      -30985.358808
3324.0000      -30936.166593
3328.0000      -30932.239801
3332.0000      -31013.150574
3336.0000      -30719.211221
3340.0000      -30950.795092
3344.0000      -30860.840031
3348.0000      -30734.623428
3352.0000      -30863.237856
3356.0000      -30883.430428
3360.0000      -30804.823679
3364.0000      -31009.929039
3368.0000      -30919.714549
3372.0000      -30863.671886
3376.0000      -31003.593416
3380.0000      -30942.227874
3384.0000      -30817.395152
3388.0000      -30956.565293
3392.0000      -30922.055878
3396.0000      -30866.368772
3400.0000      -30806.665934
3404.0000      -30864.161148
3408.0000      -30889.562109
3412.0000      -30833.771089
3416.0000      -30911.960689
3420.0000      -30942.910827
3424.0000      -30985.460551
3428.0000      -30991.922516
3432.0000      -30785.986393
3436.0000      -31098.090504
3440.0000      -31042.190998
3444.0000      -30800.423517
3448.0000      -30932.855680
3452.0000      -30935.757372
3456.0000      -30869.216169
3460.0000      -30927.043715
3464.0000      -30634.814937
3468.0000      -30700.651554
3472.0000      -30680.752619
3476.0000      -30731.960299
3480.0000      -30945.611498
3484.0000      -30848.163096
3488.0000      -30869.904734
3492.0000      -30703.099785
3496.0000      -30728.302509
3500.0000      -30930.097587
3504.0000      -30784.807184
3508.0000      -30885.322307
3512.0000      -30890.923258
3516.0000      -30953.285629
3520.0000      -30874.368144
3524.0000      -30848.403901
3528.0000      -30837.709250
3532.0000      -30867.710952
3536.0000      -30975.200436
3540.0000      -30929.620744
3544.0000      -31022.196757
3548.0000      -30977.111294
3552.0000      -30824.785050
3556.0000      -30892.918518
3560.0000      -31000.523214
3564.0000      -30919.222926
3568.0000      -30913.133960
3572.0000      -31049.341219
3576.0000      -30886.655546
3580.0000      -30898.890599
3584.0000      -31051.978046
3588.0000      -31134.994739
3592.0000      -30880.574166
3596.0000      -30708.165520
3600.0000      -30770.543400
3604.0000      -30881.736986
3608.0000      -31002.793205
3612.0000      -30985.713022
3616.0000      -31005.528430
3620.0000      -30983.525423
3624.0000      -30833.293326
3628.0000      -30858.677931
3632.0000      -30796.875049
3636.0000      -30810.052653
3640.0000      -30871.538547
3644.0000      -30885.350022
3648.0000      -30887.843281
3652.0000      -31011.876971
3656.0000      -30924.824294
3660.0000      -30944.746295
3664.0000      -30912.410050
3668.0000      -30818.227997
3672.0000      -31068.078513
3676.0000      -30928.420375
3680.0000      -31055.015161
3684.0000      -31010.744815
3688.0000      -30966.710261
3692.0000      -30972.862777
3696.0000      -30857.626148
3700.0000      -30842.085233
3704.0000      -31059.864803
3708.0000      -30996.043494
3712.0000      -31072.191165
3716.0000      -30885.887676
3720.0000      -30915.062679
3724.0000      -30875.842262
3728.0000      -30861.479245
3732.0000      -30961.436707
3736.0000      -30879.455050
3740.0000      -30858.880519
3744.0000      -30917.800177
3748.0000      -30965.004861
3752.0000      -30874.410313
3756.0000      -30850.424674
3760.0000      -30821.006881
3764.0000      -31113.736942
3768.0000      -30887.714663
3772.0000      -30812.419957
3776.0000      -30887.352563
3780.0000      -30563.536493
3784.0000      -30891.599589
3788.0000      -30855.940705
3792.0000      -30893.596969
3796.0000      -30937.983004
3800.0000      -30739.115103
3804.0000      -30671.848736
3808.0000      -30865.538376
3812.0000      -30838.022450
3816.0000      -30947.338051
3820.0000      -30904.045546
3824.0000      -30882.260558
3828.0000      -30925.347229
3832.0000      -31005.228498
3836.0000      -30905.508128
3840.0000      -31084.745926
3844.0000      -30754.056208
3848.0000      -30850.771133
3852.0000      -30941.806563
3856.0000      -30876.238193
3860.0000      -30848.331534
3864.0000      -30810.217527
3868.0000      -30747.490593
3872.0000      -30963.280279
3876.0000      -30915.703657
3880.0000      -30933.610849
3884.0000      -30930.691384
3888.0000      -30908.179993
3892.0000      -30829.748975
3896.0000      -30958.013390
3900.0000      -30876.889405
3904.0000      -30908.871982
3908.0000      -30910.841198
3912.0000      -30814.429155
3916.0000      -30827.053364
3920.0000      -30815.268467
3924.0000      -30862.816995
3928.0000      -31086.605337
3932.0000      -30921.596339
3936.0000      -31027.992699
3940.0000      -30909.841857
3944.0000      -30970.798928
3948.0000      -30755.095904
3952.0000      -30940.639932
3956.0000      -30851.623993
3960.0000      -30845.772930
3964.0000      -30908.690881
3968.0000      -30866.599242
3972.0000      -30854.042649
3976.0000      -30916.294460
3980.0000      -31054.128842
3984.0000      -30931.536493
3988.0000      -30966.164579
3992.0000      -30846.076211
3996.0000      -31006.525273
4000.0000      -30717.155559
4004.0000      -30717.155559
