4.0000           0.000000
8.0000         -66.793100
12.0000         -63.796800
16.0000         -62.277100
20.0000         -63.447700
24.0000         -68.077500
28.0000         -68.220000
32.0000         -61.080600
36.0000         -58.871600
40.0000         -49.339400
44.0000         -68.690800
48.0000         -60.888300
52.0000         -69.867800
56.0000         -64.102800
60.0000         -63.585400
64.0000         -56.370000
68.0000         -44.517700
72.0000         -61.845000
76.0000         -67.955100
80.0000         -66.959300
84.0000         -63.819800
88.0000         -64.411500
92.0000         -59.654100
96.0000         -64.721900
100.0000         -60.067500
104.0000         -58.125500
108.0000         -55.476600
112.0000         -62.964400
116.0000         -59.363300
120.0000         -61.086900
124.0000         -67.370000
128.0000         -58.685100
132.0000         -61.657900
136.0000         -48.985600
140.0000         -54.438200
144.0000         -60.269800
148.0000         -54.128200
152.0000         -53.109500
156.0000         -62.378300
160.0000         -58.025200
164.0000         -54.814000
168.0000         -53.786400
172.0000         -60.213600
176.0000         -42.882400
180.0000         -59.613700
184.0000         -62.086900
188.0000         -54.108300
192.0000         -53.249900
196.0000         -61.527500
200.0000         -51.908600
204.0000         -62.698100
208.0000         -65.398400
212.0000         -53.737000
216.0000         -61.606500
220.0000         -54.381500
224.0000         -52.029600
228.0000         -51.042600
232.0000         -47.373800
236.0000         -53.664100
240.0000         -51.944700
244.0000         -62.601300
248.0000         -54.491000
252.0000         -55.358800
256.0000         -53.403600
260.0000         -55.173000
264.0000         -50.336700
268.0000         -55.182200
272.0000         -52.659200
276.0000         -57.271900
280.0000         -57.240500
284.0000         -53.972900
288.0000         -57.663600
292.0000         -65.784400
296.0000         -43.899800
300.0000         -52.856900
304.0000         -53.156700
308.0000         -56.557700
312.0000         -57.661000
316.0000         -47.485800
320.0000         -45.944900
324.0000         -63.635600
328.0000         -56.450100
332.0000         -53.699400
336.0000         -42.081200
340.0000         -53.071600
344.0000         -54.061600
348.0000         -53.351500
352.0000         -53.836300
356.0000         -60.591400
360.0000         -55.753800
364.0000         -55.239400
368.0000         -53.849000
372.0000         -54.053600
376.0000         -55.235800
380.0000         -57.518800
384.0000         -57.284700
388.0000         -51.546800
392.0000         -48.465600
396.0000         -55.047500
400.0000         -49.513700
404.0000         -56.389200
408.0000         -53.036600
412.0000         -56.074600
416.0000         -61.359100
420.0000         -48.862800
424.0000         -55.471800
428.0000         -52.798900
432.0000         -57.486200
436.0000         -35.093700
440.0000         -71.455700
444.0000         -50.634300
448.0000         -49.569800
452.0000         -53.681500
456.0000         -53.804700
460.0000         -57.541100
464.0000         -54.764800
468.0000         -59.559600
472.0000         -61.059400
476.0000         -55.923800
480.0000         -61.619500
484.0000         -38.077900
488.0000         -56.802000
492.0000         -57.088700
496.0000         -48.413900
500.0000         -49.699800
504.0000         -51.866400
508.0000         -50.058500
512.0000         -48.149200
516.0000         -60.171300
520.0000         -62.360900
524.0000         -54.697800
528.0000         -47.780400
532.0000         -49.506700
536.0000         -54.848700
540.0000         -53.943200
544.0000         -42.852500
548.0000         -53.997600
552.0000         -54.889200
556.0000         -50.871100
560.0000         -29.481400
564.0000         -50.049500
568.0000         -52.954000
572.0000         -43.765800
576.0000         -48.590600
580.0000         -47.526300
584.0000         -51.813600
588.0000         -50.983200
592.0000         -48.094600
596.0000         -44.834500
600.0000         -54.068600
604.0000         -49.431400
608.0000         -47.456800
612.0000         -51.245100
616.0000         -50.710600
620.0000         -49.455500
624.0000         -47.575600
628.0000         -55.672600
632.0000         -51.954000
636.0000         -48.750900
640.0000         -56.563900
644.0000         -54.929800
648.0000         -49.999300
652.0000         -49.794500
656.0000         -48.562100
660.0000         -57.758800
664.0000         -55.052100
668.0000         -53.474500
672.0000         -53.224800
676.0000         -30.510600
680.0000         -46.610400
684.0000         -61.305500
688.0000         -47.743900
692.0000         -45.324200
696.0000         -49.685400
700.0000         -49.481200
704.0000         -51.056300
708.0000         -53.673700
712.0000         -40.478200
716.0000         -62.657600
720.0000         -49.669500
724.0000         -58.972600
728.0000         -49.185300
732.0000         -53.958100
736.0000         -53.327400
740.0000         -56.452900
744.0000         -60.350200
748.0000         -52.929900
752.0000         -56.375800
756.0000         -57.670400
760.0000         -53.950700
764.0000         -60.015300
768.0000         -54.055800
772.0000         -55.759500
776.0000         -46.986000
780.0000         -47.633600
784.0000         -56.361000
788.0000         -49.766800
792.0000         -56.074500
796.0000         -57.370800
800.0000         -58.849700
804.0000         -57.234200
808.0000         -54.948600
812.0000         -57.212200
816.0000         -62.484000
820.0000         -53.968900
824.0000         -55.794800
828.0000         -50.833000
832.0000         -41.880900
836.0000         -45.415700
840.0000         -55.169800
844.0000         -56.492600
848.0000         -52.727000
852.0000         -43.890100
856.0000         -51.527500
860.0000         -57.142300
864.0000         -57.197900
868.0000         -37.097100
872.0000         -52.638900
876.0000         -47.458100
880.0000         -47.281500
884.0000         -50.279500
888.0000         -62.211400
892.0000         -53.887400
896.0000         -59.295600
900.0000         -57.713900
904.0000         -54.654800
908.0000         -55.076500
912.0000         -55.606500
916.0000         -52.812400
920.0000         -53.486200
924.0000         -55.807400
928.0000         -51.298800
932.0000         -50.533500
936.0000         -48.939000
940.0000         -54.966100
944.0000         -44.940700
948.0000         -45.202700
952.0000         -51.304100
956.0000         -61.087800
960.0000         -44.173500
964.0000         -59.330200
968.0000         -54.328000
972.0000         -52.156000
976.0000         -47.552100
980.0000         -58.021200
984.0000         -49.781100
988.0000         -45.525300
992.0000         -56.311700
996.0000         -55.549100
1000.0000         -53.427500
1004.0000         -58.894700
1008.0000         -60.415700
1012.0000         -51.577900
1016.0000         -57.668100
1020.0000         -55.214600
1024.0000         -54.647900
1028.0000         -57.359300
1032.0000         -58.399200
1036.0000         -65.032400
1040.0000         -47.822000
1044.0000         -53.926200
1048.0000         -52.459600
1052.0000         -43.260300
1056.0000         -59.346500
1060.0000         -56.451200
1064.0000         -50.178000
1068.0000         -58.671200
1072.0000         -56.996500
1076.0000         -53.542700
1080.0000         -54.214000
1084.0000         -59.090600
1088.0000         -60.657100
1092.0000         -44.855000
1096.0000         -55.441500
1100.0000         -53.195600
1104.0000         -59.265700
1108.0000         -55.777900
1112.0000         -56.940000
1116.0000         -59.117000
1120.0000         -61.094800
1124.0000         -52.734200
1128.0000         -55.887700
1132.0000         -52.472100
1136.0000         -55.123900
1140.0000         -53.964500
1144.0000         -59.520600
1148.0000         -58.660700
1152.0000         -53.097300
1156.0000         -53.921000
1160.0000         -55.225900
1164.0000         -56.089000
1168.0000         -48.905700
1172.0000         -58.325300
1176.0000         -60.486200
1180.0000         -39.659500
1184.0000         -64.106700
1188.0000         -57.295100
1192.0000         -59.945300
1196.0000         -48.321900
1200.0000         -59.829900
1204.0000         -57.040100
1208.0000         -53.979400
1212.0000         -49.853100
1216.0000         -64.525300
1220.0000         -56.342800
1224.0000         -54.064700
1228.0000         -59.666900
1232.0000         -50.012100
1236.0000         -46.933600
1240.0000         -51.223800
1244.0000         -56.733000
1248.0000         -55.816400
1252.0000         -54.594800
1256.0000         -57.693800
1260.0000         -59.090600
1264.0000         -57.197100
1268.0000         -49.294600
1272.0000         -48.735500
1276.0000         -54.421300
1280.0000         -55.515800
1284.0000         -50.282800
1288.0000         -47.437700
1292.0000         -48.016500
1296.0000         -50.564300
1300.0000         -54.643800
1304.0000         -52.509800
1308.0000         -59.488500
1312.0000         -47.034500
1316.0000         -46.711900
1320.0000         -56.669000
1324.0000         -53.747200
1328.0000         -51.936900
1332.0000         -55.284500
1336.0000         -54.175900
1340.0000         -53.150000
1344.0000         -56.106200
1348.0000         -54.051700
1352.0000         -55.815100
1356.0000         -65.124700
1360.0000         -63.841300
1364.0000         -60.658800
1368.0000         -61.932300
1372.0000         -58.023200
1376.0000         -55.012800
1380.0000         -60.428400
1384.0000         -59.530400
1388.0000         -58.785900
1392.0000         -60.110200
1396.0000         -64.222500
1400.0000         -68.945100
1404.0000         -47.210900
1408.0000         -57.862300
1412.0000         -59.944300
1416.0000         -55.310000
1420.0000         -57.658100
1424.0000         -50.429200
1428.0000         -55.873100
1432.0000         -48.009600
1436.0000         -50.454400
1440.0000         -57.158500
1444.0000         -54.404400
1448.0000         -63.674300
1452.0000         -52.357200
1456.0000         -53.177600
1460.0000         -49.523000
1464.0000         -54.531800
1468.0000         -51.623100
1472.0000         -52.669000
1476.0000         -60.132000
1480.0000         -56.438500
1484.0000         -53.268600
1488.0000         -52.877900
1492.0000         -51.590900
1496.0000         -53.672700
1500.0000         -46.350900
1504.0000         -57.066200
1508.0000         -51.686400
1512.0000         -53.237000
1516.0000         -56.101200
1520.0000         -57.972900
1524.0000         -57.131200
1528.0000         -55.344500
1532.0000         -56.683600
1536.0000         -51.819300
1540.0000         -56.880800
1544.0000         -53.587900
1548.0000         -59.433700
1552.0000         -55.600400
1556.0000         -56.106400
1560.0000         -52.851800
1564.0000         -53.517500
1568.0000         -54.089300
1572.0000         -64.220900
1576.0000         -63.373700
1580.0000         -58.800800
1584.0000         -60.244800
1588.0000         -54.441100
1592.0000         -55.294100
1596.0000         -50.125700
1600.0000         -56.311600
1604.0000         -50.860400
1608.0000         -47.433100
1612.0000         -57.361500
1616.0000         -53.735000
1620.0000         -63.798200
1624.0000         -44.796400
1628.0000         -58.764700
1632.0000         -55.852600
1636.0000         -62.679300
1640.0000         -57.887500
1644.0000         -58.217900
1648.0000         -53.387200
1652.0000         -49.101700
1656.0000         -58.461600
1660.0000         -49.564000
1664.0000         -62.024300
1668.0000         -61.240000
1672.0000         -58.063100
1676.0000         -51.276500
1680.0000         -59.004300
1684.0000         -59.237200
1688.0000         -49.387700
1692.0000         -66.212400
1696.0000         -56.224200
1700.0000         -67.324400
1704.0000         -60.055100
1708.0000         -51.179500
1712.0000         -62.957000
1716.0000         -64.147100
1720.0000         -60.491400
1724.0000         -55.162600
1728.0000         -56.865300
1732.0000         -55.662000
1736.0000         -54.244300
1740.0000         -53.233700
1744.0000         -66.318900
1748.0000         -55.841700
1752.0000         -49.370300
1756.0000         -61.582400
1760.0000         -58.639500
1764.0000         -57.334300
1768.0000         -56.116500
1772.0000         -42.436900
1776.0000         -57.875500
1780.0000         -53.702600
1784.0000         -64.147900
1788.0000         -56.840100
1792.0000         -57.074500
1796.0000         -53.790800
1800.0000         -63.275800
1804.0000         -57.179900
1808.0000         -47.599600
1812.0000         -54.600500
1816.0000         -56.852200
1820.0000         -58.063600
1824.0000         -56.550900
1828.0000         -53.246400
1832.0000         -59.406600
1836.0000         -50.757800
1840.0000         -67.335000
1844.0000         -62.803400
1848.0000         -59.437900
1852.0000         -53.951800
1856.0000         -57.733800
1860.0000         -53.385200
1864.0000         -62.062500
1868.0000         -57.012800
1872.0000         -57.315500
1876.0000         -56.341400
1880.0000         -57.750400
1884.0000         -61.631900
1888.0000         -49.774800
1892.0000         -55.941100
1896.0000         -53.259000
1900.0000         -54.110200
1904.0000         -55.452100
1908.0000         -52.283700
1912.0000         -50.937200
1916.0000         -52.435600
1920.0000         -55.610900
1924.0000         -50.975600
1928.0000         -49.794700
1932.0000         -50.017800
1936.0000         -57.783600
1940.0000         -56.843200
1944.0000         -56.043200
1948.0000         -52.118900
1952.0000         -55.702800
1956.0000         -59.122100
1960.0000         -52.815000
1964.0000         -53.945100
1968.0000         -56.591300
1972.0000         -36.968300
1976.0000         -55.742400
1980.0000         -54.863500
1984.0000         -54.315900
1988.0000         -30.782100
1992.0000         -55.058500
1996.0000         -52.070400
2000.0000         -57.483900
2004.0000         -60.548600
2008.0000         -35.117700
2012.0000         -56.062700
2016.0000         -44.374700
2020.0000         -56.148500
2024.0000         -50.950300
2028.0000         -52.245900
2032.0000         -52.632800
2036.0000         -52.900100
2040.0000         -60.198400
2044.0000         -62.338200
2048.0000         -53.515000
2052.0000         -56.483300
2056.0000         -55.408200
2060.0000         -61.180800
2064.0000         -52.094600
2068.0000         -54.996100
2072.0000         -58.416100
2076.0000         -54.694500
2080.0000         -63.541900
2084.0000         -64.721400
2088.0000         -56.115600
2092.0000         -55.283500
2096.0000         -77.413100
2100.0000         -55.752600
2104.0000         -58.916600
2108.0000         -54.268800
2112.0000         -55.519400
2116.0000         -59.137200
2120.0000         -55.884400
2124.0000         -61.102300
2128.0000         -65.932600
2132.0000         -53.229600
2136.0000         -54.485300
2140.0000         -54.114400
2144.0000         -50.582100
2148.0000         -58.329900
2152.0000         -64.452900
2156.0000         -55.004300
2160.0000         -59.428000
2164.0000         -59.465100
2168.0000         -61.252300
2172.0000         -60.108300
2176.0000         -56.698600
2180.0000         -58.430200
2184.0000         -52.389700
2188.0000         -62.702800
2192.0000         -56.036200
2196.0000         -47.359200
2200.0000         -53.921300
2204.0000         -57.978900
2208.0000         -56.821400
2212.0000         -54.311700
2216.0000         -53.806500
2220.0000         -50.837900
2224.0000         -55.540400
2228.0000         -58.622600
2232.0000         -60.754000
2236.0000         -52.851300
2240.0000         -54.058300
2244.0000         -54.134700
2248.0000         -51.155000
2252.0000         -57.768600
2256.0000         -55.476800
2260.0000         -55.636500
2264.0000         -55.286200
2268.0000         -56.148400
2272.0000         -52.211900
2276.0000         -52.262000
2280.0000         -54.127400
2284.0000         -56.496200
2288.0000         -59.307700
2292.0000         -55.314800
2296.0000         -58.016300
2300.0000         -50.641900
2304.0000         -63.165100
2308.0000         -52.632000
2312.0000         -55.178600
2316.0000         -57.957000
2320.0000         -50.233100
2324.0000         -48.906500
2328.0000         -65.237000
2332.0000         -52.789400
2336.0000         -59.091000
2340.0000         -53.667300
2344.0000         -61.048400
2348.0000         -60.863000
2352.0000         -65.308700
2356.0000         -59.242800
2360.0000         -56.506800
2364.0000         -51.990800
2368.0000         -55.287100
2372.0000         -64.007900
2376.0000         -60.228900
2380.0000         -55.683000
2384.0000         -59.618700
2388.0000         -59.463500
2392.0000         -58.053800
2396.0000         -60.612700
2400.0000         -53.802200
2404.0000         -57.628400
2408.0000         -57.071200
2412.0000         -55.511000
2416.0000         -58.147900
2420.0000         -55.465100
2424.0000         -60.673200
2428.0000         -53.724100
2432.0000         -55.948000
2436.0000         -57.011600
2440.0000         -56.317600
2444.0000         -36.224500
2448.0000         -56.694300
2452.0000         -56.559300
2456.0000         -60.112800
2460.0000         -48.676500
2464.0000         -51.770000
2468.0000         -61.164700
2472.0000         -56.748900
2476.0000         -57.291600
2480.0000         -59.627900
2484.0000         -57.232800
2488.0000         -56.881900
2492.0000         -59.087000
2496.0000         -51.115100
2500.0000         -55.106700
2504.0000         -58.925400
2508.0000         -44.514700
2512.0000         -55.306600
2516.0000         -52.025600
2520.0000         -49.423100
2524.0000         -59.072400
2528.0000         -58.067200
2532.0000         -47.201300
2536.0000         -51.527000
2540.0000         -54.121400
2544.0000         -60.221400
2548.0000         -64.589200
2552.0000         -55.254000
2556.0000         -60.828500
2560.0000         -56.855800
2564.0000         -62.750800
2568.0000         -61.184100
2572.0000         -54.992400
2576.0000         -64.702300
2580.0000         -52.269200
2584.0000         -56.852500
2588.0000         -57.602000
2592.0000         -62.750600
2596.0000         -56.382500
2600.0000         -53.200700
2604.0000         -50.808900
2608.0000         -54.832200
2612.0000         -55.361500
2616.0000         -55.713600
2620.0000         -59.014600
2624.0000         -61.049900
2628.0000         -60.544700
2632.0000         -61.176000
2636.0000         -55.922700
2640.0000         -57.982600
2644.0000         -53.018100
2648.0000         -54.113400
2652.0000         -54.309100
2656.0000         -55.213600
2660.0000         -54.882700
2664.0000         -54.837900
2668.0000         -56.242500
2672.0000         -57.416200
2676.0000         -50.077500
2680.0000         -55.702500
2684.0000         -52.923400
2688.0000         -51.894300
2692.0000         -60.038100
2696.0000         -64.245700
2700.0000         -59.193900
2704.0000         -55.115200
2708.0000         -55.516300
2712.0000         -49.241300
2716.0000         -53.551800
2720.0000         -60.264900
2724.0000         -55.279000
2728.0000         -59.942500
2732.0000         -59.272200
2736.0000         -55.855700
2740.0000         -52.385700
2744.0000         -47.461400
2748.0000         -60.120500
2752.0000         -64.283300
2756.0000         -61.364000
2760.0000         -51.261000
2764.0000         -56.725600
2768.0000         -54.987600
2772.0000         -53.961600
2776.0000         -59.257100
2780.0000         -56.001000
2784.0000         -50.976400
2788.0000         -57.341700
2792.0000         -57.935500
2796.0000         -54.665700
2800.0000         -42.014600
2804.0000         -51.716500
2808.0000         -57.609500
2812.0000         -58.391900
2816.0000         -56.572500
2820.0000         -62.205400
2824.0000         -59.623500
2828.0000         -52.955400
2832.0000         -54.714800
2836.0000         -52.602200
2840.0000         -55.389800
2844.0000         -51.943500
2848.0000         -53.815900
2852.0000         -53.154500
2856.0000         -51.942500
2860.0000         -54.542100
2864.0000         -56.970600
2868.0000         -54.305700
2872.0000         -52.984400
2876.0000         -54.870100
2880.0000         -57.138600
2884.0000         -50.428700
2888.0000         -57.961600
2892.0000         -39.963900
2896.0000         -59.077500
2900.0000         -60.606200
2904.0000         -57.307100
2908.0000         -55.265600
2912.0000         -52.298800
2916.0000         -52.667000
2920.0000         -59.237500
2924.0000         -64.368100
2928.0000         -54.810900
2932.0000         -47.570800
2936.0000         -59.776700
2940.0000         -56.104600
2944.0000         -61.064700
2948.0000         -53.848300
2952.0000         -40.615000
2956.0000         -53.868400
2960.0000         -59.080300
2964.0000         -53.384000
2968.0000         -47.184900
2972.0000         -57.149600
2976.0000         -60.339200
2980.0000         -50.490700
2984.0000         -56.598700
2988.0000         -57.231500
2992.0000         -53.026000
2996.0000         -56.370400
3000.0000         -56.096900
3004.0000         -53.106300
3008.0000         -58.749200
3012.0000         -54.436400
3016.0000         -49.620300
3020.0000         -62.278800
3024.0000         -53.280400
3028.0000         -58.563600
3032.0000         -49.855600
3036.0000         -52.149000
3040.0000         -55.482100
3044.0000         -50.406500
3048.0000         -53.651100
3052.0000         -54.791800
3056.0000         -62.461200
3060.0000         -54.876700
3064.0000         -56.997500
3068.0000         -56.691500
3072.0000         -56.040100
3076.0000         -57.648300
3080.0000         -59.229800
3084.0000         -50.938400
3088.0000         -57.559000
3092.0000         -53.817100
3096.0000         -53.175900
3100.0000         -53.247500
3104.0000         -55.734400
3108.0000         -55.840200
3112.0000         -59.443100
3116.0000         -59.492800
3120.0000         -57.793200
3124.0000         -56.475300
3128.0000         -59.459900
3132.0000         -54.681000
3136.0000         -49.770500
3140.0000         -61.210200
3144.0000         -56.781400
3148.0000         -54.217400
3152.0000         -55.373300
3156.0000         -48.472100
3160.0000         -41.205000
3164.0000         -52.496900
3168.0000         -54.647700
3172.0000         -58.531200
3176.0000         -54.460100
3180.0000         -52.881200
3184.0000         -57.043400
3188.0000         -55.393400
3192.0000         -52.558900
3196.0000         -52.606000
3200.0000         -54.002700
3204.0000         -50.034200
3208.0000         -53.381400
3212.0000         -60.087800
3216.0000         -60.411500
3220.0000         -59.443900
3224.0000         -63.145400
3228.0000         -53.919800
3232.0000         -58.007100
3236.0000         -54.901100
3240.0000         -48.852100
3244.0000         -50.701500
3248.0000         -54.324400
3252.0000         -38.936200
3256.0000         -55.957300
3260.0000         -53.770100
3264.0000         -52.058100
3268.0000         -55.162800
3272.0000         -61.163800
3276.0000         -55.955100
3280.0000         -57.499200
3284.0000         -58.412200
3288.0000         -54.359200
3292.0000         -50.750600
3296.0000         -52.795500
3300.0000         -52.894900
3304.0000         -53.590800
3308.0000         -49.182800
3312.0000         -52.514200
3316.0000         -56.189000
3320.0000         -54.709000
3324.0000         -67.293300
3328.0000         -60.959900
3332.0000         -61.691800
3336.0000         -54.891900
3340.0000         -65.528800
3344.0000         -54.181500
3348.0000         -53.945700
3352.0000         -61.175300
3356.0000         -62.045900
3360.0000         -61.050400
3364.0000         -58.730000
3368.0000         -63.328300
3372.0000         -62.711800
3376.0000         -57.777400
3380.0000         -64.928000
3384.0000         -60.876700
3388.0000         -56.798200
3392.0000         -56.376000
3396.0000         -52.131800
3400.0000         -63.028200
3404.0000         -55.675900
3408.0000         -52.259000
3412.0000         -50.510700
3416.0000         -46.173800
3420.0000         -49.640100
3424.0000         -55.673600
3428.0000         -58.068900
3432.0000         -53.708300
3436.0000         -51.903000
3440.0000         -55.713100
3444.0000         -48.330800
3448.0000         -56.691600
3452.0000         -44.924700
3456.0000         -54.762600
3460.0000         -57.533200
3464.0000         -55.579200
3468.0000         -56.083700
3472.0000         -44.048600
3476.0000         -49.137400
3480.0000         -56.891200
3484.0000         -61.027700
3488.0000         -64.009900
3492.0000         -58.156600
3496.0000         -57.826700
3500.0000         -55.528500
3504.0000         -60.166000
3508.0000         -59.132200
3512.0000         -44.997600
3516.0000         -52.366000
3520.0000         -51.863200
3524.0000         -60.589500
3528.0000         -58.145500
3532.0000         -50.607800
3536.0000         -59.972600
3540.0000         -50.637600
3544.0000         -54.531600
3548.0000         -54.364800
3552.0000         -58.282600
3556.0000         -52.795200
3560.0000         -59.205900
3564.0000         -54.875400
3568.0000         -55.638000
3572.0000         -62.838700
3576.0000         -52.268700
3580.0000         -63.019800
3584.0000         -59.720300
3588.0000         -50.452500
3592.0000         -55.358700
3596.0000         -54.322200
3600.0000         -58.154300
3604.0000         -52.259300
3608.0000         -54.728900
3612.0000         -52.960300
3616.0000         -61.184800
3620.0000         -63.124800
3624.0000         -53.829600
3628.0000         -54.746200
3632.0000         -58.654600
3636.0000         -55.676200
3640.0000         -54.707100
3644.0000         -63.277900
3648.0000         -58.630500
3652.0000         -60.453600
3656.0000         -52.615600
3660.0000         -57.087600
3664.0000         -60.021100
3668.0000         -51.866200
3672.0000         -53.635700
3676.0000         -55.286000
3680.0000         -45.038100
3684.0000         -55.365600
3688.0000         -56.268000
3692.0000         -56.811100
3696.0000         -56.439800
3700.0000         -52.401600
3704.0000         -56.057400
3708.0000         -56.022700
3712.0000         -57.777900
3716.0000         -56.351400
3720.0000         -56.433600
3724.0000         -56.486300
3728.0000         -53.362600
3732.0000         -55.943800
3736.0000         -55.352500
3740.0000         -56.705800
3744.0000         -64.802800
3748.0000         -55.287800
3752.0000         -61.036300
3756.0000         -58.232700
3760.0000         -45.103200
3764.0000         -56.310300
3768.0000         -53.242900
3772.0000         -57.059200
3776.0000         -55.610900
3780.0000         -54.926300
3784.0000         -53.735700
3788.0000         -61.467300
3792.0000         -53.958100
3796.0000         -60.096700
3800.0000         -67.646200
3804.0000         -56.857200
3808.0000         -56.785100
3812.0000         -56.385800
3816.0000         -62.673700
3820.0000         -60.876900
3824.0000         -60.342400
3828.0000         -59.046400
3832.0000         -62.397600
3836.0000         -52.113000
3840.0000         -54.802300
3844.0000         -54.698000
3848.0000         -54.160200
3852.0000         -59.052000
3856.0000         -57.673400
3860.0000         -55.997300
3864.0000         -51.582200
3868.0000         -61.814800
3872.0000         -58.628800
3876.0000         -53.877000
3880.0000         -55.130500
3884.0000         -52.660900
3888.0000         -60.186900
3892.0000         -57.411900
3896.0000         -59.200700
3900.0000         -50.109400
3904.0000         -56.160000
3908.0000         -59.223000
3912.0000         -59.198800
3916.0000         -64.010900
3920.0000         -54.140500
3924.0000         -65.071700
3928.0000         -63.807600
3932.0000         -44.752200
3936.0000         -60.974100
3940.0000         -61.253900
3944.0000         -57.346100
3948.0000         -58.872300
3952.0000         -48.365100
3956.0000         -53.387300
3960.0000         -58.147600
3964.0000         -58.870500
3968.0000         -59.995200
3972.0000         -58.795200
3976.0000         -58.215800
3980.0000         -52.560100
3984.0000         -53.739300
3988.0000         -55.963400
3992.0000         -55.658000
3996.0000         -56.377600
4000.0000         -59.415700
4004.0000         -55.830600
