4.0000     -733051.792329
8.0000     -733170.188468
12.0000     -733100.446916
16.0000     -732471.908726
20.0000     -732699.766220
24.0000     -733515.811160
28.0000     -733685.612690
32.0000     -733434.319525
36.0000     -733248.748098
40.0000     -732681.599780
44.0000     -732312.036813
48.0000     -732680.154425
52.0000     -732911.740169
56.0000     -732865.918838
60.0000     -733366.205055
64.0000     -732821.484361
68.0000     -733438.887092
72.0000     -732951.934990
76.0000     -733572.616077
80.0000     -733364.639819
84.0000     -732329.653141
88.0000     -732324.454251
92.0000     -732238.040139
96.0000     -732460.378059
100.0000     -731747.041530
104.0000     -732808.285600
108.0000     -733294.359787
112.0000     -733693.880509
116.0000     -733361.390072
120.0000     -734111.413776
124.0000     -733380.577673
128.0000     -733063.298739
132.0000     -733579.477780
136.0000     -733128.601948
140.0000     -733141.481111
144.0000     -733429.446758
148.0000     -733111.773449
152.0000     -733080.507912
156.0000     -732679.190363
160.0000     -732882.078598
164.0000     -733124.149500
168.0000     -733728.125892
172.0000     -733693.453558
176.0000     -733281.234573
180.0000     -733920.610056
184.0000     -733143.034118
188.0000     -732966.629844
192.0000     -732684.590393
196.0000     -733260.055254
200.0000     -732904.656610
204.0000     -732826.651875
208.0000     -733040.269259
212.0000     -733576.386233
216.0000     -733507.079203
220.0000     -732416.609314
224.0000     -733295.949856
228.0000     -733381.728204
232.0000     -733264.505086
236.0000     -733123.954686
240.0000     -732748.507271
244.0000     -733697.652773
248.0000     -733980.367557
252.0000     -733690.472132
256.0000     -733008.701257
260.0000     -733155.661857
264.0000     -733269.394500
268.0000     -733381.925385
272.0000     -733567.971521
276.0000     -732916.373695
280.0000     -733699.476501
284.0000     -733233.091403
288.0000     -733084.837242
292.0000     -732851.072453
296.0000     -733217.528071
300.0000     -733280.379155
304.0000     -733440.442259
308.0000     -733109.300730
312.0000     -732322.273227
316.0000     -733616.967488
320.0000     -733429.953050
324.0000     -733067.570153
328.0000     -733476.662991
332.0000     -732072.050080
336.0000     -733749.680374
340.0000     -733174.673085
344.0000     -733155.887407
348.0000     -733966.848431
352.0000     -733094.105964
356.0000     -733596.971750
360.0000     -733890.715476
364.0000     -734013.026323
368.0000     -733252.859584
372.0000     -733040.321360
376.0000     -733456.985051
380.0000     -733494.176774
384.0000     -734262.016528
388.0000     -733184.070134
392.0000     -733405.313362
396.0000     -733429.188127
400.0000     -732961.276858
404.0000     -733300.616719
408.0000     -733728.678146
412.0000     -733689.574710
416.0000     -733763.147640
420.0000     -734021.086518
424.0000     -733015.900590
428.0000     -733260.050536
432.0000     -734065.513853
436.0000     -733761.031847
440.0000     -733339.376598
444.0000     -733031.888793
448.0000     -732970.423371
452.0000     -733975.560505
456.0000     -733737.805916
460.0000     -733202.164132
464.0000     -732828.189399
468.0000     -733349.540563
472.0000     -733594.788623
476.0000     -733732.094588
480.0000     -733261.287303
484.0000     -732930.388129
488.0000     -732448.851943
492.0000     -732722.019154
496.0000     -732738.730091
500.0000     -733685.719150
504.0000     -732803.607944
508.0000     -733465.719035
512.0000     -733411.199579
516.0000     -733352.265409
520.0000     -732981.619288
524.0000     -733000.032031
528.0000     -732780.959077
532.0000     -732770.369198
536.0000     -733083.693212
540.0000     -733292.570166
544.0000     -732674.478242
548.0000     -733195.805282
552.0000     -733101.841243
556.0000     -732648.448516
560.0000     -733136.419209
564.0000     -733605.609560
568.0000     -733146.485056
572.0000     -733929.534655
576.0000     -732490.735719
580.0000     -733274.616567
584.0000     -732830.300879
588.0000     -733419.194909
592.0000     -732849.540882
596.0000     -732750.813682
600.0000     -734399.486377
604.0000     -733176.842652
608.0000     -733838.860758
612.0000     -734102.123173
616.0000     -733511.516957
620.0000     -733675.684809
624.0000     -733535.709080
628.0000     -733718.387884
632.0000     -733382.657029
636.0000     -732927.342217
640.0000     -732874.960241
644.0000     -733928.584044
648.0000     -733059.382364
652.0000     -733967.632668
656.0000     -733456.142188
660.0000     -734314.954754
664.0000     -734235.721469
668.0000     -733962.719814
672.0000     -733614.601938
676.0000     -733524.394371
680.0000     -732670.151988
684.0000     -733132.439115
688.0000     -732619.380937
692.0000     -732452.322858
696.0000     -733795.286503
700.0000     -733309.313630
704.0000     -734339.247146
708.0000     -733156.825289
712.0000     -733577.061027
716.0000     -733721.168610
720.0000     -733415.752767
724.0000     -733217.150615
728.0000     -733455.752853
732.0000     -733138.575689
736.0000     -732526.980090
740.0000     -733214.509946
744.0000     -733268.265320
748.0000     -732391.598826
752.0000     -733488.487911
756.0000     -733297.615624
760.0000     -732964.817559
764.0000     -732543.232773
768.0000     -733475.738063
772.0000     -733101.916622
776.0000     -733005.904269
780.0000     -733148.963462
784.0000     -733176.339998
788.0000     -732715.220186
792.0000     -733677.304114
796.0000     -733478.604647
800.0000     -732882.554527
804.0000     -733309.097968
808.0000     -733401.898028
812.0000     -732695.841744
816.0000     -733273.691081
820.0000     -733686.495750
824.0000     -733264.729054
828.0000     -733856.109039
832.0000     -733584.676555
836.0000     -732790.175127
840.0000     -733094.403630
844.0000     -732298.029347
848.0000     -733703.635664
852.0000     -733300.135617
856.0000     -732602.250890
860.0000     -732236.683514
864.0000     -733736.155608
868.0000     -733192.202455
872.0000     -733680.074767
876.0000     -732290.372946
880.0000     -733409.845465
884.0000     -733504.902219
888.0000     -732863.258237
892.0000     -732748.926053
896.0000     -732254.967647
900.0000     -734004.843677
904.0000     -733920.431332
908.0000     -733275.715140
912.0000     -733680.340510
916.0000     -733545.508735
920.0000     -733711.002007
924.0000     -732981.773301
928.0000     -733510.815946
932.0000     -733178.684506
936.0000     -733881.340095
940.0000     -732825.088860
944.0000     -733255.676609
948.0000     -733494.332455
952.0000     -732704.825485
956.0000     -733320.438153
960.0000     -733854.875924
964.0000     -733552.678716
968.0000     -733201.146032
972.0000     -733433.160919
976.0000     -733352.731513
980.0000     -732905.765805
984.0000     -732859.117521
988.0000     -733211.775974
992.0000     -733159.527500
996.0000     -733481.030271
1000.0000     -732825.317949
1004.0000     -733336.034573
1008.0000     -733219.363242
1012.0000     -733030.849474
1016.0000     -733084.200134
1020.0000     -733204.010039
1024.0000     -733710.843671
1028.0000     -733074.743330
1032.0000     -733201.841253
1036.0000     -733272.085068
1040.0000     -734340.755996
1044.0000     -733517.858284
1048.0000     -733516.266294
1052.0000     -733375.369982
1056.0000     -734059.988654
1060.0000     -732957.819055
1064.0000     -734018.769561
1068.0000     -733887.298591
1072.0000     -733962.321810
1076.0000     -733183.493250
1080.0000     -733379.481284
1084.0000     -733107.829700
1088.0000     -732722.010175
1092.0000     -733992.963763
1096.0000     -734194.535015
1100.0000     -733723.249140
1104.0000     -732696.877808
1108.0000     -732982.132695
1112.0000     -733654.384640
1116.0000     -733766.257496
1120.0000     -733752.032252
1124.0000     -734114.373718
1128.0000     -732513.324691
1132.0000     -733768.361771
1136.0000     -733013.900412
1140.0000     -732925.807229
1144.0000     -733745.603713
1148.0000     -734258.564106
1152.0000     -734448.562928
1156.0000     -732553.186783
1160.0000     -733586.787494
1164.0000     -732975.475742
1168.0000     -733161.260992
1172.0000     -733705.738415
1176.0000     -732879.460665
1180.0000     -733341.480132
1184.0000     -733785.641642
1188.0000     -733040.870769
1192.0000     -733048.063329
1196.0000     -733906.259176
1200.0000     -732433.942116
1204.0000     -733869.668915
1208.0000     -733358.901859
1212.0000     -733077.486555
1216.0000     -733688.026887
1220.0000     -734259.682107
1224.0000     -733113.022909
1228.0000     -732398.999575
1232.0000     -733833.966932
1236.0000     -733432.513580
1240.0000     -733842.932088
1244.0000     -734302.962821
1248.0000     -732951.373526
1252.0000     -733341.767605
1256.0000     -733696.286427
1260.0000     -733812.268930
1264.0000     -732862.788544
1268.0000     -733303.994885
1272.0000     -733588.983815
1276.0000     -733128.106863
1280.0000     -733841.209098
1284.0000     -733378.129047
1288.0000     -733054.120239
1292.0000     -732718.081790
1296.0000     -733511.941021
1300.0000     -733617.891810
1304.0000     -733288.255402
1308.0000     -734003.128239
1312.0000     -733930.451400
1316.0000     -733636.773349
1320.0000     -733941.945070
1324.0000     -734268.897830
1328.0000     -733817.074809
1332.0000     -734038.255234
1336.0000     -733890.209527
1340.0000     -733788.129545
1344.0000     -734170.257052
1348.0000     -733358.975538
1352.0000     -733691.166142
1356.0000     -733647.884789
1360.0000     -733495.977426
1364.0000     -733694.242086
1368.0000     -733691.879124
1372.0000     -734212.629344
1376.0000     -733790.466864
1380.0000     -733508.088812
1384.0000     -732805.911235
1388.0000     -733269.382284
1392.0000     -733377.538357
1396.0000     -733246.072286
1400.0000     -733204.039269
1404.0000     -733357.589367
1408.0000     -733183.332573
1412.0000     -733210.735477
1416.0000     -732968.308854
1420.0000     -733428.177465
1424.0000     -733278.601565
1428.0000     -733462.735764
1432.0000     -733788.663567
1436.0000     -732670.188980
1440.0000     -733410.322060
1444.0000     -733236.476573
1448.0000     -733172.896918
1452.0000     -733983.513578
1456.0000     -733557.609564
1460.0000     -734107.536411
1464.0000     -733192.732111
1468.0000     -734015.530447
1472.0000     -733264.918123
1476.0000     -733898.051597
1480.0000     -732949.237858
1484.0000     -733153.685253
1488.0000     -733352.104592
1492.0000     -732828.220477
1496.0000     -733466.858845
1500.0000     -733131.646376
1504.0000     -732344.154426
1508.0000     -733001.639613
1512.0000     -733490.983779
1516.0000     -732986.334690
1520.0000     -733502.557648
1524.0000     -733350.158019
1528.0000     -733338.430395
1532.0000     -733637.852327
1536.0000     -734148.007037
1540.0000     -733377.325282
1544.0000     -734201.909138
1548.0000     -733816.998961
1552.0000     -733310.172596
1556.0000     -733878.482030
1560.0000     -733010.027251
1564.0000     -733002.737343
1568.0000     -733624.298921
1572.0000     -733992.696479
1576.0000     -733635.407767
1580.0000     -734171.391938
1584.0000     -733395.085786
1588.0000     -733512.030083
1592.0000     -732843.351966
1596.0000     -733117.447279
1600.0000     -733253.618209
1604.0000     -733456.366099
1608.0000     -733157.576098
1612.0000     -733782.713209
1616.0000     -733710.536495
1620.0000     -734314.584606
1624.0000     -734417.987288
1628.0000     -733933.882737
1632.0000     -733309.213178
1636.0000     -733652.193527
1640.0000     -733408.391577
1644.0000     -733176.238216
1648.0000     -733498.828218
1652.0000     -733755.221899
1656.0000     -733707.616792
1660.0000     -733042.869145
1664.0000     -733091.639961
1668.0000     -734205.755742
1672.0000     -734307.548273
1676.0000     -733776.934455
1680.0000     -733367.791339
1684.0000     -734706.365317
1688.0000     -733664.566285
1692.0000     -732852.949933
1696.0000     -733472.390314
1700.0000     -733233.701067
1704.0000     -733757.995029
1708.0000     -733785.652069
1712.0000     -733541.318314
1716.0000     -733470.266055
1720.0000     -733205.557839
1724.0000     -733794.311751
1728.0000     -733383.266386
1732.0000     -733711.799720
1736.0000     -734130.291650
1740.0000     -733697.446393
1744.0000     -733199.884701
1748.0000     -732754.287558
1752.0000     -734183.312694
1756.0000     -732953.774408
1760.0000     -733589.228720
1764.0000     -733391.913020
1768.0000     -733506.739162
1772.0000     -734201.519060
1776.0000     -733373.653615
1780.0000     -733143.527247
1784.0000     -733097.612290
1788.0000     -733151.102558
1792.0000     -733943.970150
1796.0000     -733058.561707
1800.0000     -733496.951418
1804.0000     -733453.545016
1808.0000     -733980.651017
1812.0000     -733077.449070
1816.0000     -733773.279156
1820.0000     -733347.708945
1824.0000     -733615.457174
1828.0000     -733159.952935
1832.0000     -733844.679560
1836.0000     -734376.601660
1840.0000     -733805.116539
1844.0000     -734484.708116
1848.0000     -733589.494749
1852.0000     -733872.342830
1856.0000     -733256.106641
1860.0000     -733995.683836
1864.0000     -734302.021408
1868.0000     -733633.353768
1872.0000     -733077.701263
1876.0000     -733995.595758
1880.0000     -734203.472071
1884.0000     -733082.712965
1888.0000     -734218.396472
1892.0000     -733954.901877
1896.0000     -733447.925395
1900.0000     -733741.374929
1904.0000     -734331.058788
1908.0000     -733855.441727
1912.0000     -733810.083717
1916.0000     -733823.488719
1920.0000     -733947.837296
1924.0000     -733607.242325
1928.0000     -733535.632148
1932.0000     -734004.917813
1936.0000     -733180.177770
1940.0000     -733656.843626
1944.0000     -733784.429160
1948.0000     -733451.374124
1952.0000     -732904.693234
1956.0000     -733886.343281
1960.0000     -732522.372425
1964.0000     -733795.709775
1968.0000     -732902.704240
1972.0000     -733801.667517
1976.0000     -734000.784815
1980.0000     -734484.857940
1984.0000     -734554.679557
1988.0000     -733209.980011
1992.0000     -733677.317113
1996.0000     -733795.857066
2000.0000     -734235.551918
2004.0000     -732734.072623
2008.0000     -733757.381467
2012.0000     -733831.560933
2016.0000     -734315.556624
2020.0000     -733476.712660
2024.0000     -734224.619498
2028.0000     -733563.455008
2032.0000     -733221.934657
2036.0000     -734393.008152
2040.0000     -734037.941793
2044.0000     -734227.250654
2048.0000     -733547.112753
2052.0000     -733396.375975
2056.0000     -733956.290194
2060.0000     -734280.777085
2064.0000     -734105.405555
2068.0000     -734272.119055
2072.0000     -733836.576615
2076.0000     -733491.123740
2080.0000     -733995.701874
2084.0000     -733131.681388
2088.0000     -733931.741121
2092.0000     -732950.669803
2096.0000     -733322.975325
2100.0000     -733305.232942
2104.0000     -734214.861839
2108.0000     -733832.462461
2112.0000     -733877.707272
2116.0000     -734085.340838
2120.0000     -732635.300503
2124.0000     -733195.039815
2128.0000     -733009.460763
2132.0000     -733315.216951
2136.0000     -732910.057447
2140.0000     -733720.022057
2144.0000     -734121.070710
2148.0000     -733841.263867
2152.0000     -732782.372347
2156.0000     -733536.337817
2160.0000     -734606.985512
2164.0000     -733847.779476
2168.0000     -733052.622936
2172.0000     -733293.240452
2176.0000     -733130.610122
2180.0000     -732761.961385
2184.0000     -733710.107778
2188.0000     -733763.225480
2192.0000     -733667.989531
2196.0000     -733151.031585
2200.0000     -733305.804611
2204.0000     -734488.254400
2208.0000     -733847.905797
2212.0000     -734164.351226
2216.0000     -734245.768744
2220.0000     -732966.626812
2224.0000     -733258.419178
2228.0000     -733346.272112
2232.0000     -733473.873982
2236.0000     -732935.188985
2240.0000     -733578.504256
2244.0000     -733422.682343
2248.0000     -732789.830076
2252.0000     -734400.960444
2256.0000     -734303.434694
2260.0000     -733669.997757
2264.0000     -733000.261342
2268.0000     -733824.005923
2272.0000     -733099.807597
2276.0000     -733812.052397
2280.0000     -732978.192203
2284.0000     -733599.660215
2288.0000     -733002.048774
2292.0000     -733353.412559
2296.0000     -733671.453617
2300.0000     -733693.114845
2304.0000     -734210.692392
2308.0000     -733353.130722
2312.0000     -733163.160663
2316.0000     -732963.096952
2320.0000     -734360.570242
2324.0000     -733880.471695
2328.0000     -733713.948395
2332.0000     -733685.023049
2336.0000     -734360.938333
2340.0000     -733728.068006
2344.0000     -734576.943147
2348.0000     -734222.494966
2352.0000     -733632.119154
2356.0000     -733256.090319
2360.0000     -733813.570561
2364.0000     -733135.627863
2368.0000     -734006.563853
2372.0000     -733688.257482
2376.0000     -734384.999345
2380.0000     -733477.592098
2384.0000     -734094.300977
2388.0000     -733902.668808
2392.0000     -733709.925965
2396.0000     -733703.451966
2400.0000     -734181.833688
2404.0000     -734115.892665
2408.0000     -734027.276360
2412.0000     -734155.178160
2416.0000     -734149.030596
2420.0000     -734096.105668
2424.0000     -733718.517795
2428.0000     -734150.740917
2432.0000     -734254.299249
2436.0000     -733181.475029
2440.0000     -733332.504084
2444.0000     -733394.958471
2448.0000     -733560.611721
2452.0000     -734212.177164
2456.0000     -733597.998927
2460.0000     -733032.776036
2464.0000     -733499.155667
2468.0000     -733273.769539
2472.0000     -732898.772366
2476.0000     -732976.230955
2480.0000     -733266.799852
2484.0000     -733574.407436
2488.0000     -733821.707330
2492.0000     -733521.170856
2496.0000     -733377.620830
2500.0000     -732858.938787
2504.0000     -733338.804576
2508.0000     -732824.594835
2512.0000     -733965.904707
2516.0000     -733627.766479
2520.0000     -732614.427985
2524.0000     -733417.918990
2528.0000     -732330.288654
2532.0000     -733542.220767
2536.0000     -732654.222915
2540.0000     -733339.591775
2544.0000     -732678.792565
2548.0000     -733173.335644
2552.0000     -732540.779365
2556.0000     -733561.978804
2560.0000     -732842.847141
2564.0000     -733348.171409
2568.0000     -734144.602220
2572.0000     -733925.072091
2576.0000     -733663.440768
2580.0000     -733471.689639
2584.0000     -733822.731261
2588.0000     -734258.355783
2592.0000     -733256.702392
2596.0000     -733839.660579
2600.0000     -733190.285931
2604.0000     -733680.707747
2608.0000     -732820.441054
2612.0000     -733940.141169
2616.0000     -733756.921931
2620.0000     -733966.573539
2624.0000     -732187.354011
2628.0000     -733144.301296
2632.0000     -733436.459925
2636.0000     -732755.731444
2640.0000     -732776.409470
2644.0000     -733033.728810
2648.0000     -732719.594695
2652.0000     -733317.758295
2656.0000     -734081.564933
2660.0000     -733709.003305
2664.0000     -732846.545421
2668.0000     -733597.793684
2672.0000     -733146.378908
2676.0000     -733737.518564
2680.0000     -734354.685704
2684.0000     -733462.416778
2688.0000     -734157.078753
2692.0000     -733847.689415
2696.0000     -733476.976371
2700.0000     -734290.601454
2704.0000     -733890.137420
2708.0000     -734209.402939
2712.0000     -733244.786744
2716.0000     -733668.315216
2720.0000     -733445.097399
2724.0000     -733922.951629
2728.0000     -733701.456891
2732.0000     -733181.612895
2736.0000     -733158.590629
2740.0000     -733870.075972
2744.0000     -733302.402982
2748.0000     -733010.731988
2752.0000     -733543.582106
2756.0000     -733494.631975
2760.0000     -733910.153562
2764.0000     -733750.427102
2768.0000     -733953.457946
2772.0000     -733394.720343
2776.0000     -734083.395293
2780.0000     -734252.677678
2784.0000     -733307.116789
2788.0000     -733522.978636
2792.0000     -734330.271568
2796.0000     -733754.955667
2800.0000     -733755.853565
2804.0000     -733153.344518
2808.0000     -733803.198306
2812.0000     -733793.310749
2816.0000     -732764.280390
2820.0000     -733469.764851
2824.0000     -733531.538916
2828.0000     -733046.985782
2832.0000     -733446.103207
2836.0000     -733441.294218
2840.0000     -733337.242098
2844.0000     -733165.219051
2848.0000     -734133.294207
2852.0000     -733686.785259
2856.0000     -733437.909881
2860.0000     -732791.315712
2864.0000     -733059.938652
2868.0000     -733950.997338
2872.0000     -734136.746994
2876.0000     -733486.359472
2880.0000     -733482.110666
2884.0000     -733437.139143
2888.0000     -733711.944872
2892.0000     -732982.453477
2896.0000     -733232.284345
2900.0000     -733909.443137
2904.0000     -733229.407364
2908.0000     -733195.159249
2912.0000     -734048.156526
2916.0000     -732995.873664
2920.0000     -732610.891722
2924.0000     -733428.798009
2928.0000     -733374.489669
2932.0000     -732966.980010
2936.0000     -732942.186412
2940.0000     -732662.706801
2944.0000     -733292.524321
2948.0000     -732949.536414
2952.0000     -733415.920347
2956.0000     -733279.018506
2960.0000     -734137.648853
2964.0000     -733207.618959
2968.0000     -733528.771516
2972.0000     -733539.559834
2976.0000     -733336.970991
2980.0000     -733472.098379
2984.0000     -733342.149455
2988.0000     -734075.041423
2992.0000     -733665.931210
2996.0000     -733726.513367
3000.0000     -732595.050573
3004.0000     -733612.441990
3008.0000     -733529.155226
3012.0000     -733761.982867
3016.0000     -732882.917190
3020.0000     -733316.428094
3024.0000     -733445.279266
3028.0000     -732756.272520
3032.0000     -733707.438860
3036.0000     -733350.587324
3040.0000     -733190.120593
3044.0000     -733550.796068
3048.0000     -733657.055444
3052.0000     -733524.413570
3056.0000     -733120.620473
3060.0000     -733865.696646
3064.0000     -733462.757671
3068.0000     -732997.298147
3072.0000     -733468.312641
3076.0000     -733942.403710
3080.0000     -733391.337017
3084.0000     -733340.079819
3088.0000     -733764.167250
3092.0000     -732984.585072
3096.0000     -733590.026722
3100.0000     -733170.107272
3104.0000     -732989.730230
3108.0000     -733739.748898
3112.0000     -734125.041167
3116.0000     -734224.703157
3120.0000     -733352.568020
3124.0000     -734021.642165
3128.0000     -734021.283131
3132.0000     -733774.634877
3136.0000     -733278.661257
3140.0000     -733121.782982
3144.0000     -733170.153238
3148.0000     -733040.597687
3152.0000     -733907.287453
3156.0000     -733291.611235
3160.0000     -733518.890717
3164.0000     -733977.105145
3168.0000     -734076.122245
3172.0000     -733751.169629
3176.0000     -733003.082951
3180.0000     -733197.480038
3184.0000     -733762.002400
3188.0000     -733526.774050
3192.0000     -734448.710069
3196.0000     -733466.696481
3200.0000     -732925.705162
3204.0000     -733644.768854
3208.0000     -733464.623203
3212.0000     -733219.748102
3216.0000     -732732.248761
3220.0000     -734858.306143
3224.0000     -733637.391194
3228.0000     -733852.967178
3232.0000     -733741.811379
3236.0000     -733551.353781
3240.0000     -732877.421740
3244.0000     -734027.797206
3248.0000     -732890.131384
3252.0000     -733823.609469
3256.0000     -733864.733133
3260.0000     -733439.109276
3264.0000     -733219.480095
3268.0000     -733244.862462
3272.0000     -733793.209564
3276.0000     -733835.422755
3280.0000     -733484.161541
3284.0000     -734166.240042
3288.0000     -733359.564858
3292.0000     -733026.234758
3296.0000     -733322.061751
3300.0000     -734035.248870
3304.0000     -733695.828008
3308.0000     -733761.686273
3312.0000     -733028.885893
3316.0000     -733053.987361
3320.0000     -733874.591229
3324.0000     -733725.843109
3328.0000     -733760.815503
3332.0000     -734370.969554
3336.0000     -733492.016474
3340.0000     -734052.026266
3344.0000     -733361.960275
3348.0000     -733410.715600
3352.0000     -733300.183528
3356.0000     -734663.238670
3360.0000     -734341.899099
3364.0000     -733933.361065
3368.0000     -733050.486512
3372.0000     -733950.790454
3376.0000     -733161.512576
3380.0000     -733804.661410
3384.0000     -733631.360180
3388.0000     -733869.952197
3392.0000     -734135.715267
3396.0000     -732721.784851
3400.0000     -733192.478950
3404.0000     -733168.748718
3408.0000     -733309.156220
3412.0000     -732999.594426
3416.0000     -733841.821355
3420.0000     -733295.236926
3424.0000     -733671.158379
3428.0000     -734105.322263
3432.0000     -733171.383109
3436.0000     -733431.829261
3440.0000     -733527.563603
3444.0000     -733422.658705
3448.0000     -734232.478468
3452.0000     -733102.521979
3456.0000     -733888.489694
3460.0000     -733101.465580
3464.0000     -735026.440358
3468.0000     -734217.503616
3472.0000     -733868.962951
3476.0000     -733697.993244
3480.0000     -733528.003763
3484.0000     -733889.432591
3488.0000     -733245.640171
3492.0000     -733660.012356
3496.0000     -733824.464392
3500.0000     -733291.607309
3504.0000     -733075.996978
3508.0000     -733825.182277
3512.0000     -734083.109645
3516.0000     -733613.954330
3520.0000     -733832.741471
3524.0000     -733411.358779
3528.0000     -733539.547057
3532.0000     -733479.465353
3536.0000     -733732.649438
3540.0000     -733733.839611
3544.0000     -733606.013510
3548.0000     -733737.257728
3552.0000     -733489.906048
3556.0000     -733773.211938
3560.0000     -733310.409340
3564.0000     -734563.145396
3568.0000     -733424.877676
3572.0000     -733886.518365
3576.0000     -733300.194890
3580.0000     -732970.137738
3584.0000     -733093.836850
3588.0000     -733047.288806
3592.0000     -733084.219416
3596.0000     -732501.649960
3600.0000     -733456.604244
3604.0000     -733531.157119
3608.0000     -733594.460369
3612.0000     -732975.479868
3616.0000     -733759.714981
3620.0000     -733109.146279
3624.0000     -733958.060030
3628.0000     -733728.272168
3632.0000     -733273.866892
3636.0000     -733417.811146
3640.0000     -733345.722088
3644.0000     -733734.765645
3648.0000     -733517.046526
3652.0000     -733259.484691
3656.0000     -732760.606183
3660.0000     -733340.188613
3664.0000     -733584.105297
3668.0000     -733629.932958
3672.0000     -733989.924972
3676.0000     -733931.291152
3680.0000     -734010.395616
3684.0000     -733398.612924
3688.0000     -733237.743984
3692.0000     -734236.865368
3696.0000     -734641.979217
3700.0000     -733537.188396
3704.0000     -733985.798392
3708.0000     -733645.751141
3712.0000     -732877.723399
3716.0000     -733845.246993
3720.0000     -733483.152251
3724.0000     -733486.393333
3728.0000     -733951.291293
3732.0000     -733687.478795
3736.0000     -734073.019323
3740.0000     -733076.820243
3744.0000     -733288.529232
3748.0000     -733318.191817
3752.0000     -734303.204188
3756.0000     -734064.078470
3760.0000     -734534.484364
3764.0000     -734170.472392
3768.0000     -733820.306597
3772.0000     -733834.091393
3776.0000     -733890.436535
3780.0000     -732786.135409
3784.0000     -733805.362141
3788.0000     -733205.676697
3792.0000     -733634.304166
3796.0000     -733611.556709
3800.0000     -733534.706528
3804.0000     -733610.514668
3808.0000     -733696.603315
3812.0000     -733714.286184
3816.0000     -732869.784882
3820.0000     -733696.490778
3824.0000     -734013.036154
3828.0000     -733588.471911
3832.0000     -732837.220791
3836.0000     -733330.451879
3840.0000     -732651.134082
3844.0000     -733753.011676
3848.0000     -733668.245048
3852.0000     -733162.153464
3856.0000     -734203.469522
3860.0000     -733553.548810
3864.0000     -732994.414137
3868.0000     -733554.674686
3872.0000     -732996.512899
3876.0000     -733177.414200
3880.0000     -732947.796957
3884.0000     -733687.861108
3888.0000     -733372.705110
3892.0000     -733446.507125
3896.0000     -734112.201387
3900.0000     -733439.651572
3904.0000     -734011.511174
3908.0000     -733405.295669
3912.0000     -733574.728170
3916.0000     -734360.001614
3920.0000     -733540.831373
3924.0000     -733801.801903
3928.0000     -734159.481386
3932.0000     -734201.882173
3936.0000     -733686.436569
3940.0000     -732828.187277
3944.0000     -733095.494540
3948.0000     -733229.212791
3952.0000     -733446.100729
3956.0000     -733660.659037
3960.0000     -733506.255683
3964.0000     -733665.355063
3968.0000     -733169.421349
3972.0000     -733766.116621
3976.0000     -733120.271058
3980.0000     -733074.979980
3984.0000     -733603.838915
3988.0000     -733680.130862
3992.0000     -733503.520078
3996.0000     -733306.561361
4000.0000     -733586.189069
4004.0000     -733586.189069
