4.0000     -733016.731098
8.0000     -733139.599028
12.0000     -733071.866886
16.0000     -732442.381985
20.0000     -732668.652475
24.0000     -733484.306384
28.0000     -733653.942645
32.0000     -733406.195215
36.0000     -733213.107901
40.0000     -732652.408920
44.0000     -732284.146006
48.0000     -732650.200107
52.0000     -732877.764383
56.0000     -732834.351098
60.0000     -733335.431305
64.0000     -732790.753773
68.0000     -733402.908735
72.0000     -732925.894982
76.0000     -733539.574411
80.0000     -733337.535430
84.0000     -732302.315189
88.0000     -732293.320501
92.0000     -732204.872408
96.0000     -732429.459060
100.0000     -731719.815307
104.0000     -732778.706143
108.0000     -733269.244357
112.0000     -733664.203092
116.0000     -733332.026299
120.0000     -734080.972025
124.0000     -733351.474518
128.0000     -733034.074931
132.0000     -733549.027743
136.0000     -733098.345850
140.0000     -733107.373042
144.0000     -733394.123359
148.0000     -733081.925260
152.0000     -733044.754178
156.0000     -732649.201057
160.0000     -732851.751071
164.0000     -733098.685263
168.0000     -733699.995324
172.0000     -733663.849311
176.0000     -733252.737988
180.0000     -733890.319742
184.0000     -733109.176584
188.0000     -732933.948409
192.0000     -732649.440702
196.0000     -733225.574324
200.0000     -732877.418702
204.0000     -732795.047550
208.0000     -733011.768580
212.0000     -733545.614558
216.0000     -733476.551320
220.0000     -732385.400025
224.0000     -733264.371565
228.0000     -733352.114384
232.0000     -733232.956282
236.0000     -733092.809685
240.0000     -732716.791183
244.0000     -733668.217560
248.0000     -733947.711674
252.0000     -733662.621100
256.0000     -732976.093493
260.0000     -733129.141559
264.0000     -733248.289320
268.0000     -733353.546712
272.0000     -733537.710819
276.0000     -732887.946430
280.0000     -733669.674400
284.0000     -733204.922703
288.0000     -733055.206689
292.0000     -732822.465772
296.0000     -733189.283827
300.0000     -733249.428728
304.0000     -733409.941673
308.0000     -733077.249999
312.0000     -732292.990320
316.0000     -733588.178461
320.0000     -733401.873440
324.0000     -733026.442204
328.0000     -733449.105960
332.0000     -732042.800850
336.0000     -733719.652342
340.0000     -733146.762307
344.0000     -733129.790010
348.0000     -733933.142375
352.0000     -733057.909579
356.0000     -733567.758101
360.0000     -733862.979122
364.0000     -733979.150524
368.0000     -733223.192945
372.0000     -733013.361315
376.0000     -733430.597393
380.0000     -733462.912897
384.0000     -734226.726720
388.0000     -733136.640471
392.0000     -733373.866451
396.0000     -733387.457410
400.0000     -732935.407388
404.0000     -733264.822400
408.0000     -733698.431163
412.0000     -733656.224570
416.0000     -733732.478456
420.0000     -733988.410796
424.0000     -732984.819070
428.0000     -733230.059626
432.0000     -734035.668268
436.0000     -733728.763705
440.0000     -733312.084838
444.0000     -733001.604815
448.0000     -732936.968811
452.0000     -733946.565749
456.0000     -733705.821457
460.0000     -733171.221468
464.0000     -732798.940668
468.0000     -733318.362403
472.0000     -733566.221381
476.0000     -733700.539215
480.0000     -733222.617054
484.0000     -732899.992916
488.0000     -732417.634153
492.0000     -732691.370907
496.0000     -732709.302847
500.0000     -733656.463926
504.0000     -732775.419750
508.0000     -733430.823971
512.0000     -733384.830474
516.0000     -733321.333099
520.0000     -732953.234679
524.0000     -732963.127451
528.0000     -732747.800321
532.0000     -732746.986985
536.0000     -733056.268846
540.0000     -733260.597591
544.0000     -732638.738684
548.0000     -733166.244074
552.0000     -733072.648018
556.0000     -732610.032570
560.0000     -733097.619618
564.0000     -733573.085942
568.0000     -733111.370487
572.0000     -733893.029217
576.0000     -732450.452858
580.0000     -733243.996227
584.0000     -732796.345376
588.0000     -733388.231010
592.0000     -732817.295647
596.0000     -732720.375947
600.0000     -734370.019709
604.0000     -733145.371105
608.0000     -733806.096195
612.0000     -734069.672894
616.0000     -733484.918678
620.0000     -733637.366612
624.0000     -733503.498464
628.0000     -733693.592648
632.0000     -733355.910597
636.0000     -732900.095288
640.0000     -732844.113617
644.0000     -733899.233401
648.0000     -733028.762119
652.0000     -733936.660308
656.0000     -733423.486439
660.0000     -734283.565941
664.0000     -734205.545399
668.0000     -733933.137117
672.0000     -733587.165272
676.0000     -733497.449231
680.0000     -732638.801429
684.0000     -733105.512652
688.0000     -732588.578530
692.0000     -732422.912595
696.0000     -733760.824924
700.0000     -733280.251543
704.0000     -734307.088014
708.0000     -733133.308914
712.0000     -733547.791394
716.0000     -733690.513991
720.0000     -733382.080022
724.0000     -733187.322301
728.0000     -733425.214076
732.0000     -733106.708893
736.0000     -732498.013504
740.0000     -733184.933419
744.0000     -733236.132780
748.0000     -732364.149129
752.0000     -733461.389545
756.0000     -733261.314690
760.0000     -732936.522534
764.0000     -732513.130363
768.0000     -733448.578654
772.0000     -733072.827250
776.0000     -732977.297926
780.0000     -733122.777517
784.0000     -733144.134901
788.0000     -732684.830447
792.0000     -733650.491517
796.0000     -733452.699652
800.0000     -732853.465043
804.0000     -733277.030835
808.0000     -733374.719123
812.0000     -732666.682406
816.0000     -733244.817351
820.0000     -733655.870686
824.0000     -733239.982800
828.0000     -733821.147323
832.0000     -733558.088165
836.0000     -732759.652529
840.0000     -733051.598143
844.0000     -732270.509859
848.0000     -733675.300132
852.0000     -733272.675081
856.0000     -732574.652273
860.0000     -732211.247970
864.0000     -733705.338507
868.0000     -733160.174005
872.0000     -733654.476745
876.0000     -732257.877583
880.0000     -733378.114470
884.0000     -733475.290336
888.0000     -732835.299072
892.0000     -732717.314005
896.0000     -732226.167493
900.0000     -733975.161166
904.0000     -733884.712828
908.0000     -733248.965666
912.0000     -733650.797376
916.0000     -733517.743147
920.0000     -733667.904014
924.0000     -732950.140915
928.0000     -733483.427684
932.0000     -733143.402619
936.0000     -733851.845203
940.0000     -732795.252741
944.0000     -733225.109904
948.0000     -733456.979192
952.0000     -732673.188170
956.0000     -733291.484386
960.0000     -733818.368441
964.0000     -733520.479130
968.0000     -733172.978616
972.0000     -733406.174451
976.0000     -733320.905303
980.0000     -732877.334824
984.0000     -732828.997229
988.0000     -733185.003931
992.0000     -733130.682303
996.0000     -733453.531398
1000.0000     -732794.009219
1004.0000     -733306.417358
1008.0000     -733189.613556
1012.0000     -733003.663037
1016.0000     -733053.389638
1020.0000     -733175.612820
1024.0000     -733668.746409
1028.0000     -733042.144873
1032.0000     -733168.796279
1036.0000     -733241.055097
1040.0000     -734311.443754
1044.0000     -733493.185423
1048.0000     -733485.017512
1052.0000     -733346.288391
1056.0000     -734025.493952
1060.0000     -732927.952830
1064.0000     -733985.169227
1068.0000     -733858.783341
1072.0000     -733934.248955
1076.0000     -733153.327850
1080.0000     -733346.106471
1084.0000     -733076.727005
1088.0000     -732692.253606
1092.0000     -733964.339192
1096.0000     -734159.151873
1100.0000     -733692.587933
1104.0000     -732666.768606
1108.0000     -732954.755719
1112.0000     -733624.693881
1116.0000     -733736.368894
1120.0000     -733719.831041
1124.0000     -734084.778385
1128.0000     -732481.677185
1132.0000     -733741.594004
1136.0000     -732968.836291
1140.0000     -732901.560976
1144.0000     -733712.015029
1148.0000     -734228.671438
1152.0000     -734420.262810
1156.0000     -732525.149399
1160.0000     -733561.110253
1164.0000     -732949.661795
1168.0000     -733132.570985
1172.0000     -733678.358311
1176.0000     -732848.069726
1180.0000     -733311.868961
1184.0000     -733758.526255
1188.0000     -733014.951352
1192.0000     -733019.413497
1196.0000     -733871.112993
1200.0000     -732401.289142
1204.0000     -733839.529248
1208.0000     -733327.756623
1212.0000     -733046.931905
1216.0000     -733658.494892
1220.0000     -734231.334646
1224.0000     -733081.054353
1228.0000     -732369.258536
1232.0000     -733803.162472
1236.0000     -733401.083775
1240.0000     -733803.175459
1244.0000     -734271.884210
1248.0000     -732918.403169
1252.0000     -733309.628865
1256.0000     -733668.506136
1260.0000     -733779.973776
1264.0000     -732827.859300
1268.0000     -733270.544617
1272.0000     -733552.447385
1276.0000     -733093.900704
1280.0000     -733807.639200
1284.0000     -733344.927491
1288.0000     -733022.938251
1292.0000     -732684.178623
1296.0000     -733479.986878
1300.0000     -733583.963065
1304.0000     -733270.097891
1308.0000     -733972.100255
1312.0000     -733901.974832
1316.0000     -733601.345035
1320.0000     -733908.186129
1324.0000     -734240.713984
1328.0000     -733783.452798
1332.0000     -734008.046416
1336.0000     -733864.288060
1340.0000     -733757.907912
1344.0000     -734141.536883
1348.0000     -733330.856026
1352.0000     -733660.128583
1356.0000     -733622.093382
1360.0000     -733462.372403
1364.0000     -733668.677372
1368.0000     -733660.609230
1372.0000     -734178.983359
1376.0000     -733760.689578
1380.0000     -733479.742676
1384.0000     -732775.235885
1388.0000     -733239.434165
1392.0000     -733346.701001
1396.0000     -733213.448612
1400.0000     -733177.075504
1404.0000     -733327.557546
1408.0000     -733154.266564
1412.0000     -733179.273860
1416.0000     -732937.961429
1420.0000     -733396.021965
1424.0000     -733246.090672
1428.0000     -733432.347129
1432.0000     -733758.689629
1436.0000     -732638.574678
1440.0000     -733378.187529
1444.0000     -733205.736892
1448.0000     -733140.979331
1452.0000     -733949.100323
1456.0000     -733525.637220
1460.0000     -734076.956849
1464.0000     -733162.281232
1468.0000     -733974.457911
1472.0000     -733238.492154
1476.0000     -733868.345974
1480.0000     -732922.999685
1484.0000     -733126.828886
1488.0000     -733320.782394
1492.0000     -732799.942649
1496.0000     -733436.886211
1500.0000     -733104.833019
1504.0000     -732314.933971
1508.0000     -732960.803795
1512.0000     -733467.409613
1516.0000     -732958.368567
1520.0000     -733475.498510
1524.0000     -733320.381051
1528.0000     -733314.498411
1532.0000     -733610.244176
1536.0000     -734119.440575
1540.0000     -733348.639172
1544.0000     -734172.610561
1548.0000     -733788.547511
1552.0000     -733283.742810
1556.0000     -733849.312381
1560.0000     -732980.183805
1564.0000     -732975.297723
1568.0000     -733595.361114
1572.0000     -733960.814259
1576.0000     -733605.206767
1580.0000     -734140.895093
1584.0000     -733369.257802
1588.0000     -733482.992753
1592.0000     -732807.300271
1596.0000     -733088.069794
1600.0000     -733227.050680
1604.0000     -733427.409100
1608.0000     -733127.519216
1612.0000     -733750.818717
1616.0000     -733676.763882
1620.0000     -734293.056487
1624.0000     -734389.980309
1628.0000     -733905.462058
1632.0000     -733278.077355
1636.0000     -733622.960741
1640.0000     -733378.266936
1644.0000     -733145.344411
1648.0000     -733470.004663
1652.0000     -733722.921112
1656.0000     -733676.015863
1660.0000     -733011.745958
1664.0000     -733063.471159
1668.0000     -734175.459381
1672.0000     -734274.384422
1676.0000     -733745.776299
1680.0000     -733337.696464
1684.0000     -734675.841442
1688.0000     -733634.617310
1692.0000     -732825.610971
1696.0000     -733446.200494
1700.0000     -733206.347767
1704.0000     -733730.161785
1708.0000     -733753.500092
1712.0000     -733508.652082
1716.0000     -733436.806284
1720.0000     -733171.967762
1724.0000     -733761.208142
1728.0000     -733354.183331
1732.0000     -733682.657373
1736.0000     -734100.185381
1740.0000     -733668.068443
1744.0000     -733168.950388
1748.0000     -732722.294069
1752.0000     -734151.295526
1756.0000     -732925.769790
1760.0000     -733551.255216
1764.0000     -733356.058644
1768.0000     -733478.304286
1772.0000     -734170.318669
1776.0000     -733341.198511
1780.0000     -733114.202479
1784.0000     -733067.735268
1788.0000     -733120.248305
1792.0000     -733908.954925
1796.0000     -733026.567658
1800.0000     -733464.965250
1804.0000     -733419.472517
1808.0000     -733947.427174
1812.0000     -733045.656604
1816.0000     -733741.150765
1820.0000     -733313.711482
1824.0000     -733581.313995
1828.0000     -733128.101735
1832.0000     -733813.531822
1836.0000     -734343.522192
1840.0000     -733779.310380
1844.0000     -734453.470513
1848.0000     -733560.409432
1852.0000     -733842.383886
1856.0000     -733224.214691
1860.0000     -733958.737378
1864.0000     -734269.288923
1868.0000     -733604.148337
1872.0000     -733051.025590
1876.0000     -733968.192451
1880.0000     -734170.379333
1884.0000     -733051.726756
1888.0000     -734187.071791
1892.0000     -733927.166748
1896.0000     -733415.460132
1900.0000     -733710.658059
1904.0000     -734298.496796
1908.0000     -733823.346726
1912.0000     -733779.450759
1916.0000     -733796.709955
1920.0000     -733920.066598
1924.0000     -733578.915128
1928.0000     -733500.161005
1932.0000     -733975.389837
1936.0000     -733153.089389
1940.0000     -733621.704054
1944.0000     -733754.290449
1948.0000     -733412.968292
1952.0000     -732874.882006
1956.0000     -733858.939433
1960.0000     -732479.302323
1964.0000     -733767.160199
1968.0000     -732867.810407
1972.0000     -733773.324047
1976.0000     -733971.384797
1980.0000     -734454.538363
1984.0000     -734519.751775
1988.0000     -733179.702970
1992.0000     -733648.814414
1996.0000     -733766.246892
2000.0000     -734202.804790
2004.0000     -732704.397978
2008.0000     -733727.854628
2012.0000     -733802.310602
2016.0000     -734289.563665
2020.0000     -733443.993799
2024.0000     -734193.772485
2028.0000     -733531.051989
2032.0000     -733188.784361
2036.0000     -734357.692272
2040.0000     -734008.936890
2044.0000     -734196.291852
2048.0000     -733515.937003
2052.0000     -733363.693204
2056.0000     -733924.218633
2060.0000     -734249.036011
2064.0000     -734076.636750
2068.0000     -734235.394422
2072.0000     -733804.357589
2076.0000     -733457.056560
2080.0000     -733957.986585
2084.0000     -733103.754075
2088.0000     -733902.821632
2092.0000     -732923.534086
2096.0000     -733291.754097
2100.0000     -733273.638882
2104.0000     -734184.043082
2108.0000     -733804.435028
2112.0000     -733845.227654
2116.0000     -734053.315193
2120.0000     -732597.123349
2124.0000     -733164.594517
2128.0000     -732979.626423
2132.0000     -733281.750788
2136.0000     -732877.203720
2140.0000     -733684.455382
2144.0000     -734088.499506
2148.0000     -733808.598564
2152.0000     -732749.516152
2156.0000     -733506.464977
2160.0000     -734571.288470
2164.0000     -733812.789490
2168.0000     -733020.933018
2172.0000     -733263.128196
2176.0000     -733099.337891
2180.0000     -732729.923723
2184.0000     -733673.571462
2188.0000     -733732.360984
2192.0000     -733634.823724
2196.0000     -733111.790776
2200.0000     -733272.235404
2204.0000     -734459.167774
2208.0000     -733810.420508
2212.0000     -734140.729066
2216.0000     -734214.304439
2220.0000     -732937.419134
2224.0000     -733224.734107
2228.0000     -733310.913964
2232.0000     -733442.927587
2236.0000     -732906.640424
2240.0000     -733549.691874
2244.0000     -733390.890811
2248.0000     -732759.115600
2252.0000     -734370.967906
2256.0000     -734272.352801
2260.0000     -733636.541976
2264.0000     -732965.308107
2268.0000     -733791.293135
2272.0000     -733061.537517
2276.0000     -733776.118016
2280.0000     -732944.290748
2284.0000     -733568.126305
2288.0000     -732967.843521
2292.0000     -733318.016753
2296.0000     -733637.661089
2300.0000     -733664.625982
2304.0000     -734178.251122
2308.0000     -733324.526423
2312.0000     -733127.508897
2316.0000     -732925.332399
2320.0000     -734328.029003
2324.0000     -733844.926645
2328.0000     -733681.800414
2332.0000     -733651.167191
2336.0000     -734331.584402
2340.0000     -733696.515571
2344.0000     -734545.149456
2348.0000     -734193.264122
2352.0000     -733600.339596
2356.0000     -733225.322024
2360.0000     -733786.393786
2364.0000     -733109.068500
2368.0000     -733975.978920
2372.0000     -733655.958025
2376.0000     -734350.562401
2380.0000     -733444.435330
2384.0000     -734060.940105
2388.0000     -733870.799829
2392.0000     -733677.030952
2396.0000     -733674.021961
2400.0000     -734151.190159
2404.0000     -734085.740178
2408.0000     -733994.323418
2412.0000     -734128.502354
2416.0000     -734112.479222
2420.0000     -734063.461741
2424.0000     -733689.201902
2428.0000     -734118.932119
2432.0000     -734219.629239
2436.0000     -733148.139897
2440.0000     -733299.279702
2444.0000     -733366.872466
2448.0000     -733525.236229
2452.0000     -734182.710974
2456.0000     -733564.003953
2460.0000     -733000.071333
2464.0000     -733472.184797
2468.0000     -733244.776351
2472.0000     -732864.664682
2476.0000     -732944.326068
2480.0000     -733234.213071
2484.0000     -733541.358463
2488.0000     -733790.252933
2492.0000     -733491.418386
2496.0000     -733344.306366
2500.0000     -732830.530087
2504.0000     -733308.990284
2508.0000     -732795.593336
2512.0000     -733935.497422
2516.0000     -733597.948282
2520.0000     -732580.980676
2524.0000     -733387.629922
2528.0000     -732301.804622
2532.0000     -733510.801399
2536.0000     -732625.812444
2540.0000     -733310.236737
2544.0000     -732647.428724
2548.0000     -733140.883127
2552.0000     -732507.445916
2556.0000     -733530.149973
2560.0000     -732813.171423
2564.0000     -733317.089862
2568.0000     -734114.027295
2572.0000     -733893.918666
2576.0000     -733628.460390
2580.0000     -733441.444282
2584.0000     -733788.899432
2588.0000     -734228.781077
2592.0000     -733227.384869
2596.0000     -733810.464129
2600.0000     -733157.361200
2604.0000     -733652.660783
2608.0000     -732789.434033
2612.0000     -733912.982425
2616.0000     -733733.981754
2620.0000     -733938.591199
2624.0000     -732163.537851
2628.0000     -733116.883512
2632.0000     -733407.038606
2636.0000     -732726.727850
2640.0000     -732750.664880
2644.0000     -732992.617529
2648.0000     -732689.777465
2652.0000     -733289.459802
2656.0000     -734049.465791
2660.0000     -733673.985868
2664.0000     -732812.732938
2668.0000     -733564.846631
2672.0000     -733108.247685
2676.0000     -733705.548539
2680.0000     -734324.281163
2684.0000     -733430.033245
2688.0000     -734114.355638
2692.0000     -733822.664652
2696.0000     -733450.199119
2700.0000     -734261.960507
2704.0000     -733861.637817
2708.0000     -734179.867232
2712.0000     -733215.854917
2716.0000     -733637.049884
2720.0000     -733413.723333
2724.0000     -733886.506173
2728.0000     -733664.357435
2732.0000     -733146.923989
2736.0000     -733124.675340
2740.0000     -733830.602910
2744.0000     -733276.679231
2748.0000     -732978.934269
2752.0000     -733511.337257
2756.0000     -733466.747042
2760.0000     -733872.480072
2764.0000     -733714.087656
2768.0000     -733926.801475
2772.0000     -733365.508306
2776.0000     -734054.787092
2780.0000     -734226.637020
2784.0000     -733281.398337
2788.0000     -733494.831235
2792.0000     -734299.817206
2796.0000     -733734.734515
2800.0000     -733729.892960
2804.0000     -733124.979964
2808.0000     -733768.102749
2812.0000     -733762.762972
2816.0000     -732730.732496
2820.0000     -733431.369692
2824.0000     -733500.539317
2828.0000     -733014.772748
2832.0000     -733414.442719
2836.0000     -733411.867319
2840.0000     -733305.689613
2844.0000     -733140.124591
2848.0000     -734098.520884
2852.0000     -733658.218941
2856.0000     -733408.361446
2860.0000     -732758.142893
2864.0000     -733012.818300
2868.0000     -733917.698924
2872.0000     -734106.915545
2876.0000     -733455.829321
2880.0000     -733454.734227
2884.0000     -733406.780541
2888.0000     -733679.642973
2892.0000     -732951.958673
2896.0000     -733204.528620
2900.0000     -733875.429420
2904.0000     -733205.631911
2908.0000     -733166.110311
2912.0000     -734016.496697
2916.0000     -732970.238364
2920.0000     -732580.523424
2924.0000     -733399.583773
2928.0000     -733338.020220
2932.0000     -732936.246330
2936.0000     -732910.135566
2940.0000     -732633.693351
2944.0000     -733252.297963
2948.0000     -732917.496870
2952.0000     -733384.418136
2956.0000     -733251.365094
2960.0000     -734108.788356
2964.0000     -733171.218214
2968.0000     -733495.135199
2972.0000     -733511.165354
2976.0000     -733308.028226
2980.0000     -733444.271907
2984.0000     -733306.716962
2988.0000     -734044.142744
2992.0000     -733633.552169
2996.0000     -733698.013275
3000.0000     -732566.389609
3004.0000     -733572.790201
3008.0000     -733497.491634
3012.0000     -733733.679042
3016.0000     -732848.636449
3020.0000     -733274.156799
3024.0000     -733417.666973
3028.0000     -732725.222938
3032.0000     -733678.083027
3036.0000     -733317.527001
3040.0000     -733158.571284
3044.0000     -733519.911646
3048.0000     -733623.386727
3052.0000     -733495.646144
3056.0000     -733090.530620
3060.0000     -733834.957759
3064.0000     -733432.158948
3068.0000     -732968.404101
3072.0000     -733441.204827
3076.0000     -733906.574475
3080.0000     -733360.162848
3084.0000     -733316.675421
3088.0000     -733730.512236
3092.0000     -732954.327555
3096.0000     -733555.657573
3100.0000     -733138.369748
3104.0000     -732958.165420
3108.0000     -733705.721233
3112.0000     -734093.850492
3116.0000     -734193.937434
3120.0000     -733323.923307
3124.0000     -733991.227153
3128.0000     -733988.823681
3132.0000     -733743.215599
3136.0000     -733246.149975
3140.0000     -733089.159075
3144.0000     -733120.672336
3148.0000     -733012.080855
3152.0000     -733876.380501
3156.0000     -733262.347544
3160.0000     -733490.994822
3164.0000     -733948.505225
3168.0000     -734044.556126
3172.0000     -733722.000779
3176.0000     -732968.173063
3180.0000     -733168.040791
3184.0000     -733735.031741
3188.0000     -733495.899986
3192.0000     -734419.102571
3196.0000     -733434.981531
3200.0000     -732895.584304
3204.0000     -733615.814290
3208.0000     -733433.981201
3212.0000     -733189.362692
3216.0000     -732702.585667
3220.0000     -734823.557918
3224.0000     -733608.075524
3228.0000     -733820.604485
3232.0000     -733712.355390
3236.0000     -733516.539332
3240.0000     -732843.537720
3244.0000     -733986.283262
3248.0000     -732858.019283
3252.0000     -733791.962080
3256.0000     -733833.491916
3260.0000     -733406.942880
3264.0000     -733187.182199
3268.0000     -733213.041561
3272.0000     -733762.506297
3276.0000     -733797.326840
3280.0000     -733453.692327
3284.0000     -734136.011436
3288.0000     -733328.656905
3292.0000     -732997.571062
3296.0000     -733291.862685
3300.0000     -734004.024518
3304.0000     -733661.531446
3308.0000     -733728.673585
3312.0000     -732994.734927
3316.0000     -733026.300503
3320.0000     -733842.633906
3324.0000     -733695.520641
3328.0000     -733731.432250
3332.0000     -734339.996484
3336.0000     -733462.591972
3340.0000     -734020.854826
3344.0000     -733329.110522
3348.0000     -733381.205465
3352.0000     -733264.630444
3356.0000     -734632.913638
3360.0000     -734309.454722
3364.0000     -733896.604548
3368.0000     -733026.916088
3372.0000     -733916.368213
3376.0000     -733132.614199
3380.0000     -733770.776101
3384.0000     -733600.905861
3388.0000     -733839.301188
3392.0000     -734094.947109
3396.0000     -732691.319575
3400.0000     -733162.437659
3404.0000     -733140.633259
3408.0000     -733281.047646
3412.0000     -732965.497210
3416.0000     -733808.634740
3420.0000     -733264.572586
3424.0000     -733642.437783
3428.0000     -734074.361850
3432.0000     -733138.871488
3436.0000     -733401.572008
3440.0000     -733499.171062
3444.0000     -733392.182143
3448.0000     -734201.180197
3452.0000     -733073.598324
3456.0000     -733858.483099
3460.0000     -733072.151593
3464.0000     -734996.631886
3468.0000     -734188.408977
3472.0000     -733830.379108
3476.0000     -733671.575874
3480.0000     -733495.169768
3484.0000     -733858.572034
3488.0000     -733214.683233
3492.0000     -733628.583933
3496.0000     -733788.379716
3500.0000     -733251.672015
3504.0000     -733044.321028
3508.0000     -733795.108885
3512.0000     -734050.406082
3516.0000     -733582.033405
3520.0000     -733804.489101
3524.0000     -733378.335098
3528.0000     -733488.958709
3532.0000     -733442.270196
3536.0000     -733692.459258
3540.0000     -733682.634564
3544.0000     -733574.507418
3548.0000     -733702.810781
3552.0000     -733448.939394
3556.0000     -733739.602633
3560.0000     -733280.384679
3564.0000     -734517.139204
3568.0000     -733391.430215
3572.0000     -733854.348421
3576.0000     -733267.603139
3580.0000     -732938.483704
3584.0000     -733062.263334
3588.0000     -733016.147552
3592.0000     -733050.073980
3596.0000     -732465.438337
3600.0000     -733421.444414
3604.0000     -733497.902439
3608.0000     -733562.576811
3612.0000     -732941.167330
3616.0000     -733725.697479
3620.0000     -733075.744499
3624.0000     -733924.707866
3628.0000     -733695.450985
3632.0000     -733243.035369
3636.0000     -733384.341950
3640.0000     -733310.521572
3644.0000     -733700.149204
3648.0000     -733485.728053
3652.0000     -733224.729951
3656.0000     -732726.713494
3660.0000     -733308.915954
3664.0000     -733548.574938
3668.0000     -733591.647424
3672.0000     -733956.214498
3676.0000     -733899.626302
3680.0000     -733975.756293
3684.0000     -733362.373801
3688.0000     -733202.579089
3692.0000     -734202.508998
3696.0000     -734604.338767
3700.0000     -733493.200056
3704.0000     -733954.426015
3708.0000     -733607.091443
3712.0000     -732831.541583
3716.0000     -733812.221649
3720.0000     -733448.670376
3724.0000     -733453.963549
3728.0000     -733917.454850
3732.0000     -733652.675699
3736.0000     -734039.274120
3740.0000     -733037.064491
3744.0000     -733252.402979
3748.0000     -733282.050934
3752.0000     -734267.590725
3756.0000     -734041.377155
3760.0000     -734500.957127
3764.0000     -734132.024961
3768.0000     -733783.524598
3772.0000     -733799.033116
3776.0000     -733855.436262
3780.0000     -732747.555280
3784.0000     -733764.692592
3788.0000     -733168.010396
3792.0000     -733602.492077
3796.0000     -733582.480525
3800.0000     -733507.520689
3804.0000     -733579.455164
3808.0000     -733670.040511
3812.0000     -733691.003341
3816.0000     -732839.773265
3820.0000     -733674.229439
3824.0000     -733980.014427
3828.0000     -733537.367551
3832.0000     -732807.273181
3836.0000     -733302.639352
3840.0000     -732620.421350
3844.0000     -733726.299096
3848.0000     -733637.980948
3852.0000     -733132.009067
3856.0000     -734172.003078
3860.0000     -733517.578059
3864.0000     -732962.846098
3868.0000     -733520.906693
3872.0000     -732965.104440
3876.0000     -733147.259323
3880.0000     -732915.154816
3884.0000     -733648.719964
3888.0000     -733337.609553
3892.0000     -733409.362824
3896.0000     -734079.541491
3900.0000     -733407.996547
3904.0000     -733973.950290
3908.0000     -733369.151790
3912.0000     -733542.059203
3916.0000     -734326.941938
3920.0000     -733509.978829
3924.0000     -733768.448722
3928.0000     -734129.760002
3932.0000     -734171.531470
3936.0000     -733654.154579
3940.0000     -732796.335837
3944.0000     -733061.154404
3948.0000     -733200.269353
3952.0000     -733413.020720
3956.0000     -733630.255050
3960.0000     -733473.491592
3964.0000     -733635.565583
3968.0000     -733138.315074
3972.0000     -733729.342265
3976.0000     -733088.078433
3980.0000     -733039.467245
3984.0000     -733567.437883
3988.0000     -733650.425183
3992.0000     -733472.831979
3996.0000     -733263.107518
4000.0000     -733547.182777
4004.0000     -733547.182777
