4.0000           0.000000
8.0000         -38.520600
12.0000         -20.586200
16.0000         -25.961600
20.0000         -43.244300
24.0000         -44.076000
28.0000         -20.091700
32.0000         -47.307500
36.0000         -42.221300
40.0000         -32.087700
44.0000         -50.537000
48.0000         -42.726800
52.0000         -47.508200
56.0000         -25.496600
60.0000         -33.681600
64.0000         -41.916100
68.0000         -53.459800
72.0000         -25.270900
76.0000         -34.019100
80.0000         -29.454000
84.0000         -39.836700
88.0000         -35.433900
92.0000         -57.401700
96.0000         -15.770100
100.0000         -40.074900
104.0000         -50.480000
108.0000         -31.738500
112.0000         -33.913800
116.0000         -25.647600
120.0000         -23.590600
124.0000         -47.510600
128.0000         -61.537700
132.0000         -18.692800
136.0000         -35.875600
140.0000         -37.505800
144.0000         -27.616200
148.0000         -44.984800
152.0000         -31.168500
156.0000         -34.877800
160.0000         -15.614700
164.0000         -34.694800
168.0000         -33.399100
172.0000         -31.306200
176.0000         -43.909800
180.0000         -37.544700
184.0000         -39.972700
188.0000         -38.058100
192.0000         -62.973100
196.0000         -27.982300
200.0000         -43.925700
204.0000         -41.977700
208.0000         -28.440300
212.0000         -38.019000
216.0000         -32.016700
220.0000         -40.818400
224.0000         -60.090900
228.0000         -28.267800
232.0000         -24.818300
236.0000         -43.894100
240.0000         -25.206400
244.0000         -27.901800
248.0000         -35.726100
252.0000         -35.260200
256.0000         -43.384600
260.0000         -39.099300
264.0000         -33.758900
268.0000         -22.710800
272.0000         -32.312600
276.0000         -39.233900
280.0000         -32.115300
284.0000         -34.116800
288.0000         -33.094000
292.0000         -40.413700
296.0000         -36.588800
300.0000         -31.769400
304.0000         -30.617000
308.0000         -18.229800
312.0000         -40.047600
316.0000         -61.261200
320.0000         -33.238600
324.0000         -43.322900
328.0000         -33.594400
332.0000         -30.208200
336.0000         -40.087700
340.0000         -40.117600
344.0000         -49.623700
348.0000         -21.577500
352.0000         -53.158100
356.0000         -29.597200
360.0000         -18.446200
364.0000         -38.342200
368.0000         -17.916600
372.0000         -28.559100
376.0000         -18.399000
380.0000         -31.861200
384.0000         -37.242700
388.0000         -28.037800
392.0000         -51.424700
396.0000         -45.660400
400.0000         -37.976500
404.0000         -47.014200
408.0000         -26.761200
412.0000         -38.094400
416.0000         -48.727100
420.0000         -36.434800
424.0000         -49.777300
428.0000         -31.614500
432.0000         -37.080800
436.0000         -26.717400
440.0000         -42.049400
444.0000         -36.990100
448.0000         -35.425800
452.0000         -35.075500
456.0000         -26.906500
460.0000         -43.857900
464.0000         -55.633500
468.0000         -41.734200
472.0000         -53.674100
476.0000         -37.626100
480.0000         -45.097900
484.0000         -21.617700
488.0000         -36.370800
492.0000         -35.291100
496.0000         -32.211800
500.0000         -26.705100
504.0000         -48.057000
508.0000         -14.414500
512.0000         -37.307700
516.0000         -24.543200
520.0000         -52.559700
524.0000         -42.169100
528.0000         -37.808800
532.0000         -34.666800
536.0000         -29.962100
540.0000         -43.911500
544.0000         -33.443300
548.0000         -32.266400
552.0000         -27.899300
556.0000         -32.558900
560.0000         -51.829100
564.0000         -34.729500
568.0000         -42.404700
572.0000         -35.487900
576.0000         -25.103300
580.0000         -22.327700
584.0000         -46.605300
588.0000         -48.126000
592.0000         -34.345100
596.0000         -46.657600
600.0000         -40.138800
604.0000         -50.920900
608.0000         -27.164100
612.0000         -40.465300
616.0000         -32.156800
620.0000         -25.613300
624.0000         -25.154600
628.0000         -38.443800
632.0000         -33.300700
636.0000         -39.102800
640.0000         -54.729600
644.0000         -27.070300
648.0000         -28.641300
652.0000         -47.409500
656.0000         -35.080400
660.0000         -16.561000
664.0000         -25.383100
668.0000         -33.860500
672.0000         -42.904200
676.0000         -37.967900
680.0000         -35.354000
684.0000         -29.979200
688.0000         -36.994400
692.0000         -33.104100
696.0000         -37.470400
700.0000         -46.422600
704.0000         -34.948200
708.0000         -39.967600
712.0000         -56.614300
716.0000         -45.916900
720.0000         -33.236600
724.0000         -25.886500
728.0000         -36.730300
732.0000         -24.544600
736.0000         -23.582300
740.0000         -39.551700
744.0000         -31.329400
748.0000         -38.311600
752.0000         -34.519200
756.0000         -43.104300
760.0000         -35.660200
764.0000         -23.261900
768.0000         -38.176700
772.0000         -38.301700
776.0000         -32.183800
780.0000         -47.907500
784.0000         -31.531000
788.0000         -31.157500
792.0000         -25.538500
796.0000         -32.235800
800.0000         -46.592700
804.0000         -26.225200
808.0000         -34.177700
812.0000         -39.564400
816.0000         -32.577400
820.0000         -42.405900
824.0000         -39.575300
828.0000         -35.768900
832.0000         -51.287500
836.0000         -53.785200
840.0000         -33.787000
844.0000         -37.431700
848.0000         -31.080500
852.0000         -49.905300
856.0000         -36.270100
860.0000         -49.896100
864.0000         -44.447800
868.0000         -44.591200
872.0000         -31.010200
876.0000         -31.457500
880.0000         -46.738400
884.0000         -45.765600
888.0000         -29.298700
892.0000         -37.538900
896.0000         -36.269700
900.0000         -28.236400
904.0000          -5.275500
908.0000         -50.343800
912.0000         -41.640100
916.0000         -45.094200
920.0000         -38.380300
924.0000         -13.071700
928.0000         -25.891400
932.0000         -53.061600
936.0000         -35.673200
940.0000         -30.585000
944.0000         -30.464500
948.0000         -18.609300
952.0000         -17.437000
956.0000         -58.945500
960.0000         -42.233300
964.0000         -34.572200
968.0000         -28.650200
972.0000         -42.000900
976.0000         -20.623500
980.0000         -24.726100
984.0000         -35.750900
988.0000         -26.812100
992.0000         -17.748200
996.0000         -39.821200
1000.0000         -45.505100
1004.0000         -32.971800
1008.0000         -30.084600
1012.0000         -36.520500
1016.0000         -20.082300
1020.0000         -33.070200
1024.0000         -37.313200
1028.0000         -18.494500
1032.0000         -33.734400
1036.0000         -25.616400
1040.0000         -40.876800
1044.0000         -41.228500
1048.0000         -35.921300
1052.0000         -42.633700
1056.0000         -40.522100
1060.0000         -17.047600
1064.0000         -30.710900
1068.0000         -32.608100
1072.0000         -48.684000
1076.0000         -37.733500
1080.0000         -37.618300
1084.0000         -22.342800
1088.0000         -47.948900
1092.0000         -24.231200
1096.0000         -24.291900
1100.0000         -28.139300
1104.0000         -28.057500
1108.0000         -29.701800
1112.0000         -26.023600
1116.0000         -30.837100
1120.0000         -36.163400
1124.0000         -25.004500
1128.0000         -25.668800
1132.0000         -35.197600
1136.0000         -38.620700
1140.0000         -26.159700
1144.0000         -39.837300
1148.0000         -16.792500
1152.0000         -61.796800
1156.0000         -47.582900
1160.0000         -17.229200
1164.0000         -29.130100
1168.0000         -30.207100
1172.0000         -36.151700
1176.0000         -37.795200
1180.0000         -25.454600
1184.0000         -45.575500
1188.0000         -47.619500
1192.0000         -34.745600
1196.0000         -56.377600
1200.0000         -38.679400
1204.0000         -38.625300
1208.0000         -47.744900
1212.0000         -27.952100
1216.0000         -40.820200
1220.0000         -44.358800
1224.0000         -29.386700
1228.0000         -25.886000
1232.0000         -44.430900
1236.0000         -40.198400
1240.0000         -39.659800
1244.0000          -9.405700
1248.0000         -36.501300
1252.0000         -34.795800
1256.0000         -41.894300
1260.0000         -38.860700
1264.0000         -14.682500
1268.0000         -40.205000
1272.0000         -52.489800
1276.0000         -38.070500
1280.0000         -38.660000
1284.0000         -24.798600
1288.0000         -46.509000
1292.0000         -42.608400
1296.0000         -46.044500
1300.0000         -30.631000
1304.0000         -34.683500
1308.0000         -50.761200
1312.0000         -57.389200
1316.0000         -51.823600
1320.0000         -43.767900
1324.0000         -33.949500
1328.0000         -33.893800
1332.0000         -23.852000
1336.0000         -34.280700
1340.0000         -28.842000
1344.0000         -21.566000
1348.0000         -16.188100
1352.0000         -39.675400
1356.0000         -35.838600
1360.0000         -57.212800
1364.0000         -28.152600
1368.0000         -41.763800
1372.0000         -35.167200
1376.0000         -27.489500
1380.0000         -25.881200
1384.0000         -65.653000
1388.0000         -31.224100
1392.0000         -28.230000
1396.0000         -25.337700
1400.0000         -32.145000
1404.0000         -41.114400
1408.0000         -10.517400
1412.0000         -39.914300
1416.0000         -46.840800
1420.0000         -41.319700
1424.0000         -35.481500
1428.0000         -34.915000
1432.0000         -23.919700
1436.0000         -24.191900
1440.0000         -41.308100
1444.0000         -32.009500
1448.0000         -21.711500
1452.0000         -37.068400
1456.0000         -37.915700
1460.0000         -29.075000
1464.0000         -37.549200
1468.0000         -50.624700
1472.0000         -42.824500
1476.0000         -41.501900
1480.0000         -36.813200
1484.0000         -25.461200
1488.0000         -42.326000
1492.0000         -50.248700
1496.0000         -34.209500
1500.0000         -31.705700
1504.0000         -37.355000
1508.0000         -40.509100
1512.0000         -31.112900
1516.0000         -41.097800
1520.0000         -25.909300
1524.0000         -37.544100
1528.0000         -32.996300
1532.0000         -27.859400
1536.0000         -36.128500
1540.0000         -40.954000
1544.0000         -23.563200
1548.0000         -33.656600
1552.0000         -35.925700
1556.0000         -32.445200
1560.0000         -36.152700
1564.0000         -41.460200
1568.0000         -23.653300
1572.0000         -49.932800
1576.0000         -52.062600
1580.0000         -41.282600
1584.0000         -35.688200
1588.0000         -26.457100
1592.0000         -42.139600
1596.0000         -28.479200
1600.0000         -40.927000
1604.0000         -50.924400
1608.0000         -40.229300
1612.0000         -31.326300
1616.0000         -37.507800
1620.0000         -28.759300
1624.0000         -37.157900
1628.0000         -47.329500
1632.0000         -10.039900
1636.0000         -14.977900
1640.0000         -38.508000
1644.0000         -23.783000
1648.0000         -15.343300
1652.0000         -45.669200
1656.0000         -38.431400
1660.0000         -36.629500
1664.0000         -30.785000
1668.0000         -31.714600
1672.0000         -47.313200
1676.0000         -36.972400
1680.0000         -44.127700
1684.0000         -29.991100
1688.0000         -37.558800
1692.0000         -48.514900
1696.0000         -28.189100
1700.0000         -22.823100
1704.0000         -38.145200
1708.0000         -42.969700
1712.0000         -40.358200
1716.0000         -38.468500
1720.0000         -42.815800
1724.0000         -47.029200
1728.0000         -31.917500
1732.0000         -14.397800
1736.0000         -37.042900
1740.0000         -39.764500
1744.0000         -37.513100
1748.0000         -50.676300
1752.0000         -41.648700
1756.0000         -39.680500
1760.0000         -33.602600
1764.0000         -45.645200
1768.0000         -20.488200
1772.0000         -35.196300
1776.0000         -48.875100
1780.0000         -35.030200
1784.0000         -38.937000
1788.0000         -31.162000
1792.0000         -32.505900
1796.0000         -48.822100
1800.0000         -53.976800
1804.0000         -28.877400
1808.0000         -36.144800
1812.0000         -52.781800
1816.0000         -29.239500
1820.0000         -42.981400
1824.0000         -27.862300
1828.0000         -38.149700
1832.0000         -45.162800
1836.0000         -45.009600
1840.0000         -21.982500
1844.0000         -16.432400
1848.0000         -40.763700
1852.0000         -27.913300
1856.0000         -28.433200
1860.0000         -27.826500
1864.0000         -27.020300
1868.0000         -29.777400
1872.0000         -27.335100
1876.0000         -54.159800
1880.0000         -24.387300
1884.0000         -39.962600
1888.0000         -34.791400
1892.0000         -29.284400
1896.0000         -30.255100
1900.0000         -54.444400
1904.0000         -40.172400
1908.0000         -43.104500
1912.0000         -34.992400
1916.0000         -27.722600
1920.0000         -37.548800
1924.0000         -29.866600
1928.0000         -33.644000
1932.0000         -35.075100
1936.0000         -15.260900
1940.0000         -31.151800
1944.0000         -27.539000
1948.0000         -30.052500
1952.0000         -22.451000
1956.0000         -33.965500
1960.0000         -34.747900
1964.0000         -24.541100
1968.0000         -34.181900
1972.0000         -42.647200
1976.0000         -19.945100
1980.0000         -42.933800
1984.0000         -26.355300
1988.0000         -39.704900
1992.0000         -31.006000
1996.0000         -32.145100
2000.0000         -38.898400
2004.0000         -40.783300
2008.0000         -45.054200
2012.0000         -40.833400
2016.0000         -33.260200
2020.0000         -34.580000
2024.0000         -46.081000
2028.0000         -56.101500
2032.0000         -38.035200
2036.0000         -10.513800
2040.0000         -24.061700
2044.0000         -47.079300
2048.0000         -45.494300
2052.0000         -41.054000
2056.0000         -57.620100
2060.0000         -44.439800
2064.0000         -34.619900
2068.0000         -34.962300
2072.0000         -34.591800
2076.0000         -17.605600
2080.0000         -23.936400
2084.0000         -42.241300
2088.0000         -38.145400
2092.0000         -42.646700
2096.0000         -26.980600
2100.0000         -29.641300
2104.0000         -29.914500
2108.0000         -32.750900
2112.0000         -53.771600
2116.0000         -39.613500
2120.0000         -56.335300
2124.0000         -35.491700
2128.0000         -42.999800
2132.0000         -14.032300
2136.0000         -46.677200
2140.0000         -19.353900
2144.0000         -54.151200
2148.0000         -30.466500
2152.0000         -26.118200
2156.0000         -41.169200
2160.0000         -32.078100
2164.0000         -44.254700
2168.0000         -25.395900
2172.0000         -39.476600
2176.0000         -38.467600
2180.0000         -28.814900
2184.0000         -34.763100
2188.0000         -25.543500
2192.0000         -41.944600
2196.0000         -44.252800
2200.0000         -31.118300
2204.0000         -24.286400
2208.0000         -48.426300
2212.0000         -36.035800
2216.0000         -34.616100
2220.0000         -42.168700
2224.0000         -43.530900
2228.0000         -43.361000
2232.0000         -44.457400
2236.0000         -13.813500
2240.0000         -32.481200
2244.0000         -25.701600
2248.0000         -47.378100
2252.0000         -34.534700
2256.0000         -16.892900
2260.0000         -34.887400
2264.0000         -36.524600
2268.0000         -38.455000
2272.0000         -39.800700
2276.0000         -51.549700
2280.0000         -39.683600
2284.0000         -28.465400
2288.0000         -27.226500
2292.0000         -40.666700
2296.0000         -29.513900
2300.0000         -37.186700
2304.0000         -38.019700
2308.0000         -53.885200
2312.0000         -18.518700
2316.0000         -36.238800
2320.0000         -47.335000
2324.0000         -48.595800
2328.0000         -32.762100
2332.0000         -33.133300
2336.0000         -44.026900
2340.0000         -33.108700
2344.0000         -46.244500
2348.0000         -29.897700
2352.0000         -32.393400
2356.0000         -42.187400
2360.0000         -43.908800
2364.0000         -30.137600
2368.0000         -40.304600
2372.0000         -25.131700
2376.0000         -32.290600
2380.0000         -24.060500
2384.0000         -30.466800
2388.0000         -38.901200
2392.0000         -23.602900
2396.0000         -47.527900
2400.0000         -36.631400
2404.0000         -58.788000
2408.0000         -49.048000
2412.0000         -28.931400
2416.0000         -44.580300
2420.0000         -41.038100
2424.0000         -38.010000
2428.0000         -34.350200
2432.0000         -35.049500
2436.0000         -27.627100
2440.0000         -12.437300
2444.0000         -42.828700
2448.0000         -28.426300
2452.0000         -36.260200
2456.0000         -27.185200
2460.0000         -41.388900
2464.0000         -33.426100
2468.0000         -20.360400
2472.0000         -39.316300
2476.0000         -24.310100
2480.0000         -38.458200
2484.0000         -41.754700
2488.0000         -36.982100
2492.0000         -38.882200
2496.0000         -20.577300
2500.0000         -30.882500
2504.0000         -40.314000
2508.0000         -37.359700
2512.0000         -54.234500
2516.0000         -33.737900
2520.0000         -36.857500
2524.0000         -25.330800
2528.0000         -40.180600
2532.0000         -22.991600
2536.0000         -39.633900
2540.0000         -44.528400
2544.0000         -39.144200
2548.0000         -23.704500
2552.0000         -35.434200
2556.0000         -37.652100
2560.0000         -35.092900
2564.0000         -34.342300
2568.0000         -43.019400
2572.0000         -33.082900
2576.0000         -32.622600
2580.0000         -30.869100
2584.0000         -45.227700
2588.0000         -31.006500
2592.0000         -42.537300
2596.0000         -33.365100
2600.0000         -46.182600
2604.0000         -19.302500
2608.0000         -36.097800
2612.0000         -59.804900
2616.0000         -33.711600
2620.0000         -33.590200
2624.0000         -30.437100
2628.0000         -36.647200
2632.0000         -28.037700
2636.0000         -29.661000
2640.0000         -46.252900
2644.0000         -49.512100
2648.0000         -21.882500
2652.0000         -31.684400
2656.0000         -28.351600
2660.0000         -34.600200
2664.0000         -47.280700
2668.0000         -49.050800
2672.0000         -39.645300
2676.0000         -29.498100
2680.0000         -30.957600
2684.0000         -21.080500
2688.0000         -11.941300
2692.0000         -47.745400
2696.0000         -46.447800
2700.0000         -41.945500
2704.0000         -45.543900
2708.0000         -49.840100
2712.0000         -24.481400
2716.0000         -23.787100
2720.0000         -37.998300
2724.0000         -42.248800
2728.0000         -34.576800
2732.0000         -33.346600
2736.0000         -37.400100
2740.0000         -31.262400
2744.0000         -29.140400
2748.0000         -33.600900
2752.0000         -37.543800
2756.0000         -35.752400
2760.0000         -37.047300
2764.0000         -27.800500
2768.0000         -55.009200
2772.0000         -36.830600
2776.0000         -46.866300
2780.0000         -37.181000
2784.0000         -31.431000
2788.0000         -30.578300
2792.0000         -25.753400
2796.0000         -43.013700
2800.0000         -35.511400
2804.0000         -25.709600
2808.0000         -45.245000
2812.0000         -36.100700
2816.0000         -36.283800
2820.0000         -38.358500
2824.0000         -34.331600
2828.0000         -36.428500
2832.0000         -37.940200
2836.0000         -33.615300
2840.0000         -34.196500
2844.0000         -41.711600
2848.0000         -38.778200
2852.0000         -37.905500
2856.0000         -42.455100
2860.0000         -27.439300
2864.0000         -26.875000
2868.0000         -53.812300
2872.0000         -34.764100
2876.0000         -17.209500
2880.0000         -34.569500
2884.0000         -39.811200
2888.0000         -34.693300
2892.0000         -52.650000
2896.0000         -29.216300
2900.0000         -42.711200
2904.0000         -38.271100
2908.0000         -49.063100
2912.0000         -31.987500
2916.0000         -38.515600
2920.0000         -28.649700
2924.0000         -38.436200
2928.0000         -33.480300
2932.0000         -23.973200
2936.0000         -40.035700
2940.0000         -41.007100
2944.0000         -18.399700
2948.0000         -39.967600
2952.0000         -44.425600
2956.0000         -37.942100
2960.0000         -21.852700
2964.0000         -38.801300
2968.0000         -45.553200
2972.0000         -24.323100
2976.0000         -33.405400
2980.0000         -47.552500
2984.0000         -18.287500
2988.0000         -56.838200
2992.0000         -35.709000
2996.0000         -50.770000
3000.0000         -14.489300
3004.0000         -21.843200
3008.0000         -30.394000
3012.0000         -46.879700
3016.0000         -38.311700
3020.0000         -40.058400
3024.0000         -50.832600
3028.0000         -37.117800
3032.0000         -30.849000
3036.0000         -48.211900
3040.0000         -26.857300
3044.0000         -48.748200
3048.0000         -34.027500
3052.0000         -38.591700
3056.0000         -43.349700
3060.0000         -26.488500
3064.0000         -30.016400
3068.0000         -30.905600
3072.0000         -36.535700
3076.0000         -36.752800
3080.0000         -45.725800
3084.0000         -26.224600
3088.0000         -41.753700
3092.0000         -35.777200
3096.0000         -31.214900
3100.0000         -39.772200
3104.0000         -45.936000
3108.0000         -51.275400
3112.0000         -41.571900
3116.0000         -14.881000
3120.0000         -51.739200
3124.0000         -34.264000
3128.0000         -42.356300
3132.0000         -39.710000
3136.0000         -22.361100
3140.0000         -40.694600
3144.0000         -30.348900
3148.0000         -14.264500
3152.0000         -38.358000
3156.0000         -31.158700
3160.0000         -30.596600
3164.0000         -46.723500
3168.0000         -27.018200
3172.0000         -50.019900
3176.0000         -39.616300
3180.0000         -33.816800
3184.0000         -37.929900
3188.0000          -6.217500
3192.0000         -45.375500
3196.0000         -26.050500
3200.0000         -34.951400
3204.0000         -59.927800
3208.0000         -50.071100
3212.0000         -23.542100
3216.0000         -34.233400
3220.0000         -33.741800
3224.0000         -35.322900
3228.0000         -36.427300
3232.0000         -39.509000
3236.0000         -48.047700
3240.0000         -31.954800
3244.0000         -31.599800
3248.0000         -51.714200
3252.0000         -29.549300
3256.0000         -26.972200
3260.0000         -51.765100
3264.0000         -42.598900
3268.0000         -37.054500
3272.0000         -42.157500
3276.0000         -30.304600
3280.0000         -35.186200
3284.0000         -22.895300
3288.0000         -32.043300
3292.0000         -35.557900
3296.0000         -14.560200
3300.0000         -34.888300
3304.0000         -32.996100
3308.0000         -58.883100
3312.0000         -25.698800
3316.0000         -48.899500
3320.0000         -40.645400
3324.0000         -22.407900
3328.0000         -48.612100
3332.0000         -34.025800
3336.0000         -46.956500
3340.0000         -38.277800
3344.0000         -42.459900
3348.0000         -43.280400
3352.0000         -48.342200
3356.0000         -34.258400
3360.0000         -39.303500
3364.0000         -43.979000
3368.0000         -29.559000
3372.0000         -34.871100
3376.0000         -43.477100
3380.0000         -29.634300
3384.0000         -34.179700
3388.0000         -50.789100
3392.0000         -58.643200
3396.0000         -28.842600
3400.0000         -45.402500
3404.0000         -24.486900
3408.0000         -35.707000
3412.0000         -46.276300
3416.0000         -43.355800
3420.0000         -36.970300
3424.0000         -35.862100
3428.0000         -35.855500
3432.0000         -29.859900
3436.0000         -32.466600
3440.0000         -37.117300
3444.0000         -38.844800
3448.0000         -43.502500
3452.0000         -31.665300
3456.0000         -18.675200
3460.0000         -52.399100
3464.0000         -18.655300
3468.0000         -25.963200
3472.0000         -47.034700
3476.0000         -28.051500
3480.0000         -32.339000
3484.0000         -42.660700
3488.0000         -24.142000
3492.0000         -40.432000
3496.0000         -26.424700
3500.0000         -30.711500
3504.0000         -23.528700
3508.0000         -24.987000
3512.0000         -49.040700
3516.0000         -24.036900
3520.0000         -19.662500
3524.0000         -23.294100
3528.0000         -30.902300
3532.0000         -44.787400
3536.0000         -53.462600
3540.0000         -29.771900
3544.0000         -29.099800
3548.0000         -45.408400
3552.0000         -33.256900
3556.0000         -41.954700
3560.0000         -35.371100
3564.0000         -37.006000
3568.0000         -37.336400
3572.0000         -40.708000
3576.0000         -21.215800
3580.0000         -37.992500
3584.0000         -32.034300
3588.0000         -53.357000
3592.0000         -39.080200
3596.0000         -24.106800
3600.0000         -38.416800
3604.0000         -29.326400
3608.0000         -47.297000
3612.0000         -24.855400
3616.0000         -43.325100
3620.0000         -43.140800
3624.0000         -39.918700
3628.0000         -36.107800
3632.0000         -43.405000
3636.0000         -32.038600
3640.0000         -30.035400
3644.0000         -44.672600
3648.0000         -38.730400
3652.0000         -34.083500
3656.0000         -34.334500
3660.0000         -37.853000
3664.0000         -42.290400
3668.0000         -40.513100
3672.0000         -57.169900
3676.0000         -25.545000
3680.0000         -51.488100
3684.0000         -40.263800
3688.0000         -44.400000
3692.0000         -35.821900
3696.0000         -45.351900
3700.0000         -20.986600
3704.0000         -38.589200
3708.0000         -24.430300
3712.0000         -37.102400
3716.0000         -32.184900
3720.0000         -31.015700
3724.0000         -31.310700
3728.0000         -33.690300
3732.0000         -27.014100
3736.0000         -38.939500
3740.0000         -30.218100
3744.0000         -36.459100
3748.0000         -36.951000
3752.0000         -69.651400
3756.0000         -32.252700
3760.0000         -28.121200
3764.0000         -30.112600
3768.0000         -31.120000
3772.0000         -28.331800
3776.0000         -33.600400
3780.0000         -34.706100
3784.0000         -42.609400
3788.0000         -34.922500
3792.0000         -43.315600
3796.0000         -50.949500
3800.0000         -47.451700
3804.0000         -29.829300
3808.0000         -35.353600
3812.0000         -43.994000
3816.0000         -17.629800
3820.0000         -33.201700
3824.0000         -20.101700
3828.0000         -45.630000
3832.0000         -46.628200
3836.0000         -51.074900
3840.0000         -43.261600
3844.0000         -36.921900
3848.0000         -46.306300
3852.0000         -44.752200
3856.0000         -35.399000
3860.0000         -32.709700
3864.0000         -38.145100
3868.0000         -36.427400
3872.0000         -37.985300
3876.0000         -37.689100
3880.0000         -28.868700
3884.0000         -42.921900
3888.0000         -40.818200
3892.0000         -44.421100
3896.0000         -21.717600
3900.0000         -44.652300
3904.0000         -59.805100
3908.0000         -44.727200
3912.0000         -34.028600
3916.0000         -31.755500
3920.0000         -27.130000
3924.0000         -21.290100
3928.0000         -52.864500
3932.0000         -37.385800
3936.0000         -16.420500
3940.0000         -47.280200
3944.0000         -35.709800
3948.0000         -40.159900
3952.0000         -24.673100
3956.0000         -29.955700
3960.0000         -30.405100
3964.0000         -37.839800
3968.0000         -31.309100
3972.0000         -22.128300
3976.0000         -31.423600
3980.0000         -20.546900
3984.0000         -15.168800
3988.0000         -18.641900
3992.0000         -29.712300
3996.0000         -64.802200
4000.0000         -35.502300
4004.0000         -38.352500
