4.0000      -30782.647895
8.0000      -30781.361344
12.0000      -30922.173408
16.0000      -30931.528734
20.0000      -30733.577046
24.0000      -30806.858286
28.0000      -30808.228324
32.0000      -30918.050621
36.0000      -30857.564892
40.0000      -31044.959989
44.0000      -30830.258440
48.0000      -31114.666560
52.0000      -30971.997668
56.0000      -30934.650833
60.0000      -30930.084289
64.0000      -30904.698040
68.0000      -30928.041888
72.0000      -30795.910111
76.0000      -31033.346969
80.0000      -30925.615652
84.0000      -30909.258493
88.0000      -30938.144044
92.0000      -30822.018579
96.0000      -31045.379355
100.0000      -31002.564706
104.0000      -30818.552585
108.0000      -30817.866494
112.0000      -30872.552275
116.0000      -30923.626781
120.0000      -30976.288445
124.0000      -31022.553651
128.0000      -30890.321969
132.0000      -30939.988964
136.0000      -30832.954374
140.0000      -30835.648100
144.0000      -30854.160994
148.0000      -30873.502160
152.0000      -31014.239275
156.0000      -30808.367514
160.0000      -30809.114944
164.0000      -30898.694790
168.0000      -30853.792477
172.0000      -30784.122926
176.0000      -30733.622113
180.0000      -30956.631595
184.0000      -31041.029737
188.0000      -30853.484066
192.0000      -30834.371645
196.0000      -30585.661221
200.0000      -30907.168237
204.0000      -31101.037847
208.0000      -30856.795590
212.0000      -30803.452125
216.0000      -30923.717802
220.0000      -30951.169783
224.0000      -30886.649040
228.0000      -30912.029933
232.0000      -30930.455264
236.0000      -30807.125328
240.0000      -30811.437712
244.0000      -30867.921779
248.0000      -30805.453717
252.0000      -30848.344569
256.0000      -30984.848425
260.0000      -30868.929868
264.0000      -30996.562506
268.0000      -30888.215934
272.0000      -30838.962327
276.0000      -30946.356646
280.0000      -30949.888886
284.0000      -30925.257123
288.0000      -30917.421778
292.0000      -30857.687699
296.0000      -30901.623212
300.0000      -30889.360885
304.0000      -30928.844608
308.0000      -31002.269668
312.0000      -30855.121240
316.0000      -30905.354548
320.0000      -30928.920195
324.0000      -30880.472067
328.0000      -31036.129966
332.0000      -30938.572875
336.0000      -31079.598779
340.0000      -30997.009177
344.0000      -30828.140838
348.0000      -31088.820981
352.0000      -30783.056632
356.0000      -30810.120156
360.0000      -30788.217360
364.0000      -30967.170048
368.0000      -30938.900861
372.0000      -30961.606580
376.0000      -30918.738526
380.0000      -30646.112180
384.0000      -30791.665216
388.0000      -30805.387828
392.0000      -31001.661917
396.0000      -30923.690099
400.0000      -30849.011701
404.0000      -30781.493487
408.0000      -30805.082556
412.0000      -30964.394631
416.0000      -30886.227305
420.0000      -30946.075456
424.0000      -30951.043720
428.0000      -30920.073334
432.0000      -30700.239672
436.0000      -30826.085429
440.0000      -31039.163113
444.0000      -30957.428408
448.0000      -30857.844757
452.0000      -30812.872737
456.0000      -30983.186950
460.0000      -30863.460837
464.0000      -30919.606090
468.0000      -30818.104298
472.0000      -30824.394513
476.0000      -30988.128303
480.0000      -30895.424611
484.0000      -30866.671296
488.0000      -30806.533194
492.0000      -31060.542829
496.0000      -30877.293261
500.0000      -30944.947243
504.0000      -30869.440257
508.0000      -30893.338807
512.0000      -30817.501733
516.0000      -30875.942142
520.0000      -30903.246844
524.0000      -31142.034415
528.0000      -31094.512779
532.0000      -30857.942414
536.0000      -30763.540104
540.0000      -30865.487280
544.0000      -30961.060390
548.0000      -31013.340251
552.0000      -30858.449086
556.0000      -30866.429104
560.0000      -30683.044752
564.0000      -30996.891453
568.0000      -30994.428826
572.0000      -30938.548371
576.0000      -30984.586410
580.0000      -30997.460685
584.0000      -30866.361046
588.0000      -30851.332660
592.0000      -30921.828230
596.0000      -30907.537847
600.0000      -30898.856265
604.0000      -30883.554590
608.0000      -30927.457477
612.0000      -30881.908422
616.0000      -30704.476711
620.0000      -30868.661756
624.0000      -30901.331476
628.0000      -30827.700919
632.0000      -30812.444884
636.0000      -30995.570428
640.0000      -30954.957946
644.0000      -30837.794511
648.0000      -30967.700766
652.0000      -30882.559518
656.0000      -30722.181552
660.0000      -30869.921134
664.0000      -30813.700297
668.0000      -30866.915799
672.0000      -30921.975099
676.0000      -30866.440077
680.0000      -30929.682070
684.0000      -31005.594010
688.0000      -30729.207828
692.0000      -30862.896715
696.0000      -30744.521236
700.0000      -31092.478735
704.0000      -30912.575782
708.0000      -30819.165433
712.0000      -30934.057043
716.0000      -30994.999051
720.0000      -30982.949400
724.0000      -30925.892732
728.0000      -30730.859514
732.0000      -30899.921554
736.0000      -30845.353919
740.0000      -31028.885102
744.0000      -30905.673505
748.0000      -30996.943472
752.0000      -31008.849752
756.0000      -30951.202038
760.0000      -30834.281165
764.0000      -30872.082837
768.0000      -31050.615773
772.0000      -30969.880383
776.0000      -30931.441337
780.0000      -30891.540509
784.0000      -30804.937933
788.0000      -30924.057720
792.0000      -30838.635792
796.0000      -30878.246891
800.0000      -30861.919677
804.0000      -30891.252915
808.0000      -30940.880404
812.0000      -30846.905289
816.0000      -31022.857683
820.0000      -30918.762543
824.0000      -30967.642219
828.0000      -30970.211204
832.0000      -31041.078717
836.0000      -30947.841117
840.0000      -30980.798748
844.0000      -30972.518246
848.0000      -30863.916633
852.0000      -30840.474785
856.0000      -30998.467355
860.0000      -30951.769167
864.0000      -30915.836210
868.0000      -30864.257952
872.0000      -30934.627665
876.0000      -30795.799129
880.0000      -30874.203986
884.0000      -30855.786904
888.0000      -30833.628751
892.0000      -30898.960216
896.0000      -30850.500503
900.0000      -30781.878866
904.0000      -31037.686242
908.0000      -30835.570385
912.0000      -30890.390530
916.0000      -31032.877608
920.0000      -30934.051979
924.0000      -30844.426078
928.0000      -30815.430180
932.0000      -30909.793272
936.0000      -30846.967784
940.0000      -30827.910539
944.0000      -30994.737250
948.0000      -31050.634011
952.0000      -31013.952989
956.0000      -31074.720427
960.0000      -30993.294505
964.0000      -31147.004392
968.0000      -30971.365021
972.0000      -30870.917566
976.0000      -30680.748162
980.0000      -30861.636676
984.0000      -30967.013893
988.0000      -30932.258102
992.0000      -30949.257560
996.0000      -30880.576362
1000.0000      -31016.297677
1004.0000      -31054.680340
1008.0000      -30898.232014
1012.0000      -30863.697662
1016.0000      -30952.287050
1020.0000      -30893.907064
1024.0000      -30881.959975
1028.0000      -31088.051717
1032.0000      -30929.842238
1036.0000      -30948.446377
1040.0000      -30970.758069
1044.0000      -30847.698375
1048.0000      -30994.533606
1052.0000      -30876.251604
1056.0000      -30665.097415
1060.0000      -30956.960713
1064.0000      -30772.224372
1068.0000      -30866.374911
1072.0000      -30968.231614
1076.0000      -30971.991917
1080.0000      -30935.001542
1084.0000      -30896.564512
1088.0000      -30861.130986
1092.0000      -30960.606656
1096.0000      -30991.375094
1100.0000      -30811.893914
1104.0000      -30918.568997
1108.0000      -31102.982776
1112.0000      -30926.921454
1116.0000      -30899.721284
1120.0000      -30987.829252
1124.0000      -30890.459034
1128.0000      -30896.713480
1132.0000      -30751.974419
1136.0000      -30929.482174
1140.0000      -30744.353128
1144.0000      -30948.425220
1148.0000      -30850.045449
1152.0000      -30893.609390
1156.0000      -30979.848850
1160.0000      -30799.447433
1164.0000      -30840.211858
1168.0000      -30943.565744
1172.0000      -30860.184733
1176.0000      -30959.856727
1180.0000      -30609.065418
1184.0000      -30815.634336
1188.0000      -30960.941405
1192.0000      -30966.274407
1196.0000      -30985.150846
1200.0000      -30716.557828
1204.0000      -30921.394917
1208.0000      -30945.569028
1212.0000      -31027.937409
1216.0000      -31001.561632
1220.0000      -30893.801441
1224.0000      -30936.109595
1228.0000      -31021.069077
1232.0000      -30931.158307
1236.0000      -30971.062702
1240.0000      -31076.985527
1244.0000      -31023.685943
1248.0000      -31127.947063
1252.0000      -31073.880348
1256.0000      -30862.719582
1260.0000      -30838.262158
1264.0000      -30877.218715
1268.0000      -30880.140512
1272.0000      -30920.858018
1276.0000      -30919.817092
1280.0000      -31109.071068
1284.0000      -30805.306670
1288.0000      -30961.104605
1292.0000      -30896.774680
1296.0000      -30899.702343
1300.0000      -30803.841428
1304.0000      -30719.516255
1308.0000      -30837.430928
1312.0000      -30976.729324
1316.0000      -30884.255705
1320.0000      -30872.288272
1324.0000      -30858.466154
1328.0000      -30757.068066
1332.0000      -31030.072846
1336.0000      -30834.135388
1340.0000      -30769.237789
1344.0000      -30813.256424
1348.0000      -30821.172597
1352.0000      -30897.668752
1356.0000      -31092.276015
1360.0000      -31029.361086
1364.0000      -31033.001546
1368.0000      -30890.931323
1372.0000      -30917.330345
1376.0000      -30782.398225
1380.0000      -30993.752701
1384.0000      -30857.993456
1388.0000      -30734.388591
1392.0000      -31053.316810
1396.0000      -30955.532084
1400.0000      -30876.304528
1404.0000      -30989.415065
1408.0000      -30916.117876
1412.0000      -30795.254865
1416.0000      -30886.998492
1420.0000      -30883.355049
1424.0000      -30783.552496
1428.0000      -30820.526159
1432.0000      -30882.754118
1436.0000      -30867.224426
1440.0000      -31006.509423
1444.0000      -30769.976866
1448.0000      -30815.443260
1452.0000      -30920.928598
1456.0000      -30909.782200
1460.0000      -30961.927525
1464.0000      -30900.967447
1468.0000      -31039.927592
1472.0000      -30957.194050
1476.0000      -30921.867427
1480.0000      -30758.070653
1484.0000      -30963.398279
1488.0000      -30821.922908
1492.0000      -30930.100985
1496.0000      -30806.028280
1500.0000      -30844.922497
1504.0000      -30906.330671
1508.0000      -31046.452584
1512.0000      -30941.491485
1516.0000      -31044.915445
1520.0000      -31002.383845
1524.0000      -30932.193308
1528.0000      -30959.396341
1532.0000      -30902.687505
1536.0000      -30885.371664
1540.0000      -30911.515181
1544.0000      -30867.900193
1548.0000      -30928.801893
1552.0000      -30949.271154
1556.0000      -30943.306714
1560.0000      -30956.066269
1564.0000      -30915.133030
1568.0000      -30859.969634
1572.0000      -30930.495352
1576.0000      -30843.025537
1580.0000      -30918.206198
1584.0000      -30688.407898
1588.0000      -30944.856311
1592.0000      -30834.651602
1596.0000      -31064.436296
1600.0000      -31130.415542
1604.0000      -31035.960647
1608.0000      -30994.665304
1612.0000      -30858.749151
1616.0000      -30939.131038
1620.0000      -31031.784375
1624.0000      -30911.565298
1628.0000      -31014.763298
1632.0000      -31000.425140
1636.0000      -30894.221011
1640.0000      -30923.224318
1644.0000      -31056.813684
1648.0000      -30766.162443
1652.0000      -30819.450650
1656.0000      -30870.834152
1660.0000      -30893.156496
1664.0000      -30838.935387
1668.0000      -30925.287835
1672.0000      -30875.228721
1676.0000      -30871.017034
1680.0000      -30834.196867
1684.0000      -30825.748034
1688.0000      -30857.492846
1692.0000      -30736.295865
1696.0000      -30950.118657
1700.0000      -30844.208305
1704.0000      -30851.360575
1708.0000      -30776.425552
1712.0000      -30640.086850
1716.0000      -30715.112133
1720.0000      -30854.665776
1724.0000      -30763.557202
1728.0000      -30983.058739
1732.0000      -30836.228924
1736.0000      -30918.962147
1740.0000      -30912.842181
1744.0000      -30855.576879
1748.0000      -30857.109471
1752.0000      -30855.192983
1756.0000      -30668.814941
1760.0000      -30776.335838
1764.0000      -30889.037300
1768.0000      -30981.148538
1772.0000      -30890.705853
1776.0000      -30846.853111
1780.0000      -30955.471882
1784.0000      -30951.191698
1788.0000      -30881.052417
1792.0000      -31027.348120
1796.0000      -30864.779752
1800.0000      -31030.523710
1804.0000      -30954.552337
1808.0000      -30790.021057
1812.0000      -30876.509857
1816.0000      -30924.211888
1820.0000      -30923.969611
1824.0000      -30890.022687
1828.0000      -30900.370387
1832.0000      -30791.270390
1836.0000      -30822.189217
1840.0000      -30745.284766
1844.0000      -31037.973936
1848.0000      -30930.805286
1852.0000      -30776.678069
1856.0000      -30900.641717
1860.0000      -30906.029203
1864.0000      -30851.520446
1868.0000      -30833.224352
1872.0000      -30997.768318
1876.0000      -30990.471073
1880.0000      -30878.744767
1884.0000      -30946.014480
1888.0000      -30839.512781
1892.0000      -30889.790503
1896.0000      -30924.956684
1900.0000      -30837.982381
1904.0000      -30898.378426
1908.0000      -30657.876715
1912.0000      -30829.763850
1916.0000      -30877.784953
1920.0000      -30865.076646
1924.0000      -30833.290267
1928.0000      -30873.862397
1932.0000      -31044.916592
1936.0000      -30927.734268
1940.0000      -30888.176840
1944.0000      -30895.949692
1948.0000      -30781.040017
1952.0000      -30853.788690
1956.0000      -30862.765137
1960.0000      -30944.662007
1964.0000      -30912.520641
1968.0000      -30978.459524
1972.0000      -30867.694162
1976.0000      -30887.711784
1980.0000      -30867.589215
1984.0000      -30887.852421
1988.0000      -30773.190019
1992.0000      -30915.284621
1996.0000      -30810.753065
2000.0000      -30767.078732
2004.0000      -30879.961600
2008.0000      -30724.039898
2012.0000      -30860.648831
2016.0000      -30877.177786
2020.0000      -30875.444975
2024.0000      -31067.551925
2028.0000      -30952.370838
2032.0000      -31035.661789
2036.0000      -30863.683090
2040.0000      -30948.331521
2044.0000      -30980.523031
2048.0000      -30838.012184
2052.0000      -30730.308875
2056.0000      -30888.544387
2060.0000      -30826.473206
2064.0000      -30835.924891
2068.0000      -30976.771439
2072.0000      -31114.634312
2076.0000      -30945.839682
2080.0000      -30901.922358
2084.0000      -30808.861901
2088.0000      -30870.875349
2092.0000      -31090.608014
2096.0000      -30940.893294
2100.0000      -30915.564917
2104.0000      -30747.725448
2108.0000      -30751.854742
2112.0000      -30922.234661
2116.0000      -30895.698062
2120.0000      -30905.934107
2124.0000      -30978.843648
2128.0000      -30999.580043
2132.0000      -30960.392946
2136.0000      -30967.642152
2140.0000      -30763.770906
2144.0000      -30962.906379
2148.0000      -31083.894691
2152.0000      -30868.084593
2156.0000      -30856.143021
2160.0000      -30818.113809
2164.0000      -30910.805982
2168.0000      -30831.230302
2172.0000      -30896.574734
2176.0000      -30945.540340
2180.0000      -30978.160587
2184.0000      -30743.215238
2188.0000      -30829.389354
2192.0000      -31080.150195
2196.0000      -30743.625009
2200.0000      -30862.718492
2204.0000      -30802.353091
2208.0000      -31031.843536
2212.0000      -30859.023377
2216.0000      -30893.947417
2220.0000      -30945.158037
2224.0000      -30993.689329
2228.0000      -30903.847462
2232.0000      -30911.307648
2236.0000      -30930.682496
2240.0000      -30890.613463
2244.0000      -30967.336638
2248.0000      -31010.363288
2252.0000      -31011.758255
2256.0000      -30934.085518
2260.0000      -30808.591128
2264.0000      -30838.626191
2268.0000      -31021.658156
2272.0000      -30976.012285
2276.0000      -30612.059629
2280.0000      -30874.714899
2284.0000      -30778.860229
2288.0000      -30816.425101
2292.0000      -30899.706278
2296.0000      -30898.080436
2300.0000      -31107.440434
2304.0000      -30908.645660
2308.0000      -30892.794106
2312.0000      -30891.412646
2316.0000      -30949.029492
2320.0000      -30913.912676
2324.0000      -30700.267529
2328.0000      -31015.063533
2332.0000      -30992.029176
2336.0000      -30915.510852
2340.0000      -30737.812054
2344.0000      -30806.061214
2348.0000      -30992.255648
2352.0000      -30904.934545
2356.0000      -30875.344681
2360.0000      -30926.212757
2364.0000      -30977.843020
2368.0000      -30983.324954
2372.0000      -31007.821528
2376.0000      -30975.972394
2380.0000      -30941.032945
2384.0000      -30894.775772
2388.0000      -30828.386375
2392.0000      -30834.454440
2396.0000      -30901.286850
2400.0000      -30933.283869
2404.0000      -30834.424051
2408.0000      -30754.373573
2412.0000      -30803.616040
2416.0000      -30878.284605
2420.0000      -30823.958045
2424.0000      -30921.786819
2428.0000      -30730.879713
2432.0000      -30776.653341
2436.0000      -30935.343633
2440.0000      -30842.923309
2444.0000      -30859.522232
2448.0000      -30982.250699
2452.0000      -30796.712716
2456.0000      -30698.187606
2460.0000      -30920.200921
2464.0000      -30913.351739
2468.0000      -30754.139549
2472.0000      -30811.823826
2476.0000      -30908.888305
2480.0000      -30856.702111
2484.0000      -30903.852467
2488.0000      -31014.533396
2492.0000      -30932.021911
2496.0000      -30815.831180
2500.0000      -30969.738340
2504.0000      -30809.215892
2508.0000      -30960.508903
2512.0000      -31005.545040
2516.0000      -31042.034466
2520.0000      -30732.459051
2524.0000      -30816.976945
2528.0000      -30991.241478
2532.0000      -30940.523418
2536.0000      -30941.977811
2540.0000      -31004.802721
2544.0000      -30842.428502
2548.0000      -30983.446770
2552.0000      -30977.314107
2556.0000      -30838.342546
2560.0000      -30960.274568
2564.0000      -30956.282878
2568.0000      -30884.772043
2572.0000      -30950.226270
2576.0000      -30947.689143
2580.0000      -30881.717306
2584.0000      -30923.112948
2588.0000      -31117.041817
2592.0000      -30979.897879
2596.0000      -31065.586398
2600.0000      -30937.292604
2604.0000      -30697.363442
2608.0000      -30875.628710
2612.0000      -30958.896406
2616.0000      -30822.511202
2620.0000      -30830.113025
2624.0000      -30782.169713
2628.0000      -30698.508691
2632.0000      -30698.973476
2636.0000      -30884.127788
2640.0000      -30689.626425
2644.0000      -30858.348419
2648.0000      -30803.827189
2652.0000      -30988.927748
2656.0000      -30874.838818
2660.0000      -30872.344437
2664.0000      -30820.929349
2668.0000      -30972.319204
2672.0000      -30814.482988
2676.0000      -30960.649411
2680.0000      -30947.693860
2684.0000      -30922.561090
2688.0000      -30838.922336
2692.0000      -30925.419126
2696.0000      -31082.366373
2700.0000      -30925.511152
2704.0000      -30951.015553
2708.0000      -30758.843978
2712.0000      -30898.755671
2716.0000      -30979.926337
2720.0000      -31041.895793
2724.0000      -30961.284939
2728.0000      -30952.919402
2732.0000      -30889.379481
2736.0000      -30926.113861
2740.0000      -30918.551990
2744.0000      -30950.232439
2748.0000      -30848.105269
2752.0000      -30870.510916
2756.0000      -30695.642457
2760.0000      -31132.722456
2764.0000      -30809.789066
2768.0000      -30834.621713
2772.0000      -31037.227804
2776.0000      -31000.837523
2780.0000      -31077.660203
2784.0000      -30842.147922
2788.0000      -30934.884945
2792.0000      -30802.481023
2796.0000      -30882.999604
2800.0000      -30884.450336
2804.0000      -30843.363939
2808.0000      -30986.622060
2812.0000      -30869.893019
2816.0000      -30690.949987
2820.0000      -30904.256103
2824.0000      -30745.973665
2828.0000      -30751.893051
2832.0000      -30813.343560
2836.0000      -31010.934987
2840.0000      -30964.619479
2844.0000      -31019.033885
2848.0000      -31000.490528
2852.0000      -30850.043335
2856.0000      -30790.832691
2860.0000      -30816.910646
2864.0000      -30959.992420
2868.0000      -31109.066771
2872.0000      -30927.309853
2876.0000      -30963.883455
2880.0000      -30881.554866
2884.0000      -30838.795405
2888.0000      -30885.880562
2892.0000      -30986.910743
2896.0000      -30699.046237
2900.0000      -31024.542863
2904.0000      -30917.649037
2908.0000      -30824.750202
2912.0000      -30890.587888
2916.0000      -30923.423631
2920.0000      -30893.921652
2924.0000      -30919.371237
2928.0000      -30927.549096
2932.0000      -30871.378952
2936.0000      -30775.745015
2940.0000      -30724.675320
2944.0000      -31015.724533
2948.0000      -31075.298206
2952.0000      -31018.662790
2956.0000      -31095.330404
2960.0000      -30881.033208
2964.0000      -30827.564049
2968.0000      -30748.285231
2972.0000      -31086.927099
2976.0000      -30968.901832
2980.0000      -30992.513908
2984.0000      -30914.089800
2988.0000      -30865.684902
2992.0000      -30893.852156
2996.0000      -30814.633920
3000.0000      -30698.572488
3004.0000      -30717.693384
3008.0000      -30966.280685
3012.0000      -30954.516123
3016.0000      -30847.537685
3020.0000      -30776.290425
3024.0000      -30887.043987
3028.0000      -30896.155321
3032.0000      -30944.328327
3036.0000      -30764.312891
3040.0000      -31013.579530
3044.0000      -30730.896531
3048.0000      -30799.915026
3052.0000      -30963.231498
3056.0000      -30891.954211
3060.0000      -30904.592010
3064.0000      -30866.714575
3068.0000      -30885.258263
3072.0000      -30842.932041
3076.0000      -30926.247401
3080.0000      -30886.273124
3084.0000      -30997.155905
3088.0000      -30980.438380
3092.0000      -30970.659914
3096.0000      -31007.380007
3100.0000      -30860.430174
3104.0000      -30852.247444
3108.0000      -30870.551747
3112.0000      -30970.862846
3116.0000      -30932.301797
3120.0000      -30915.340773
3124.0000      -30760.435425
3128.0000      -30741.302268
3132.0000      -30934.253395
3136.0000      -30791.871983
3140.0000      -30961.665204
3144.0000      -30892.562674
3148.0000      -30933.894321
3152.0000      -30903.998538
3156.0000      -30890.697710
3160.0000      -30723.652581
3164.0000      -30908.710231
3168.0000      -30930.137529
3172.0000      -30962.318817
3176.0000      -30950.301041
3180.0000      -30893.140995
3184.0000      -30927.298885
3188.0000      -30893.820787
3192.0000      -30848.377317
3196.0000      -30842.049149
3200.0000      -30782.711615
3204.0000      -30917.438047
3208.0000      -30673.628993
3212.0000      -30856.125740
3216.0000      -30829.332071
3220.0000      -30889.630744
3224.0000      -30958.713874
3228.0000      -30960.538016
3232.0000      -30953.903420
3236.0000      -30997.700024
3240.0000      -30950.461842
3244.0000      -30935.300331
3248.0000      -31042.445345
3252.0000      -30770.957965
3256.0000      -30776.101679
3260.0000      -30976.429125
3264.0000      -30885.867564
3268.0000      -30785.445619
3272.0000      -30825.068493
3276.0000      -30907.336426
3280.0000      -30816.515245
3284.0000      -30909.829981
3288.0000      -30851.278073
3292.0000      -30940.887010
3296.0000      -30751.893539
3300.0000      -30870.011958
3304.0000      -30946.507173
3308.0000      -30960.110100
3312.0000      -30962.341795
3316.0000      -30890.190607
3320.0000      -30769.027113
3324.0000      -30848.706822
3328.0000      -30851.049851
3332.0000      -30819.523372
3336.0000      -30951.708196
3340.0000      -30914.729940
3344.0000      -31050.903228
3348.0000      -30901.975380
3352.0000      -30765.414549
3356.0000      -30894.983245
3360.0000      -30897.877169
3364.0000      -30842.680114
3368.0000      -30867.360016
3372.0000      -30938.099251
3376.0000      -31029.307937
3380.0000      -30817.592273
3384.0000      -30983.970860
3388.0000      -30724.035193
3392.0000      -30917.801143
3396.0000      -31074.390994
3400.0000      -30865.106986
3404.0000      -30898.519671
3408.0000      -30912.528573
3412.0000      -30921.754366
3416.0000      -30768.100016
3420.0000      -31074.750325
3424.0000      -30899.147071
3428.0000      -30893.614695
3432.0000      -30957.515470
3436.0000      -31059.365962
3440.0000      -31030.476911
3444.0000      -30916.505079
3448.0000      -30909.294324
3452.0000      -30886.631294
3456.0000      -30866.960188
3460.0000      -30976.798085
3464.0000      -30964.540573
3468.0000      -30871.313497
3472.0000      -30896.503994
3476.0000      -31019.522983
3480.0000      -30865.392628
3484.0000      -30895.343333
3488.0000      -30957.240076
3492.0000      -30958.296557
3496.0000      -30833.819067
3500.0000      -30875.067890
3504.0000      -30908.964287
3508.0000      -30968.249504
3512.0000      -30795.994962
3516.0000      -30815.399478
3520.0000      -30819.431275
3524.0000      -30993.926132
3528.0000      -30814.058572
3532.0000      -30784.245108
3536.0000      -30754.866380
3540.0000      -30863.641057
3544.0000      -30943.883117
3548.0000      -30876.925191
3552.0000      -30906.573186
3556.0000      -30972.118137
3560.0000      -30779.647372
3564.0000      -30973.395915
3568.0000      -30941.656263
3572.0000      -30936.658881
3576.0000      -30879.297230
3580.0000      -30862.767755
3584.0000      -30889.233714
3588.0000      -30920.774258
3592.0000      -30868.904896
3596.0000      -30793.511055
3600.0000      -30865.610804
3604.0000      -31043.789479
3608.0000      -30853.725781
3612.0000      -30975.966495
3616.0000      -30904.177364
3620.0000      -30944.788110
3624.0000      -30834.437336
3628.0000      -30941.402195
3632.0000      -30999.528882
3636.0000      -30786.092477
3640.0000      -30806.698902
3644.0000      -30978.113637
3648.0000      -30933.105281
3652.0000      -30873.909067
3656.0000      -31021.113230
3660.0000      -30789.265900
3664.0000      -30787.779506
3668.0000      -30667.260227
3672.0000      -31008.655723
3676.0000      -30771.847629
3680.0000      -30793.477745
3684.0000      -30831.912614
3688.0000      -30851.875815
3692.0000      -30944.879941
3696.0000      -30906.049442
3700.0000      -30815.178808
3704.0000      -30925.688090
3708.0000      -31043.557390
3712.0000      -30920.243495
3716.0000      -30890.741794
3720.0000      -30831.917113
3724.0000      -30895.649046
3728.0000      -30989.855932
3732.0000      -30890.881049
3736.0000      -30674.016717
3740.0000      -30872.238932
3744.0000      -30942.557562
3748.0000      -30919.840494
3752.0000      -30974.049240
3756.0000      -30774.412949
3760.0000      -30632.874607
3764.0000      -30754.445303
3768.0000      -30910.800809
3772.0000      -31093.169698
3776.0000      -30899.479751
3780.0000      -30914.923840
3784.0000      -30907.767048
3788.0000      -30900.649509
3792.0000      -30865.876344
3796.0000      -30947.789738
3800.0000      -31057.947923
3804.0000      -30773.019932
3808.0000      -30805.491927
3812.0000      -30886.110682
3816.0000      -31027.522599
3820.0000      -30874.528731
3824.0000      -30930.245486
3828.0000      -30864.735208
3832.0000      -30903.695781
3836.0000      -30904.895833
3840.0000      -30890.378514
3844.0000      -31008.206090
3848.0000      -30958.272024
3852.0000      -30994.168193
3856.0000      -31005.789975
3860.0000      -30891.183205
3864.0000      -30937.776806
3868.0000      -30941.191009
3872.0000      -30887.419737
3876.0000      -30882.900346
3880.0000      -30810.755642
3884.0000      -30791.886111
3888.0000      -31017.215268
3892.0000      -30792.897355
3896.0000      -30802.477201
3900.0000      -30945.604384
3904.0000      -30860.365318
3908.0000      -31008.597216
3912.0000      -30904.328472
3916.0000      -30906.757725
3920.0000      -30884.272709
3924.0000      -30795.958892
3928.0000      -30854.643963
3932.0000      -31193.013072
3936.0000      -31023.497183
3940.0000      -30793.517752
3944.0000      -30934.413730
3948.0000      -30910.699732
3952.0000      -30901.716645
3956.0000      -30867.894630
3960.0000      -30933.103355
3964.0000      -30769.293878
3968.0000      -30984.937753
3972.0000      -30907.875982
3976.0000      -30983.269681
3980.0000      -30943.631292
3984.0000      -31021.641262
3988.0000      -30898.164663
3992.0000      -30875.047001
3996.0000      -31061.279007
4000.0000      -30989.670928
4004.0000      -30989.670928
