4.0000      -30926.218811
8.0000      -30839.686679
12.0000      -30759.147769
16.0000      -30943.457967
20.0000      -30816.377049
24.0000      -30726.680180
28.0000      -31056.029137
32.0000      -30940.004707
36.0000      -30761.915708
40.0000      -30939.641180
44.0000      -31000.854537
48.0000      -30745.006049
52.0000      -30754.264142
56.0000      -30913.294870
60.0000      -30882.368644
64.0000      -30921.901133
68.0000      -30893.934881
72.0000      -31036.105979
76.0000      -31035.905375
80.0000      -30700.553136
84.0000      -30971.294564
88.0000      -31012.524049
92.0000      -30823.906302
96.0000      -30892.281996
100.0000      -30936.721131
104.0000      -30888.476549
108.0000      -31224.157826
112.0000      -30892.285010
116.0000      -30959.487045
120.0000      -30832.433073
124.0000      -31033.474374
128.0000      -30832.978071
132.0000      -31153.463359
136.0000      -30791.102000
140.0000      -31094.057995
144.0000      -30825.607915
148.0000      -30892.195544
152.0000      -30976.671038
156.0000      -30872.114374
160.0000      -30874.330849
164.0000      -30784.776312
168.0000      -31002.298272
172.0000      -30889.209742
176.0000      -30650.004928
180.0000      -30916.919386
184.0000      -30958.627227
188.0000      -30874.561511
192.0000      -30974.036703
196.0000      -30968.534296
200.0000      -30865.191273
204.0000      -30903.638993
208.0000      -30848.114424
212.0000      -30844.683294
216.0000      -30834.654455
220.0000      -30871.186984
224.0000      -30878.313113
228.0000      -30870.201487
232.0000      -30866.565076
236.0000      -30840.685909
240.0000      -30954.508625
244.0000      -31021.148168
248.0000      -30904.190812
252.0000      -30813.514456
256.0000      -30777.838436
260.0000      -30872.881777
264.0000      -30943.520954
268.0000      -30748.876042
272.0000      -30723.254111
276.0000      -30848.838121
280.0000      -31035.269248
284.0000      -30783.290772
288.0000      -31067.746821
292.0000      -30937.733484
296.0000      -30903.371047
300.0000      -30945.621376
304.0000      -30826.736402
308.0000      -30790.280926
312.0000      -30886.392696
316.0000      -30852.205498
320.0000      -30808.927700
324.0000      -30924.654581
328.0000      -30965.910070
332.0000      -30826.928965
336.0000      -30796.768467
340.0000      -30908.816931
344.0000      -30947.590525
348.0000      -30799.204222
352.0000      -30900.277663
356.0000      -31028.120020
360.0000      -30878.845430
364.0000      -30856.708031
368.0000      -30812.008479
372.0000      -30975.148032
376.0000      -30925.463213
380.0000      -30964.351996
384.0000      -30809.781658
388.0000      -30902.079875
392.0000      -30833.403731
396.0000      -30890.627674
400.0000      -30837.159732
404.0000      -30941.506234
408.0000      -31041.875850
412.0000      -30780.912913
416.0000      -30801.801602
420.0000      -30778.672064
424.0000      -30843.479262
428.0000      -30836.397894
432.0000      -30790.082770
436.0000      -30792.763268
440.0000      -30768.602007
444.0000      -30938.500835
448.0000      -30816.646453
452.0000      -30762.417046
456.0000      -30758.999207
460.0000      -30923.527203
464.0000      -30720.270988
468.0000      -30921.663045
472.0000      -30977.098688
476.0000      -31065.477656
480.0000      -30838.678380
484.0000      -30874.915668
488.0000      -30798.104618
492.0000      -30904.815837
496.0000      -31089.439719
500.0000      -30965.432770
504.0000      -30878.261733
508.0000      -30935.846447
512.0000      -30817.001667
516.0000      -30986.789594
520.0000      -30895.191680
524.0000      -30968.279939
528.0000      -31099.010592
532.0000      -30874.890284
536.0000      -30596.096364
540.0000      -30861.267037
544.0000      -30993.698905
548.0000      -31053.999848
552.0000      -30886.231705
556.0000      -30728.454654
560.0000      -30905.950139
564.0000      -30970.794682
568.0000      -30893.334816
572.0000      -30926.735072
576.0000      -30916.698740
580.0000      -30911.203891
584.0000      -30927.137701
588.0000      -30923.017384
592.0000      -30929.970285
596.0000      -31029.843049
600.0000      -31019.186999
604.0000      -30975.184602
608.0000      -30779.321744
612.0000      -30839.547477
616.0000      -31054.074565
620.0000      -30908.419973
624.0000      -30955.132198
628.0000      -30918.655806
632.0000      -30918.500782
636.0000      -31099.474205
640.0000      -30944.407899
644.0000      -31020.084366
648.0000      -30864.759633
652.0000      -30952.678533
656.0000      -30824.726056
660.0000      -30790.156450
664.0000      -30885.631943
668.0000      -30912.751722
672.0000      -31025.652036
676.0000      -31087.312086
680.0000      -30879.086150
684.0000      -30836.951055
688.0000      -30936.305827
692.0000      -30897.106971
696.0000      -30784.595160
700.0000      -30978.594722
704.0000      -30771.423611
708.0000      -30976.920469
712.0000      -30790.756582
716.0000      -30950.815327
720.0000      -30928.950707
724.0000      -30896.929895
728.0000      -31111.871300
732.0000      -30884.948855
736.0000      -30890.470136
740.0000      -31061.120557
744.0000      -30922.826966
748.0000      -30957.856186
752.0000      -30857.812793
756.0000      -30767.385268
760.0000      -30870.474722
764.0000      -30819.096069
768.0000      -30827.626101
772.0000      -30947.868696
776.0000      -31055.020251
780.0000      -30950.821706
784.0000      -30851.390629
788.0000      -30907.669799
792.0000      -30736.382555
796.0000      -30934.414223
800.0000      -30900.109899
804.0000      -30889.528214
808.0000      -30914.673244
812.0000      -30946.370495
816.0000      -30914.118113
820.0000      -30832.407554
824.0000      -30915.412291
828.0000      -30807.128378
832.0000      -30881.930373
836.0000      -30762.884389
840.0000      -30873.028728
844.0000      -31066.213653
848.0000      -30858.154431
852.0000      -30775.429526
856.0000      -30947.937128
860.0000      -30891.709252
864.0000      -30914.672376
868.0000      -30918.227403
872.0000      -30920.021564
876.0000      -31006.672870
880.0000      -30879.742583
884.0000      -31086.982573
888.0000      -30989.025059
892.0000      -31033.330005
896.0000      -30785.914228
900.0000      -30915.659136
904.0000      -30644.921238
908.0000      -30956.263222
912.0000      -30828.766238
916.0000      -31055.918217
920.0000      -30862.770178
924.0000      -30871.471175
928.0000      -30952.467660
932.0000      -31039.068064
936.0000      -30793.580838
940.0000      -31017.608222
944.0000      -30896.939718
948.0000      -30806.852639
952.0000      -30892.691631
956.0000      -30917.026911
960.0000      -30973.165098
964.0000      -30833.678277
968.0000      -30977.456670
972.0000      -30923.086202
976.0000      -31015.692113
980.0000      -30766.490443
984.0000      -30862.511898
988.0000      -30818.413391
992.0000      -30871.267421
996.0000      -30964.203939
1000.0000      -30733.440286
1004.0000      -30943.426973
1008.0000      -30892.033546
1012.0000      -30902.638738
1016.0000      -31050.525271
1020.0000      -30920.676327
1024.0000      -30922.618962
1028.0000      -31002.119425
1032.0000      -30868.002256
1036.0000      -30833.148021
1040.0000      -30913.563080
1044.0000      -30822.920180
1048.0000      -30966.983269
1052.0000      -30824.961114
1056.0000      -30796.115705
1060.0000      -30865.581514
1064.0000      -30793.055994
1068.0000      -30988.152392
1072.0000      -30908.734028
1076.0000      -30837.985635
1080.0000      -31019.520692
1084.0000      -31073.902535
1088.0000      -30869.841371
1092.0000      -30919.746810
1096.0000      -30915.891607
1100.0000      -30948.321130
1104.0000      -30841.189514
1108.0000      -30994.736615
1112.0000      -30969.925411
1116.0000      -30900.035480
1120.0000      -30980.990714
1124.0000      -30933.045108
1128.0000      -30891.451823
1132.0000      -30717.147229
1136.0000      -30877.068504
1140.0000      -30951.558496
1144.0000      -30873.412421
1148.0000      -30968.295980
1152.0000      -30834.671197
1156.0000      -30923.707423
1160.0000      -30879.053710
1164.0000      -31022.681474
1168.0000      -30956.063646
1172.0000      -30865.748981
1176.0000      -30802.040450
1180.0000      -31016.867895
1184.0000      -30998.745684
1188.0000      -31066.621681
1192.0000      -30959.002065
1196.0000      -30969.168485
1200.0000      -30856.354038
1204.0000      -30947.640480
1208.0000      -30837.918100
1212.0000      -31096.010088
1216.0000      -30931.366648
1220.0000      -30950.998374
1224.0000      -30932.367099
1228.0000      -30920.401259
1232.0000      -30890.292930
1236.0000      -31046.757904
1240.0000      -30904.774897
1244.0000      -30950.415336
1248.0000      -30928.513777
1252.0000      -30846.152581
1256.0000      -30880.037031
1260.0000      -30891.479733
1264.0000      -30907.109414
1268.0000      -30979.707575
1272.0000      -30906.386754
1276.0000      -30842.901245
1280.0000      -30799.886970
1284.0000      -30778.579654
1288.0000      -30873.140484
1292.0000      -30802.435922
1296.0000      -30833.386369
1300.0000      -30924.577292
1304.0000      -31008.466092
1308.0000      -30961.873217
1312.0000      -30718.202228
1316.0000      -30909.237093
1320.0000      -30788.116240
1324.0000      -30966.333837
1328.0000      -30752.002988
1332.0000      -30888.026427
1336.0000      -30891.778635
1340.0000      -30955.972243
1344.0000      -30752.460694
1348.0000      -30982.991068
1352.0000      -30686.398089
1356.0000      -30874.833710
1360.0000      -30878.272636
1364.0000      -30892.677432
1368.0000      -30870.139234
1372.0000      -30962.157566
1376.0000      -30921.589472
1380.0000      -30933.858348
1384.0000      -31116.937550
1388.0000      -30819.750927
1392.0000      -30887.272870
1396.0000      -30914.428683
1400.0000      -30887.422017
1404.0000      -30835.566703
1408.0000      -31036.769405
1412.0000      -31012.637034
1416.0000      -30883.702845
1420.0000      -30731.772313
1424.0000      -30855.943968
1428.0000      -30792.585180
1432.0000      -30842.930469
1436.0000      -30911.518586
1440.0000      -30914.719913
1444.0000      -31018.430893
1448.0000      -30845.720151
1452.0000      -30811.001441
1456.0000      -31022.615792
1460.0000      -30841.270170
1464.0000      -30824.382689
1468.0000      -30775.458477
1472.0000      -30868.233592
1476.0000      -31064.195687
1480.0000      -30853.609470
1484.0000      -30758.986927
1488.0000      -31017.055945
1492.0000      -30938.660352
1496.0000      -30880.620759
1500.0000      -30974.117362
1504.0000      -30881.671960
1508.0000      -30850.072097
1512.0000      -30962.552099
1516.0000      -30916.281726
1520.0000      -30997.083166
1524.0000      -30880.356575
1528.0000      -30998.684335
1532.0000      -30863.343022
1536.0000      -30847.991254
1540.0000      -30641.013139
1544.0000      -30973.177581
1548.0000      -30925.767476
1552.0000      -30922.524189
1556.0000      -31028.534490
1560.0000      -30809.020534
1564.0000      -30758.717361
1568.0000      -30878.067549
1572.0000      -30966.532614
1576.0000      -30955.672965
1580.0000      -30896.734298
1584.0000      -30960.778856
1588.0000      -31009.761944
1592.0000      -30866.409138
1596.0000      -30936.305655
1600.0000      -30940.693502
1604.0000      -30864.848899
1608.0000      -31008.754666
1612.0000      -30920.946281
1616.0000      -30898.023873
1620.0000      -30896.698603
1624.0000      -30783.986232
1628.0000      -30840.382866
1632.0000      -31072.491093
1636.0000      -30768.455710
1640.0000      -30930.943096
1644.0000      -31003.681120
1648.0000      -30958.733643
1652.0000      -30842.131561
1656.0000      -30891.551491
1660.0000      -30911.947985
1664.0000      -30963.422571
1668.0000      -30915.595591
1672.0000      -30891.438123
1676.0000      -30886.719343
1680.0000      -30904.249639
1684.0000      -30885.614509
1688.0000      -30933.900604
1692.0000      -31062.372794
1696.0000      -30957.156489
1700.0000      -30782.747244
1704.0000      -30853.895186
1708.0000      -30743.051628
1712.0000      -30963.121955
1716.0000      -30997.812704
1720.0000      -30784.990110
1724.0000      -30803.504273
1728.0000      -30791.789107
1732.0000      -30953.836985
1736.0000      -30819.108267
1740.0000      -30893.041066
1744.0000      -30914.920225
1748.0000      -30846.549630
1752.0000      -30744.487484
1756.0000      -30952.678987
1760.0000      -30908.774091
1764.0000      -30853.292592
1768.0000      -30810.195550
1772.0000      -30871.602599
1776.0000      -30956.462327
1780.0000      -30976.911472
1784.0000      -30893.466055
1788.0000      -30735.627687
1792.0000      -30830.682087
1796.0000      -30836.130858
1800.0000      -30983.160926
1804.0000      -30746.879364
1808.0000      -30804.984949
1812.0000      -30932.968637
1816.0000      -30866.498596
1820.0000      -30960.969732
1824.0000      -30963.524425
1828.0000      -30853.299254
1832.0000      -30805.238351
1836.0000      -30830.929303
1840.0000      -30933.879731
1844.0000      -30736.920326
1848.0000      -31018.299629
1852.0000      -30901.703579
1856.0000      -31053.551252
1860.0000      -30986.970787
1864.0000      -31013.059689
1868.0000      -30785.971322
1872.0000      -30909.301956
1876.0000      -30923.158534
1880.0000      -30905.388072
1884.0000      -30906.550738
1888.0000      -30805.427311
1892.0000      -30773.500747
1896.0000      -30931.567818
1900.0000      -30812.039062
1904.0000      -30840.920797
1908.0000      -30834.969935
1912.0000      -30918.792971
1916.0000      -30935.698549
1920.0000      -30887.935411
1924.0000      -31061.010337
1928.0000      -30886.782993
1932.0000      -30764.424439
1936.0000      -30879.575560
1940.0000      -30787.384238
1944.0000      -31113.733153
1948.0000      -30885.271083
1952.0000      -30792.145907
1956.0000      -31038.853283
1960.0000      -30990.999202
1964.0000      -30956.692313
1968.0000      -30741.410961
1972.0000      -30987.368409
1976.0000      -31027.863196
1980.0000      -30865.972919
1984.0000      -30852.254622
1988.0000      -31006.098897
1992.0000      -30983.135904
1996.0000      -30846.201376
2000.0000      -30801.927353
2004.0000      -30854.718839
2008.0000      -30826.055833
2012.0000      -31015.710985
2016.0000      -30972.259451
2020.0000      -30835.468509
2024.0000      -30859.298303
2028.0000      -30807.268661
2032.0000      -31143.584393
2036.0000      -30916.377473
2040.0000      -30898.460833
2044.0000      -30948.112285
2048.0000      -30868.541749
2052.0000      -30846.081342
2056.0000      -31026.376891
2060.0000      -30927.957865
2064.0000      -30926.924039
2068.0000      -30911.781029
2072.0000      -31007.010569
2076.0000      -31035.215486
2080.0000      -31110.066710
2084.0000      -30917.372619
2088.0000      -30690.430719
2092.0000      -30948.314890
2096.0000      -30988.349555
2100.0000      -30789.791084
2104.0000      -30912.731110
2108.0000      -31199.123367
2112.0000      -30839.362235
2116.0000      -30997.721648
2120.0000      -30949.311109
2124.0000      -30846.207240
2128.0000      -30745.850850
2132.0000      -30940.379815
2136.0000      -30978.246589
2140.0000      -30952.970279
2144.0000      -30779.476374
2148.0000      -30684.196683
2152.0000      -30844.369097
2156.0000      -30767.343716
2160.0000      -30997.206559
2164.0000      -30667.606459
2168.0000      -31003.877490
2172.0000      -31040.189784
2176.0000      -31037.513084
2180.0000      -30837.905311
2184.0000      -30861.516993
2188.0000      -30815.995792
2192.0000      -30995.322243
2196.0000      -30993.897445
2200.0000      -30821.632333
2204.0000      -30756.366067
2208.0000      -30937.404091
2212.0000      -30914.053658
2216.0000      -30844.063733
2220.0000      -30916.600719
2224.0000      -30972.466712
2228.0000      -31039.420744
2232.0000      -30875.900890
2236.0000      -30915.143538
2240.0000      -30820.895925
2244.0000      -31060.890462
2248.0000      -30947.260921
2252.0000      -31053.540891
2256.0000      -30961.039317
2260.0000      -30942.257870
2264.0000      -30748.039152
2268.0000      -30777.057078
2272.0000      -30917.343306
2276.0000      -30835.748085
2280.0000      -30861.706751
2284.0000      -30910.702766
2288.0000      -30862.314570
2292.0000      -30943.238091
2296.0000      -31001.069377
2300.0000      -30847.373670
2304.0000      -30890.558142
2308.0000      -30967.190403
2312.0000      -30782.373819
2316.0000      -30925.222628
2320.0000      -30974.415243
2324.0000      -31068.344571
2328.0000      -30788.493602
2332.0000      -30747.619299
2336.0000      -30825.948804
2340.0000      -30970.483445
2344.0000      -30891.010212
2348.0000      -30847.593635
2352.0000      -30890.982880
2356.0000      -30923.115400
2360.0000      -30944.894486
2364.0000      -30906.111188
2368.0000      -30902.859548
2372.0000      -30857.900838
2376.0000      -30858.058787
2380.0000      -30850.665798
2384.0000      -30801.403016
2388.0000      -30934.937304
2392.0000      -31020.585555
2396.0000      -30973.279152
2400.0000      -30809.640827
2404.0000      -30891.833970
2408.0000      -30887.877147
2412.0000      -31020.017578
2416.0000      -30884.503295
2420.0000      -30901.337985
2424.0000      -30817.980667
2428.0000      -30781.040785
2432.0000      -30977.159814
2436.0000      -31037.208248
2440.0000      -30890.372279
2444.0000      -31054.838733
2448.0000      -31029.790202
2452.0000      -30943.043073
2456.0000      -30866.110099
2460.0000      -30790.203544
2464.0000      -30842.299847
2468.0000      -30856.517876
2472.0000      -30883.184088
2476.0000      -30808.737863
2480.0000      -30824.387429
2484.0000      -30811.397021
2488.0000      -30751.140135
2492.0000      -30888.225052
2496.0000      -30801.702037
2500.0000      -30864.963900
2504.0000      -31017.640350
2508.0000      -30849.933641
2512.0000      -30853.965290
2516.0000      -30839.127111
2520.0000      -30938.388341
2524.0000      -30845.979827
2528.0000      -30767.703695
2532.0000      -30997.447374
2536.0000      -30992.282889
2540.0000      -30797.352479
2544.0000      -30971.218072
2548.0000      -30995.504921
2552.0000      -31061.642068
2556.0000      -30970.126264
2560.0000      -30941.544680
2564.0000      -30896.223880
2568.0000      -31048.539677
2572.0000      -30784.731800
2576.0000      -30807.269195
2580.0000      -30940.718822
2584.0000      -30952.938730
2588.0000      -30915.835684
2592.0000      -30898.400283
2596.0000      -30860.388206
2600.0000      -30971.907342
2604.0000      -31069.935165
2608.0000      -30739.499607
2612.0000      -30957.640810
2616.0000      -30880.253254
2620.0000      -30926.294172
2624.0000      -30865.786339
2628.0000      -30853.109144
2632.0000      -30824.555702
2636.0000      -30876.934034
2640.0000      -30817.287604
2644.0000      -30955.945583
2648.0000      -31043.038174
2652.0000      -31012.217999
2656.0000      -30864.572331
2660.0000      -30930.113284
2664.0000      -30826.910742
2668.0000      -30861.079012
2672.0000      -30919.079080
2676.0000      -30787.029769
2680.0000      -30886.369084
2684.0000      -30897.891202
2688.0000      -30947.668145
2692.0000      -31016.640742
2696.0000      -30805.771523
2700.0000      -30862.071779
2704.0000      -30886.871149
2708.0000      -30913.088516
2712.0000      -30995.432400
2716.0000      -30983.326777
2720.0000      -31034.065378
2724.0000      -31028.797236
2728.0000      -31198.009413
2732.0000      -30737.554274
2736.0000      -30802.038073
2740.0000      -30874.289286
2744.0000      -30878.307972
2748.0000      -30844.193112
2752.0000      -30882.364439
2756.0000      -30816.171197
2760.0000      -30838.247278
2764.0000      -30766.492477
2768.0000      -30938.457602
2772.0000      -30938.012666
2776.0000      -30985.509054
2780.0000      -30892.973930
2784.0000      -31113.104330
2788.0000      -30939.705672
2792.0000      -30846.244020
2796.0000      -30611.307288
2800.0000      -30768.169795
2804.0000      -30913.435305
2808.0000      -30993.399041
2812.0000      -31062.115387
2816.0000      -30819.779195
2820.0000      -30785.075385
2824.0000      -30942.510450
2828.0000      -30759.695294
2832.0000      -30933.696211
2836.0000      -30923.373178
2840.0000      -30955.036859
2844.0000      -30833.578596
2848.0000      -30987.812822
2852.0000      -30849.154185
2856.0000      -30869.755785
2860.0000      -30765.615184
2864.0000      -30907.881783
2868.0000      -30862.171206
2872.0000      -30666.228561
2876.0000      -30821.507417
2880.0000      -30856.764814
2884.0000      -30957.136129
2888.0000      -30852.241269
2892.0000      -30919.823283
2896.0000      -30794.982679
2900.0000      -30950.455561
2904.0000      -30881.090561
2908.0000      -30780.259371
2912.0000      -30923.084235
2916.0000      -31025.300423
2920.0000      -30889.756017
2924.0000      -30856.655275
2928.0000      -30818.450629
2932.0000      -30911.003079
2936.0000      -30925.328135
2940.0000      -30887.697308
2944.0000      -30813.281228
2948.0000      -30861.916526
2952.0000      -31057.283649
2956.0000      -30864.928585
2960.0000      -31136.176692
2964.0000      -30799.047616
2968.0000      -30866.681272
2972.0000      -30970.777903
2976.0000      -30898.142742
2980.0000      -30957.554687
2984.0000      -30988.842448
2988.0000      -31004.947736
2992.0000      -30841.222149
2996.0000      -30918.291280
3000.0000      -30763.124780
3004.0000      -30777.937209
3008.0000      -30971.469309
3012.0000      -30895.623843
3016.0000      -30890.560199
3020.0000      -30847.175234
3024.0000      -30827.352072
3028.0000      -30783.150002
3032.0000      -30868.573362
3036.0000      -30806.195992
3040.0000      -31029.751118
3044.0000      -30820.815439
3048.0000      -31022.533396
3052.0000      -30919.821959
3056.0000      -30860.734082
3060.0000      -31016.725360
3064.0000      -30894.734164
3068.0000      -30863.538812
3072.0000      -31061.496716
3076.0000      -30884.883525
3080.0000      -30882.419547
3084.0000      -30927.684899
3088.0000      -30785.942501
3092.0000      -30812.464690
3096.0000      -31005.742936
3100.0000      -30952.169858
3104.0000      -30750.945981
3108.0000      -30946.349130
3112.0000      -30881.001380
3116.0000      -30984.222204
3120.0000      -30872.603270
3124.0000      -30981.116489
3128.0000      -30929.732777
3132.0000      -30939.224500
3136.0000      -30978.489226
3140.0000      -30920.583020
3144.0000      -30813.038393
3148.0000      -30724.676419
3152.0000      -30810.244647
3156.0000      -30935.158109
3160.0000      -31028.526425
3164.0000      -30929.794887
3168.0000      -30723.006013
3172.0000      -30934.843084
3176.0000      -31013.031199
3180.0000      -31062.322603
3184.0000      -30971.618152
3188.0000      -30874.686440
3192.0000      -30859.032898
3196.0000      -30874.825822
3200.0000      -30919.168704
3204.0000      -30941.446445
3208.0000      -30883.609742
3212.0000      -30958.477161
3216.0000      -31006.778942
3220.0000      -31034.336175
3224.0000      -31019.355770
3228.0000      -30751.295560
3232.0000      -30940.055584
3236.0000      -30727.895062
3240.0000      -30874.233673
3244.0000      -30878.903422
3248.0000      -30986.571951
3252.0000      -30887.230436
3256.0000      -30841.857750
3260.0000      -30948.397486
3264.0000      -30921.905868
3268.0000      -30819.373793
3272.0000      -30915.322452
3276.0000      -30857.815098
3280.0000      -30679.978850
3284.0000      -30968.754941
3288.0000      -31008.760692
3292.0000      -30967.681296
3296.0000      -30908.008242
3300.0000      -30902.849871
3304.0000      -30916.487460
3308.0000      -30909.549908
3312.0000      -30806.093708
3316.0000      -30815.507029
3320.0000      -30719.055159
3324.0000      -30963.834666
3328.0000      -30888.885510
3332.0000      -31121.890321
3336.0000      -30902.981907
3340.0000      -30838.746011
3344.0000      -30834.274951
3348.0000      -30930.081653
3352.0000      -30841.771124
3356.0000      -30876.127331
3360.0000      -30983.052372
3364.0000      -30887.021484
3368.0000      -30951.611336
3372.0000      -30894.355835
3376.0000      -30809.238373
3380.0000      -30954.452451
3384.0000      -30794.669238
3388.0000      -30888.561604
3392.0000      -30777.135924
3396.0000      -30942.103606
3400.0000      -30829.958948
3404.0000      -30754.596820
3408.0000      -30899.558423
3412.0000      -31044.953516
3416.0000      -30906.431604
3420.0000      -30822.961217
3424.0000      -30869.735388
3428.0000      -30894.807964
3432.0000      -31033.167252
3436.0000      -30942.670349
3440.0000      -31032.691444
3444.0000      -30930.166765
3448.0000      -30737.882769
3452.0000      -30952.944659
3456.0000      -30765.077119
3460.0000      -30929.855594
3464.0000      -30805.902900
3468.0000      -30822.473584
3472.0000      -30836.540501
3476.0000      -30988.173210
3480.0000      -30855.498290
3484.0000      -30851.713261
3488.0000      -30807.953431
3492.0000      -30911.692287
3496.0000      -30965.812075
3500.0000      -31001.008076
3504.0000      -30973.374758
3508.0000      -30859.082663
3512.0000      -30957.025046
3516.0000      -31044.896498
3520.0000      -30867.580980
3524.0000      -30990.062082
3528.0000      -31083.581260
3532.0000      -31139.994453
3536.0000      -30959.029468
3540.0000      -30849.097821
3544.0000      -30772.505452
3548.0000      -30860.688456
3552.0000      -30835.471759
3556.0000      -30837.421525
3560.0000      -30823.108804
3564.0000      -31018.320773
3568.0000      -31053.233936
3572.0000      -30955.736078
3576.0000      -30914.222571
3580.0000      -31015.348408
3584.0000      -30884.946949
3588.0000      -30956.470299
3592.0000      -30901.570414
3596.0000      -30971.315313
3600.0000      -30906.937149
3604.0000      -30847.940452
3608.0000      -30943.449120
3612.0000      -30952.468193
3616.0000      -30758.442583
3620.0000      -30821.904225
3624.0000      -30859.435446
3628.0000      -30957.440923
3632.0000      -30972.156008
3636.0000      -31081.977832
3640.0000      -31055.456695
3644.0000      -30854.803453
3648.0000      -30801.744760
3652.0000      -30651.173368
3656.0000      -30914.522454
3660.0000      -30823.652396
3664.0000      -30755.742473
3668.0000      -30968.027951
3672.0000      -30912.303272
3676.0000      -30829.059948
3680.0000      -30916.079290
3684.0000      -30791.724000
3688.0000      -30870.656726
3692.0000      -30987.387063
3696.0000      -30915.828337
3700.0000      -30989.251168
3704.0000      -30937.835783
3708.0000      -30806.461218
3712.0000      -30783.826908
3716.0000      -30915.609673
3720.0000      -30910.767616
3724.0000      -30988.176483
3728.0000      -31035.503416
3732.0000      -30780.079666
3736.0000      -30806.005268
3740.0000      -30917.584166
3744.0000      -30946.262003
3748.0000      -31068.955550
3752.0000      -30953.706946
3756.0000      -31026.150283
3760.0000      -30827.430764
3764.0000      -31039.061395
3768.0000      -30912.850793
3772.0000      -30797.009471
3776.0000      -30795.371105
3780.0000      -30871.051278
3784.0000      -30827.453937
3788.0000      -31085.900615
3792.0000      -30949.888764
3796.0000      -30913.181857
3800.0000      -30769.490383
3804.0000      -30908.529215
3808.0000      -30933.932897
3812.0000      -30999.341899
3816.0000      -31009.166100
3820.0000      -30820.159864
3824.0000      -30919.806850
3828.0000      -30915.724684
3832.0000      -30598.064240
3836.0000      -30926.061302
3840.0000      -30784.615186
3844.0000      -30889.316753
3848.0000      -31140.803969
3852.0000      -30934.864151
3856.0000      -30662.302705
3860.0000      -31045.156161
3864.0000      -30936.824907
3868.0000      -30898.463519
3872.0000      -30977.169729
3876.0000      -30928.026934
3880.0000      -30779.563424
3884.0000      -30963.168799
3888.0000      -31022.749565
3892.0000      -30681.318761
3896.0000      -30825.811515
3900.0000      -30937.300645
3904.0000      -30816.070449
3908.0000      -30944.117014
3912.0000      -31048.069769
3916.0000      -30980.966919
3920.0000      -31052.419087
3924.0000      -30870.130440
3928.0000      -30926.097007
3932.0000      -30924.952175
3936.0000      -30919.180817
3940.0000      -31012.461104
3944.0000      -30855.516735
3948.0000      -31038.050927
3952.0000      -30906.111490
3956.0000      -30835.845767
3960.0000      -30903.088611
3964.0000      -30892.644531
3968.0000      -30739.262387
3972.0000      -30836.105873
3976.0000      -30894.267381
3980.0000      -30865.046461
3984.0000      -30886.478938
3988.0000      -30856.801260
3992.0000      -30864.864740
3996.0000      -30971.233951
4000.0000      -30957.305076
4004.0000      -30957.305076
