4.0000      -30948.774662
8.0000      -30911.693268
12.0000      -30842.431654
16.0000      -30838.768668
20.0000      -30801.598019
24.0000      -30815.642292
28.0000      -30980.067662
32.0000      -30779.280892
36.0000      -30841.441968
40.0000      -31015.413710
44.0000      -30677.634746
48.0000      -30901.364225
52.0000      -31010.553266
56.0000      -30855.367443
60.0000      -30759.406339
64.0000      -30804.008144
68.0000      -30795.907881
72.0000      -30855.465124
76.0000      -30757.469810
80.0000      -30779.626068
84.0000      -30910.009250
88.0000      -30823.278080
92.0000      -30819.230292
96.0000      -30880.637538
100.0000      -30752.265223
104.0000      -30887.457739
108.0000      -30870.452892
112.0000      -30865.193328
116.0000      -30918.823945
120.0000      -30867.085248
124.0000      -30898.880205
128.0000      -30741.125558
132.0000      -30906.229385
136.0000      -30916.072579
140.0000      -30847.007272
144.0000      -30806.528947
148.0000      -30803.371932
152.0000      -30738.285042
156.0000      -30689.871234
160.0000      -30797.629022
164.0000      -30748.159300
168.0000      -30892.338195
172.0000      -30905.599519
176.0000      -30980.816868
180.0000      -30810.437689
184.0000      -30832.233578
188.0000      -30781.085895
192.0000      -30846.670981
196.0000      -30895.792431
200.0000      -30985.020519
204.0000      -30821.964684
208.0000      -30858.108480
212.0000      -31161.658048
216.0000      -30865.616202
220.0000      -30913.326692
224.0000      -30996.939637
228.0000      -30984.779516
232.0000      -30998.572136
236.0000      -30963.701761
240.0000      -30920.716025
244.0000      -30787.485074
248.0000      -30882.332050
252.0000      -30899.021782
256.0000      -30856.255352
260.0000      -31068.179784
264.0000      -31014.896081
268.0000      -30795.920414
272.0000      -31001.613807
276.0000      -30946.036700
280.0000      -30951.666569
284.0000      -30898.922392
288.0000      -30865.607862
292.0000      -30874.002496
296.0000      -30829.536403
300.0000      -30906.811580
304.0000      -30929.865917
308.0000      -30830.552347
312.0000      -30862.508779
316.0000      -30809.248653
320.0000      -30977.521510
324.0000      -30822.151180
328.0000      -31054.548654
332.0000      -30731.750254
336.0000      -30814.418530
340.0000      -30829.718799
344.0000      -30869.153145
348.0000      -30723.029551
352.0000      -30794.322789
356.0000      -30909.016748
360.0000      -30789.876732
364.0000      -30967.775707
368.0000      -30944.316860
372.0000      -30732.771240
376.0000      -30873.878656
380.0000      -31007.465603
384.0000      -30903.655768
388.0000      -30889.219850
392.0000      -30933.304350
396.0000      -30940.394194
400.0000      -31026.011206
404.0000      -30909.799562
408.0000      -30851.498747
412.0000      -30889.398231
416.0000      -30680.647617
420.0000      -30943.103680
424.0000      -30879.578066
428.0000      -30906.868710
432.0000      -30985.034381
436.0000      -31095.606535
440.0000      -30866.834491
444.0000      -30869.923451
448.0000      -30681.464132
452.0000      -30690.563121
456.0000      -30681.666253
460.0000      -31025.434167
464.0000      -30966.250634
468.0000      -30967.049756
472.0000      -30952.675205
476.0000      -30952.983555
480.0000      -30939.341484
484.0000      -30915.975773
488.0000      -30994.292226
492.0000      -30918.108347
496.0000      -31079.118745
500.0000      -31050.106266
504.0000      -30908.554062
508.0000      -30922.926325
512.0000      -30822.736315
516.0000      -30873.567124
520.0000      -30906.445062
524.0000      -30981.534981
528.0000      -30887.113337
532.0000      -30920.786738
536.0000      -30784.656038
540.0000      -30922.032262
544.0000      -30815.703754
548.0000      -30661.124312
552.0000      -30750.584688
556.0000      -30772.177767
560.0000      -30875.545095
564.0000      -30802.261431
568.0000      -30860.292927
572.0000      -30883.113692
576.0000      -30928.943330
580.0000      -31105.336160
584.0000      -30930.017672
588.0000      -30880.503963
592.0000      -30862.008695
596.0000      -30916.186058
600.0000      -30841.955489
604.0000      -30920.350380
608.0000      -30904.130420
612.0000      -30750.465856
616.0000      -30919.730089
620.0000      -30844.981493
624.0000      -30752.634437
628.0000      -30988.199927
632.0000      -30741.641996
636.0000      -30748.185120
640.0000      -30803.052519
644.0000      -30806.238560
648.0000      -30831.631043
652.0000      -30781.620187
656.0000      -30906.285505
660.0000      -31015.689778
664.0000      -30905.694157
668.0000      -30671.022130
672.0000      -30915.044379
676.0000      -30883.175655
680.0000      -30882.878288
684.0000      -30829.555499
688.0000      -31046.126164
692.0000      -30631.415641
696.0000      -30990.504212
700.0000      -31057.299885
704.0000      -30762.428153
708.0000      -30967.177567
712.0000      -30825.454846
716.0000      -30733.724544
720.0000      -30817.731447
724.0000      -30889.074293
728.0000      -30816.377849
732.0000      -30879.556548
736.0000      -30927.766245
740.0000      -30932.820112
744.0000      -30940.016501
748.0000      -30825.604174
752.0000      -30831.227713
756.0000      -30726.759694
760.0000      -30931.901649
764.0000      -30960.386507
768.0000      -30819.433511
772.0000      -30679.582178
776.0000      -30844.624463
780.0000      -30833.839727
784.0000      -30815.729037
788.0000      -30764.178359
792.0000      -30917.936064
796.0000      -30989.459808
800.0000      -30850.160466
804.0000      -31000.079414
808.0000      -30891.933282
812.0000      -30980.437095
816.0000      -30743.651948
820.0000      -30988.058123
824.0000      -30789.300702
828.0000      -30857.458762
832.0000      -30737.831973
836.0000      -31113.656721
840.0000      -30931.294505
844.0000      -30908.996861
848.0000      -30903.229557
852.0000      -30977.707380
856.0000      -31021.957892
860.0000      -30888.259165
864.0000      -30950.847134
868.0000      -30859.886756
872.0000      -30752.644807
876.0000      -30978.846896
880.0000      -30790.751686
884.0000      -30898.935861
888.0000      -30776.407285
892.0000      -30834.347352
896.0000      -30892.478263
900.0000      -30969.171968
904.0000      -30938.121908
908.0000      -30909.487584
912.0000      -30835.205120
916.0000      -30808.747734
920.0000      -31211.212546
924.0000      -30875.579840
928.0000      -30914.675079
932.0000      -30881.152295
936.0000      -30953.263826
940.0000      -30860.939026
944.0000      -30905.011127
948.0000      -30860.020172
952.0000      -31029.205976
956.0000      -30900.246561
960.0000      -30939.940735
964.0000      -30784.208756
968.0000      -30891.006987
972.0000      -30787.740533
976.0000      -30944.604112
980.0000      -30811.086883
984.0000      -30838.929128
988.0000      -30935.901132
992.0000      -30734.620380
996.0000      -31033.693217
1000.0000      -30890.240219
1004.0000      -30877.772830
1008.0000      -30898.830538
1012.0000      -30857.753731
1016.0000      -30990.370552
1020.0000      -31048.929827
1024.0000      -30916.476231
1028.0000      -30846.720837
1032.0000      -30986.671723
1036.0000      -30976.311147
1040.0000      -30885.690174
1044.0000      -30806.596697
1048.0000      -30671.627094
1052.0000      -30835.417111
1056.0000      -30968.566932
1060.0000      -30970.368869
1064.0000      -30864.034257
1068.0000      -31004.105470
1072.0000      -30712.179528
1076.0000      -30999.072299
1080.0000      -30702.882887
1084.0000      -30708.928510
1088.0000      -30812.787373
1092.0000      -30725.358366
1096.0000      -30848.483507
1100.0000      -30895.886328
1104.0000      -30845.875758
1108.0000      -30952.082668
1112.0000      -30758.802665
1116.0000      -30918.990378
1120.0000      -30758.316120
1124.0000      -30791.454988
1128.0000      -30844.493871
1132.0000      -30836.083183
1136.0000      -30754.217077
1140.0000      -30829.365630
1144.0000      -30861.723095
1148.0000      -30893.986793
1152.0000      -30954.424368
1156.0000      -30949.894326
1160.0000      -30923.835774
1164.0000      -30796.636655
1168.0000      -30846.559379
1172.0000      -30884.064437
1176.0000      -31080.862604
1180.0000      -30779.475630
1184.0000      -31016.437477
1188.0000      -30915.536911
1192.0000      -30913.831734
1196.0000      -30804.688848
1200.0000      -30908.315339
1204.0000      -30871.811040
1208.0000      -30759.134629
1212.0000      -30783.979643
1216.0000      -30785.160948
1220.0000      -30837.622262
1224.0000      -30913.063243
1228.0000      -30988.400009
1232.0000      -30762.232421
1236.0000      -30861.153169
1240.0000      -30747.176488
1244.0000      -31027.888977
1248.0000      -30756.965631
1252.0000      -30812.577256
1256.0000      -30904.599964
1260.0000      -31032.299131
1264.0000      -30986.740931
1268.0000      -30871.564227
1272.0000      -30822.395946
1276.0000      -30674.939597
1280.0000      -30810.713332
1284.0000      -30809.160495
1288.0000      -30903.891745
1292.0000      -30987.479171
1296.0000      -31026.878025
1300.0000      -30831.691462
1304.0000      -30945.743623
1308.0000      -31051.643561
1312.0000      -30872.792832
1316.0000      -30860.616368
1320.0000      -30840.590416
1324.0000      -30869.386904
1328.0000      -30876.704446
1332.0000      -30909.503338
1336.0000      -30921.882704
1340.0000      -31080.897292
1344.0000      -30747.107326
1348.0000      -30967.892509
1352.0000      -30620.150936
1356.0000      -30954.809497
1360.0000      -30969.210827
1364.0000      -30954.477352
1368.0000      -30798.765886
1372.0000      -30894.311099
1376.0000      -30918.547805
1380.0000      -30898.292155
1384.0000      -30923.726450
1388.0000      -31031.736076
1392.0000      -30933.801093
1396.0000      -30646.473401
1400.0000      -30756.450119
1404.0000      -30811.160821
1408.0000      -30850.741136
1412.0000      -30889.626533
1416.0000      -30877.756531
1420.0000      -30957.275326
1424.0000      -30892.666278
1428.0000      -31011.931392
1432.0000      -30874.938442
1436.0000      -30838.312353
1440.0000      -30876.604646
1444.0000      -30928.971650
1448.0000      -30991.315045
1452.0000      -30942.030452
1456.0000      -31021.050644
1460.0000      -30880.905614
1464.0000      -30825.145491
1468.0000      -30927.285321
1472.0000      -30960.451354
1476.0000      -30952.941838
1480.0000      -30887.316139
1484.0000      -30898.207278
1488.0000      -30796.287011
1492.0000      -30853.800640
1496.0000      -30775.014054
1500.0000      -30732.925943
1504.0000      -30770.082285
1508.0000      -30981.833426
1512.0000      -30723.377978
1516.0000      -30756.123744
1520.0000      -30859.212537
1524.0000      -30772.238169
1528.0000      -30919.516659
1532.0000      -30829.292938
1536.0000      -30719.476941
1540.0000      -30746.723178
1544.0000      -30871.767995
1548.0000      -30956.562400
1552.0000      -30843.720936
1556.0000      -30963.130297
1560.0000      -30956.369697
1564.0000      -30851.655492
1568.0000      -30940.435513
1572.0000      -30833.299333
1576.0000      -30993.143597
1580.0000      -30936.437623
1584.0000      -30872.459965
1588.0000      -30695.389641
1592.0000      -30936.320653
1596.0000      -30954.856842
1600.0000      -30830.822557
1604.0000      -30796.250188
1608.0000      -30927.430262
1612.0000      -30932.517493
1616.0000      -30751.639709
1620.0000      -30827.785850
1624.0000      -30767.691487
1628.0000      -30803.889124
1632.0000      -30847.848000
1636.0000      -30922.538035
1640.0000      -30963.322298
1644.0000      -30875.409150
1648.0000      -30876.538204
1652.0000      -31053.920163
1656.0000      -30723.772247
1660.0000      -30850.700961
1664.0000      -30913.470351
1668.0000      -30846.553246
1672.0000      -30885.754151
1676.0000      -30821.713076
1680.0000      -30905.505614
1684.0000      -30834.396177
1688.0000      -30741.247693
1692.0000      -30942.032961
1696.0000      -30914.705725
1700.0000      -30943.445071
1704.0000      -30836.976756
1708.0000      -30923.167856
1712.0000      -30939.708817
1716.0000      -31079.404573
1720.0000      -30792.041162
1724.0000      -30894.495320
1728.0000      -30894.888084
1732.0000      -30892.872582
1736.0000      -30920.061580
1740.0000      -30917.313936
1744.0000      -30894.840363
1748.0000      -30852.428281
1752.0000      -30911.149073
1756.0000      -30964.464615
1760.0000      -30855.223515
1764.0000      -30748.475759
1768.0000      -30978.857032
1772.0000      -30846.976130
1776.0000      -30908.992196
1780.0000      -30874.822252
1784.0000      -30862.875532
1788.0000      -30742.338514
1792.0000      -30787.635343
1796.0000      -30740.105447
1800.0000      -30900.511891
1804.0000      -30836.996480
1808.0000      -30877.240668
1812.0000      -30913.350131
1816.0000      -30968.203951
1820.0000      -30893.090890
1824.0000      -30900.329383
1828.0000      -30827.405903
1832.0000      -30942.182138
1836.0000      -30802.404127
1840.0000      -30845.787582
1844.0000      -30715.735853
1848.0000      -30971.265538
1852.0000      -30892.072459
1856.0000      -31023.346222
1860.0000      -30801.182063
1864.0000      -30811.650187
1868.0000      -31031.151070
1872.0000      -30857.935036
1876.0000      -30826.529536
1880.0000      -30852.009028
1884.0000      -30878.166182
1888.0000      -30778.933368
1892.0000      -31119.226721
1896.0000      -30787.559776
1900.0000      -30897.011743
1904.0000      -30936.228033
1908.0000      -30864.586230
1912.0000      -30878.570260
1916.0000      -30790.591155
1920.0000      -30996.225766
1924.0000      -30846.697842
1928.0000      -30887.853711
1932.0000      -30827.778640
1936.0000      -31005.227830
1940.0000      -30856.882304
1944.0000      -31078.092264
1948.0000      -30870.662092
1952.0000      -30875.642857
1956.0000      -30911.681219
1960.0000      -30811.460390
1964.0000      -31016.775985
1968.0000      -30990.929033
1972.0000      -30928.802473
1976.0000      -30703.109966
1980.0000      -30918.188851
1984.0000      -30906.914350
1988.0000      -30857.752766
1992.0000      -30905.558982
1996.0000      -30901.839429
2000.0000      -30959.348617
2004.0000      -30907.591929
2008.0000      -30825.403472
2012.0000      -30947.178225
2016.0000      -30959.441886
2020.0000      -30765.710368
2024.0000      -30829.659594
2028.0000      -30932.638637
2032.0000      -30753.125707
2036.0000      -30923.590657
2040.0000      -30912.536414
2044.0000      -30831.879466
2048.0000      -30942.416022
2052.0000      -30923.885942
2056.0000      -30959.153124
2060.0000      -30922.425067
2064.0000      -30829.033471
2068.0000      -30862.437785
2072.0000      -30897.005488
2076.0000      -30834.622587
2080.0000      -30749.315548
2084.0000      -31034.344351
2088.0000      -30879.381591
2092.0000      -30970.691832
2096.0000      -30853.477222
2100.0000      -30797.513324
2104.0000      -30750.250315
2108.0000      -30933.845864
2112.0000      -30884.142211
2116.0000      -30829.372851
2120.0000      -30763.207392
2124.0000      -30723.748831
2128.0000      -30772.249418
2132.0000      -30844.817943
2136.0000      -30963.492193
2140.0000      -30722.795990
2144.0000      -30844.142150
2148.0000      -30935.609013
2152.0000      -30912.422784
2156.0000      -30907.782850
2160.0000      -30855.135524
2164.0000      -31062.362679
2168.0000      -30945.318889
2172.0000      -30937.687186
2176.0000      -30936.003000
2180.0000      -30977.286060
2184.0000      -30880.536913
2188.0000      -30798.132601
2192.0000      -30935.300151
2196.0000      -30810.805480
2200.0000      -30826.645478
2204.0000      -30935.298179
2208.0000      -30954.769553
2212.0000      -30871.365054
2216.0000      -30825.162261
2220.0000      -30895.964189
2224.0000      -30988.393068
2228.0000      -30736.890523
2232.0000      -30885.781402
2236.0000      -30676.712515
2240.0000      -30843.679536
2244.0000      -31013.496051
2248.0000      -31195.698700
2252.0000      -30912.096418
2256.0000      -31052.216621
2260.0000      -30753.280564
2264.0000      -31060.254752
2268.0000      -30719.663809
2272.0000      -30940.641364
2276.0000      -30716.506522
2280.0000      -30945.964953
2284.0000      -30957.845781
2288.0000      -30871.776646
2292.0000      -30979.438794
2296.0000      -31148.940303
2300.0000      -30912.364966
2304.0000      -30902.885462
2308.0000      -30823.402551
2312.0000      -30949.769945
2316.0000      -30778.565271
2320.0000      -30870.386562
2324.0000      -30951.044492
2328.0000      -30904.015467
2332.0000      -31110.230034
2336.0000      -31122.096347
2340.0000      -30991.913478
2344.0000      -30874.960196
2348.0000      -30837.949506
2352.0000      -30984.229110
2356.0000      -30892.191829
2360.0000      -30811.407139
2364.0000      -30772.043071
2368.0000      -31048.372234
2372.0000      -30899.795941
2376.0000      -30874.249604
2380.0000      -30860.807607
2384.0000      -30742.281081
2388.0000      -30752.670522
2392.0000      -31011.336781
2396.0000      -31010.529903
2400.0000      -30862.197206
2404.0000      -30899.120470
2408.0000      -31005.252954
2412.0000      -30878.018921
2416.0000      -30874.088286
2420.0000      -30895.078118
2424.0000      -30798.088665
2428.0000      -30911.147732
2432.0000      -30849.424111
2436.0000      -30910.027387
2440.0000      -30961.141090
2444.0000      -30804.956998
2448.0000      -30935.638305
2452.0000      -30888.547564
2456.0000      -30927.917777
2460.0000      -30826.213999
2464.0000      -30781.166380
2468.0000      -31003.915884
2472.0000      -30965.663090
2476.0000      -31004.862765
2480.0000      -31043.413384
2484.0000      -30878.646638
2488.0000      -30819.237339
2492.0000      -30999.529326
2496.0000      -31093.271484
2500.0000      -30883.677363
2504.0000      -30903.428821
2508.0000      -30876.839598
2512.0000      -30903.572215
2516.0000      -30883.265475
2520.0000      -30982.076001
2524.0000      -30785.045854
2528.0000      -30969.314656
2532.0000      -30970.761224
2536.0000      -30864.776134
2540.0000      -30972.749757
2544.0000      -30835.551485
2548.0000      -30889.117039
2552.0000      -31038.663549
2556.0000      -30805.749544
2560.0000      -30723.928674
2564.0000      -30869.101549
2568.0000      -30915.519638
2572.0000      -30965.148360
2576.0000      -30940.562624
2580.0000      -30714.726210
2584.0000      -30982.163239
2588.0000      -30839.782979
2592.0000      -30774.690382
2596.0000      -30957.989875
2600.0000      -30833.269873
2604.0000      -30862.089856
2608.0000      -31071.704032
2612.0000      -31083.307015
2616.0000      -30831.741688
2620.0000      -30836.813489
2624.0000      -30938.076230
2628.0000      -30905.445540
2632.0000      -31060.182608
2636.0000      -30949.218853
2640.0000      -30855.088595
2644.0000      -30992.952410
2648.0000      -30902.349006
2652.0000      -30949.440599
2656.0000      -30907.845843
2660.0000      -30900.383715
2664.0000      -31047.828052
2668.0000      -30912.364591
2672.0000      -30934.390450
2676.0000      -30976.696820
2680.0000      -30974.394083
2684.0000      -30910.066965
2688.0000      -30783.116223
2692.0000      -30759.224255
2696.0000      -30879.609952
2700.0000      -30895.421462
2704.0000      -30902.641186
2708.0000      -30881.281191
2712.0000      -30950.253938
2716.0000      -30850.508900
2720.0000      -30829.645194
2724.0000      -30790.163039
2728.0000      -30893.662903
2732.0000      -30773.530225
2736.0000      -30845.175279
2740.0000      -30946.605554
2744.0000      -30966.560450
2748.0000      -30889.066568
2752.0000      -31059.033940
2756.0000      -31020.676028
2760.0000      -30988.702435
2764.0000      -30743.279637
2768.0000      -30986.962911
2772.0000      -30849.986360
2776.0000      -30905.383902
2780.0000      -30909.027323
2784.0000      -30967.727018
2788.0000      -30834.214343
2792.0000      -30995.963817
2796.0000      -30843.788221
2800.0000      -30955.434653
2804.0000      -30944.124998
2808.0000      -30765.119818
2812.0000      -30773.324342
2816.0000      -30972.063796
2820.0000      -30911.503009
2824.0000      -30867.716644
2828.0000      -30803.158503
2832.0000      -30961.586795
2836.0000      -30843.362391
2840.0000      -30830.628017
2844.0000      -30991.604332
2848.0000      -30697.342039
2852.0000      -30786.820513
2856.0000      -30861.715037
2860.0000      -30927.039668
2864.0000      -30961.134594
2868.0000      -30930.729337
2872.0000      -30857.271819
2876.0000      -30818.410290
2880.0000      -30718.346755
2884.0000      -30746.382915
2888.0000      -30881.255626
2892.0000      -30923.283526
2896.0000      -30949.277956
2900.0000      -30832.212771
2904.0000      -30948.593763
2908.0000      -30964.603468
2912.0000      -30794.536359
2916.0000      -31004.453144
2920.0000      -30892.022514
2924.0000      -30944.221290
2928.0000      -30890.542098
2932.0000      -30739.905849
2936.0000      -30783.515582
2940.0000      -30995.492644
2944.0000      -30920.130329
2948.0000      -30768.250387
2952.0000      -30875.989720
2956.0000      -30882.554616
2960.0000      -30786.800327
2964.0000      -30767.498838
2968.0000      -30752.080461
2972.0000      -30636.767843
2976.0000      -30759.907965
2980.0000      -30646.572186
2984.0000      -30850.062369
2988.0000      -30870.731874
2992.0000      -30953.568951
2996.0000      -30995.703633
3000.0000      -30920.607194
3004.0000      -30894.749912
3008.0000      -30942.037566
3012.0000      -30682.473930
3016.0000      -31056.732663
3020.0000      -31094.686091
3024.0000      -30981.824742
3028.0000      -31062.085185
3032.0000      -30833.937829
3036.0000      -30848.616693
3040.0000      -30918.423284
3044.0000      -30875.152249
3048.0000      -30808.891781
3052.0000      -30756.055229
3056.0000      -30865.639576
3060.0000      -30708.932344
3064.0000      -31021.978448
3068.0000      -30819.240723
3072.0000      -30874.768233
3076.0000      -30841.872292
3080.0000      -30893.017056
3084.0000      -30767.314814
3088.0000      -30935.540224
3092.0000      -30936.366974
3096.0000      -30837.452530
3100.0000      -30780.097440
3104.0000      -30982.897950
3108.0000      -30943.621746
3112.0000      -31064.649692
3116.0000      -30921.478549
3120.0000      -30876.820132
3124.0000      -30882.184079
3128.0000      -30806.798510
3132.0000      -31011.607992
3136.0000      -31058.994592
3140.0000      -30749.111430
3144.0000      -30842.172598
3148.0000      -30818.393469
3152.0000      -30896.761517
3156.0000      -30919.781555
3160.0000      -30897.867921
3164.0000      -30835.395920
3168.0000      -30828.507931
3172.0000      -30911.261384
3176.0000      -30784.658872
3180.0000      -30912.025061
3184.0000      -30882.353699
3188.0000      -30849.041802
3192.0000      -30910.582065
3196.0000      -30882.084803
3200.0000      -30789.623973
3204.0000      -30834.548527
3208.0000      -30924.514409
3212.0000      -31044.209179
3216.0000      -30951.555679
3220.0000      -31078.094710
3224.0000      -30890.831793
3228.0000      -30881.057112
3232.0000      -30977.785002
3236.0000      -30958.732109
3240.0000      -30915.256189
3244.0000      -30985.874031
3248.0000      -30929.507664
3252.0000      -31071.880063
3256.0000      -31020.580147
3260.0000      -30946.092770
3264.0000      -30910.074754
3268.0000      -30888.045208
3272.0000      -30909.330961
3276.0000      -30878.334103
3280.0000      -30858.537877
3284.0000      -30910.141579
3288.0000      -30801.103123
3292.0000      -30907.290810
3296.0000      -30739.632856
3300.0000      -30856.148753
3304.0000      -30811.147263
3308.0000      -30811.561910
3312.0000      -30996.363859
3316.0000      -30859.638660
3320.0000      -30874.086902
3324.0000      -30981.930718
3328.0000      -30800.946892
3332.0000      -30813.702779
3336.0000      -31041.504181
3340.0000      -30828.635408
3344.0000      -30860.909687
3348.0000      -30821.911731
3352.0000      -30891.548489
3356.0000      -30925.167799
3360.0000      -30876.064389
3364.0000      -31007.054188
3368.0000      -30883.006547
3372.0000      -30821.744813
3376.0000      -30831.045203
3380.0000      -30919.211361
3384.0000      -30858.283302
3388.0000      -30725.234929
3392.0000      -30794.745612
3396.0000      -31133.014157
3400.0000      -30813.352938
3404.0000      -30847.238274
3408.0000      -30920.808065
3412.0000      -30982.002620
3416.0000      -30998.289887
3420.0000      -30901.163184
3424.0000      -30987.788336
3428.0000      -30969.022965
3432.0000      -31031.029423
3436.0000      -30944.243404
3440.0000      -30816.105955
3444.0000      -30798.458624
3448.0000      -30905.060286
3452.0000      -30707.552518
3456.0000      -30967.452159
3460.0000      -30889.031929
3464.0000      -30823.142901
3468.0000      -30929.630639
3472.0000      -30992.312791
3476.0000      -31041.575334
3480.0000      -30772.138978
3484.0000      -30872.260736
3488.0000      -30731.333774
3492.0000      -30870.794199
3496.0000      -30977.155498
3500.0000      -31100.191487
3504.0000      -31036.592514
3508.0000      -30995.603610
3512.0000      -30888.286667
3516.0000      -30788.126659
3520.0000      -30864.741332
3524.0000      -30862.907335
3528.0000      -30865.443973
3532.0000      -30942.354120
3536.0000      -31013.382612
3540.0000      -30877.448859
3544.0000      -30917.789875
3548.0000      -30763.336113
3552.0000      -30969.911790
3556.0000      -30835.198053
3560.0000      -30798.883477
3564.0000      -30980.430149
3568.0000      -30891.415415
3572.0000      -30960.063265
3576.0000      -30921.726826
3580.0000      -30845.697371
3584.0000      -30969.129841
3588.0000      -30814.733960
3592.0000      -30902.003534
3596.0000      -30954.185223
3600.0000      -30864.964347
3604.0000      -30801.823779
3608.0000      -30990.049953
3612.0000      -30825.370972
3616.0000      -30885.935449
3620.0000      -30825.788068
3624.0000      -30888.449752
3628.0000      -30893.363550
3632.0000      -30966.145219
3636.0000      -31061.020336
3640.0000      -30939.073522
3644.0000      -30891.811145
3648.0000      -30783.874057
3652.0000      -31020.926987
3656.0000      -30927.315641
3660.0000      -30904.261021
3664.0000      -30897.386664
3668.0000      -30814.092028
3672.0000      -30867.073178
3676.0000      -31024.720104
3680.0000      -30910.693760
3684.0000      -30965.177223
3688.0000      -30909.992582
3692.0000      -30926.270347
3696.0000      -30937.391126
3700.0000      -30949.002508
3704.0000      -30837.465554
3708.0000      -30893.794324
3712.0000      -30805.197806
3716.0000      -31041.784481
3720.0000      -30674.455830
3724.0000      -30720.871693
3728.0000      -30789.912227
3732.0000      -30738.549757
3736.0000      -30982.040072
3740.0000      -31042.178849
3744.0000      -30804.569814
3748.0000      -30951.499775
3752.0000      -30763.106700
3756.0000      -30713.619596
3760.0000      -30842.440968
3764.0000      -30791.013080
3768.0000      -30796.291367
3772.0000      -30847.565219
3776.0000      -30972.919110
3780.0000      -30609.877477
3784.0000      -30886.691305
3788.0000      -30783.490573
3792.0000      -30807.825075
3796.0000      -30987.235211
3800.0000      -30732.974398
3804.0000      -30878.691710
3808.0000      -30974.761938
3812.0000      -30832.536097
3816.0000      -30880.496423
3820.0000      -30995.821000
3824.0000      -30931.806456
3828.0000      -30774.391175
3832.0000      -30858.799174
3836.0000      -30786.697308
3840.0000      -31073.275959
3844.0000      -31003.075024
3848.0000      -30987.402032
3852.0000      -30992.078562
3856.0000      -30917.368309
3860.0000      -30867.616073
3864.0000      -30928.839753
3868.0000      -30871.779908
3872.0000      -30767.195686
3876.0000      -30855.952039
3880.0000      -30806.422485
3884.0000      -30784.024840
3888.0000      -30801.673181
3892.0000      -30951.248484
3896.0000      -30928.873297
3900.0000      -30933.907444
3904.0000      -30919.435641
3908.0000      -30973.307912
3912.0000      -30893.607657
3916.0000      -30967.710563
3920.0000      -31058.616448
3924.0000      -30898.819284
3928.0000      -30774.792566
3932.0000      -31073.037865
3936.0000      -31065.512914
3940.0000      -30931.277154
3944.0000      -30971.837883
3948.0000      -30876.650496
3952.0000      -31014.810667
3956.0000      -30891.099478
3960.0000      -30997.738671
3964.0000      -30982.074964
3968.0000      -30905.699612
3972.0000      -30857.137499
3976.0000      -31037.720593
3980.0000      -30950.030938
3984.0000      -30862.917011
3988.0000      -31089.653523
3992.0000      -30847.602778
3996.0000      -30958.054698
4000.0000      -30816.787982
4004.0000      -30816.787982
