4.0000      -30860.998059
8.0000      -30910.685737
12.0000      -30790.901217
16.0000      -30839.036534
20.0000      -30845.681902
24.0000      -30973.589830
28.0000      -30835.672806
32.0000      -30817.355489
36.0000      -31004.764458
40.0000      -30850.215830
44.0000      -30869.509643
48.0000      -30907.456006
52.0000      -30838.067127
56.0000      -30828.526493
60.0000      -30852.977611
64.0000      -30842.792093
68.0000      -30771.197466
72.0000      -31120.052207
76.0000      -30853.234705
80.0000      -30964.629617
84.0000      -30800.848499
88.0000      -30794.046225
92.0000      -31035.299665
96.0000      -30956.255910
100.0000      -30984.118299
104.0000      -31018.885171
108.0000      -30950.019607
112.0000      -30817.985272
116.0000      -30908.834517
120.0000      -30831.227418
124.0000      -30915.736860
128.0000      -30897.747538
132.0000      -30875.081486
136.0000      -30911.626890
140.0000      -30964.963440
144.0000      -30863.539735
148.0000      -31037.998453
152.0000      -30821.403237
156.0000      -30820.304762
160.0000      -30932.435941
164.0000      -31050.906010
168.0000      -30754.896367
172.0000      -31073.442734
176.0000      -30880.058608
180.0000      -30874.082299
184.0000      -30836.149624
188.0000      -30926.141252
192.0000      -31097.183268
196.0000      -30996.628547
200.0000      -30904.943755
204.0000      -30881.529854
208.0000      -30791.966251
212.0000      -30989.912029
216.0000      -30927.017424
220.0000      -30952.004457
224.0000      -31093.096851
228.0000      -30856.155902
232.0000      -30937.075977
236.0000      -30914.225674
240.0000      -30978.526184
244.0000      -30785.020785
248.0000      -30924.379727
252.0000      -30993.648492
256.0000      -30904.756468
260.0000      -30895.255198
264.0000      -30807.595155
268.0000      -30997.487449
272.0000      -30912.378834
276.0000      -30804.160538
280.0000      -31177.135323
284.0000      -30975.989707
288.0000      -31003.380042
292.0000      -31039.438365
296.0000      -31090.571883
300.0000      -31040.273142
304.0000      -30991.652469
308.0000      -30837.593032
312.0000      -30846.290389
316.0000      -30942.498531
320.0000      -30962.521430
324.0000      -30756.005669
328.0000      -30923.396554
332.0000      -30896.631545
336.0000      -31042.993896
340.0000      -31075.216325
344.0000      -30923.649291
348.0000      -31008.154034
352.0000      -30730.931309
356.0000      -30917.839542
360.0000      -30942.480851
364.0000      -30836.600925
368.0000      -30891.740868
372.0000      -30997.947170
376.0000      -30945.053302
380.0000      -30906.658236
384.0000      -30883.557600
388.0000      -30752.107701
392.0000      -30875.674548
396.0000      -30868.827046
400.0000      -30944.343476
404.0000      -30858.949584
408.0000      -30798.212524
412.0000      -30892.664337
416.0000      -30925.482882
420.0000      -30943.450380
424.0000      -31022.189936
428.0000      -31037.264360
432.0000      -30953.379730
436.0000      -30907.771709
440.0000      -30869.239909
444.0000      -30877.169179
448.0000      -30799.965799
452.0000      -30707.336640
456.0000      -31013.578618
460.0000      -30728.388733
464.0000      -31034.382703
468.0000      -30891.650063
472.0000      -30979.347633
476.0000      -30855.313764
480.0000      -30694.520159
484.0000      -30887.720408
488.0000      -30948.325467
492.0000      -31159.652630
496.0000      -30840.938926
500.0000      -30897.794858
504.0000      -30845.581577
508.0000      -30962.025410
512.0000      -30961.824700
516.0000      -30945.835069
520.0000      -30905.602254
524.0000      -30947.133625
528.0000      -30874.266328
532.0000      -30902.384318
536.0000      -30831.268006
540.0000      -30843.304890
544.0000      -30889.971377
548.0000      -30892.552307
552.0000      -30811.988357
556.0000      -30962.154913
560.0000      -31025.289613
564.0000      -30993.530183
568.0000      -30881.532053
572.0000      -30830.534883
576.0000      -30935.374095
580.0000      -30945.383228
584.0000      -31080.608241
588.0000      -30972.680376
592.0000      -30830.119779
596.0000      -30884.233851
600.0000      -30957.763352
604.0000      -30835.851712
608.0000      -30828.875097
612.0000      -30934.722720
616.0000      -30802.498045
620.0000      -30893.847663
624.0000      -30961.536932
628.0000      -30997.358637
632.0000      -30895.981506
636.0000      -30951.983083
640.0000      -30982.818817
644.0000      -30909.266665
648.0000      -30940.554725
652.0000      -30910.974497
656.0000      -30866.629900
660.0000      -30955.532853
664.0000      -30948.520457
668.0000      -30930.230349
672.0000      -30904.110275
676.0000      -30877.106819
680.0000      -30922.104274
684.0000      -31003.601766
688.0000      -30931.209467
692.0000      -31115.992103
696.0000      -30848.996365
700.0000      -30881.220561
704.0000      -30847.583721
708.0000      -30946.383000
712.0000      -30920.379006
716.0000      -30834.343229
720.0000      -30886.036184
724.0000      -30799.130806
728.0000      -30856.531776
732.0000      -30823.690698
736.0000      -30882.069515
740.0000      -30840.294351
744.0000      -30879.006734
748.0000      -30930.161760
752.0000      -30876.881448
756.0000      -30949.238272
760.0000      -31043.475152
764.0000      -30692.351693
768.0000      -30916.245823
772.0000      -31038.736723
776.0000      -30893.214068
780.0000      -30875.127089
784.0000      -31004.227854
788.0000      -30857.518852
792.0000      -30908.311945
796.0000      -31054.348481
800.0000      -30900.417371
804.0000      -31171.939419
808.0000      -30961.149515
812.0000      -30926.905237
816.0000      -31171.600342
820.0000      -30917.399714
824.0000      -31013.673461
828.0000      -31034.387353
832.0000      -31046.238256
836.0000      -30958.228240
840.0000      -31039.161819
844.0000      -30871.387724
848.0000      -30855.853544
852.0000      -30892.316251
856.0000      -30934.960871
860.0000      -30853.565860
864.0000      -30773.638592
868.0000      -31020.592372
872.0000      -30793.922021
876.0000      -30680.176533
880.0000      -30806.501055
884.0000      -30977.500126
888.0000      -30880.810188
892.0000      -30869.739838
896.0000      -30876.487904
900.0000      -30906.633986
904.0000      -31093.180330
908.0000      -30914.611516
912.0000      -30877.763508
916.0000      -30864.805591
920.0000      -30853.719205
924.0000      -30844.296815
928.0000      -30838.184444
932.0000      -30861.406000
936.0000      -30878.773060
940.0000      -30967.144769
944.0000      -30865.310051
948.0000      -30921.075416
952.0000      -30871.354481
956.0000      -30951.676290
960.0000      -30839.242007
964.0000      -30952.907371
968.0000      -30834.053020
972.0000      -30901.335249
976.0000      -30905.706643
980.0000      -30881.399475
984.0000      -30966.705090
988.0000      -31020.677191
992.0000      -30992.041623
996.0000      -30939.106570
1000.0000      -31024.849859
1004.0000      -30758.299704
1008.0000      -30895.477686
1012.0000      -31030.889765
1016.0000      -30993.453126
1020.0000      -31064.375850
1024.0000      -30813.342456
1028.0000      -31038.603882
1032.0000      -30840.411928
1036.0000      -30955.751731
1040.0000      -30765.659883
1044.0000      -30868.107633
1048.0000      -30780.006071
1052.0000      -30901.379219
1056.0000      -30767.552723
1060.0000      -31020.916905
1064.0000      -30824.258578
1068.0000      -30917.150732
1072.0000      -30921.019287
1076.0000      -30759.957261
1080.0000      -31021.335146
1084.0000      -30890.164421
1088.0000      -31043.695043
1092.0000      -30809.909059
1096.0000      -30989.580563
1100.0000      -30931.810463
1104.0000      -31019.024042
1108.0000      -30843.678575
1112.0000      -30838.270954
1116.0000      -30916.067489
1120.0000      -31055.560585
1124.0000      -30958.683282
1128.0000      -31038.051012
1132.0000      -31113.255007
1136.0000      -30821.397294
1140.0000      -30907.007573
1144.0000      -31002.638845
1148.0000      -31064.836839
1152.0000      -31008.651329
1156.0000      -30873.922493
1160.0000      -31053.115373
1164.0000      -31003.124372
1168.0000      -30905.048246
1172.0000      -31063.974949
1176.0000      -30957.335265
1180.0000      -30803.930626
1184.0000      -30867.103992
1188.0000      -30854.579831
1192.0000      -30897.907199
1196.0000      -30910.056699
1200.0000      -30914.480590
1204.0000      -30972.288063
1208.0000      -30842.109387
1212.0000      -30997.268986
1216.0000      -30759.614838
1220.0000      -30804.409607
1224.0000      -30902.391357
1228.0000      -30890.730491
1232.0000      -30996.897196
1236.0000      -30977.091468
1240.0000      -30967.154374
1244.0000      -30821.203609
1248.0000      -30969.524848
1252.0000      -30883.243745
1256.0000      -30917.814546
1260.0000      -30972.746511
1264.0000      -30848.501219
1268.0000      -30994.833582
1272.0000      -31142.944139
1276.0000      -30812.898677
1280.0000      -30984.130142
1284.0000      -30907.721393
1288.0000      -30916.816507
1292.0000      -30810.466233
1296.0000      -30724.243725
1300.0000      -30870.060479
1304.0000      -30827.352447
1308.0000      -31059.712259
1312.0000      -30756.878335
1316.0000      -30919.443694
1320.0000      -30943.696289
1324.0000      -30892.838964
1328.0000      -30892.649587
1332.0000      -30928.737072
1336.0000      -30931.065235
1340.0000      -30934.016833
1344.0000      -30955.167730
1348.0000      -30934.387389
1352.0000      -30947.693392
1356.0000      -30951.188695
1360.0000      -31020.288391
1364.0000      -30996.169746
1368.0000      -30870.147137
1372.0000      -30933.970437
1376.0000      -31033.517036
1380.0000      -30923.875087
1384.0000      -30845.252371
1388.0000      -30889.497371
1392.0000      -30826.776568
1396.0000      -30856.444983
1400.0000      -30800.797806
1404.0000      -30805.699261
1408.0000      -30872.061944
1412.0000      -30804.117959
1416.0000      -30895.989101
1420.0000      -31056.955066
1424.0000      -31029.704143
1428.0000      -30859.871274
1432.0000      -30816.004486
1436.0000      -30843.902132
1440.0000      -31022.317474
1444.0000      -30866.806470
1448.0000      -30830.403970
1452.0000      -30848.913841
1456.0000      -30910.988720
1460.0000      -30764.683639
1464.0000      -30729.125553
1468.0000      -31019.385335
1472.0000      -30994.908565
1476.0000      -30760.951632
1480.0000      -30841.818476
1484.0000      -31010.982854
1488.0000      -31032.045165
1492.0000      -30935.516130
1496.0000      -30852.335684
1500.0000      -30891.053478
1504.0000      -30817.284235
1508.0000      -30827.357210
1512.0000      -30844.842598
1516.0000      -30892.388791
1520.0000      -30987.364160
1524.0000      -30803.073118
1528.0000      -30912.545296
1532.0000      -31122.318645
1536.0000      -30890.650109
1540.0000      -30897.330990
1544.0000      -30923.825351
1548.0000      -30906.980491
1552.0000      -30854.489310
1556.0000      -30839.117107
1560.0000      -30973.799576
1564.0000      -30800.507921
1568.0000      -30719.204018
1572.0000      -30805.151475
1576.0000      -30924.725014
1580.0000      -31020.706441
1584.0000      -30685.800631
1588.0000      -30974.262693
1592.0000      -31095.612054
1596.0000      -30978.424915
1600.0000      -31041.952124
1604.0000      -30940.534726
1608.0000      -30986.494894
1612.0000      -31087.666852
1616.0000      -30970.716015
1620.0000      -30907.887503
1624.0000      -30774.826034
1628.0000      -31008.312539
1632.0000      -30908.883201
1636.0000      -30947.093620
1640.0000      -30800.228548
1644.0000      -30826.234376
1648.0000      -31033.276241
1652.0000      -30948.258730
1656.0000      -30960.905750
1660.0000      -30913.531897
1664.0000      -30979.972140
1668.0000      -30761.904252
1672.0000      -30949.373696
1676.0000      -30937.318044
1680.0000      -30986.365204
1684.0000      -30956.772743
1688.0000      -30818.382795
1692.0000      -30797.702422
1696.0000      -30955.510900
1700.0000      -30969.463894
1704.0000      -30718.183540
1708.0000      -31117.325174
1712.0000      -31007.950185
1716.0000      -30928.620116
1720.0000      -30993.517453
1724.0000      -31031.265342
1728.0000      -31016.691411
1732.0000      -31025.158017
1736.0000      -30915.637546
1740.0000      -30775.119923
1744.0000      -30847.341814
1748.0000      -30741.601961
1752.0000      -30865.099884
1756.0000      -30870.299099
1760.0000      -30982.223693
1764.0000      -30849.455150
1768.0000      -30878.537400
1772.0000      -30821.176615
1776.0000      -31023.644678
1780.0000      -30933.512026
1784.0000      -30948.495102
1788.0000      -30720.886807
1792.0000      -30729.833763
1796.0000      -30868.213847
1800.0000      -30789.272789
1804.0000      -30891.207067
1808.0000      -30916.260940
1812.0000      -30976.968130
1816.0000      -31004.526594
1820.0000      -30806.434607
1824.0000      -30849.746203
1828.0000      -30851.412190
1832.0000      -30937.871204
1836.0000      -30827.337972
1840.0000      -30903.109349
1844.0000      -31136.891030
1848.0000      -30969.011067
1852.0000      -31009.292074
1856.0000      -31019.550004
1860.0000      -30784.134214
1864.0000      -31029.386237
1868.0000      -30957.859344
1872.0000      -30836.854721
1876.0000      -31045.423546
1880.0000      -30867.100857
1884.0000      -30932.907630
1888.0000      -30899.900635
1892.0000      -30987.523827
1896.0000      -31077.576597
1900.0000      -31028.391221
1904.0000      -30954.017494
1908.0000      -30880.098412
1912.0000      -30783.363671
1916.0000      -31013.404533
1920.0000      -30877.603937
1924.0000      -31054.185080
1928.0000      -30932.336869
1932.0000      -30832.785177
1936.0000      -31004.274203
1940.0000      -30961.455422
1944.0000      -30852.002855
1948.0000      -31132.528561
1952.0000      -30738.654845
1956.0000      -30879.974059
1960.0000      -30920.148464
1964.0000      -31090.807471
1968.0000      -30882.649618
1972.0000      -31017.449180
1976.0000      -30927.235590
1980.0000      -30853.795953
1984.0000      -30893.848297
1988.0000      -30908.935903
1992.0000      -30773.837640
1996.0000      -30865.700090
2000.0000      -31044.070927
2004.0000      -30879.466490
2008.0000      -30978.296837
2012.0000      -31025.240112
2016.0000      -30991.860681
2020.0000      -31059.028298
2024.0000      -30896.292791
2028.0000      -30952.303643
2032.0000      -30922.991421
2036.0000      -31107.955854
2040.0000      -30959.508240
2044.0000      -30890.170534
2048.0000      -31003.081400
2052.0000      -30922.706581
2056.0000      -31008.136739
2060.0000      -30977.139641
2064.0000      -30758.834602
2068.0000      -30892.862259
2072.0000      -30994.773829
2076.0000      -31091.566028
2080.0000      -30857.957643
2084.0000      -30971.791413
2088.0000      -30886.339240
2092.0000      -30963.890048
2096.0000      -30952.800047
2100.0000      -30852.297235
2104.0000      -30742.790187
2108.0000      -30825.502003
2112.0000      -30965.760377
2116.0000      -30758.114973
2120.0000      -30979.744546
2124.0000      -30899.712766
2128.0000      -30997.883105
2132.0000      -31048.596442
2136.0000      -30926.580311
2140.0000      -30862.124701
2144.0000      -30918.427106
2148.0000      -31013.956160
2152.0000      -30955.903051
2156.0000      -31014.846275
2160.0000      -30954.883566
2164.0000      -31056.047949
2168.0000      -30848.683821
2172.0000      -30942.439649
2176.0000      -30966.217880
2180.0000      -30981.447581
2184.0000      -30979.248818
2188.0000      -30839.203858
2192.0000      -31021.366883
2196.0000      -30977.507955
2200.0000      -30890.679519
2204.0000      -30886.754203
2208.0000      -30919.072962
2212.0000      -30941.432901
2216.0000      -30806.750485
2220.0000      -30785.826402
2224.0000      -30777.343440
2228.0000      -30675.257726
2232.0000      -31076.183926
2236.0000      -30958.522982
2240.0000      -30866.130016
2244.0000      -30836.854589
2248.0000      -30961.434094
2252.0000      -31009.497485
2256.0000      -31022.740715
2260.0000      -30941.837327
2264.0000      -30987.435842
2268.0000      -30857.081089
2272.0000      -30905.256928
2276.0000      -31036.890578
2280.0000      -30871.374182
2284.0000      -31023.025990
2288.0000      -31080.442819
2292.0000      -30961.040880
2296.0000      -30953.049357
2300.0000      -30835.137804
2304.0000      -31062.677545
2308.0000      -30842.540867
2312.0000      -31060.153975
2316.0000      -31122.587612
2320.0000      -30904.910435
2324.0000      -31127.142306
2328.0000      -30951.301515
2332.0000      -30885.929773
2336.0000      -30884.443076
2340.0000      -30856.940432
2344.0000      -30987.894920
2348.0000      -30945.159226
2352.0000      -30889.917765
2356.0000      -30929.153508
2360.0000      -30842.933356
2364.0000      -30774.628968
2368.0000      -30884.849291
2372.0000      -30877.311544
2376.0000      -31081.051445
2380.0000      -30898.502367
2384.0000      -30938.410577
2388.0000      -30781.587015
2392.0000      -30986.456885
2396.0000      -30815.698754
2400.0000      -30924.310498
2404.0000      -30905.259384
2408.0000      -30903.043470
2412.0000      -31005.667973
2416.0000      -30905.340809
2420.0000      -30972.665770
2424.0000      -30987.434725
2428.0000      -30946.913862
2432.0000      -30820.984955
2436.0000      -30949.265705
2440.0000      -30812.379767
2444.0000      -30745.724921
2448.0000      -30869.469507
2452.0000      -31002.725646
2456.0000      -30990.318732
2460.0000      -30977.451013
2464.0000      -30847.268594
2468.0000      -31032.168252
2472.0000      -30767.249320
2476.0000      -30907.168555
2480.0000      -30730.243064
2484.0000      -30853.268893
2488.0000      -30912.938581
2492.0000      -30800.590911
2496.0000      -30957.323371
2500.0000      -30950.445552
2504.0000      -31011.983881
2508.0000      -30907.871123
2512.0000      -30848.598824
2516.0000      -30958.821236
2520.0000      -31027.098419
2524.0000      -31010.592325
2528.0000      -30793.780308
2532.0000      -30918.320412
2536.0000      -30789.384954
2540.0000      -30933.620560
2544.0000      -30798.779409
2548.0000      -30867.849251
2552.0000      -30954.974732
2556.0000      -30786.261511
2560.0000      -30930.765018
2564.0000      -30824.054990
2568.0000      -30758.714044
2572.0000      -31010.582228
2576.0000      -31002.866949
2580.0000      -30899.052193
2584.0000      -30841.774852
2588.0000      -30972.304153
2592.0000      -30855.571354
2596.0000      -30849.243055
2600.0000      -30889.174204
2604.0000      -30890.696545
2608.0000      -30912.091378
2612.0000      -30971.712891
2616.0000      -30783.487186
2620.0000      -31046.419425
2624.0000      -31041.487209
2628.0000      -30919.609236
2632.0000      -30868.364442
2636.0000      -31024.480172
2640.0000      -30816.835975
2644.0000      -30881.905093
2648.0000      -30863.883307
2652.0000      -30888.353531
2656.0000      -30781.535658
2660.0000      -31035.181018
2664.0000      -30642.763217
2668.0000      -30803.271303
2672.0000      -31045.402568
2676.0000      -30899.526136
2680.0000      -30840.793842
2684.0000      -30854.736145
2688.0000      -31009.079446
2692.0000      -30717.330301
2696.0000      -30874.314540
2700.0000      -30930.549104
2704.0000      -31053.943818
2708.0000      -30837.382370
2712.0000      -30982.970569
2716.0000      -31028.990928
2720.0000      -31052.603817
2724.0000      -30888.030200
2728.0000      -31128.819985
2732.0000      -30887.369977
2736.0000      -30987.743596
2740.0000      -30955.041655
2744.0000      -30819.155970
2748.0000      -30931.687684
2752.0000      -30788.381334
2756.0000      -30860.524037
2760.0000      -30878.179631
2764.0000      -30998.847566
2768.0000      -30922.465615
2772.0000      -30824.344773
2776.0000      -30756.245323
2780.0000      -31032.995662
2784.0000      -30865.400418
2788.0000      -30832.255341
2792.0000      -31057.513240
2796.0000      -30926.343921
2800.0000      -30959.302373
2804.0000      -30787.293362
2808.0000      -30996.279372
2812.0000      -30987.003331
2816.0000      -30994.916849
2820.0000      -30806.523809
2824.0000      -30775.635999
2828.0000      -30990.213919
2832.0000      -30717.517290
2836.0000      -30912.660578
2840.0000      -31009.132385
2844.0000      -31098.491287
2848.0000      -30926.787177
2852.0000      -30941.652842
2856.0000      -30830.836007
2860.0000      -30758.265687
2864.0000      -30808.288664
2868.0000      -30916.368138
2872.0000      -30977.833302
2876.0000      -30994.901631
2880.0000      -30791.008504
2884.0000      -30887.797498
2888.0000      -30885.706671
2892.0000      -30911.254607
2896.0000      -30866.387161
2900.0000      -30953.403694
2904.0000      -30897.919288
2908.0000      -30954.015043
2912.0000      -30842.768846
2916.0000      -30851.354451
2920.0000      -30946.971527
2924.0000      -31027.669293
2928.0000      -30887.558499
2932.0000      -30764.390463
2936.0000      -30788.217378
2940.0000      -30879.926505
2944.0000      -30936.645564
2948.0000      -30888.979017
2952.0000      -30959.802902
2956.0000      -30960.668010
2960.0000      -30915.408104
2964.0000      -30904.642529
2968.0000      -31090.377092
2972.0000      -31070.098504
2976.0000      -31041.029663
2980.0000      -30783.984928
2984.0000      -30909.510859
2988.0000      -30956.152724
2992.0000      -30952.735648
2996.0000      -30915.113590
3000.0000      -30898.325824
3004.0000      -30941.183452
3008.0000      -30855.944640
3012.0000      -31023.559281
3016.0000      -30991.307059
3020.0000      -30882.545055
3024.0000      -30832.216240
3028.0000      -31016.786500
3032.0000      -30900.827838
3036.0000      -30745.173156
3040.0000      -30829.605187
3044.0000      -30979.090938
3048.0000      -30879.742684
3052.0000      -30889.144927
3056.0000      -30809.901010
3060.0000      -30916.573915
3064.0000      -30946.404715
3068.0000      -30974.560495
3072.0000      -30896.800103
3076.0000      -30877.656627
3080.0000      -31004.355755
3084.0000      -30963.964511
3088.0000      -30992.416157
3092.0000      -30739.941095
3096.0000      -30895.764396
3100.0000      -30761.516806
3104.0000      -30830.960063
3108.0000      -30883.879529
3112.0000      -30928.188901
3116.0000      -30954.980950
3120.0000      -30869.955897
3124.0000      -30880.515495
3128.0000      -30849.528056
3132.0000      -30892.057838
3136.0000      -30897.080948
3140.0000      -30999.916146
3144.0000      -30840.732896
3148.0000      -31010.469111
3152.0000      -30916.958052
3156.0000      -31011.445190
3160.0000      -31038.685581
3164.0000      -30939.371461
3168.0000      -31024.051758
3172.0000      -31093.829873
3176.0000      -30943.626365
3180.0000      -30915.474655
3184.0000      -30866.960973
3188.0000      -30898.640496
3192.0000      -31011.900948
3196.0000      -30782.290458
3200.0000      -30697.023471
3204.0000      -30840.154850
3208.0000      -30851.352357
3212.0000      -30909.437486
3216.0000      -30850.105972
3220.0000      -30900.519158
3224.0000      -31039.254427
3228.0000      -30863.621140
3232.0000      -30901.435716
3236.0000      -30752.549217
3240.0000      -30955.353809
3244.0000      -31016.664235
3248.0000      -30772.362228
3252.0000      -30950.498469
3256.0000      -30872.424109
3260.0000      -30703.208941
3264.0000      -30880.115128
3268.0000      -31066.723631
3272.0000      -30924.708957
3276.0000      -30845.326536
3280.0000      -30811.639278
3284.0000      -30936.824323
3288.0000      -30885.135793
3292.0000      -30845.390686
3296.0000      -30881.599130
3300.0000      -30831.407506
3304.0000      -30794.292258
3308.0000      -30933.488672
3312.0000      -30866.077231
3316.0000      -30800.644992
3320.0000      -30998.989108
3324.0000      -30904.252184
3328.0000      -30833.967800
3332.0000      -30942.832310
3336.0000      -30829.691513
3340.0000      -30962.537558
3344.0000      -31075.969056
3348.0000      -30786.742006
3352.0000      -30952.865975
3356.0000      -30903.964244
3360.0000      -30881.387866
3364.0000      -30983.931540
3368.0000      -30796.428111
3372.0000      -30796.770925
3376.0000      -30926.496064
3380.0000      -30956.631867
3384.0000      -30895.254167
3388.0000      -30797.317729
3392.0000      -30996.628138
3396.0000      -30726.477944
3400.0000      -30932.435288
3404.0000      -30956.597955
3408.0000      -30765.941862
3412.0000      -30892.616261
3416.0000      -30957.175903
3420.0000      -30850.539578
3424.0000      -30624.453968
3428.0000      -30775.748294
3432.0000      -31047.595054
3436.0000      -30925.729556
3440.0000      -30792.136097
3444.0000      -30900.668918
3448.0000      -30995.523099
3452.0000      -31036.342014
3456.0000      -30996.124091
3460.0000      -30929.252146
3464.0000      -31110.491052
3468.0000      -30787.014950
3472.0000      -30896.231789
3476.0000      -30863.232039
3480.0000      -31033.898414
3484.0000      -31076.473375
3488.0000      -30957.926901
3492.0000      -30860.299700
3496.0000      -30748.533723
3500.0000      -30969.627787
3504.0000      -30931.505086
3508.0000      -30773.888838
3512.0000      -30762.066870
3516.0000      -31039.662244
3520.0000      -30870.673880
3524.0000      -30890.912184
3528.0000      -30925.601041
3532.0000      -30943.508170
3536.0000      -30760.894248
3540.0000      -30876.925338
3544.0000      -30865.149407
3548.0000      -30894.370208
3552.0000      -30843.140046
3556.0000      -30800.043784
3560.0000      -30751.390909
3564.0000      -30929.398899
3568.0000      -31091.586716
3572.0000      -30987.103261
3576.0000      -30957.214519
3580.0000      -30926.346000
3584.0000      -30888.412004
3588.0000      -30886.098613
3592.0000      -30855.231490
3596.0000      -30932.399933
3600.0000      -30982.240493
3604.0000      -30892.003300
3608.0000      -30859.793956
3612.0000      -30923.201532
3616.0000      -31013.519034
3620.0000      -30996.213395
3624.0000      -30883.649568
3628.0000      -31030.061877
3632.0000      -30813.720840
3636.0000      -30878.695539
3640.0000      -30927.688617
3644.0000      -30972.263965
3648.0000      -30895.987627
3652.0000      -30850.163039
3656.0000      -30954.504650
3660.0000      -30899.785919
3664.0000      -30888.796763
3668.0000      -30884.862429
3672.0000      -30902.074786
3676.0000      -30912.214820
3680.0000      -30997.695245
3684.0000      -30930.711160
3688.0000      -30809.403205
3692.0000      -30948.368353
3696.0000      -30826.802921
3700.0000      -30884.012900
3704.0000      -30889.532288
3708.0000      -30888.794910
3712.0000      -31049.520060
3716.0000      -31110.091987
3720.0000      -30995.708086
3724.0000      -30699.443659
3728.0000      -30879.177993
3732.0000      -30892.061388
3736.0000      -30929.859362
3740.0000      -30876.061834
3744.0000      -31010.814789
3748.0000      -30939.471856
3752.0000      -30840.782894
3756.0000      -30782.418418
3760.0000      -30850.770689
3764.0000      -30909.085751
3768.0000      -30907.824273
3772.0000      -30969.259482
3776.0000      -31078.781091
3780.0000      -30902.122191
3784.0000      -30967.259013
3788.0000      -31066.519786
3792.0000      -30979.204752
3796.0000      -31041.021393
3800.0000      -30948.188938
3804.0000      -30766.763457
3808.0000      -30880.911707
3812.0000      -30864.121004
3816.0000      -30796.056856
3820.0000      -30932.284233
3824.0000      -31017.827001
3828.0000      -30916.263160
3832.0000      -30787.183345
3836.0000      -30890.641116
3840.0000      -30871.437486
3844.0000      -30881.369872
3848.0000      -30983.196536
3852.0000      -31017.113059
3856.0000      -31115.873822
3860.0000      -30905.670201
3864.0000      -30928.189295
3868.0000      -31028.501114
3872.0000      -31037.528901
3876.0000      -31011.406982
3880.0000      -30933.431414
3884.0000      -30829.765248
3888.0000      -30955.497751
3892.0000      -31032.632994
3896.0000      -31064.291465
3900.0000      -30929.216382
3904.0000      -30883.107222
3908.0000      -30920.895367
3912.0000      -30968.909126
3916.0000      -30858.213063
3920.0000      -30882.376097
3924.0000      -31003.030269
3928.0000      -30950.244104
3932.0000      -31002.036545
3936.0000      -30981.460633
3940.0000      -31014.318106
3944.0000      -30850.595230
3948.0000      -30843.175602
3952.0000      -30874.344320
3956.0000      -30892.793694
3960.0000      -30866.330819
3964.0000      -31067.773759
3968.0000      -30958.178644
3972.0000      -30928.083336
3976.0000      -30824.241900
3980.0000      -30833.710379
3984.0000      -31131.986644
3988.0000      -31071.009072
3992.0000      -30834.879153
3996.0000      -30866.998843
4000.0000      -30857.566463
4004.0000      -30857.566463
