4.0000      -30822.538959
8.0000      -30878.601806
12.0000      -30794.085568
16.0000      -30897.582280
20.0000      -30926.142699
24.0000      -30726.991338
28.0000      -30958.065082
32.0000      -30860.906657
36.0000      -30934.230082
40.0000      -30744.549466
44.0000      -30802.421530
48.0000      -31044.147432
52.0000      -30729.209081
56.0000      -30882.970736
60.0000      -30798.388706
64.0000      -30984.280239
68.0000      -30942.357709
72.0000      -30862.924949
76.0000      -31038.729478
80.0000      -30933.694973
84.0000      -31056.324628
88.0000      -30878.580452
92.0000      -31021.858981
96.0000      -31014.988300
100.0000      -30998.701846
104.0000      -31170.068742
108.0000      -31095.843493
112.0000      -30892.643336
116.0000      -30995.043153
120.0000      -30987.438790
124.0000      -31051.192115
128.0000      -30744.645849
132.0000      -30876.472638
136.0000      -30980.498301
140.0000      -30867.701361
144.0000      -30858.793454
148.0000      -30912.141510
152.0000      -30967.403028
156.0000      -30937.825933
160.0000      -30941.843308
164.0000      -30846.809693
168.0000      -30860.201826
172.0000      -30820.903685
176.0000      -30957.865141
180.0000      -30903.377276
184.0000      -31189.397888
188.0000      -30754.013105
192.0000      -30898.793533
196.0000      -30986.434582
200.0000      -30995.546205
204.0000      -30978.551441
208.0000      -30830.404630
212.0000      -30805.304884
216.0000      -30901.594965
220.0000      -30839.868784
224.0000      -30805.805823
228.0000      -30827.764601
232.0000      -31048.107542
236.0000      -30896.774854
240.0000      -30852.445782
244.0000      -30894.137643
248.0000      -30782.612708
252.0000      -31061.654214
256.0000      -30893.037556
260.0000      -30937.022073
264.0000      -30789.825995
268.0000      -30872.212759
272.0000      -30859.594512
276.0000      -31009.927581
280.0000      -30994.341687
284.0000      -30886.742155
288.0000      -31038.720640
292.0000      -31096.682120
296.0000      -30911.308819
300.0000      -30898.557592
304.0000      -31041.228875
308.0000      -31003.784491
312.0000      -30978.758838
316.0000      -30872.214271
320.0000      -31125.710602
324.0000      -31083.598743
328.0000      -30877.127765
332.0000      -30894.642621
336.0000      -30937.102345
340.0000      -30883.182240
344.0000      -30980.035525
348.0000      -30959.138327
352.0000      -30826.395879
356.0000      -30776.584151
360.0000      -30947.716619
364.0000      -30897.929995
368.0000      -30833.524495
372.0000      -31012.780610
376.0000      -30902.674397
380.0000      -30987.119764
384.0000      -30927.431090
388.0000      -31121.270971
392.0000      -30908.636888
396.0000      -31096.653219
400.0000      -30853.092180
404.0000      -30921.991608
408.0000      -30847.300668
412.0000      -30758.207446
416.0000      -30834.975235
420.0000      -30929.004265
424.0000      -30931.769178
428.0000      -30839.525173
432.0000      -30961.755673
436.0000      -30972.784027
440.0000      -30975.244952
444.0000      -31006.023021
448.0000      -30965.474030
452.0000      -30918.362948
456.0000      -30878.772676
460.0000      -30894.340026
464.0000      -31094.147881
468.0000      -30887.795392
472.0000      -30930.645395
476.0000      -30998.608453
480.0000      -30999.763888
484.0000      -30926.631660
488.0000      -30811.279603
492.0000      -30917.705105
496.0000      -30786.843013
500.0000      -30821.655092
504.0000      -30737.550398
508.0000      -30751.132634
512.0000      -30925.482632
516.0000      -30827.397470
520.0000      -31054.352883
524.0000      -30985.078111
528.0000      -30899.420742
532.0000      -30978.535342
536.0000      -30904.371879
540.0000      -30755.948524
544.0000      -30983.919879
548.0000      -30944.765124
552.0000      -30889.294614
556.0000      -30722.872863
560.0000      -31004.698269
564.0000      -30993.402275
568.0000      -30951.919408
572.0000      -30970.779123
576.0000      -31021.200427
580.0000      -30967.992225
584.0000      -31054.008949
588.0000      -31063.413790
592.0000      -30715.351185
596.0000      -30943.453172
600.0000      -31032.623477
604.0000      -31002.645910
608.0000      -31011.592067
612.0000      -30874.579896
616.0000      -30895.031289
620.0000      -30995.122318
624.0000      -30984.442156
628.0000      -30872.115871
632.0000      -30898.787088
636.0000      -31068.908610
640.0000      -31036.722594
644.0000      -30875.960075
648.0000      -30869.843426
652.0000      -31093.118560
656.0000      -30835.136759
660.0000      -30958.340539
664.0000      -31003.415805
668.0000      -30921.164391
672.0000      -30862.213551
676.0000      -31032.928306
680.0000      -30963.873962
684.0000      -30996.849461
688.0000      -30965.284243
692.0000      -30831.296077
696.0000      -30919.132452
700.0000      -30997.926461
704.0000      -30941.612279
708.0000      -30885.368926
712.0000      -30911.587389
716.0000      -30824.993473
720.0000      -30868.072450
724.0000      -30893.676904
728.0000      -30816.794347
732.0000      -30904.488470
736.0000      -30945.788838
740.0000      -30812.918168
744.0000      -30918.318546
748.0000      -30867.991062
752.0000      -30737.383713
756.0000      -30938.878272
760.0000      -30745.013199
764.0000      -30914.291185
768.0000      -31076.351709
772.0000      -30909.929128
776.0000      -30865.143865
780.0000      -31035.359638
784.0000      -30763.539218
788.0000      -30880.330898
792.0000      -30870.065390
796.0000      -30977.000037
800.0000      -30937.557562
804.0000      -30929.620064
808.0000      -30860.613923
812.0000      -30934.725598
816.0000      -30910.502021
820.0000      -30950.852315
824.0000      -30875.001326
828.0000      -30838.904167
832.0000      -31031.502072
836.0000      -30959.854868
840.0000      -30941.050582
844.0000      -30925.234313
848.0000      -31053.165370
852.0000      -30971.253690
856.0000      -31066.838881
860.0000      -30749.066860
864.0000      -30873.715318
868.0000      -30950.848186
872.0000      -30956.793668
876.0000      -31050.898202
880.0000      -31075.373244
884.0000      -30817.574302
888.0000      -30697.295170
892.0000      -30918.883891
896.0000      -30862.844339
900.0000      -30769.899906
904.0000      -30724.238762
908.0000      -30925.277432
912.0000      -30898.155407
916.0000      -30720.162830
920.0000      -30902.579043
924.0000      -30964.757495
928.0000      -30732.491320
932.0000      -31012.266614
936.0000      -30838.856944
940.0000      -30934.412574
944.0000      -30958.128917
948.0000      -30853.393476
952.0000      -30867.120039
956.0000      -30859.235279
960.0000      -30942.826838
964.0000      -30825.056731
968.0000      -30887.404698
972.0000      -30845.084969
976.0000      -31019.015887
980.0000      -30982.185233
984.0000      -30926.094726
988.0000      -30809.623486
992.0000      -31028.850484
996.0000      -30913.403051
1000.0000      -30923.952787
1004.0000      -30853.195892
1008.0000      -30867.517870
1012.0000      -30919.399578
1016.0000      -30905.132243
1020.0000      -30766.037606
1024.0000      -30778.911661
1028.0000      -30879.712975
1032.0000      -30825.988902
1036.0000      -30799.119722
1040.0000      -31048.943918
1044.0000      -30925.699847
1048.0000      -30884.962410
1052.0000      -30931.882296
1056.0000      -30949.698236
1060.0000      -30972.590798
1064.0000      -30831.955234
1068.0000      -30921.360163
1072.0000      -30921.515587
1076.0000      -30814.209570
1080.0000      -30918.945422
1084.0000      -30869.382690
1088.0000      -30915.099397
1092.0000      -31080.126583
1096.0000      -30900.180270
1100.0000      -30912.470439
1104.0000      -30902.642845
1108.0000      -30872.715001
1112.0000      -30798.300976
1116.0000      -30691.291063
1120.0000      -31038.422631
1124.0000      -30811.559210
1128.0000      -30808.604247
1132.0000      -30998.092055
1136.0000      -30948.284470
1140.0000      -30927.836842
1144.0000      -30885.682825
1148.0000      -30892.494114
1152.0000      -30952.033873
1156.0000      -30897.568903
1160.0000      -30936.720565
1164.0000      -30920.054735
1168.0000      -31065.647208
1172.0000      -30934.827327
1176.0000      -30896.800990
1180.0000      -30818.471395
1184.0000      -30863.000964
1188.0000      -30923.949268
1192.0000      -30982.535458
1196.0000      -30897.967954
1200.0000      -30985.947923
1204.0000      -30945.369714
1208.0000      -30877.480455
1212.0000      -30750.895183
1216.0000      -31102.445846
1220.0000      -31029.859063
1224.0000      -31001.695984
1228.0000      -30945.773764
1232.0000      -30794.676617
1236.0000      -30902.002728
1240.0000      -30698.525351
1244.0000      -30933.628063
1248.0000      -30989.897013
1252.0000      -30964.796354
1256.0000      -30942.154363
1260.0000      -30893.445180
1264.0000      -31060.744009
1268.0000      -30914.311399
1272.0000      -30861.995345
1276.0000      -30825.726529
1280.0000      -30800.263325
1284.0000      -30976.400767
1288.0000      -30797.080999
1292.0000      -30891.809856
1296.0000      -30768.231904
1300.0000      -30951.021745
1304.0000      -30997.152045
1308.0000      -31007.941075
1312.0000      -30928.564395
1316.0000      -30921.944663
1320.0000      -30980.666557
1324.0000      -31054.384580
1328.0000      -30981.787530
1332.0000      -31048.343470
1336.0000      -30829.050092
1340.0000      -31000.327585
1344.0000      -31142.324197
1348.0000      -30883.245228
1352.0000      -30983.647797
1356.0000      -30851.124491
1360.0000      -30830.790332
1364.0000      -30877.667265
1368.0000      -30901.370151
1372.0000      -30862.420900
1376.0000      -30866.676825
1380.0000      -30906.633697
1384.0000      -31062.469015
1388.0000      -30823.929511
1392.0000      -30954.335241
1396.0000      -30960.628798
1400.0000      -30864.268676
1404.0000      -31180.568261
1408.0000      -30850.370140
1412.0000      -30837.522344
1416.0000      -30943.704817
1420.0000      -31122.516401
1424.0000      -30777.290267
1428.0000      -30816.564521
1432.0000      -30754.275249
1436.0000      -30959.105140
1440.0000      -30905.764388
1444.0000      -30752.660713
1448.0000      -30906.906440
1452.0000      -31004.974859
1456.0000      -30831.691016
1460.0000      -30971.870484
1464.0000      -31005.102736
1468.0000      -30938.426727
1472.0000      -31071.811947
1476.0000      -30807.757851
1480.0000      -30926.250922
1484.0000      -31079.531284
1488.0000      -30909.112461
1492.0000      -30988.002943
1496.0000      -30922.612806
1500.0000      -30935.081987
1504.0000      -30938.884640
1508.0000      -30962.308886
1512.0000      -30894.385953
1516.0000      -30802.030327
1520.0000      -31013.762472
1524.0000      -30899.901900
1528.0000      -30693.696393
1532.0000      -30942.792980
1536.0000      -30914.485656
1540.0000      -31071.331761
1544.0000      -30908.800418
1548.0000      -30917.970461
1552.0000      -30870.769958
1556.0000      -30856.217625
1560.0000      -30829.647761
1564.0000      -30987.225288
1568.0000      -30927.140565
1572.0000      -30884.692393
1576.0000      -30943.275219
1580.0000      -30936.520132
1584.0000      -30886.140060
1588.0000      -31025.353208
1592.0000      -30917.872294
1596.0000      -30831.777768
1600.0000      -30964.119764
1604.0000      -30986.107836
1608.0000      -30960.500211
1612.0000      -30992.702314
1616.0000      -30815.837475
1620.0000      -30899.449622
1624.0000      -30956.447851
1628.0000      -30862.003382
1632.0000      -30869.999807
1636.0000      -30883.591346
1640.0000      -30836.083348
1644.0000      -30821.053030
1648.0000      -30949.559632
1652.0000      -30945.273517
1656.0000      -30954.659479
1660.0000      -30905.352411
1664.0000      -30885.298613
1668.0000      -30989.160842
1672.0000      -30953.866560
1676.0000      -30873.416902
1680.0000      -30861.648293
1684.0000      -31017.072462
1688.0000      -31002.293813
1692.0000      -30953.130624
1696.0000      -30886.432340
1700.0000      -31124.934716
1704.0000      -30975.950835
1708.0000      -30939.074850
1712.0000      -30900.797984
1716.0000      -30939.726650
1720.0000      -30850.328736
1724.0000      -30977.247263
1728.0000      -30793.892498
1732.0000      -30901.784402
1736.0000      -30932.238633
1740.0000      -31022.501042
1744.0000      -30960.725422
1748.0000      -30881.430417
1752.0000      -30861.241359
1756.0000      -31039.643224
1760.0000      -30830.664881
1764.0000      -30934.174520
1768.0000      -30859.848826
1772.0000      -31050.538783
1776.0000      -30797.008353
1780.0000      -31006.024375
1784.0000      -30970.299440
1788.0000      -30897.360636
1792.0000      -31015.249104
1796.0000      -30899.072150
1800.0000      -30969.457157
1804.0000      -30837.134184
1808.0000      -31025.015688
1812.0000      -30934.463545
1816.0000      -30934.239492
1820.0000      -30866.317862
1824.0000      -30908.681353
1828.0000      -30890.726987
1832.0000      -30954.122012
1836.0000      -30933.927441
1840.0000      -31056.157740
1844.0000      -30860.463380
1848.0000      -30824.102088
1852.0000      -30958.938823
1856.0000      -30824.711710
1860.0000      -30855.607743
1864.0000      -30955.866887
1868.0000      -31080.835863
1872.0000      -30988.387998
1876.0000      -31044.890787
1880.0000      -31072.902695
1884.0000      -30754.130310
1888.0000      -30895.775106
1892.0000      -30939.379594
1896.0000      -30793.057361
1900.0000      -30978.060313
1904.0000      -30884.844035
1908.0000      -31002.977750
1912.0000      -30813.595095
1916.0000      -30904.002102
1920.0000      -30965.807543
1924.0000      -30814.326370
1928.0000      -30908.070003
1932.0000      -31024.422123
1936.0000      -30984.549861
1940.0000      -30741.746554
1944.0000      -30914.472999
1948.0000      -30976.479178
1952.0000      -30817.536302
1956.0000      -31010.695848
1960.0000      -30946.092880
1964.0000      -30912.589495
1968.0000      -30878.214709
1972.0000      -31104.131793
1976.0000      -30771.171001
1980.0000      -30989.804619
1984.0000      -31200.051735
1988.0000      -31020.053705
1992.0000      -30829.156251
1996.0000      -30904.629868
2000.0000      -30859.216530
2004.0000      -31044.176509
2008.0000      -30922.942505
2012.0000      -30957.828484
2016.0000      -30839.607738
2020.0000      -30899.905447
2024.0000      -31007.829801
2028.0000      -30980.114412
2032.0000      -30835.578935
2036.0000      -30919.167628
2040.0000      -30913.114134
2044.0000      -30805.977795
2048.0000      -30981.003508
2052.0000      -30977.802572
2056.0000      -30899.901192
2060.0000      -30917.427969
2064.0000      -30890.788544
2068.0000      -30947.959050
2072.0000      -30967.163401
2076.0000      -30841.718417
2080.0000      -30750.922948
2084.0000      -30923.698775
2088.0000      -30922.144297
2092.0000      -30907.288081
2096.0000      -30952.086620
2100.0000      -30922.417920
2104.0000      -30999.452643
2108.0000      -30744.267741
2112.0000      -31068.834819
2116.0000      -31033.076185
2120.0000      -31082.191360
2124.0000      -30985.375504
2128.0000      -30870.094491
2132.0000      -31035.897029
2136.0000      -30915.920694
2140.0000      -30645.470652
2144.0000      -31062.910822
2148.0000      -30789.742667
2152.0000      -31074.863201
2156.0000      -30867.201697
2160.0000      -30950.862359
2164.0000      -30775.779037
2168.0000      -30792.144653
2172.0000      -30777.760534
2176.0000      -30881.600125
2180.0000      -31002.752831
2184.0000      -30966.178963
2188.0000      -30828.614370
2192.0000      -30932.344993
2196.0000      -30969.985576
2200.0000      -31028.088297
2204.0000      -30933.033167
2208.0000      -30926.342812
2212.0000      -30981.845313
2216.0000      -31072.723706
2220.0000      -31162.137388
2224.0000      -30922.957531
2228.0000      -30837.942365
2232.0000      -30782.507025
2236.0000      -30882.322241
2240.0000      -30846.064385
2244.0000      -30825.673317
2248.0000      -31008.175295
2252.0000      -30966.504908
2256.0000      -30996.652899
2260.0000      -30684.004954
2264.0000      -30870.681853
2268.0000      -31032.421194
2272.0000      -31045.516154
2276.0000      -30805.866018
2280.0000      -30804.753924
2284.0000      -31037.367665
2288.0000      -31000.388711
2292.0000      -30930.618053
2296.0000      -30875.548457
2300.0000      -30844.721073
2304.0000      -30862.011779
2308.0000      -30908.982229
2312.0000      -30875.350625
2316.0000      -30983.730159
2320.0000      -31059.145952
2324.0000      -31021.188812
2328.0000      -30993.671636
2332.0000      -30727.420452
2336.0000      -31074.584169
2340.0000      -31005.247348
2344.0000      -30878.853067
2348.0000      -30777.260659
2352.0000      -30965.207582
2356.0000      -31039.053020
2360.0000      -30888.843880
2364.0000      -30872.308583
2368.0000      -30960.098695
2372.0000      -30929.486240
2376.0000      -30841.966392
2380.0000      -30787.258098
2384.0000      -30814.493212
2388.0000      -30808.428594
2392.0000      -30855.679813
2396.0000      -30869.524160
2400.0000      -30910.589297
2404.0000      -30808.893431
2408.0000      -30893.069277
2412.0000      -30707.538382
2416.0000      -30909.294003
2420.0000      -30852.706960
2424.0000      -30833.575930
2428.0000      -30839.064821
2432.0000      -30815.628999
2436.0000      -30794.363030
2440.0000      -31015.521933
2444.0000      -30781.938675
2448.0000      -30894.205617
2452.0000      -31075.136786
2456.0000      -31036.438068
2460.0000      -30799.013193
2464.0000      -30918.157443
2468.0000      -30904.014557
2472.0000      -31010.045171
2476.0000      -30953.011279
2480.0000      -30995.396175
2484.0000      -30858.059608
2488.0000      -30911.834597
2492.0000      -30978.938428
2496.0000      -30965.610997
2500.0000      -31063.955204
2504.0000      -31023.774282
2508.0000      -31030.423406
2512.0000      -30753.229856
2516.0000      -30839.128770
2520.0000      -30705.050496
2524.0000      -30838.251761
2528.0000      -30879.703375
2532.0000      -30943.387617
2536.0000      -31018.277045
2540.0000      -31002.965605
2544.0000      -30818.731632
2548.0000      -31074.845465
2552.0000      -31042.374754
2556.0000      -31049.205037
2560.0000      -30989.708897
2564.0000      -31104.699981
2568.0000      -30967.611156
2572.0000      -30962.958465
2576.0000      -30812.146752
2580.0000      -30876.946221
2584.0000      -30949.424492
2588.0000      -30779.693064
2592.0000      -30928.302344
2596.0000      -30930.682163
2600.0000      -30986.808258
2604.0000      -30888.092690
2608.0000      -30838.746818
2612.0000      -30680.186912
2616.0000      -30931.993258
2620.0000      -30792.220332
2624.0000      -30820.030340
2628.0000      -30908.834181
2632.0000      -30915.904113
2636.0000      -30922.825491
2640.0000      -30932.246281
2644.0000      -30856.947192
2648.0000      -30725.040656
2652.0000      -31071.495203
2656.0000      -30931.745241
2660.0000      -31017.490823
2664.0000      -30957.366876
2668.0000      -31007.052812
2672.0000      -30844.614035
2676.0000      -30935.987283
2680.0000      -31002.454345
2684.0000      -31067.105532
2688.0000      -30886.464910
2692.0000      -30907.269215
2696.0000      -30917.918735
2700.0000      -30959.959478
2704.0000      -30931.137596
2708.0000      -30861.958637
2712.0000      -30943.443874
2716.0000      -30968.638599
2720.0000      -30991.893247
2724.0000      -30978.483619
2728.0000      -31049.416279
2732.0000      -30983.037231
2736.0000      -30880.676618
2740.0000      -30897.000301
2744.0000      -31022.919427
2748.0000      -30904.172765
2752.0000      -30823.237849
2756.0000      -30931.639776
2760.0000      -30988.301843
2764.0000      -30897.201722
2768.0000      -31050.327444
2772.0000      -30936.085116
2776.0000      -30992.395168
2780.0000      -30984.969723
2784.0000      -30919.730900
2788.0000      -30864.206178
2792.0000      -30823.665158
2796.0000      -31072.384313
2800.0000      -31026.805133
2804.0000      -30854.550428
2808.0000      -31156.510113
2812.0000      -30712.783029
2816.0000      -30922.719692
2820.0000      -30836.277687
2824.0000      -30974.960759
2828.0000      -30840.595973
2832.0000      -30895.729065
2836.0000      -30836.191086
2840.0000      -30802.444448
2844.0000      -30814.429891
2848.0000      -30902.620827
2852.0000      -30823.530712
2856.0000      -30957.584150
2860.0000      -30899.142187
2864.0000      -30917.321967
2868.0000      -31056.418389
2872.0000      -30985.468944
2876.0000      -30929.901967
2880.0000      -31021.130017
2884.0000      -31025.963000
2888.0000      -30756.536370
2892.0000      -31008.128690
2896.0000      -30900.476449
2900.0000      -31039.887561
2904.0000      -30983.321459
2908.0000      -31037.790331
2912.0000      -30815.302175
2916.0000      -30889.715505
2920.0000      -30972.208337
2924.0000      -30727.770703
2928.0000      -30736.101373
2932.0000      -30956.457790
2936.0000      -30954.707153
2940.0000      -30886.378616
2944.0000      -30943.382020
2948.0000      -30918.803420
2952.0000      -30996.210515
2956.0000      -30903.015960
2960.0000      -30947.009361
2964.0000      -30796.359959
2968.0000      -30920.536658
2972.0000      -31067.383858
2976.0000      -31093.499944
2980.0000      -31103.427541
2984.0000      -31044.084296
2988.0000      -30845.837010
2992.0000      -30889.726622
2996.0000      -31052.257365
3000.0000      -30774.634031
3004.0000      -30965.518222
3008.0000      -30857.606695
3012.0000      -30978.933601
3016.0000      -31079.793073
3020.0000      -31045.153756
3024.0000      -30758.962574
3028.0000      -30769.359541
3032.0000      -30838.245384
3036.0000      -30898.431439
3040.0000      -30888.743442
3044.0000      -30891.166655
3048.0000      -30878.936891
3052.0000      -31088.518897
3056.0000      -31072.729013
3060.0000      -30920.693243
3064.0000      -30895.348324
3068.0000      -30699.547281
3072.0000      -31014.673939
3076.0000      -31053.383404
3080.0000      -31049.693680
3084.0000      -30882.545160
3088.0000      -30859.718143
3092.0000      -30789.219086
3096.0000      -30957.591024
3100.0000      -30875.838081
3104.0000      -31063.609370
3108.0000      -30898.423446
3112.0000      -30895.761837
3116.0000      -30928.152048
3120.0000      -30942.577925
3124.0000      -30853.353566
3128.0000      -31062.747249
3132.0000      -30834.537708
3136.0000      -30773.465033
3140.0000      -30897.131099
3144.0000      -30897.139669
3148.0000      -30856.900244
3152.0000      -30993.777731
3156.0000      -30951.089441
3160.0000      -30781.303319
3164.0000      -30924.308134
3168.0000      -30944.833582
3172.0000      -30786.550732
3176.0000      -31038.120801
3180.0000      -30852.044146
3184.0000      -30781.125381
3188.0000      -31128.615004
3192.0000      -30887.457917
3196.0000      -30922.103675
3200.0000      -30854.217244
3204.0000      -31107.915200
3208.0000      -30849.513216
3212.0000      -30908.131648
3216.0000      -30887.934150
3220.0000      -31006.153070
3224.0000      -30903.338065
3228.0000      -30860.521614
3232.0000      -30799.203179
3236.0000      -30730.712174
3240.0000      -30915.728698
3244.0000      -30921.372000
3248.0000      -30914.652288
3252.0000      -30904.436081
3256.0000      -30850.086273
3260.0000      -31014.327683
3264.0000      -31103.109981
3268.0000      -31009.946409
3272.0000      -30980.170998
3276.0000      -30948.523092
3280.0000      -31046.435256
3284.0000      -30902.805437
3288.0000      -30946.235365
3292.0000      -30831.622271
3296.0000      -31045.158177
3300.0000      -30869.277627
3304.0000      -31007.615102
3308.0000      -30805.568981
3312.0000      -30831.781747
3316.0000      -30968.201096
3320.0000      -30919.500769
3324.0000      -30897.051279
3328.0000      -31107.359785
3332.0000      -31009.173052
3336.0000      -30822.169566
3340.0000      -30836.046061
3344.0000      -30899.291215
3348.0000      -30856.637794
3352.0000      -30983.301015
3356.0000      -31055.878897
3360.0000      -30903.290916
3364.0000      -30951.068670
3368.0000      -30936.649992
3372.0000      -30895.682222
3376.0000      -30840.069223
3380.0000      -30939.248570
3384.0000      -30829.633726
3388.0000      -30856.175318
3392.0000      -30966.141683
3396.0000      -30859.691507
3400.0000      -30881.788850
3404.0000      -30969.152235
3408.0000      -31070.496899
3412.0000      -30780.509478
3416.0000      -30785.268402
3420.0000      -30925.766325
3424.0000      -30948.400112
3428.0000      -30985.111239
3432.0000      -30912.508963
3436.0000      -31013.165225
3440.0000      -30809.708746
3444.0000      -30907.529602
3448.0000      -30973.560922
3452.0000      -30912.814896
3456.0000      -30911.690959
3460.0000      -30971.989285
3464.0000      -31009.310549
3468.0000      -30962.022559
3472.0000      -30826.725508
3476.0000      -30873.586178
3480.0000      -30853.220413
3484.0000      -30892.186613
3488.0000      -30827.987799
3492.0000      -30844.046516
3496.0000      -30988.890920
3500.0000      -30807.119099
3504.0000      -30821.459861
3508.0000      -30869.003695
3512.0000      -30942.787523
3516.0000      -30852.776067
3520.0000      -30919.772546
3524.0000      -31047.562142
3528.0000      -30863.369863
3532.0000      -30952.392358
3536.0000      -31071.340471
3540.0000      -30750.760171
3544.0000      -30826.692161
3548.0000      -30942.018019
3552.0000      -30914.897006
3556.0000      -31015.562104
3560.0000      -30941.499032
3564.0000      -31003.629898
3568.0000      -30771.830971
3572.0000      -30980.354193
3576.0000      -30982.296739
3580.0000      -31131.328194
3584.0000      -30938.873619
3588.0000      -30801.404788
3592.0000      -31022.733102
3596.0000      -30969.717836
3600.0000      -31045.628531
3604.0000      -30941.685251
3608.0000      -30845.322201
3612.0000      -30808.548821
3616.0000      -30791.818149
3620.0000      -30761.377013
3624.0000      -30813.165332
3628.0000      -30862.694746
3632.0000      -31040.225836
3636.0000      -30958.598022
3640.0000      -31086.918564
3644.0000      -31007.096606
3648.0000      -31008.564429
3652.0000      -30956.860928
3656.0000      -31013.930588
3660.0000      -30903.940351
3664.0000      -30947.474191
3668.0000      -30875.666032
3672.0000      -30910.449788
3676.0000      -30933.644322
3680.0000      -30949.040643
3684.0000      -30853.870559
3688.0000      -30895.170879
3692.0000      -31036.614365
3696.0000      -30724.153194
3700.0000      -30886.670266
3704.0000      -30718.203510
3708.0000      -31006.521773
3712.0000      -31058.869180
3716.0000      -30872.635715
3720.0000      -30829.382160
3724.0000      -31027.044887
3728.0000      -30806.433342
3732.0000      -30948.348066
3736.0000      -30872.581753
3740.0000      -30984.716569
3744.0000      -30841.929741
3748.0000      -31072.839812
3752.0000      -30865.034707
3756.0000      -30890.500954
3760.0000      -30806.236554
3764.0000      -30713.721210
3768.0000      -30791.216266
3772.0000      -30870.190310
3776.0000      -30789.898470
3780.0000      -30968.042318
3784.0000      -30894.037665
3788.0000      -30901.829021
3792.0000      -30824.524965
3796.0000      -30936.834938
3800.0000      -30986.931567
3804.0000      -31078.305347
3808.0000      -31037.053139
3812.0000      -30806.653273
3816.0000      -30678.680425
3820.0000      -31044.287409
3824.0000      -30888.931826
3828.0000      -30798.375653
3832.0000      -30971.978407
3836.0000      -30854.083169
3840.0000      -30892.144441
3844.0000      -30812.075777
3848.0000      -30977.172345
3852.0000      -30943.574509
3856.0000      -30983.548226
3860.0000      -30939.136488
3864.0000      -31108.417740
3868.0000      -31004.649548
3872.0000      -30853.237352
3876.0000      -30948.873570
3880.0000      -30781.340365
3884.0000      -30863.733637
3888.0000      -30780.521811
3892.0000      -30898.354320
3896.0000      -30998.659074
3900.0000      -30983.828369
3904.0000      -30999.829214
3908.0000      -30825.367802
3912.0000      -30945.292244
3916.0000      -30992.364744
3920.0000      -30912.744746
3924.0000      -30975.641546
3928.0000      -30827.851798
3932.0000      -30797.177981
3936.0000      -30783.142910
3940.0000      -30884.982670
3944.0000      -30996.567189
3948.0000      -30885.166914
3952.0000      -30995.669690
3956.0000      -30916.314357
3960.0000      -30967.720407
3964.0000      -30929.384718
3968.0000      -30909.656774
3972.0000      -30934.255746
3976.0000      -31099.239541
3980.0000      -31016.396395
3984.0000      -30974.607369
3988.0000      -31098.995704
3992.0000      -31037.285939
3996.0000      -30866.792323
4000.0000      -30886.574895
4004.0000      -30886.574895
