4.0000      -31005.877384
8.0000      -31015.237383
12.0000      -30821.748836
16.0000      -30865.384672
20.0000      -30841.527268
24.0000      -30986.402232
28.0000      -30962.438277
32.0000      -30775.058639
36.0000      -30949.949632
40.0000      -30963.047056
44.0000      -31095.584355
48.0000      -30858.707344
52.0000      -30797.697685
56.0000      -30833.012663
60.0000      -30679.725385
64.0000      -31037.631954
68.0000      -30919.760065
72.0000      -30927.550670
76.0000      -30887.447418
80.0000      -30835.530527
84.0000      -30901.376860
88.0000      -30868.009546
92.0000      -30858.788226
96.0000      -31013.690248
100.0000      -30899.083051
104.0000      -30928.606798
108.0000      -30967.920490
112.0000      -30841.936407
116.0000      -30933.502203
120.0000      -30920.300802
124.0000      -30924.602363
128.0000      -30948.622950
132.0000      -30812.044569
136.0000      -30827.273861
140.0000      -30885.261475
144.0000      -30922.100128
148.0000      -30783.249796
152.0000      -30864.955442
156.0000      -31050.403512
160.0000      -30854.317011
164.0000      -30991.184020
168.0000      -30973.681710
172.0000      -30900.412540
176.0000      -30911.757568
180.0000      -30808.371715
184.0000      -30821.981678
188.0000      -30953.254058
192.0000      -30845.921554
196.0000      -30810.510493
200.0000      -30971.121968
204.0000      -30715.516849
208.0000      -30726.683575
212.0000      -30730.665150
216.0000      -30857.380495
220.0000      -30871.439021
224.0000      -30960.353069
228.0000      -30917.830938
232.0000      -30815.600205
236.0000      -30889.615509
240.0000      -31028.939020
244.0000      -30867.741268
248.0000      -30967.676326
252.0000      -30914.189455
256.0000      -30908.733924
260.0000      -30981.855928
264.0000      -30917.220982
268.0000      -30813.767674
272.0000      -30906.270906
276.0000      -30943.596575
280.0000      -30836.347642
284.0000      -30646.339806
288.0000      -30940.072745
292.0000      -30905.730396
296.0000      -30780.908584
300.0000      -30778.051592
304.0000      -30870.235523
308.0000      -30738.780465
312.0000      -30710.757794
316.0000      -30946.784680
320.0000      -30731.905597
324.0000      -30998.960224
328.0000      -30865.100831
332.0000      -30941.532246
336.0000      -30954.828563
340.0000      -30949.373098
344.0000      -30933.710010
348.0000      -30942.531989
352.0000      -30815.538455
356.0000      -30660.482956
360.0000      -31004.840173
364.0000      -30919.782386
368.0000      -30669.972888
372.0000      -30736.778011
376.0000      -30804.663939
380.0000      -30950.994824
384.0000      -30880.051767
388.0000      -30749.644314
392.0000      -30755.893687
396.0000      -30808.464633
400.0000      -30707.711211
404.0000      -30936.531734
408.0000      -30961.756921
412.0000      -30833.952884
416.0000      -30919.522295
420.0000      -30884.316724
424.0000      -30824.349459
428.0000      -30897.816736
432.0000      -30952.856468
436.0000      -30885.936301
440.0000      -30967.051056
444.0000      -30874.209551
448.0000      -30995.440259
452.0000      -30944.961120
456.0000      -30858.691847
460.0000      -30836.497035
464.0000      -30924.894419
468.0000      -30847.508819
472.0000      -30864.097338
476.0000      -30894.776991
480.0000      -31111.219168
484.0000      -30874.965147
488.0000      -30961.598780
492.0000      -30998.578829
496.0000      -30886.033144
500.0000      -30788.530086
504.0000      -30893.576209
508.0000      -30834.206236
512.0000      -30676.059890
516.0000      -30795.931027
520.0000      -30803.181188
524.0000      -30990.159207
528.0000      -30929.968006
532.0000      -30845.592627
536.0000      -30975.982640
540.0000      -30881.212898
544.0000      -30743.363541
548.0000      -30848.235019
552.0000      -30940.030247
556.0000      -30854.753543
560.0000      -30800.868494
564.0000      -30721.902147
568.0000      -30821.181044
572.0000      -30940.809778
576.0000      -30974.879393
580.0000      -30955.252360
584.0000      -31114.504338
588.0000      -30818.115259
592.0000      -30942.454745
596.0000      -30875.304054
600.0000      -30960.703204
604.0000      -30797.202762
608.0000      -30767.426724
612.0000      -31055.411709
616.0000      -30975.413467
620.0000      -31017.899923
624.0000      -30925.648497
628.0000      -30895.519896
632.0000      -30954.853343
636.0000      -30956.224888
640.0000      -30685.068106
644.0000      -31111.231565
648.0000      -30999.564270
652.0000      -30878.608165
656.0000      -30929.458893
660.0000      -30878.641705
664.0000      -30825.937283
668.0000      -30842.492676
672.0000      -30938.306752
676.0000      -31024.324374
680.0000      -30928.019146
684.0000      -30898.696006
688.0000      -30950.850218
692.0000      -30715.134240
696.0000      -30952.517289
700.0000      -30927.926582
704.0000      -30740.673590
708.0000      -30990.151595
712.0000      -30782.335023
716.0000      -31041.095522
720.0000      -30914.668640
724.0000      -30822.864454
728.0000      -30896.858795
732.0000      -30794.983229
736.0000      -30730.179642
740.0000      -30796.485600
744.0000      -30901.963052
748.0000      -30809.238723
752.0000      -30879.335941
756.0000      -30956.640239
760.0000      -30850.805065
764.0000      -30901.300729
768.0000      -30916.277473
772.0000      -30968.181471
776.0000      -31054.845882
780.0000      -31044.612708
784.0000      -30938.671718
788.0000      -30818.305633
792.0000      -30753.507705
796.0000      -30824.964810
800.0000      -30756.524003
804.0000      -30583.883441
808.0000      -30905.560578
812.0000      -30930.738107
816.0000      -30753.910085
820.0000      -30582.877005
824.0000      -30908.445627
828.0000      -31009.700860
832.0000      -30887.188679
836.0000      -30836.190320
840.0000      -30865.453678
844.0000      -30892.543407
848.0000      -30710.374725
852.0000      -30853.184966
856.0000      -30899.781964
860.0000      -30857.163672
864.0000      -30956.346224
868.0000      -30895.407783
872.0000      -30862.599918
876.0000      -30874.751320
880.0000      -30837.075723
884.0000      -30907.804301
888.0000      -30989.114977
892.0000      -30897.630466
896.0000      -30827.759208
900.0000      -30837.222884
904.0000      -30808.110362
908.0000      -30775.756106
912.0000      -30911.825209
916.0000      -30938.962278
920.0000      -30802.587976
924.0000      -30860.252307
928.0000      -30761.340558
932.0000      -30885.762675
936.0000      -31000.850963
940.0000      -31038.100309
944.0000      -30886.238352
948.0000      -30736.619478
952.0000      -30845.970190
956.0000      -30842.933682
960.0000      -30836.320796
964.0000      -30703.640771
968.0000      -30877.919780
972.0000      -30922.528422
976.0000      -30973.929809
980.0000      -30864.017208
984.0000      -30949.178015
988.0000      -30989.067353
992.0000      -30861.430857
996.0000      -30883.583563
1000.0000      -30953.032405
1004.0000      -30819.372561
1008.0000      -30822.629623
1012.0000      -30788.799079
1016.0000      -30850.911554
1020.0000      -30678.166855
1024.0000      -30877.078463
1028.0000      -30979.425670
1032.0000      -30880.620666
1036.0000      -30818.599537
1040.0000      -31057.420067
1044.0000      -31060.394499
1048.0000      -30940.108228
1052.0000      -30804.884204
1056.0000      -30799.094457
1060.0000      -30667.846748
1064.0000      -30817.476125
1068.0000      -30757.169231
1072.0000      -30859.657944
1076.0000      -30910.975449
1080.0000      -30834.562472
1084.0000      -30815.969206
1088.0000      -30880.470918
1092.0000      -30875.720924
1096.0000      -30770.146589
1100.0000      -30829.228386
1104.0000      -31100.588090
1108.0000      -31025.162406
1112.0000      -30863.824409
1116.0000      -30875.148727
1120.0000      -30928.866969
1124.0000      -30836.088952
1128.0000      -30881.538112
1132.0000      -30841.416049
1136.0000      -30859.318455
1140.0000      -30830.457573
1144.0000      -30853.529651
1148.0000      -30897.437507
1152.0000      -30803.589900
1156.0000      -30845.016721
1160.0000      -30789.450124
1164.0000      -30667.050832
1168.0000      -30795.723095
1172.0000      -30984.772567
1176.0000      -30858.423013
1180.0000      -30964.783563
1184.0000      -30820.544592
1188.0000      -30840.055487
1192.0000      -30762.090337
1196.0000      -30894.973099
1200.0000      -30796.987638
1204.0000      -30995.955297
1208.0000      -31004.111568
1212.0000      -30999.041291
1216.0000      -30841.780630
1220.0000      -30950.326053
1224.0000      -30866.358873
1228.0000      -30954.071187
1232.0000      -30832.158235
1236.0000      -30741.201646
1240.0000      -31013.105488
1244.0000      -30892.602635
1248.0000      -30662.578538
1252.0000      -30900.907543
1256.0000      -30894.857141
1260.0000      -30974.219551
1264.0000      -30821.872368
1268.0000      -30884.720751
1272.0000      -30966.543870
1276.0000      -30770.168944
1280.0000      -30871.710326
1284.0000      -30858.971308
1288.0000      -30783.420555
1292.0000      -30882.900237
1296.0000      -30820.003353
1300.0000      -30997.977878
1304.0000      -30725.599668
1308.0000      -30862.880269
1312.0000      -30965.508717
1316.0000      -30845.288861
1320.0000      -30785.356085
1324.0000      -30830.124559
1328.0000      -30833.162404
1332.0000      -30592.427179
1336.0000      -31025.802973
1340.0000      -30884.577905
1344.0000      -30763.423477
1348.0000      -30898.707785
1352.0000      -30860.381838
1356.0000      -30872.497147
1360.0000      -30853.653987
1364.0000      -30953.697253
1368.0000      -30939.965281
1372.0000      -30953.661369
1376.0000      -30840.345400
1380.0000      -30753.086751
1384.0000      -30925.984237
1388.0000      -30826.457535
1392.0000      -30892.372628
1396.0000      -30870.538715
1400.0000      -30946.010909
1404.0000      -30818.757122
1408.0000      -30837.364328
1412.0000      -30876.762694
1416.0000      -30931.866083
1420.0000      -30956.310934
1424.0000      -30844.761317
1428.0000      -30776.818808
1432.0000      -30945.844030
1436.0000      -31152.210567
1440.0000      -31021.097192
1444.0000      -30946.308279
1448.0000      -30871.863815
1452.0000      -30876.667670
1456.0000      -30769.259249
1460.0000      -30805.016922
1464.0000      -30851.030764
1468.0000      -30826.463327
1472.0000      -31021.759190
1476.0000      -30805.800408
1480.0000      -30831.470013
1484.0000      -30876.914172
1488.0000      -30891.665415
1492.0000      -30882.084299
1496.0000      -31006.240864
1500.0000      -30863.566992
1504.0000      -30711.664723
1508.0000      -30998.021872
1512.0000      -30935.413768
1516.0000      -30880.288327
1520.0000      -30893.625841
1524.0000      -30722.241126
1528.0000      -31010.819629
1532.0000      -30865.492850
1536.0000      -30914.266032
1540.0000      -30907.074639
1544.0000      -31031.772918
1548.0000      -31084.043982
1552.0000      -30905.041913
1556.0000      -30828.904122
1560.0000      -30756.228128
1564.0000      -30745.889713
1568.0000      -30885.108765
1572.0000      -30876.348710
1576.0000      -30922.365092
1580.0000      -30800.710182
1584.0000      -30888.424835
1588.0000      -30885.033095
1592.0000      -30889.350272
1596.0000      -30934.975835
1600.0000      -30962.513304
1604.0000      -30758.568102
1608.0000      -31084.744332
1612.0000      -30967.933624
1616.0000      -31028.176155
1620.0000      -30829.376719
1624.0000      -30828.199546
1628.0000      -30651.206474
1632.0000      -30901.431411
1636.0000      -30813.166548
1640.0000      -30841.364488
1644.0000      -30940.252916
1648.0000      -30838.141612
1652.0000      -30919.309008
1656.0000      -30793.319543
1660.0000      -30974.169167
1664.0000      -30653.532458
1668.0000      -30811.938929
1672.0000      -30822.657159
1676.0000      -30793.351149
1680.0000      -31076.028924
1684.0000      -30718.783150
1688.0000      -30803.593604
1692.0000      -31020.546536
1696.0000      -30806.652171
1700.0000      -30979.571049
1704.0000      -30884.695940
1708.0000      -30931.823965
1712.0000      -30893.164354
1716.0000      -30908.627500
1720.0000      -30819.506933
1724.0000      -30775.970869
1728.0000      -30779.216427
1732.0000      -30798.713628
1736.0000      -31033.213054
1740.0000      -30986.047249
1744.0000      -30964.814380
1748.0000      -31039.353378
1752.0000      -30863.343167
1756.0000      -30842.347936
1760.0000      -30885.345665
1764.0000      -30991.463890
1768.0000      -30939.313368
1772.0000      -30809.354821
1776.0000      -30756.953005
1780.0000      -30976.433108
1784.0000      -31030.208559
1788.0000      -30718.792366
1792.0000      -30826.154413
1796.0000      -30827.268338
1800.0000      -30924.831893
1804.0000      -31067.762225
1808.0000      -30953.572646
1812.0000      -30890.955975
1816.0000      -30896.732832
1820.0000      -30793.355413
1824.0000      -30870.352254
1828.0000      -30907.627242
1832.0000      -30793.908700
1836.0000      -30849.030824
1840.0000      -30872.756055
1844.0000      -30843.803945
1848.0000      -30893.533192
1852.0000      -30885.894660
1856.0000      -30858.254953
1860.0000      -30896.954092
1864.0000      -30957.968086
1868.0000      -30981.208541
1872.0000      -30994.117777
1876.0000      -30993.731293
1880.0000      -30932.027171
1884.0000      -30931.177740
1888.0000      -30724.617473
1892.0000      -30833.482522
1896.0000      -30819.836251
1900.0000      -30687.876810
1904.0000      -30746.719584
1908.0000      -30819.312768
1912.0000      -30969.015258
1916.0000      -30922.192125
1920.0000      -30984.560199
1924.0000      -30881.856542
1928.0000      -30775.023006
1932.0000      -30865.031412
1936.0000      -30945.554844
1940.0000      -31011.073206
1944.0000      -30976.551099
1948.0000      -30778.590857
1952.0000      -30965.518160
1956.0000      -30732.271845
1960.0000      -30907.705348
1964.0000      -30677.262595
1968.0000      -30867.708160
1972.0000      -30715.906779
1976.0000      -30921.701385
1980.0000      -30910.927949
1984.0000      -30735.010801
1988.0000      -30945.507078
1992.0000      -30942.890636
1996.0000      -30771.006013
2000.0000      -30888.618327
2004.0000      -31041.874365
2008.0000      -30912.028121
2012.0000      -30787.104519
2016.0000      -30894.403119
2020.0000      -30893.440845
2024.0000      -30788.035867
2028.0000      -30756.463229
2032.0000      -30799.384920
2036.0000      -30918.739190
2040.0000      -30793.655881
2044.0000      -30684.637357
2048.0000      -30762.460418
2052.0000      -30874.865416
2056.0000      -30830.977454
2060.0000      -30942.309407
2064.0000      -30725.414760
2068.0000      -30921.900385
2072.0000      -30798.689364
2076.0000      -30944.686202
2080.0000      -30900.838051
2084.0000      -30861.370501
2088.0000      -30994.030158
2092.0000      -30780.716941
2096.0000      -30970.348951
2100.0000      -30862.114698
2104.0000      -30784.190330
2108.0000      -30904.622579
2112.0000      -31088.152709
2116.0000      -31062.576245
2120.0000      -30925.283566
2124.0000      -30819.368434
2128.0000      -30964.762278
2132.0000      -30844.505846
2136.0000      -30791.482463
2140.0000      -30830.850771
2144.0000      -30859.199977
2148.0000      -30895.147101
2152.0000      -30770.375560
2156.0000      -31006.017716
2160.0000      -31064.963026
2164.0000      -31080.474175
2168.0000      -30892.764278
2172.0000      -30951.643310
2176.0000      -30975.742652
2180.0000      -30862.637495
2184.0000      -30800.651367
2188.0000      -30887.047839
2192.0000      -30905.408530
2196.0000      -30850.947451
2200.0000      -30866.765145
2204.0000      -30942.143456
2208.0000      -30809.331486
2212.0000      -30827.640146
2216.0000      -30944.432081
2220.0000      -30899.748411
2224.0000      -30841.954890
2228.0000      -31010.637084
2232.0000      -30857.317109
2236.0000      -30842.105874
2240.0000      -31031.012810
2244.0000      -30965.290129
2248.0000      -30855.282970
2252.0000      -30845.781977
2256.0000      -30913.340643
2260.0000      -30750.202146
2264.0000      -30934.726189
2268.0000      -30783.944816
2272.0000      -30914.692136
2276.0000      -30869.467098
2280.0000      -30887.074056
2284.0000      -30811.216532
2288.0000      -30937.720774
2292.0000      -30933.366664
2296.0000      -30717.683540
2300.0000      -30872.281574
2304.0000      -30977.400421
2308.0000      -30781.745914
2312.0000      -30870.396179
2316.0000      -30565.060970
2320.0000      -30810.847992
2324.0000      -30875.912398
2328.0000      -30826.912305
2332.0000      -31028.891850
2336.0000      -30819.155154
2340.0000      -30830.797072
2344.0000      -30881.475480
2348.0000      -30785.917729
2352.0000      -30873.144752
2356.0000      -31050.120699
2360.0000      -30972.679199
2364.0000      -30843.674119
2368.0000      -30805.922446
2372.0000      -30942.148355
2376.0000      -31074.412426
2380.0000      -30773.575325
2384.0000      -30605.802622
2388.0000      -30710.699041
2392.0000      -30838.332006
2396.0000      -30890.619136
2400.0000      -30930.566744
2404.0000      -30852.599362
2408.0000      -30859.577321
2412.0000      -30882.481726
2416.0000      -30888.857767
2420.0000      -30835.923522
2424.0000      -30780.146135
2428.0000      -30861.007581
2432.0000      -30753.503796
2436.0000      -30691.850546
2440.0000      -30846.067751
2444.0000      -30993.324707
2448.0000      -31031.820714
2452.0000      -30666.849476
2456.0000      -30944.106124
2460.0000      -30929.872141
2464.0000      -30693.182937
2468.0000      -30779.650013
2472.0000      -30734.827841
2476.0000      -30881.693202
2480.0000      -30782.441128
2484.0000      -30874.544366
2488.0000      -30886.025719
2492.0000      -31069.686647
2496.0000      -30868.304862
2500.0000      -30980.878512
2504.0000      -30847.341018
2508.0000      -30883.977887
2512.0000      -30880.826248
2516.0000      -30904.519661
2520.0000      -30928.567002
2524.0000      -30835.198074
2528.0000      -30853.109236
2532.0000      -30907.924661
2536.0000      -30706.251924
2540.0000      -30900.312380
2544.0000      -30852.045787
2548.0000      -30903.114927
2552.0000      -30774.468889
2556.0000      -30824.385438
2560.0000      -30957.816861
2564.0000      -30842.430218
2568.0000      -30850.111814
2572.0000      -30889.974419
2576.0000      -30763.840001
2580.0000      -30718.163154
2584.0000      -30688.676032
2588.0000      -30917.594966
2592.0000      -30945.775291
2596.0000      -31086.589434
2600.0000      -30915.377222
2604.0000      -30764.630693
2608.0000      -30769.172613
2612.0000      -30912.935439
2616.0000      -30872.502398
2620.0000      -30889.131788
2624.0000      -30785.253867
2628.0000      -30896.107824
2632.0000      -30812.900417
2636.0000      -30943.733082
2640.0000      -30880.188303
2644.0000      -30862.982886
2648.0000      -30827.249151
2652.0000      -30777.522480
2656.0000      -30838.097452
2660.0000      -30831.685594
2664.0000      -30878.214252
2668.0000      -31015.423487
2672.0000      -30882.217891
2676.0000      -30724.223482
2680.0000      -30916.011985
2684.0000      -30990.603355
2688.0000      -30715.687226
2692.0000      -30786.516328
2696.0000      -30655.474110
2700.0000      -30733.712912
2704.0000      -30823.641592
2708.0000      -30832.515025
2712.0000      -30779.184681
2716.0000      -30901.036829
2720.0000      -30871.561744
2724.0000      -30890.528850
2728.0000      -30975.079993
2732.0000      -30868.957041
2736.0000      -30693.148670
2740.0000      -30968.159457
2744.0000      -30869.808895
2748.0000      -30907.083637
2752.0000      -30853.494510
2756.0000      -30980.819752
2760.0000      -30820.293679
2764.0000      -30785.479530
2768.0000      -30743.597222
2772.0000      -30732.623957
2776.0000      -30830.230029
2780.0000      -30829.503448
2784.0000      -30830.714411
2788.0000      -30736.656464
2792.0000      -30970.891718
2796.0000      -30921.263579
2800.0000      -30969.101801
2804.0000      -30860.554588
2808.0000      -30748.672767
2812.0000      -30819.949089
2816.0000      -30939.758016
2820.0000      -31085.757705
2824.0000      -30739.318874
2828.0000      -30912.163837
2832.0000      -30791.230545
2836.0000      -30867.918279
2840.0000      -30763.060979
2844.0000      -31074.074382
2848.0000      -30962.920485
2852.0000      -31048.153248
2856.0000      -30808.909932
2860.0000      -30815.382661
2864.0000      -30895.039516
2868.0000      -30865.198821
2872.0000      -30798.977416
2876.0000      -30913.641940
2880.0000      -30807.980436
2884.0000      -31003.132211
2888.0000      -30904.210265
2892.0000      -30985.780321
2896.0000      -30870.373697
2900.0000      -30946.331156
2904.0000      -30787.482410
2908.0000      -30790.083374
2912.0000      -31073.283577
2916.0000      -30804.976756
2920.0000      -30790.854724
2924.0000      -30893.936424
2928.0000      -30850.501294
2932.0000      -30894.445283
2936.0000      -30825.998447
2940.0000      -30947.596208
2944.0000      -30827.351474
2948.0000      -30984.380155
2952.0000      -30859.883923
2956.0000      -30788.037466
2960.0000      -30784.618304
2964.0000      -30683.874545
2968.0000      -30753.384037
2972.0000      -30836.971041
2976.0000      -30982.689360
2980.0000      -30800.022607
2984.0000      -30738.509230
2988.0000      -30816.827145
2992.0000      -30921.686651
2996.0000      -30880.980104
3000.0000      -30896.882471
3004.0000      -30929.654803
3008.0000      -30805.593834
3012.0000      -30744.237066
3016.0000      -30837.829450
3020.0000      -30885.827764
3024.0000      -30905.059007
3028.0000      -30895.401521
3032.0000      -30963.077185
3036.0000      -30842.512369
3040.0000      -30904.005255
3044.0000      -30980.604394
3048.0000      -30799.830075
3052.0000      -31080.026680
3056.0000      -30822.570822
3060.0000      -30915.640691
3064.0000      -30856.589428
3068.0000      -30861.065609
3072.0000      -30864.524645
3076.0000      -30784.090358
3080.0000      -30910.675877
3084.0000      -30851.820627
3088.0000      -30914.066818
3092.0000      -30808.051329
3096.0000      -30895.708399
3100.0000      -30998.814432
3104.0000      -30821.895962
3108.0000      -30863.281780
3112.0000      -30728.014675
3116.0000      -30783.166301
3120.0000      -30837.079704
3124.0000      -30759.701942
3128.0000      -30790.026226
3132.0000      -30798.006927
3136.0000      -30842.011182
3140.0000      -30887.735616
3144.0000      -30942.504809
3148.0000      -30759.348254
3152.0000      -30946.569990
3156.0000      -30879.857848
3160.0000      -30918.709287
3164.0000      -30881.508992
3168.0000      -30957.628794
3172.0000      -30885.898834
3176.0000      -30894.356207
3180.0000      -30824.891766
3184.0000      -30731.684251
3188.0000      -30721.300699
3192.0000      -30985.295251
3196.0000      -30861.827345
3200.0000      -30841.272032
3204.0000      -31003.100809
3208.0000      -30828.517342
3212.0000      -30851.215666
3216.0000      -30674.434776
3220.0000      -31015.315938
3224.0000      -30876.613989
3228.0000      -30806.555625
3232.0000      -30856.998216
3236.0000      -30861.527169
3240.0000      -30816.883519
3244.0000      -31003.339072
3248.0000      -30748.235868
3252.0000      -30788.913898
3256.0000      -30893.886020
3260.0000      -30846.079472
3264.0000      -30838.375450
3268.0000      -30691.859523
3272.0000      -31080.481961
3276.0000      -31075.906036
3280.0000      -30922.035269
3284.0000      -30927.747967
3288.0000      -30757.642839
3292.0000      -30839.335459
3296.0000      -30760.966467
3300.0000      -30851.545075
3304.0000      -30968.593537
3308.0000      -30866.397291
3312.0000      -30813.334841
3316.0000      -30967.635336
3320.0000      -30928.812187
3324.0000      -30817.443762
3328.0000      -31028.061649
3332.0000      -30926.013520
3336.0000      -30979.679416
3340.0000      -30907.368616
3344.0000      -30863.767242
3348.0000      -30930.618216
3352.0000      -30994.509833
3356.0000      -30854.798780
3360.0000      -30945.918711
3364.0000      -30932.540271
3368.0000      -30832.471448
3372.0000      -30794.025273
3376.0000      -30958.250071
3380.0000      -30979.016062
3384.0000      -30924.991712
3388.0000      -30935.317764
3392.0000      -30901.434409
3396.0000      -30963.584162
3400.0000      -30749.733599
3404.0000      -30924.715601
3408.0000      -30688.188146
3412.0000      -30841.167201
3416.0000      -30859.040515
3420.0000      -30964.437548
3424.0000      -30885.273491
3428.0000      -30815.244407
3432.0000      -30747.735204
3436.0000      -30832.056821
3440.0000      -30833.967080
3444.0000      -30894.522034
3448.0000      -30748.577605
3452.0000      -30848.750174
3456.0000      -30788.239393
3460.0000      -31016.472090
3464.0000      -30881.191522
3468.0000      -30848.867449
3472.0000      -30936.081184
3476.0000      -30989.310809
3480.0000      -30763.117049
3484.0000      -30765.543595
3488.0000      -30823.913522
3492.0000      -30782.938792
3496.0000      -30818.861622
3500.0000      -30797.226286
3504.0000      -30820.518080
3508.0000      -30732.906385
3512.0000      -30989.833540
3516.0000      -30763.517715
3520.0000      -30877.081288
3524.0000      -30887.722161
3528.0000      -30881.734146
3532.0000      -30777.675636
3536.0000      -31026.035517
3540.0000      -30849.362401
3544.0000      -30994.104918
3548.0000      -30861.729919
3552.0000      -30838.683948
3556.0000      -30785.391925
3560.0000      -30863.416159
3564.0000      -30853.820841
3568.0000      -31141.402957
3572.0000      -30958.055779
3576.0000      -30803.958853
3580.0000      -30880.420029
3584.0000      -30797.604224
3588.0000      -30789.113054
3592.0000      -30692.254752
3596.0000      -30896.708210
3600.0000      -30765.253994
3604.0000      -30802.678627
3608.0000      -31012.143510
3612.0000      -30851.951415
3616.0000      -30791.878804
3620.0000      -30824.108015
3624.0000      -30818.277590
3628.0000      -30757.883240
3632.0000      -30894.533310
3636.0000      -30987.745791
3640.0000      -30799.354815
3644.0000      -30834.389625
3648.0000      -30784.447825
3652.0000      -30990.597567
3656.0000      -30907.537135
3660.0000      -30948.194418
3664.0000      -31077.053797
3668.0000      -30773.748839
3672.0000      -30583.220318
3676.0000      -30927.385801
3680.0000      -30806.567960
3684.0000      -30909.899391
3688.0000      -30758.603507
3692.0000      -30768.785082
3696.0000      -30767.713263
3700.0000      -30882.865549
3704.0000      -31077.456105
3708.0000      -30745.575151
3712.0000      -30947.905671
3716.0000      -31099.321407
3720.0000      -30856.887572
3724.0000      -30880.770794
3728.0000      -30804.326849
3732.0000      -30814.915975
3736.0000      -30816.405229
3740.0000      -30832.298535
3744.0000      -31057.583403
3748.0000      -30719.029453
3752.0000      -31066.480002
3756.0000      -31020.523223
3760.0000      -30980.876300
3764.0000      -30904.359806
3768.0000      -30971.083246
3772.0000      -30980.124388
3776.0000      -30869.676470
3780.0000      -30971.663968
3784.0000      -30967.620561
3788.0000      -30834.360379
3792.0000      -30814.520445
3796.0000      -30746.655647
3800.0000      -30853.170812
3804.0000      -30698.064062
3808.0000      -30912.132033
3812.0000      -30789.223822
3816.0000      -30917.841759
3820.0000      -30962.565171
3824.0000      -30756.223603
3828.0000      -30824.027532
3832.0000      -30976.228786
3836.0000      -30950.406816
3840.0000      -30987.571388
3844.0000      -30948.310127
3848.0000      -30906.761782
3852.0000      -31194.622510
3856.0000      -30981.288787
3860.0000      -30859.665059
3864.0000      -30927.392304
3868.0000      -30889.236142
3872.0000      -30858.432416
3876.0000      -30806.024342
3880.0000      -30810.510128
3884.0000      -30858.277640
3888.0000      -30896.143071
3892.0000      -31054.209421
3896.0000      -30928.744722
3900.0000      -30713.603250
3904.0000      -30912.760082
3908.0000      -30979.278178
3912.0000      -30956.143784
3916.0000      -30815.958748
3920.0000      -30736.545934
3924.0000      -30818.667193
3928.0000      -30721.118153
3932.0000      -30847.814829
3936.0000      -30763.129677
3940.0000      -30735.054938
3944.0000      -30900.973188
3948.0000      -30856.177526
3952.0000      -30760.899424
3956.0000      -30800.609322
3960.0000      -30751.047873
3964.0000      -30676.616497
3968.0000      -30802.025874
3972.0000      -30922.808769
3976.0000      -30906.657658
3980.0000      -30927.999375
3984.0000      -31025.614781
3988.0000      -30844.968597
3992.0000      -30905.923098
3996.0000      -31033.662431
4000.0000      -30867.484506
4004.0000      -30867.484506
