4.0000     -731873.879825
8.0000     -732360.379168
12.0000     -731671.414331
16.0000     -732524.975788
20.0000     -733372.849881
24.0000     -733134.674612
28.0000     -732819.549475
32.0000     -732413.013984
36.0000     -732779.226825
40.0000     -733258.695272
44.0000     -732518.612752
48.0000     -732869.630654
52.0000     -732866.992998
56.0000     -732420.146772
60.0000     -733030.470658
64.0000     -732415.830344
68.0000     -732493.698711
72.0000     -733028.411486
76.0000     -732921.976271
80.0000     -732969.021935
84.0000     -732165.935346
88.0000     -732552.922430
92.0000     -732695.946884
96.0000     -732832.995429
100.0000     -732888.582981
104.0000     -732677.249011
108.0000     -732900.600972
112.0000     -733030.084758
116.0000     -733011.104776
120.0000     -733562.980340
124.0000     -733648.811597
128.0000     -733437.746480
132.0000     -732508.081067
136.0000     -733072.650791
140.0000     -733193.144670
144.0000     -732510.506616
148.0000     -732223.544435
152.0000     -732570.889890
156.0000     -733696.992742
160.0000     -732809.596714
164.0000     -732578.360667
168.0000     -732467.792555
172.0000     -733334.775663
176.0000     -733886.464245
180.0000     -733288.917449
184.0000     -733152.475453
188.0000     -733833.194735
192.0000     -732645.011933
196.0000     -732874.606797
200.0000     -732548.226335
204.0000     -732766.211164
208.0000     -733639.621488
212.0000     -733249.589051
216.0000     -733349.961669
220.0000     -732229.077324
224.0000     -733471.022969
228.0000     -733153.773907
232.0000     -733035.569284
236.0000     -733106.827262
240.0000     -733520.310443
244.0000     -732843.516468
248.0000     -732665.347351
252.0000     -732938.832710
256.0000     -733801.051270
260.0000     -733330.763719
264.0000     -733392.578660
268.0000     -733551.861119
272.0000     -733011.775448
276.0000     -733029.645319
280.0000     -733119.051078
284.0000     -733398.550791
288.0000     -732734.538331
292.0000     -732678.654008
296.0000     -732515.852609
300.0000     -732296.408968
304.0000     -733539.967663
308.0000     -732693.159845
312.0000     -732543.502554
316.0000     -733272.014364
320.0000     -732703.384369
324.0000     -732350.093549
328.0000     -732984.304954
332.0000     -733138.208650
336.0000     -733300.018861
340.0000     -733762.758495
344.0000     -733180.554380
348.0000     -732960.514651
352.0000     -732773.404444
356.0000     -732571.329039
360.0000     -732600.501185
364.0000     -732832.732797
368.0000     -732033.649077
372.0000     -732157.366143
376.0000     -733303.235704
380.0000     -732867.053626
384.0000     -733316.436640
388.0000     -733642.514286
392.0000     -733333.090695
396.0000     -733377.110722
400.0000     -733229.724677
404.0000     -732620.835547
408.0000     -732720.610582
412.0000     -733644.806777
416.0000     -733517.005721
420.0000     -732715.010596
424.0000     -733436.249529
428.0000     -733023.322507
432.0000     -732886.557171
436.0000     -733015.087128
440.0000     -732885.943162
444.0000     -733035.091691
448.0000     -732902.242331
452.0000     -733343.787565
456.0000     -733509.560624
460.0000     -732405.719230
464.0000     -733587.163282
468.0000     -732917.394922
472.0000     -733130.779421
476.0000     -733184.527797
480.0000     -733417.772052
484.0000     -734144.801775
488.0000     -733072.836945
492.0000     -732959.118779
496.0000     -733511.637729
500.0000     -733225.959967
504.0000     -732710.487109
508.0000     -733198.639661
512.0000     -732764.663678
516.0000     -732172.602913
520.0000     -733321.872946
524.0000     -732923.402838
528.0000     -733654.339334
532.0000     -733011.140011
536.0000     -732995.708036
540.0000     -732372.303218
544.0000     -732129.191719
548.0000     -732245.835105
552.0000     -731945.547917
556.0000     -732806.284939
560.0000     -733714.408872
564.0000     -733249.589190
568.0000     -733603.711874
572.0000     -733598.734989
576.0000     -732981.324670
580.0000     -733023.683452
584.0000     -733930.913257
588.0000     -733174.022554
592.0000     -733435.746136
596.0000     -732835.893099
600.0000     -732710.673731
604.0000     -733475.652055
608.0000     -733312.090859
612.0000     -733501.775452
616.0000     -732792.683720
620.0000     -733645.691475
624.0000     -733071.640115
628.0000     -733512.994348
632.0000     -732851.589841
636.0000     -734010.839186
640.0000     -733079.091612
644.0000     -733280.164157
648.0000     -733629.744841
652.0000     -734552.265929
656.0000     -733653.622067
660.0000     -733034.418343
664.0000     -733246.919245
668.0000     -733654.923079
672.0000     -733570.314904
676.0000     -733382.636204
680.0000     -732435.920710
684.0000     -734407.964322
688.0000     -733181.689655
692.0000     -733258.251252
696.0000     -732957.183628
700.0000     -733340.865656
704.0000     -733499.666533
708.0000     -733100.032609
712.0000     -733185.163392
716.0000     -733147.420799
720.0000     -733957.164558
724.0000     -733218.129225
728.0000     -733642.583925
732.0000     -733123.083369
736.0000     -733526.899217
740.0000     -733617.517568
744.0000     -733731.159611
748.0000     -733877.745822
752.0000     -733404.023386
756.0000     -733668.713851
760.0000     -733342.778761
764.0000     -733432.686822
768.0000     -733371.656313
772.0000     -733340.913977
776.0000     -733251.811581
780.0000     -734138.047006
784.0000     -733206.669408
788.0000     -733736.685493
792.0000     -733643.297278
796.0000     -733086.731072
800.0000     -731989.240894
804.0000     -732774.845958
808.0000     -733163.386574
812.0000     -733198.420065
816.0000     -733291.575409
820.0000     -732380.815575
824.0000     -732801.416030
828.0000     -733223.827146
832.0000     -733323.568181
836.0000     -732796.118295
840.0000     -733002.795792
844.0000     -732666.888933
848.0000     -732681.610117
852.0000     -733207.863266
856.0000     -733451.821582
860.0000     -733210.394824
864.0000     -733231.526886
868.0000     -733370.221318
872.0000     -733449.844236
876.0000     -733013.344737
880.0000     -733451.246466
884.0000     -732951.161138
888.0000     -733121.365217
892.0000     -733237.518301
896.0000     -733594.893063
900.0000     -733031.221621
904.0000     -733444.849527
908.0000     -733025.827992
912.0000     -734017.121301
916.0000     -732943.528731
920.0000     -732099.472988
924.0000     -733326.450142
928.0000     -732884.464936
932.0000     -732721.552705
936.0000     -732774.951870
940.0000     -733377.661665
944.0000     -732947.631193
948.0000     -733512.384632
952.0000     -733076.412665
956.0000     -733357.784461
960.0000     -733084.191341
964.0000     -732722.109102
968.0000     -732976.729328
972.0000     -733571.921514
976.0000     -733560.422331
980.0000     -733464.773437
984.0000     -733090.113187
988.0000     -732812.968861
992.0000     -732890.601068
996.0000     -732970.507631
1000.0000     -733333.700980
1004.0000     -733757.743035
1008.0000     -733721.906012
1012.0000     -734079.465265
1016.0000     -733615.372289
1020.0000     -734069.293787
1024.0000     -732938.085460
1028.0000     -733460.430108
1032.0000     -733859.373713
1036.0000     -733550.399819
1040.0000     -734365.652842
1044.0000     -733064.294148
1048.0000     -733604.357063
1052.0000     -733448.322320
1056.0000     -733311.084891
1060.0000     -733078.510497
1064.0000     -733123.355339
1068.0000     -733659.785362
1072.0000     -733062.741704
1076.0000     -733371.464264
1080.0000     -733068.968330
1084.0000     -733096.353093
1088.0000     -733146.492161
1092.0000     -733351.420309
1096.0000     -733510.146459
1100.0000     -733432.776081
1104.0000     -733311.927569
1108.0000     -733333.464519
1112.0000     -733374.524055
1116.0000     -733620.233476
1120.0000     -733955.606319
1124.0000     -732931.298472
1128.0000     -733170.645180
1132.0000     -733463.890950
1136.0000     -733699.244473
1140.0000     -733836.569420
1144.0000     -733605.583400
1148.0000     -734270.427841
1152.0000     -733190.421238
1156.0000     -733333.238658
1160.0000     -732674.756067
1164.0000     -733177.387890
1168.0000     -732946.466894
1172.0000     -733383.325376
1176.0000     -732838.291513
1180.0000     -733682.777238
1184.0000     -733064.350327
1188.0000     -733360.472751
1192.0000     -733049.696223
1196.0000     -732967.468530
1200.0000     -733315.892369
1204.0000     -733590.974192
1208.0000     -733862.243612
1212.0000     -733318.659165
1216.0000     -733400.212157
1220.0000     -733298.339688
1224.0000     -734008.425245
1228.0000     -733331.570182
1232.0000     -733436.263805
1236.0000     -733812.066525
1240.0000     -733913.426875
1244.0000     -733745.634548
1248.0000     -732901.276230
1252.0000     -732856.804447
1256.0000     -732777.542301
1260.0000     -733154.156424
1264.0000     -733321.195691
1268.0000     -733581.210143
1272.0000     -733331.730148
1276.0000     -732718.971893
1280.0000     -733211.924050
1284.0000     -733581.031798
1288.0000     -733637.098557
1292.0000     -733828.044122
1296.0000     -733111.190655
1300.0000     -733170.774758
1304.0000     -733941.028882
1308.0000     -732906.242630
1312.0000     -733464.384690
1316.0000     -732689.744602
1320.0000     -733561.297691
1324.0000     -733381.125038
1328.0000     -732643.776783
1332.0000     -733186.565998
1336.0000     -733160.050791
1340.0000     -732643.837308
1344.0000     -733418.249236
1348.0000     -733349.001733
1352.0000     -733974.980068
1356.0000     -733664.205065
1360.0000     -733022.332302
1364.0000     -734902.915361
1368.0000     -733864.460102
1372.0000     -733155.989826
1376.0000     -733080.629090
1380.0000     -733499.585302
1384.0000     -733442.531904
1388.0000     -733454.714298
1392.0000     -733565.425036
1396.0000     -732237.917532
1400.0000     -733222.071014
1404.0000     -733600.557054
1408.0000     -732455.941591
1412.0000     -733393.640345
1416.0000     -733310.131245
1420.0000     -733025.050426
1424.0000     -733140.794323
1428.0000     -733039.092834
1432.0000     -733286.549406
1436.0000     -734308.287975
1440.0000     -733878.823335
1444.0000     -733244.778556
1448.0000     -733108.636818
1452.0000     -733476.263596
1456.0000     -733273.380717
1460.0000     -733808.153121
1464.0000     -733647.297985
1468.0000     -732971.564869
1472.0000     -733226.250890
1476.0000     -733297.445608
1480.0000     -733425.079955
1484.0000     -733269.402922
1488.0000     -733301.057630
1492.0000     -733893.121456
1496.0000     -733901.515641
1500.0000     -732954.443502
1504.0000     -733552.023758
1508.0000     -733006.443889
1512.0000     -732613.050578
1516.0000     -734346.461606
1520.0000     -733115.105269
1524.0000     -732997.619935
1528.0000     -733914.352313
1532.0000     -732803.487962
1536.0000     -732734.949704
1540.0000     -733034.632667
1544.0000     -733827.282845
1548.0000     -732929.826443
1552.0000     -732952.279352
1556.0000     -733773.374711
1560.0000     -733487.786507
1564.0000     -734000.719374
1568.0000     -733628.245511
1572.0000     -733229.297377
1576.0000     -732953.281340
1580.0000     -734182.843991
1584.0000     -734080.268378
1588.0000     -733838.162620
1592.0000     -732975.732193
1596.0000     -732872.978490
1600.0000     -733458.228188
1604.0000     -733057.431964
1608.0000     -733210.468684
1612.0000     -733673.711274
1616.0000     -733372.257491
1620.0000     -732997.150926
1624.0000     -733441.741029
1628.0000     -733212.367426
1632.0000     -733577.251499
1636.0000     -732969.258786
1640.0000     -733936.163621
1644.0000     -732751.240862
1648.0000     -733358.712519
1652.0000     -733090.961942
1656.0000     -733152.971950
1660.0000     -732978.618383
1664.0000     -732784.395610
1668.0000     -732548.501664
1672.0000     -733141.176817
1676.0000     -733713.729585
1680.0000     -732690.527358
1684.0000     -733382.491873
1688.0000     -733988.266706
1692.0000     -733284.600249
1696.0000     -733729.469212
1700.0000     -733864.714661
1704.0000     -733895.101399
1708.0000     -733556.642889
1712.0000     -733055.582721
1716.0000     -732959.280206
1720.0000     -733184.603327
1724.0000     -733786.470103
1728.0000     -732898.354363
1732.0000     -733036.752512
1736.0000     -733027.491016
1740.0000     -733832.994614
1744.0000     -733677.097494
1748.0000     -733415.704536
1752.0000     -733575.826599
1756.0000     -732868.382014
1760.0000     -733125.372152
1764.0000     -732509.325894
1768.0000     -733514.152496
1772.0000     -733632.479851
1776.0000     -733014.696036
1780.0000     -733963.947386
1784.0000     -733972.448824
1788.0000     -733560.655890
1792.0000     -733042.105389
1796.0000     -733914.387023
1800.0000     -733916.301612
1804.0000     -733637.929962
1808.0000     -733301.984376
1812.0000     -734022.792521
1816.0000     -733644.303457
1820.0000     -734164.643983
1824.0000     -732494.746127
1828.0000     -733406.229350
1832.0000     -733259.468768
1836.0000     -733413.170316
1840.0000     -733805.621502
1844.0000     -733207.455042
1848.0000     -732966.268192
1852.0000     -733384.906180
1856.0000     -732948.998597
1860.0000     -732544.659788
1864.0000     -733270.150183
1868.0000     -733864.063683
1872.0000     -733002.628921
1876.0000     -733077.655791
1880.0000     -733538.407644
1884.0000     -733991.510521
1888.0000     -734103.528171
1892.0000     -733775.159332
1896.0000     -733163.152880
1900.0000     -732241.036371
1904.0000     -733325.536370
1908.0000     -733170.491371
1912.0000     -732514.193453
1916.0000     -733099.673409
1920.0000     -733622.156847
1924.0000     -733969.271195
1928.0000     -732927.637523
1932.0000     -733213.579192
1936.0000     -733665.089034
1940.0000     -733778.379509
1944.0000     -733461.845152
1948.0000     -734601.236231
1952.0000     -733328.633161
1956.0000     -732944.503379
1960.0000     -733948.562825
1964.0000     -733993.985073
1968.0000     -733356.491457
1972.0000     -733182.132170
1976.0000     -734074.512534
1980.0000     -733767.150998
1984.0000     -734002.602000
1988.0000     -733683.199561
1992.0000     -733562.293311
1996.0000     -733130.222590
2000.0000     -733368.166309
2004.0000     -733537.195461
2008.0000     -734057.982422
2012.0000     -733963.615539
2016.0000     -732995.495923
2020.0000     -733826.281925
2024.0000     -733925.558547
2028.0000     -733439.477541
2032.0000     -734371.016329
2036.0000     -734527.977926
2040.0000     -734215.869555
2044.0000     -734314.882431
2048.0000     -733584.933194
2052.0000     -733720.811994
2056.0000     -733233.837208
2060.0000     -734579.072282
2064.0000     -734097.040386
2068.0000     -733906.134984
2072.0000     -732585.262957
2076.0000     -733360.151228
2080.0000     -733420.109389
2084.0000     -733243.021107
2088.0000     -733935.983757
2092.0000     -733580.572108
2096.0000     -733064.728761
2100.0000     -732399.410860
2104.0000     -733582.091769
2108.0000     -733651.643990
2112.0000     -732712.549378
2116.0000     -733250.243219
2120.0000     -733646.985748
2124.0000     -733662.631052
2128.0000     -733322.313706
2132.0000     -733795.932842
2136.0000     -733956.021987
2140.0000     -732857.531919
2144.0000     -733735.568977
2148.0000     -733284.078738
2152.0000     -733796.850152
2156.0000     -733678.775057
2160.0000     -733489.926558
2164.0000     -733390.389608
2168.0000     -733365.238128
2172.0000     -734446.603831
2176.0000     -733221.936259
2180.0000     -733640.586510
2184.0000     -734541.995945
2188.0000     -733194.935968
2192.0000     -734016.082858
2196.0000     -733194.383828
2200.0000     -733490.370263
2204.0000     -734186.945627
2208.0000     -732115.567985
2212.0000     -734325.747975
2216.0000     -733665.492208
2220.0000     -733665.670054
2224.0000     -733820.022658
2228.0000     -734623.647021
2232.0000     -733037.601257
2236.0000     -733964.174928
2240.0000     -734480.348777
2244.0000     -733948.760913
2248.0000     -733528.520216
2252.0000     -733761.757958
2256.0000     -732927.459377
2260.0000     -734226.136144
2264.0000     -733047.630014
2268.0000     -733708.129344
2272.0000     -734249.275089
2276.0000     -733460.079388
2280.0000     -733445.518153
2284.0000     -732280.265066
2288.0000     -733997.445886
2292.0000     -733631.728242
2296.0000     -732958.371109
2300.0000     -733132.338922
2304.0000     -733316.299118
2308.0000     -733399.433714
2312.0000     -734042.833510
2316.0000     -733495.774960
2320.0000     -733593.779618
2324.0000     -733994.157625
2328.0000     -733769.789243
2332.0000     -733637.461755
2336.0000     -733379.382807
2340.0000     -733834.475953
2344.0000     -733665.156223
2348.0000     -733142.453616
2352.0000     -733938.767922
2356.0000     -733683.550367
2360.0000     -733221.055140
2364.0000     -733769.935889
2368.0000     -733494.183186
2372.0000     -734055.270033
2376.0000     -734020.527514
2380.0000     -733859.084513
2384.0000     -734180.570099
2388.0000     -733900.812912
2392.0000     -734415.418659
2396.0000     -733245.796414
2400.0000     -733247.891079
2404.0000     -734243.931414
2408.0000     -734134.729406
2412.0000     -733197.449457
2416.0000     -733462.603981
2420.0000     -733720.349063
2424.0000     -734481.776264
2428.0000     -733342.829364
2432.0000     -733920.124575
2436.0000     -733994.347011
2440.0000     -733900.846233
2444.0000     -734217.629945
2448.0000     -733702.399831
2452.0000     -734005.545988
2456.0000     -734069.812107
2460.0000     -733217.252695
2464.0000     -733370.125790
2468.0000     -733840.530609
2472.0000     -734129.608509
2476.0000     -734497.671043
2480.0000     -733785.251156
2484.0000     -733653.332069
2488.0000     -733488.329601
2492.0000     -733925.116548
2496.0000     -734156.069739
2500.0000     -733928.313464
2504.0000     -733803.467939
2508.0000     -734852.440015
2512.0000     -734067.871206
2516.0000     -733359.977197
2520.0000     -733990.137303
2524.0000     -734336.321387
2528.0000     -734473.473265
2532.0000     -734252.612482
2536.0000     -733996.089175
2540.0000     -734007.759428
2544.0000     -733343.000926
2548.0000     -734139.708705
2552.0000     -733904.629060
2556.0000     -733544.189900
2560.0000     -733391.721152
2564.0000     -734269.911706
2568.0000     -734085.244906
2572.0000     -733635.524698
2576.0000     -733662.317886
2580.0000     -733595.773662
2584.0000     -733434.062123
2588.0000     -734125.150855
2592.0000     -733259.259657
2596.0000     -733986.105334
2600.0000     -733894.987819
2604.0000     -734155.451184
2608.0000     -733955.601758
2612.0000     -733294.001807
2616.0000     -733986.656442
2620.0000     -734831.569647
2624.0000     -733414.945465
2628.0000     -733650.120700
2632.0000     -733485.463470
2636.0000     -733393.271392
2640.0000     -733412.509410
2644.0000     -733903.001756
2648.0000     -733393.771942
2652.0000     -733325.045092
2656.0000     -733398.436974
2660.0000     -733756.700290
2664.0000     -732554.705083
2668.0000     -733184.977286
2672.0000     -733219.654004
2676.0000     -733291.652567
2680.0000     -733516.619714
2684.0000     -733638.247821
2688.0000     -732879.559837
2692.0000     -732874.426334
2696.0000     -733321.119177
2700.0000     -732589.256362
2704.0000     -733043.448309
2708.0000     -733178.448303
2712.0000     -733502.160828
2716.0000     -733964.084305
2720.0000     -733304.846659
2724.0000     -733917.892871
2728.0000     -734175.709537
2732.0000     -733979.222990
2736.0000     -734163.914043
2740.0000     -733333.369694
2744.0000     -734519.662111
2748.0000     -733367.619531
2752.0000     -734101.271890
2756.0000     -733087.519917
2760.0000     -734000.239117
2764.0000     -732973.860634
2768.0000     -732961.123005
2772.0000     -733125.411574
2776.0000     -733171.471800
2780.0000     -733362.576317
2784.0000     -733854.128155
2788.0000     -733948.317149
2792.0000     -733985.092957
2796.0000     -734158.060523
2800.0000     -734027.551484
2804.0000     -733514.778595
2808.0000     -733349.519470
2812.0000     -732715.065848
2816.0000     -733256.182889
2820.0000     -733073.956249
2824.0000     -732638.841689
2828.0000     -732913.761775
2832.0000     -733996.463255
2836.0000     -734405.022624
2840.0000     -733708.694910
2844.0000     -733725.968355
2848.0000     -733388.652993
2852.0000     -733563.519019
2856.0000     -733255.304530
2860.0000     -733166.530804
2864.0000     -733310.377665
2868.0000     -733060.251538
2872.0000     -733513.745671
2876.0000     -734711.667373
2880.0000     -733533.344238
2884.0000     -733714.632984
2888.0000     -733532.496298
2892.0000     -733790.834391
2896.0000     -734476.709088
2900.0000     -733252.454843
2904.0000     -733168.198992
2908.0000     -732902.941408
2912.0000     -734083.961295
2916.0000     -733110.201348
2920.0000     -733774.406730
2924.0000     -733603.716310
2928.0000     -733608.205994
2932.0000     -734281.287588
2936.0000     -733089.122988
2940.0000     -732616.810692
2944.0000     -734181.901696
2948.0000     -733128.371368
2952.0000     -733590.640983
2956.0000     -733596.236631
2960.0000     -733164.140936
2964.0000     -734077.032590
2968.0000     -733628.928935
2972.0000     -732989.921683
2976.0000     -734364.065518
2980.0000     -733084.602321
2984.0000     -733335.896985
2988.0000     -733115.479760
2992.0000     -733666.873173
2996.0000     -733478.315182
3000.0000     -733313.586170
3004.0000     -734017.987719
3008.0000     -733912.704378
3012.0000     -733161.715268
3016.0000     -733653.519553
3020.0000     -734009.510122
3024.0000     -734095.457817
3028.0000     -734076.140744
3032.0000     -733355.347111
3036.0000     -733094.284503
3040.0000     -734044.976746
3044.0000     -733702.865153
3048.0000     -733975.894516
3052.0000     -732489.095431
3056.0000     -734072.565609
3060.0000     -733952.230755
3064.0000     -733825.550031
3068.0000     -733215.526045
3072.0000     -732686.429870
3076.0000     -733636.347897
3080.0000     -734292.100140
3084.0000     -734065.307037
3088.0000     -734618.133528
3092.0000     -733609.446972
3096.0000     -733109.547583
3100.0000     -733225.681136
3104.0000     -734320.645323
3108.0000     -733943.705384
3112.0000     -734195.773478
3116.0000     -734055.430726
3120.0000     -733471.459394
3124.0000     -734224.668617
3128.0000     -733695.850827
3132.0000     -734178.192813
3136.0000     -734374.163698
3140.0000     -734165.905487
3144.0000     -732861.846503
3148.0000     -733278.474526
3152.0000     -733166.887631
3156.0000     -733800.066142
3160.0000     -733222.589686
3164.0000     -733796.392577
3168.0000     -733115.973460
3172.0000     -733303.868054
3176.0000     -734159.987175
3180.0000     -733314.424619
3184.0000     -733922.569172
3188.0000     -733589.424614
3192.0000     -733792.705377
3196.0000     -733994.504072
3200.0000     -734040.399454
3204.0000     -733109.341974
3208.0000     -733175.090938
3212.0000     -733861.298196
3216.0000     -732861.171961
3220.0000     -733350.517763
3224.0000     -733228.733442
3228.0000     -733496.827395
3232.0000     -734297.229485
3236.0000     -733989.983423
3240.0000     -733505.578248
3244.0000     -733553.444270
3248.0000     -733161.058438
3252.0000     -733542.311690
3256.0000     -733447.000102
3260.0000     -733532.720494
3264.0000     -734636.616658
3268.0000     -733843.681049
3272.0000     -733288.996420
3276.0000     -733543.601502
3280.0000     -733748.741513
3284.0000     -733814.839494
3288.0000     -733930.261908
3292.0000     -733739.231481
3296.0000     -733388.006226
3300.0000     -733504.890168
3304.0000     -733636.362048
3308.0000     -733502.529318
3312.0000     -733141.056379
3316.0000     -733703.308522
3320.0000     -733174.900626
3324.0000     -733131.556835
3328.0000     -733503.330866
3332.0000     -733327.968915
3336.0000     -732882.910910
3340.0000     -733036.530680
3344.0000     -733546.725447
3348.0000     -734319.505081
3352.0000     -733012.278416
3356.0000     -733240.222060
3360.0000     -733532.465655
3364.0000     -733331.381199
3368.0000     -733164.708446
3372.0000     -733545.269067
3376.0000     -733449.697216
3380.0000     -734048.262691
3384.0000     -733404.218447
3388.0000     -733414.040268
3392.0000     -733019.577007
3396.0000     -732931.459708
3400.0000     -733553.628026
3404.0000     -733985.664953
3408.0000     -733322.811855
3412.0000     -733916.442467
3416.0000     -733411.483734
3420.0000     -733741.456298
3424.0000     -733053.590690
3428.0000     -733148.813222
3432.0000     -732886.337079
3436.0000     -732917.499197
3440.0000     -733052.419582
3444.0000     -732854.331246
3448.0000     -734498.842059
3452.0000     -734724.482428
3456.0000     -733946.486808
3460.0000     -733222.690116
3464.0000     -733852.770630
3468.0000     -733728.049510
3472.0000     -733779.043838
3476.0000     -733976.258776
3480.0000     -733097.435588
3484.0000     -733930.465093
3488.0000     -733334.112982
3492.0000     -734091.118736
3496.0000     -734136.059694
3500.0000     -733451.916478
3504.0000     -734261.012279
3508.0000     -733007.479476
3512.0000     -733533.019963
3516.0000     -733668.259535
3520.0000     -733253.291298
3524.0000     -733718.218730
3528.0000     -733454.078896
3532.0000     -733400.810361
3536.0000     -733879.681033
3540.0000     -733054.065858
3544.0000     -733620.824388
3548.0000     -732929.099277
3552.0000     -733756.985018
3556.0000     -733657.778796
3560.0000     -733093.331793
3564.0000     -734309.405960
3568.0000     -733441.993524
3572.0000     -733883.237232
3576.0000     -732885.273031
3580.0000     -733269.672814
3584.0000     -733639.714231
3588.0000     -732750.330429
3592.0000     -733718.324002
3596.0000     -734536.599760
3600.0000     -733853.404003
3604.0000     -733104.160053
3608.0000     -733831.831899
3612.0000     -733770.013498
3616.0000     -733411.606861
3620.0000     -733476.406734
3624.0000     -733251.348197
3628.0000     -733530.080686
3632.0000     -733573.490305
3636.0000     -732963.262647
3640.0000     -734216.408395
3644.0000     -733378.651332
3648.0000     -732919.151625
3652.0000     -733575.544346
3656.0000     -733449.971991
3660.0000     -733724.207308
3664.0000     -734865.243448
3668.0000     -734180.581447
3672.0000     -733927.143864
3676.0000     -733765.061615
3680.0000     -733613.576146
3684.0000     -733394.873792
3688.0000     -734006.920770
3692.0000     -733490.200707
3696.0000     -733895.363187
3700.0000     -733546.372117
3704.0000     -733520.601967
3708.0000     -733109.120611
3712.0000     -733954.330530
3716.0000     -733015.858616
3720.0000     -734078.139451
3724.0000     -733664.824418
3728.0000     -733333.895855
3732.0000     -733679.282652
3736.0000     -733817.133398
3740.0000     -733449.756264
3744.0000     -733471.399164
3748.0000     -734393.612974
3752.0000     -733954.259291
3756.0000     -733453.770543
3760.0000     -734287.007784
3764.0000     -734099.665285
3768.0000     -732916.172297
3772.0000     -734418.097853
3776.0000     -733486.090012
3780.0000     -733389.623400
3784.0000     -733709.158228
3788.0000     -733828.533151
3792.0000     -733197.278179
3796.0000     -734083.339891
3800.0000     -734443.266583
3804.0000     -733435.171151
3808.0000     -733815.482628
3812.0000     -733934.986788
3816.0000     -733375.404202
3820.0000     -734315.491401
3824.0000     -733887.072257
3828.0000     -733626.833074
3832.0000     -734055.156970
3836.0000     -734282.561719
3840.0000     -733879.194496
3844.0000     -734343.018592
3848.0000     -733709.726367
3852.0000     -733758.347845
3856.0000     -732965.591108
3860.0000     -734356.643766
3864.0000     -733980.629436
3868.0000     -733701.939776
3872.0000     -733793.887358
3876.0000     -733724.706235
3880.0000     -734028.250114
3884.0000     -734860.439647
3888.0000     -733680.315887
3892.0000     -733713.228336
3896.0000     -734017.943725
3900.0000     -733534.867979
3904.0000     -733656.229993
3908.0000     -733825.287292
3912.0000     -734079.333044
3916.0000     -734288.545567
3920.0000     -734090.705818
3924.0000     -733810.216122
3928.0000     -734470.409677
3932.0000     -734472.371744
3936.0000     -734571.331436
3940.0000     -734227.978907
3944.0000     -734100.668428
3948.0000     -733936.630699
3952.0000     -733822.668386
3956.0000     -734018.834704
3960.0000     -733954.617403
3964.0000     -733343.101284
3968.0000     -733429.450699
3972.0000     -733852.046785
3976.0000     -734173.649672
3980.0000     -733017.645790
3984.0000     -733714.810201
3988.0000     -733224.542559
3992.0000     -733384.575632
3996.0000     -733362.562228
4000.0000     -733491.438529
4004.0000     -733491.438529
