4.0000     -733192.140987
8.0000     -733200.004673
12.0000     -732910.428187
16.0000     -732853.861649
20.0000     -732111.713625
24.0000     -732917.588029
28.0000     -733152.803509
32.0000     -732863.256665
36.0000     -732486.855325
40.0000     -732557.018434
44.0000     -731673.806397
48.0000     -733863.109378
52.0000     -732631.321481
56.0000     -733219.758031
60.0000     -733087.359186
64.0000     -733364.767861
68.0000     -733229.705140
72.0000     -733458.275669
76.0000     -733703.844433
80.0000     -732797.999294
84.0000     -732511.118127
88.0000     -732492.006733
92.0000     -732609.368608
96.0000     -733231.384199
100.0000     -732659.013830
104.0000     -733942.328693
108.0000     -733261.302226
112.0000     -733365.343295
116.0000     -733556.586138
120.0000     -732968.406379
124.0000     -733081.086677
128.0000     -733412.814488
132.0000     -734129.215487
136.0000     -733038.736688
140.0000     -733334.132621
144.0000     -732547.429851
148.0000     -733359.013886
152.0000     -733595.057544
156.0000     -733240.943744
160.0000     -733890.424804
164.0000     -733459.928060
168.0000     -733007.688660
172.0000     -732888.315734
176.0000     -734649.965546
180.0000     -733595.942897
184.0000     -732704.690665
188.0000     -734004.793676
192.0000     -733676.443085
196.0000     -732523.239482
200.0000     -733883.200129
204.0000     -733830.630391
208.0000     -733083.331578
212.0000     -733020.705830
216.0000     -733270.486475
220.0000     -733006.014095
224.0000     -733208.896348
228.0000     -733135.416339
232.0000     -732876.109760
236.0000     -733699.327590
240.0000     -731659.924680
244.0000     -733139.818927
248.0000     -733900.177122
252.0000     -733336.384951
256.0000     -732907.375419
260.0000     -733250.171025
264.0000     -733655.359519
268.0000     -733157.317380
272.0000     -733021.096331
276.0000     -733660.747675
280.0000     -733514.927642
284.0000     -733695.400952
288.0000     -734025.535786
292.0000     -733956.041585
296.0000     -734956.063648
300.0000     -733697.617897
304.0000     -732903.713544
308.0000     -733956.135691
312.0000     -733617.388491
316.0000     -733150.422523
320.0000     -733227.775191
324.0000     -733502.218694
328.0000     -733133.188362
332.0000     -733605.570746
336.0000     -733153.456916
340.0000     -733305.628281
344.0000     -733661.616185
348.0000     -733557.087496
352.0000     -733355.036949
356.0000     -733892.569138
360.0000     -734282.351676
364.0000     -733061.412620
368.0000     -733522.302989
372.0000     -733930.823981
376.0000     -733513.011236
380.0000     -734112.416389
384.0000     -733538.018619
388.0000     -734146.612265
392.0000     -733411.593067
396.0000     -733700.350096
400.0000     -732447.915228
404.0000     -733553.947306
408.0000     -734240.992323
412.0000     -733949.751372
416.0000     -732783.399129
420.0000     -733497.294935
424.0000     -733758.044016
428.0000     -733654.663292
432.0000     -733266.852421
436.0000     -734203.226242
440.0000     -733517.010786
444.0000     -733545.213213
448.0000     -733234.750921
452.0000     -733937.158533
456.0000     -733167.407423
460.0000     -733450.869780
464.0000     -733751.144938
468.0000     -733762.701746
472.0000     -732222.843313
476.0000     -733601.213504
480.0000     -733547.817638
484.0000     -733029.610110
488.0000     -732754.738694
492.0000     -733561.417248
496.0000     -732811.693356
500.0000     -733269.953141
504.0000     -733084.919061
508.0000     -733489.153476
512.0000     -734556.785113
516.0000     -733420.211685
520.0000     -733052.560291
524.0000     -733048.779633
528.0000     -733184.725738
532.0000     -733162.404348
536.0000     -733894.968697
540.0000     -733135.533580
544.0000     -733876.127261
548.0000     -733892.069201
552.0000     -733512.457380
556.0000     -732808.482194
560.0000     -733148.532045
564.0000     -733162.324832
568.0000     -733801.955289
572.0000     -732758.484499
576.0000     -733468.985331
580.0000     -733470.298105
584.0000     -732587.073505
588.0000     -733726.145649
592.0000     -732971.752486
596.0000     -733826.987030
600.0000     -733710.187560
604.0000     -733616.699548
608.0000     -733348.775941
612.0000     -733518.268440
616.0000     -733291.821678
620.0000     -733511.726893
624.0000     -734029.265871
628.0000     -733830.916642
632.0000     -733920.529330
636.0000     -733830.283281
640.0000     -733337.456434
644.0000     -733986.039964
648.0000     -733772.097438
652.0000     -733239.891720
656.0000     -733637.797222
660.0000     -734485.787460
664.0000     -733061.011423
668.0000     -733422.313849
672.0000     -733130.124576
676.0000     -733690.990988
680.0000     -733634.797870
684.0000     -733226.297278
688.0000     -733209.512639
692.0000     -734247.708090
696.0000     -733572.011013
700.0000     -732744.290587
704.0000     -733318.117174
708.0000     -734116.269743
712.0000     -733454.468594
716.0000     -733283.126248
720.0000     -733443.192048
724.0000     -733797.446291
728.0000     -733495.240818
732.0000     -733202.307849
736.0000     -733607.867768
740.0000     -733051.689185
744.0000     -733013.738280
748.0000     -732547.353386
752.0000     -732533.835291
756.0000     -733054.913253
760.0000     -733614.135407
764.0000     -732745.085919
768.0000     -733147.297947
772.0000     -733539.476257
776.0000     -733562.088636
780.0000     -733716.673445
784.0000     -733240.921464
788.0000     -732634.533840
792.0000     -733543.778505
796.0000     -733084.532111
800.0000     -732355.451985
804.0000     -733245.390875
808.0000     -733660.555647
812.0000     -733022.352426
816.0000     -733323.970507
820.0000     -733526.426315
824.0000     -734293.049350
828.0000     -734399.433858
832.0000     -732755.655122
836.0000     -733883.875497
840.0000     -733022.806119
844.0000     -733611.081639
848.0000     -733492.325164
852.0000     -732495.606586
856.0000     -733825.027759
860.0000     -734008.669940
864.0000     -733512.294032
868.0000     -733633.227783
872.0000     -734513.875905
876.0000     -734578.643737
880.0000     -733117.990727
884.0000     -733951.433792
888.0000     -733156.496581
892.0000     -734335.275739
896.0000     -733463.053886
900.0000     -733587.753820
904.0000     -733652.966593
908.0000     -732482.224311
912.0000     -733069.065840
916.0000     -733394.957801
920.0000     -733861.183225
924.0000     -733386.732715
928.0000     -733289.084071
932.0000     -733262.462992
936.0000     -733515.799142
940.0000     -733323.895712
944.0000     -734106.550752
948.0000     -734065.460209
952.0000     -733470.253719
956.0000     -732995.288136
960.0000     -733378.516425
964.0000     -733106.680908
968.0000     -733224.695405
972.0000     -733627.217242
976.0000     -733118.469342
980.0000     -733178.900793
984.0000     -733457.445968
988.0000     -734257.183561
992.0000     -733930.140872
996.0000     -733539.992984
1000.0000     -733210.785603
1004.0000     -733781.310331
1008.0000     -732691.780592
1012.0000     -733386.623984
1016.0000     -733285.806501
1020.0000     -733602.590731
1024.0000     -733349.141170
1028.0000     -733939.383848
1032.0000     -733416.666135
1036.0000     -733324.335938
1040.0000     -732748.721177
1044.0000     -733508.060673
1048.0000     -734321.169188
1052.0000     -732648.553651
1056.0000     -733032.996456
1060.0000     -733694.134693
1064.0000     -733174.314206
1068.0000     -733550.828067
1072.0000     -733564.034141
1076.0000     -733162.901375
1080.0000     -733249.570419
1084.0000     -733489.880891
1088.0000     -733401.918613
1092.0000     -733464.168452
1096.0000     -733278.142992
1100.0000     -733275.026604
1104.0000     -733240.447250
1108.0000     -733579.370658
1112.0000     -734585.920625
1116.0000     -733580.143555
1120.0000     -733323.950676
1124.0000     -732824.461327
1128.0000     -733255.126885
1132.0000     -733600.232510
1136.0000     -733443.394144
1140.0000     -732639.179549
1144.0000     -733015.344784
1148.0000     -732992.681174
1152.0000     -733248.999938
1156.0000     -733593.756890
1160.0000     -733130.422195
1164.0000     -733011.329179
1168.0000     -733038.080673
1172.0000     -732873.262111
1176.0000     -733497.472534
1180.0000     -732937.697062
1184.0000     -734052.107031
1188.0000     -733638.525415
1192.0000     -733956.888391
1196.0000     -734583.055852
1200.0000     -732989.972284
1204.0000     -733861.344316
1208.0000     -734214.309025
1212.0000     -733150.790597
1216.0000     -734322.900611
1220.0000     -733779.755293
1224.0000     -733344.463703
1228.0000     -733673.609803
1232.0000     -733532.225795
1236.0000     -733050.333948
1240.0000     -733128.896814
1244.0000     -733946.733911
1248.0000     -733549.486650
1252.0000     -733327.400534
1256.0000     -733424.118016
1260.0000     -734008.792162
1264.0000     -733422.369845
1268.0000     -733454.197918
1272.0000     -734375.801803
1276.0000     -733138.285771
1280.0000     -733120.105901
1284.0000     -733732.910652
1288.0000     -733490.543063
1292.0000     -733566.871164
1296.0000     -733895.384145
1300.0000     -734031.852470
1304.0000     -733440.881259
1308.0000     -734249.813561
1312.0000     -733505.378372
1316.0000     -734319.331575
1320.0000     -735153.915008
1324.0000     -733723.626936
1328.0000     -733500.612833
1332.0000     -733829.754044
1336.0000     -732985.696325
1340.0000     -732946.431589
1344.0000     -733394.603022
1348.0000     -733063.540975
1352.0000     -733768.892778
1356.0000     -733859.567185
1360.0000     -732992.563046
1364.0000     -733873.651116
1368.0000     -733386.853139
1372.0000     -732825.714268
1376.0000     -733406.546031
1380.0000     -733340.636009
1384.0000     -732916.798664
1388.0000     -733970.303404
1392.0000     -733997.264499
1396.0000     -734466.978092
1400.0000     -732669.478350
1404.0000     -732472.112721
1408.0000     -732442.894201
1412.0000     -733954.545563
1416.0000     -732895.595638
1420.0000     -733616.443561
1424.0000     -733216.366516
1428.0000     -733583.396137
1432.0000     -733560.235493
1436.0000     -733042.837624
1440.0000     -733208.408984
1444.0000     -733797.698162
1448.0000     -733781.681342
1452.0000     -734152.296306
1456.0000     -734011.579357
1460.0000     -734086.296788
1464.0000     -733633.140608
1468.0000     -733575.100057
1472.0000     -733526.129868
1476.0000     -733097.522492
1480.0000     -734146.584264
1484.0000     -733832.534077
1488.0000     -733939.556299
1492.0000     -733412.949759
1496.0000     -733634.560451
1500.0000     -733806.698206
1504.0000     -733995.737042
1508.0000     -732881.282356
1512.0000     -733597.531029
1516.0000     -733453.726772
1520.0000     -733789.651405
1524.0000     -733352.211552
1528.0000     -733309.085909
1532.0000     -733147.436423
1536.0000     -733699.438513
1540.0000     -734323.424394
1544.0000     -732869.960016
1548.0000     -733357.101217
1552.0000     -733077.559393
1556.0000     -733112.830251
1560.0000     -733389.352915
1564.0000     -732704.145012
1568.0000     -733571.708431
1572.0000     -734214.890335
1576.0000     -733323.086717
1580.0000     -733647.132001
1584.0000     -733461.923491
1588.0000     -733513.787124
1592.0000     -732938.810999
1596.0000     -733379.621112
1600.0000     -732497.528335
1604.0000     -733411.630327
1608.0000     -733835.310925
1612.0000     -733254.597856
1616.0000     -733642.892413
1620.0000     -734501.063468
1624.0000     -733186.681739
1628.0000     -733807.149249
1632.0000     -733723.584249
1636.0000     -734573.591679
1640.0000     -733986.648433
1644.0000     -734189.221776
1648.0000     -733513.672473
1652.0000     -733263.738840
1656.0000     -733712.960740
1660.0000     -732910.255032
1664.0000     -733557.739445
1668.0000     -732658.611750
1672.0000     -733928.428041
1676.0000     -733503.045481
1680.0000     -733449.039375
1684.0000     -733821.728527
1688.0000     -733362.741078
1692.0000     -732885.838770
1696.0000     -733080.843143
1700.0000     -732894.458721
1704.0000     -733827.715537
1708.0000     -733991.516240
1712.0000     -733314.272831
1716.0000     -733600.302636
1720.0000     -733105.753121
1724.0000     -733880.217370
1728.0000     -734219.746236
1732.0000     -734082.342689
1736.0000     -734115.910439
1740.0000     -733799.360587
1744.0000     -732813.888473
1748.0000     -733092.177350
1752.0000     -734334.992060
1756.0000     -732998.552303
1760.0000     -733541.546301
1764.0000     -733915.632947
1768.0000     -733355.583709
1772.0000     -733600.019143
1776.0000     -734043.340921
1780.0000     -733087.918390
1784.0000     -733667.495601
1788.0000     -733324.292150
1792.0000     -732412.091931
1796.0000     -733845.733616
1800.0000     -733077.519459
1804.0000     -733495.016834
1808.0000     -733677.238014
1812.0000     -733241.369530
1816.0000     -733516.231326
1820.0000     -733317.369575
1824.0000     -733590.614423
1828.0000     -734065.310563
1832.0000     -734012.688718
1836.0000     -733533.395066
1840.0000     -733380.420263
1844.0000     -733654.694475
1848.0000     -733661.831475
1852.0000     -734078.064828
1856.0000     -733988.507204
1860.0000     -734408.595414
1864.0000     -733723.757261
1868.0000     -733801.388663
1872.0000     -733556.014540
1876.0000     -733601.147376
1880.0000     -733981.998027
1884.0000     -734275.333464
1888.0000     -733493.666395
1892.0000     -733536.932784
1896.0000     -732896.690385
1900.0000     -733816.629831
1904.0000     -732774.720103
1908.0000     -732696.752007
1912.0000     -734138.215352
1916.0000     -733738.806612
1920.0000     -733368.574623
1924.0000     -734137.358062
1928.0000     -733297.551332
1932.0000     -733009.225495
1936.0000     -733539.466525
1940.0000     -734118.820097
1944.0000     -733910.440210
1948.0000     -733738.619596
1952.0000     -734249.881856
1956.0000     -733208.363921
1960.0000     -733806.859501
1964.0000     -733702.738455
1968.0000     -733489.104974
1972.0000     -734501.335697
1976.0000     -733587.146989
1980.0000     -733393.221769
1984.0000     -734325.984528
1988.0000     -733124.220382
1992.0000     -733840.849809
1996.0000     -733937.458863
2000.0000     -733629.919220
2004.0000     -732980.915551
2008.0000     -733716.791742
2012.0000     -733379.821743
2016.0000     -733700.027890
2020.0000     -733758.783479
2024.0000     -734264.423787
2028.0000     -733579.244762
2032.0000     -734103.926187
2036.0000     -733979.636129
2040.0000     -733537.142404
2044.0000     -733887.057566
2048.0000     -733471.791020
2052.0000     -734273.333193
2056.0000     -734699.097083
2060.0000     -733125.404245
2064.0000     -733937.304326
2068.0000     -733785.477270
2072.0000     -733444.706418
2076.0000     -733332.354855
2080.0000     -734127.988453
2084.0000     -734378.660935
2088.0000     -733432.008410
2092.0000     -734359.847967
2096.0000     -734213.496484
2100.0000     -733579.319262
2104.0000     -732854.101618
2108.0000     -733986.070144
2112.0000     -733154.181361
2116.0000     -734717.939945
2120.0000     -734041.802243
2124.0000     -733819.572654
2128.0000     -733890.485185
2132.0000     -733746.125412
2136.0000     -733542.217560
2140.0000     -734098.479013
2144.0000     -733686.658944
2148.0000     -733582.906077
2152.0000     -732822.139865
2156.0000     -733566.334441
2160.0000     -733517.665779
2164.0000     -734498.535906
2168.0000     -734223.980092
2172.0000     -734349.565738
2176.0000     -733207.513170
2180.0000     -734139.093127
2184.0000     -734727.172780
2188.0000     -733756.541135
2192.0000     -734177.936205
2196.0000     -734263.675646
2200.0000     -734066.531479
2204.0000     -733366.743259
2208.0000     -733218.457045
2212.0000     -734417.110642
2216.0000     -733712.815100
2220.0000     -734523.506904
2224.0000     -733751.488606
2228.0000     -733456.834604
2232.0000     -734117.154004
2236.0000     -734402.508320
2240.0000     -733261.135275
2244.0000     -734310.249542
2248.0000     -734437.332351
2252.0000     -733548.983303
2256.0000     -733998.013074
2260.0000     -734806.674992
2264.0000     -733938.080529
2268.0000     -733581.363876
2272.0000     -733739.058149
2276.0000     -734266.707912
2280.0000     -733707.120134
2284.0000     -734471.678519
2288.0000     -732646.471400
2292.0000     -733800.341439
2296.0000     -733587.862059
2300.0000     -734510.136646
2304.0000     -734025.497583
2308.0000     -733777.350586
2312.0000     -733385.827439
2316.0000     -734137.134399
2320.0000     -734064.096631
2324.0000     -733388.291728
2328.0000     -733236.430332
2332.0000     -733832.613090
2336.0000     -734074.911215
2340.0000     -733339.087385
2344.0000     -733540.949763
2348.0000     -733535.490289
2352.0000     -733293.284071
2356.0000     -733728.032803
2360.0000     -733886.818116
2364.0000     -734177.568944
2368.0000     -733563.777888
2372.0000     -733777.206212
2376.0000     -733786.049501
2380.0000     -733617.476667
2384.0000     -733442.282259
2388.0000     -733998.351726
2392.0000     -733995.450394
2396.0000     -732996.279943
2400.0000     -733594.789334
2404.0000     -732908.265816
2408.0000     -733280.561537
2412.0000     -733925.955912
2416.0000     -733709.911221
2420.0000     -733809.958425
2424.0000     -733828.533335
2428.0000     -733785.224222
2432.0000     -733845.737643
2436.0000     -733235.146219
2440.0000     -733609.406794
2444.0000     -733143.344040
2448.0000     -734028.046663
2452.0000     -733839.269808
2456.0000     -734102.805819
2460.0000     -733844.100613
2464.0000     -734620.785836
2468.0000     -734407.503114
2472.0000     -734105.571965
2476.0000     -733628.022140
2480.0000     -734574.913071
2484.0000     -733190.448308
2488.0000     -733605.937857
2492.0000     -734071.297833
2496.0000     -733989.984391
2500.0000     -734252.697043
2504.0000     -733303.226572
2508.0000     -732735.773545
2512.0000     -733495.137338
2516.0000     -733457.139020
2520.0000     -733386.714447
2524.0000     -733432.857384
2528.0000     -733349.354338
2532.0000     -733496.153899
2536.0000     -733841.901081
2540.0000     -733742.580106
2544.0000     -733198.105292
2548.0000     -732813.326664
2552.0000     -734561.617310
2556.0000     -733864.418478
2560.0000     -734095.178812
2564.0000     -734470.672510
2568.0000     -734124.144865
2572.0000     -733597.206176
2576.0000     -733927.367067
2580.0000     -733388.482017
2584.0000     -733506.943185
2588.0000     -733769.446135
2592.0000     -733997.484501
2596.0000     -734496.337724
2600.0000     -734084.168566
2604.0000     -733192.087301
2608.0000     -733478.964715
2612.0000     -734362.632684
2616.0000     -734307.483125
2620.0000     -733865.964971
2624.0000     -734299.089272
2628.0000     -733904.413589
2632.0000     -733852.136633
2636.0000     -732897.943965
2640.0000     -733410.176261
2644.0000     -732836.036092
2648.0000     -733603.383204
2652.0000     -733808.743407
2656.0000     -734482.928472
2660.0000     -734439.100814
2664.0000     -734252.902032
2668.0000     -734166.284654
2672.0000     -733917.035839
2676.0000     -734214.852774
2680.0000     -734664.685621
2684.0000     -733404.568721
2688.0000     -733566.151225
2692.0000     -733482.980610
2696.0000     -733915.383811
2700.0000     -733555.426354
2704.0000     -733740.614352
2708.0000     -733947.092595
2712.0000     -733899.707270
2716.0000     -733666.530506
2720.0000     -733625.740877
2724.0000     -733478.785289
2728.0000     -733909.616089
2732.0000     -733470.415087
2736.0000     -733291.034455
2740.0000     -733846.104918
2744.0000     -733550.493155
2748.0000     -733507.392828
2752.0000     -733601.696285
2756.0000     -733879.580409
2760.0000     -733533.599190
2764.0000     -733690.361616
2768.0000     -732626.996198
2772.0000     -733799.283751
2776.0000     -733253.281767
2780.0000     -733011.824242
2784.0000     -734025.223196
2788.0000     -733101.346007
2792.0000     -733490.951851
2796.0000     -733516.026344
2800.0000     -733552.196717
2804.0000     -733527.789680
2808.0000     -732909.536222
2812.0000     -733177.960602
2816.0000     -733599.961482
2820.0000     -733769.738596
2824.0000     -734516.383039
2828.0000     -733216.177630
2832.0000     -733771.496289
2836.0000     -732915.244210
2840.0000     -733758.364388
2844.0000     -733177.515930
2848.0000     -733287.788675
2852.0000     -733260.295753
2856.0000     -733180.481010
2860.0000     -733895.874206
2864.0000     -734188.799461
2868.0000     -734377.804177
2872.0000     -733672.664170
2876.0000     -733697.451251
2880.0000     -733288.733650
2884.0000     -733885.754847
2888.0000     -733706.959101
2892.0000     -732569.668241
2896.0000     -733570.758513
2900.0000     -733781.313803
2904.0000     -733031.742016
2908.0000     -733975.439460
2912.0000     -734281.732322
2916.0000     -734088.382815
2920.0000     -734234.957915
2924.0000     -734283.475801
2928.0000     -734501.078126
2932.0000     -733381.840319
2936.0000     -733488.979382
2940.0000     -734072.613115
2944.0000     -733762.749133
2948.0000     -734208.849955
2952.0000     -734113.554501
2956.0000     -733580.693079
2960.0000     -733026.044936
2964.0000     -733982.602727
2968.0000     -733224.227352
2972.0000     -733595.558582
2976.0000     -732766.545437
2980.0000     -733897.664014
2984.0000     -733955.784879
2988.0000     -733370.324026
2992.0000     -733451.706021
2996.0000     -733739.672814
3000.0000     -733149.013143
3004.0000     -733876.181356
3008.0000     -733512.374890
3012.0000     -733873.364685
3016.0000     -733478.323028
3020.0000     -734501.023054
3024.0000     -733663.049901
3028.0000     -734042.588077
3032.0000     -733119.809596
3036.0000     -734343.332522
3040.0000     -734233.348159
3044.0000     -734038.523670
3048.0000     -733765.649148
3052.0000     -734439.703884
3056.0000     -734262.466023
3060.0000     -733885.824058
3064.0000     -733749.166141
3068.0000     -734011.510360
3072.0000     -733791.131239
3076.0000     -734145.493228
3080.0000     -733938.474593
3084.0000     -732850.849101
3088.0000     -732950.080906
3092.0000     -733826.798906
3096.0000     -733313.134521
3100.0000     -733305.347001
3104.0000     -733881.070062
3108.0000     -733540.430623
3112.0000     -735129.990180
3116.0000     -734118.707223
3120.0000     -734150.954861
3124.0000     -734289.823593
3128.0000     -733016.343895
3132.0000     -733286.513916
3136.0000     -733450.054389
3140.0000     -733910.382177
3144.0000     -734016.547324
3148.0000     -734606.240640
3152.0000     -734273.577825
3156.0000     -734701.369372
3160.0000     -734417.038704
3164.0000     -734269.906144
3168.0000     -734097.217353
3172.0000     -733895.876803
3176.0000     -734045.677838
3180.0000     -734146.759536
3184.0000     -733759.838284
3188.0000     -734256.246214
3192.0000     -733504.730755
3196.0000     -733536.834485
3200.0000     -733486.559588
3204.0000     -734017.565506
3208.0000     -734242.061745
3212.0000     -733538.054140
3216.0000     -733334.532233
3220.0000     -733423.172097
3224.0000     -733000.396557
3228.0000     -734192.356663
3232.0000     -733371.682478
3236.0000     -733303.413017
3240.0000     -733908.196971
3244.0000     -734423.482831
3248.0000     -734247.670662
3252.0000     -733623.827867
3256.0000     -733730.827813
3260.0000     -734053.710891
3264.0000     -734504.224508
3268.0000     -733810.017004
3272.0000     -734547.314363
3276.0000     -733693.496548
3280.0000     -733959.121063
3284.0000     -734442.962307
3288.0000     -733819.083332
3292.0000     -733969.651851
3296.0000     -733857.612545
3300.0000     -734782.063828
3304.0000     -734230.197084
3308.0000     -734697.879275
3312.0000     -734006.960046
3316.0000     -733921.235773
3320.0000     -733842.291049
3324.0000     -733733.643283
3328.0000     -732766.579558
3332.0000     -734395.998599
3336.0000     -733400.984303
3340.0000     -734189.206309
3344.0000     -733803.530666
3348.0000     -733768.624751
3352.0000     -733399.075346
3356.0000     -733854.260940
3360.0000     -733178.028486
3364.0000     -734086.834513
3368.0000     -733511.054364
3372.0000     -734201.600425
3376.0000     -733455.985462
3380.0000     -734035.379281
3384.0000     -732966.409741
3388.0000     -734730.088207
3392.0000     -733662.461015
3396.0000     -733988.152206
3400.0000     -733762.712942
3404.0000     -734198.906482
3408.0000     -734009.826811
3412.0000     -734022.491208
3416.0000     -733833.462907
3420.0000     -733295.055693
3424.0000     -734122.157841
3428.0000     -734012.168170
3432.0000     -734164.118976
3436.0000     -733316.552797
3440.0000     -734136.183824
3444.0000     -733410.469184
3448.0000     -734287.650489
3452.0000     -733444.959698
3456.0000     -734657.341041
3460.0000     -734586.234221
3464.0000     -734163.347003
3468.0000     -733715.441635
3472.0000     -734475.999162
3476.0000     -733575.703380
3480.0000     -733962.806207
3484.0000     -733614.742498
3488.0000     -733599.533939
3492.0000     -733708.726172
3496.0000     -733025.185542
3500.0000     -733118.881157
3504.0000     -733911.481492
3508.0000     -733688.299491
3512.0000     -735147.789437
3516.0000     -734121.145354
3520.0000     -733619.514919
3524.0000     -734325.326461
3528.0000     -733465.221249
3532.0000     -733811.584512
3536.0000     -733946.227368
3540.0000     -734563.696197
3544.0000     -733682.805466
3548.0000     -734255.730536
3552.0000     -734195.773857
3556.0000     -734057.399734
3560.0000     -733292.081817
3564.0000     -733382.808814
3568.0000     -733914.245292
3572.0000     -733816.474601
3576.0000     -733951.920369
3580.0000     -733507.000191
3584.0000     -734141.708416
3588.0000     -733916.914985
3592.0000     -734008.557836
3596.0000     -733287.516933
3600.0000     -733352.559747
3604.0000     -734002.827885
3608.0000     -734021.400445
3612.0000     -734232.939916
3616.0000     -733822.929288
3620.0000     -734033.283599
3624.0000     -733604.993434
3628.0000     -734028.436609
3632.0000     -734668.746031
3636.0000     -734498.291796
3640.0000     -733196.545963
3644.0000     -732836.157638
3648.0000     -733594.436283
3652.0000     -733391.126057
3656.0000     -734131.577925
3660.0000     -733247.406271
3664.0000     -733838.353734
3668.0000     -733732.849486
3672.0000     -733903.309985
3676.0000     -734260.014929
3680.0000     -733571.380003
3684.0000     -733464.872820
3688.0000     -733446.400553
3692.0000     -734264.661829
3696.0000     -733503.163919
3700.0000     -733760.412423
3704.0000     -733807.109776
3708.0000     -735204.068504
3712.0000     -733483.954463
3716.0000     -734386.525817
3720.0000     -734721.053306
3724.0000     -734090.370201
3728.0000     -734187.518522
3732.0000     -734638.229851
3736.0000     -733704.713177
3740.0000     -733468.273027
3744.0000     -733215.520940
3748.0000     -734131.705648
3752.0000     -733985.091425
3756.0000     -733976.592481
3760.0000     -733146.010421
3764.0000     -733645.815839
3768.0000     -734160.446324
3772.0000     -733355.704775
3776.0000     -734347.491202
3780.0000     -734265.477625
3784.0000     -734562.602942
3788.0000     -734173.928233
3792.0000     -734330.175372
3796.0000     -733276.834978
3800.0000     -733930.591829
3804.0000     -733310.374797
3808.0000     -733792.037981
3812.0000     -734034.512761
3816.0000     -733706.548199
3820.0000     -734162.294730
3824.0000     -734202.636586
3828.0000     -733954.696442
3832.0000     -733353.738479
3836.0000     -734065.481507
3840.0000     -734279.302554
3844.0000     -734244.824244
3848.0000     -733365.164028
3852.0000     -733462.998063
3856.0000     -733880.091813
3860.0000     -733707.170560
3864.0000     -733909.905766
3868.0000     -733946.036203
3872.0000     -733765.814476
3876.0000     -733854.084771
3880.0000     -733857.016874
3884.0000     -734134.486157
3888.0000     -734290.630335
3892.0000     -734012.242046
3896.0000     -733539.150020
3900.0000     -733453.510142
3904.0000     -733966.082904
3908.0000     -733394.000057
3912.0000     -733628.144734
3916.0000     -733513.930629
3920.0000     -734050.010371
3924.0000     -733676.597980
3928.0000     -733866.845212
3932.0000     -733956.132179
3936.0000     -733478.783525
3940.0000     -733649.255534
3944.0000     -733193.649299
3948.0000     -733410.619419
3952.0000     -733561.798042
3956.0000     -733986.820462
3960.0000     -733980.717051
3964.0000     -733742.661935
3968.0000     -732833.903531
3972.0000     -734074.486153
3976.0000     -734138.665535
3980.0000     -733804.877182
3984.0000     -733682.768249
3988.0000     -734157.898431
3992.0000     -734019.825193
3996.0000     -734814.549585
4000.0000     -733215.456401
4004.0000     -733215.456401
