4.0000      -30767.972019
8.0000      -31051.498492
12.0000      -30886.575809
16.0000      -30881.933153
20.0000      -31031.930321
24.0000      -30875.623588
28.0000      -31064.145970
32.0000      -30893.942634
36.0000      -30897.119922
40.0000      -31044.292999
44.0000      -31001.244027
48.0000      -31062.187445
52.0000      -30915.158072
56.0000      -30968.874577
60.0000      -31003.574801
64.0000      -30881.906922
68.0000      -30855.941201
72.0000      -30880.565511
76.0000      -30925.940088
80.0000      -30974.759297
84.0000      -31133.314763
88.0000      -30934.721150
92.0000      -31139.162891
96.0000      -30804.627437
100.0000      -30845.169936
104.0000      -30984.887621
108.0000      -30898.838124
112.0000      -30954.615306
116.0000      -31008.446486
120.0000      -30953.608045
124.0000      -30892.364235
128.0000      -30833.960042
132.0000      -31019.090540
136.0000      -30838.015127
140.0000      -30738.361284
144.0000      -30967.272329
148.0000      -30946.335128
152.0000      -31053.881132
156.0000      -31108.837741
160.0000      -30882.074854
164.0000      -30942.261819
168.0000      -31052.057088
172.0000      -30950.461307
176.0000      -30864.436827
180.0000      -31010.560172
184.0000      -30955.307715
188.0000      -31091.712859
192.0000      -30962.419355
196.0000      -30994.568425
200.0000      -30878.657611
204.0000      -30858.175767
208.0000      -31020.850059
212.0000      -31083.798225
216.0000      -30924.941034
220.0000      -31039.367561
224.0000      -30854.291080
228.0000      -30873.734042
232.0000      -30836.913395
236.0000      -30908.269112
240.0000      -30812.974715
244.0000      -30877.918518
248.0000      -30823.528793
252.0000      -30788.443624
256.0000      -30808.425698
260.0000      -31006.622763
264.0000      -30899.575573
268.0000      -30893.049346
272.0000      -30981.517343
276.0000      -30800.896269
280.0000      -30955.935438
284.0000      -30922.718488
288.0000      -31067.721755
292.0000      -30815.445500
296.0000      -30840.310966
300.0000      -30867.712922
304.0000      -30957.866173
308.0000      -30908.757997
312.0000      -30816.886784
316.0000      -30838.450659
320.0000      -30900.753372
324.0000      -30984.477128
328.0000      -30925.220779
332.0000      -30957.057831
336.0000      -30915.692411
340.0000      -30822.404068
344.0000      -30972.895459
348.0000      -30915.465081
352.0000      -31053.150095
356.0000      -30866.720790
360.0000      -30831.316462
364.0000      -31029.573314
368.0000      -30862.230068
372.0000      -30795.579378
376.0000      -30984.136304
380.0000      -30866.228659
384.0000      -30874.806934
388.0000      -30988.112368
392.0000      -30918.718831
396.0000      -30891.169135
400.0000      -30962.326573
404.0000      -31040.389677
408.0000      -31052.681013
412.0000      -30751.409107
416.0000      -30995.924118
420.0000      -31055.835857
424.0000      -30852.167454
428.0000      -31006.022108
432.0000      -31009.054004
436.0000      -31002.426921
440.0000      -31014.360509
444.0000      -31002.447457
448.0000      -31025.238402
452.0000      -30990.511696
456.0000      -30961.412654
460.0000      -30844.682437
464.0000      -30913.911491
468.0000      -30814.380636
472.0000      -31004.554853
476.0000      -30984.807869
480.0000      -31059.471429
484.0000      -30966.024548
488.0000      -30844.683462
492.0000      -30799.777070
496.0000      -30868.953877
500.0000      -30936.785211
504.0000      -31020.663384
508.0000      -30832.397638
512.0000      -30980.757592
516.0000      -31004.696816
520.0000      -30929.030999
524.0000      -30906.072414
528.0000      -30887.155180
532.0000      -30949.872538
536.0000      -30967.045097
540.0000      -30939.852644
544.0000      -30970.048010
548.0000      -31050.318195
552.0000      -31052.755934
556.0000      -31081.760003
560.0000      -31007.274087
564.0000      -30944.342637
568.0000      -30903.707009
572.0000      -30751.160094
576.0000      -30875.024979
580.0000      -30844.001981
584.0000      -30911.735483
588.0000      -30907.819417
592.0000      -30964.348159
596.0000      -30808.716251
600.0000      -31007.621853
604.0000      -30751.608739
608.0000      -30925.604615
612.0000      -31092.961047
616.0000      -30965.661333
620.0000      -30963.231523
624.0000      -30947.985058
628.0000      -30939.503620
632.0000      -31009.255911
636.0000      -30897.947421
640.0000      -30787.365967
644.0000      -30809.895799
648.0000      -30765.058253
652.0000      -30740.749862
656.0000      -30755.887908
660.0000      -30871.195325
664.0000      -30956.600767
668.0000      -30849.009709
672.0000      -30957.180871
676.0000      -31028.014319
680.0000      -30993.578184
684.0000      -30897.182427
688.0000      -30990.219396
692.0000      -30823.041202
696.0000      -30927.530129
700.0000      -30905.055575
704.0000      -30951.407677
708.0000      -30839.936154
712.0000      -30997.861759
716.0000      -31002.148432
720.0000      -30996.779948
724.0000      -31042.400585
728.0000      -30930.877480
732.0000      -30903.402929
736.0000      -30893.234671
740.0000      -30989.098531
744.0000      -30842.142358
748.0000      -31055.031026
752.0000      -30992.363122
756.0000      -30926.745984
760.0000      -30915.767347
764.0000      -30928.653364
768.0000      -30845.239017
772.0000      -30839.320595
776.0000      -30918.768443
780.0000      -30781.954241
784.0000      -30845.744656
788.0000      -30966.996961
792.0000      -30897.274544
796.0000      -30892.109415
800.0000      -30905.608771
804.0000      -31094.507910
808.0000      -31000.076453
812.0000      -30956.079435
816.0000      -30958.184561
820.0000      -30947.178562
824.0000      -30953.852520
828.0000      -30872.916650
832.0000      -30859.479718
836.0000      -30980.019955
840.0000      -31005.414861
844.0000      -31123.666665
848.0000      -31098.514365
852.0000      -31017.195102
856.0000      -31001.849469
860.0000      -30782.695779
864.0000      -30869.369292
868.0000      -30951.269037
872.0000      -30963.785530
876.0000      -30946.267004
880.0000      -31082.661474
884.0000      -30953.395168
888.0000      -30863.758302
892.0000      -30891.064797
896.0000      -30916.949180
900.0000      -30876.677309
904.0000      -30955.513842
908.0000      -31123.935000
912.0000      -31016.189850
916.0000      -31029.533396
920.0000      -30852.208980
924.0000      -30921.865652
928.0000      -31024.843658
932.0000      -30865.544707
936.0000      -30940.953990
940.0000      -30916.619429
944.0000      -30966.394016
948.0000      -30986.873023
952.0000      -30972.720466
956.0000      -30963.961454
960.0000      -30900.964699
964.0000      -30929.715772
968.0000      -31005.869614
972.0000      -30901.640336
976.0000      -30965.287047
980.0000      -30936.730989
984.0000      -30891.623812
988.0000      -30926.572017
992.0000      -30984.919590
996.0000      -31022.697031
1000.0000      -30891.198886
1004.0000      -30875.492682
1008.0000      -30923.332199
1012.0000      -30880.322732
1016.0000      -30910.905321
1020.0000      -30946.918972
1024.0000      -30781.047018
1028.0000      -30931.767822
1032.0000      -30873.788413
1036.0000      -31004.562917
1040.0000      -30841.516944
1044.0000      -31041.239046
1048.0000      -30996.122389
1052.0000      -30958.440613
1056.0000      -30841.414994
1060.0000      -30781.970060
1064.0000      -30916.622579
1068.0000      -30924.905323
1072.0000      -31056.926073
1076.0000      -31058.535566
1080.0000      -30838.337669
1084.0000      -30806.872105
1088.0000      -30923.384692
1092.0000      -31042.915834
1096.0000      -30990.429628
1100.0000      -30910.893394
1104.0000      -31058.459444
1108.0000      -30783.436561
1112.0000      -30934.144995
1116.0000      -30938.341460
1120.0000      -31018.338401
1124.0000      -30938.530991
1128.0000      -30987.062777
1132.0000      -30914.006892
1136.0000      -30905.750733
1140.0000      -31025.742974
1144.0000      -31014.487761
1148.0000      -30781.510488
1152.0000      -31006.098368
1156.0000      -30922.568127
1160.0000      -31043.497933
1164.0000      -30826.605998
1168.0000      -30948.018995
1172.0000      -31156.624597
1176.0000      -30923.299874
1180.0000      -30898.265993
1184.0000      -31152.110910
1188.0000      -30969.211185
1192.0000      -30997.950265
1196.0000      -30805.450548
1200.0000      -30839.444623
1204.0000      -30880.148416
1208.0000      -30926.418965
1212.0000      -30897.192367
1216.0000      -30924.475208
1220.0000      -30863.329390
1224.0000      -30892.145807
1228.0000      -30962.456409
1232.0000      -31025.020049
1236.0000      -30976.857478
1240.0000      -31038.346050
1244.0000      -30937.752731
1248.0000      -30872.380954
1252.0000      -30822.979800
1256.0000      -30981.891630
1260.0000      -30872.312405
1264.0000      -31001.358949
1268.0000      -30888.406840
1272.0000      -30753.471911
1276.0000      -30908.099057
1280.0000      -30913.285920
1284.0000      -30721.623389
1288.0000      -30853.977863
1292.0000      -31016.162180
1296.0000      -30942.454377
1300.0000      -30876.633128
1304.0000      -30897.272289
1308.0000      -30910.932387
1312.0000      -30866.245362
1316.0000      -30850.395013
1320.0000      -30959.971094
1324.0000      -30868.323983
1328.0000      -31034.910909
1332.0000      -30906.530667
1336.0000      -30761.177747
1340.0000      -30976.001792
1344.0000      -31026.615255
1348.0000      -30864.816010
1352.0000      -31114.167900
1356.0000      -30955.384519
1360.0000      -30988.913876
1364.0000      -31023.289472
1368.0000      -30805.338386
1372.0000      -30843.635296
1376.0000      -31069.910983
1380.0000      -30750.604700
1384.0000      -30960.284572
1388.0000      -30956.356236
1392.0000      -30966.939090
1396.0000      -30869.129567
1400.0000      -31033.025124
1404.0000      -31023.685436
1408.0000      -30891.369697
1412.0000      -30955.255569
1416.0000      -30960.300164
1420.0000      -30853.671772
1424.0000      -31037.883940
1428.0000      -30925.782438
1432.0000      -30816.611318
1436.0000      -30872.496101
1440.0000      -31077.089935
1444.0000      -30944.863469
1448.0000      -31007.857703
1452.0000      -30945.305164
1456.0000      -30853.746342
1460.0000      -30961.315988
1464.0000      -30889.607393
1468.0000      -31110.021795
1472.0000      -31058.127681
1476.0000      -30810.424200
1480.0000      -30950.559080
1484.0000      -30918.665725
1488.0000      -30769.899897
1492.0000      -31070.273295
1496.0000      -30871.921938
1500.0000      -30747.677508
1504.0000      -30895.919616
1508.0000      -30852.800083
1512.0000      -30782.749870
1516.0000      -30942.088068
1520.0000      -31090.197820
1524.0000      -30928.273066
1528.0000      -30916.687583
1532.0000      -30873.143236
1536.0000      -30971.525915
1540.0000      -31002.848106
1544.0000      -30998.501361
1548.0000      -30935.662394
1552.0000      -30972.519894
1556.0000      -30985.880603
1560.0000      -30973.084339
1564.0000      -31001.400084
1568.0000      -30832.093843
1572.0000      -30993.766060
1576.0000      -30856.678795
1580.0000      -30984.072176
1584.0000      -30887.891716
1588.0000      -31047.129684
1592.0000      -31078.971912
1596.0000      -30983.345866
1600.0000      -30975.362650
1604.0000      -31101.637387
1608.0000      -31026.868204
1612.0000      -30950.880968
1616.0000      -30752.927148
1620.0000      -30891.191006
1624.0000      -30855.925593
1628.0000      -30996.054973
1632.0000      -30846.295149
1636.0000      -30884.604848
1640.0000      -31006.290849
1644.0000      -30912.079601
1648.0000      -30903.150423
1652.0000      -30944.480802
1656.0000      -31067.427039
1660.0000      -30827.452439
1664.0000      -30942.505808
1668.0000      -30998.990683
1672.0000      -30833.268788
1676.0000      -31015.934314
1680.0000      -30719.998626
1684.0000      -30801.798905
1688.0000      -31018.258295
1692.0000      -30862.230572
1696.0000      -30966.420508
1700.0000      -30755.096287
1704.0000      -30943.483247
1708.0000      -30945.836105
1712.0000      -30843.446743
1716.0000      -30794.742210
1720.0000      -30860.212972
1724.0000      -30993.385794
1728.0000      -30785.339585
1732.0000      -30859.661058
1736.0000      -31081.944729
1740.0000      -30953.702193
1744.0000      -30861.847680
1748.0000      -31014.589322
1752.0000      -30958.519332
1756.0000      -30893.303758
1760.0000      -30858.361018
1764.0000      -30953.375033
1768.0000      -31020.935673
1772.0000      -30935.993372
1776.0000      -30730.981132
1780.0000      -30936.341019
1784.0000      -30980.517600
1788.0000      -31064.608151
1792.0000      -30871.408819
1796.0000      -30804.872444
1800.0000      -30713.318164
1804.0000      -30590.742347
1808.0000      -30964.565187
1812.0000      -30804.502412
1816.0000      -31088.423816
1820.0000      -30980.087411
1824.0000      -30808.369573
1828.0000      -30854.246863
1832.0000      -30909.256092
1836.0000      -30771.381106
1840.0000      -30929.987455
1844.0000      -30987.618755
1848.0000      -30992.418740
1852.0000      -31016.955576
1856.0000      -30842.980719
1860.0000      -30920.493354
1864.0000      -30983.230340
1868.0000      -30854.467803
1872.0000      -30965.332699
1876.0000      -31001.325123
1880.0000      -31073.972190
1884.0000      -30861.317136
1888.0000      -30842.178244
1892.0000      -31009.688394
1896.0000      -30921.693884
1900.0000      -30964.461852
1904.0000      -30954.851360
1908.0000      -30875.036930
1912.0000      -31039.001663
1916.0000      -31016.246351
1920.0000      -30948.335263
1924.0000      -30985.029407
1928.0000      -31138.330280
1932.0000      -30925.097444
1936.0000      -30889.616932
1940.0000      -30818.218208
1944.0000      -30829.528061
1948.0000      -30761.720263
1952.0000      -30834.113766
1956.0000      -31018.425749
1960.0000      -30932.653990
1964.0000      -30987.321722
1968.0000      -30946.220938
1972.0000      -30978.383343
1976.0000      -30969.395581
1980.0000      -30914.802766
1984.0000      -30935.203949
1988.0000      -30869.343719
1992.0000      -30840.749082
1996.0000      -30837.866349
2000.0000      -30953.077881
2004.0000      -30881.169042
2008.0000      -31046.264794
2012.0000      -30931.152739
2016.0000      -30922.634623
2020.0000      -30987.828895
2024.0000      -30914.903305
2028.0000      -30936.175886
2032.0000      -31058.122976
2036.0000      -30938.901796
2040.0000      -31186.711791
2044.0000      -30863.678099
2048.0000      -30950.732758
2052.0000      -31002.362794
2056.0000      -31028.196207
2060.0000      -30948.279212
2064.0000      -30842.963476
2068.0000      -31029.285537
2072.0000      -30844.462798
2076.0000      -30877.098858
2080.0000      -31002.274214
2084.0000      -30934.966985
2088.0000      -30898.632342
2092.0000      -30814.343648
2096.0000      -31023.703209
2100.0000      -31022.385769
2104.0000      -31176.659573
2108.0000      -30877.970000
2112.0000      -30886.273982
2116.0000      -30941.765031
2120.0000      -30983.557715
2124.0000      -30921.592306
2128.0000      -30978.173524
2132.0000      -30860.106927
2136.0000      -30766.999795
2140.0000      -30960.846481
2144.0000      -30890.038894
2148.0000      -30789.270160
2152.0000      -30859.121083
2156.0000      -30884.493296
2160.0000      -30966.164983
2164.0000      -30871.591250
2168.0000      -30992.650713
2172.0000      -30993.458796
2176.0000      -30887.814081
2180.0000      -30909.787239
2184.0000      -30934.820490
2188.0000      -30860.224896
2192.0000      -30935.757534
2196.0000      -31072.973068
2200.0000      -31066.370735
2204.0000      -30794.855797
2208.0000      -31045.186159
2212.0000      -30919.859005
2216.0000      -30845.268347
2220.0000      -30847.240021
2224.0000      -30813.420624
2228.0000      -30757.194792
2232.0000      -30931.496903
2236.0000      -30965.609158
2240.0000      -30913.130191
2244.0000      -30878.698288
2248.0000      -30943.775443
2252.0000      -30939.798467
2256.0000      -30911.099465
2260.0000      -30940.032676
2264.0000      -30905.798490
2268.0000      -30916.469531
2272.0000      -30809.713262
2276.0000      -30998.571739
2280.0000      -30952.518788
2284.0000      -30817.627907
2288.0000      -30909.007173
2292.0000      -30754.396171
2296.0000      -30963.130385
2300.0000      -31002.515318
2304.0000      -30908.514928
2308.0000      -30969.472202
2312.0000      -30980.369961
2316.0000      -30866.574514
2320.0000      -30744.989347
2324.0000      -30900.448336
2328.0000      -30830.712785
2332.0000      -31034.018183
2336.0000      -31025.155034
2340.0000      -31104.515125
2344.0000      -31055.167097
2348.0000      -30920.031773
2352.0000      -30964.780020
2356.0000      -30942.680597
2360.0000      -30963.949930
2364.0000      -30977.766165
2368.0000      -30931.821188
2372.0000      -30824.681052
2376.0000      -31041.828835
2380.0000      -30886.286988
2384.0000      -30897.003748
2388.0000      -30832.798760
2392.0000      -30938.024378
2396.0000      -31079.426779
2400.0000      -30928.927493
2404.0000      -30959.372816
2408.0000      -31036.417978
2412.0000      -30978.149061
2416.0000      -31050.646058
2420.0000      -30970.809512
2424.0000      -30826.289903
2428.0000      -30845.380769
2432.0000      -30757.958835
2436.0000      -31008.674387
2440.0000      -30904.978776
2444.0000      -30856.754146
2448.0000      -30951.558996
2452.0000      -30947.570186
2456.0000      -31007.396824
2460.0000      -30964.651313
2464.0000      -31031.344154
2468.0000      -30897.640037
2472.0000      -30859.429639
2476.0000      -30769.455006
2480.0000      -30920.691889
2484.0000      -30742.212230
2488.0000      -31057.945215
2492.0000      -31039.521460
2496.0000      -31069.787220
2500.0000      -30825.873928
2504.0000      -31017.097057
2508.0000      -30940.005736
2512.0000      -30826.537284
2516.0000      -30887.093671
2520.0000      -30721.409298
2524.0000      -30739.185667
2528.0000      -30947.764432
2532.0000      -30987.623276
2536.0000      -30919.611340
2540.0000      -30878.285757
2544.0000      -30877.001932
2548.0000      -31055.308805
2552.0000      -30851.587187
2556.0000      -30906.313727
2560.0000      -30739.858884
2564.0000      -30833.913387
2568.0000      -30864.592640
2572.0000      -30902.314347
2576.0000      -30980.011076
2580.0000      -30929.452786
2584.0000      -30732.116656
2588.0000      -30940.315467
2592.0000      -30899.893350
2596.0000      -31130.488837
2600.0000      -30874.656547
2604.0000      -31031.657937
2608.0000      -30848.858962
2612.0000      -30949.861322
2616.0000      -30927.425474
2620.0000      -30972.598864
2624.0000      -30869.452787
2628.0000      -31002.023502
2632.0000      -30868.280195
2636.0000      -30919.102873
2640.0000      -30855.785135
2644.0000      -30793.296284
2648.0000      -30855.691443
2652.0000      -30852.986040
2656.0000      -30895.720340
2660.0000      -31027.650204
2664.0000      -31074.724837
2668.0000      -30942.025105
2672.0000      -31044.430330
2676.0000      -31080.215118
2680.0000      -31058.352075
2684.0000      -30843.463220
2688.0000      -31090.630702
2692.0000      -31092.432439
2696.0000      -30802.729311
2700.0000      -30847.262297
2704.0000      -30903.736732
2708.0000      -30969.879600
2712.0000      -30873.644545
2716.0000      -30907.466061
2720.0000      -30712.724590
2724.0000      -30853.967117
2728.0000      -30965.676499
2732.0000      -31014.206537
2736.0000      -30856.435164
2740.0000      -31019.981430
2744.0000      -30931.878314
2748.0000      -30859.393643
2752.0000      -30882.257127
2756.0000      -30881.656267
2760.0000      -30856.251586
2764.0000      -30903.836600
2768.0000      -30929.920255
2772.0000      -30870.858576
2776.0000      -30879.969879
2780.0000      -30856.722013
2784.0000      -30928.991972
2788.0000      -31039.330444
2792.0000      -30966.989978
2796.0000      -30876.214799
2800.0000      -30843.322335
2804.0000      -30994.877126
2808.0000      -30726.641970
2812.0000      -30822.247019
2816.0000      -30877.975178
2820.0000      -30805.503841
2824.0000      -30821.964267
2828.0000      -30761.298474
2832.0000      -30768.607036
2836.0000      -30874.296744
2840.0000      -30896.044948
2844.0000      -30945.225507
2848.0000      -30920.686768
2852.0000      -30874.765654
2856.0000      -31046.477408
2860.0000      -30834.038615
2864.0000      -30987.160536
2868.0000      -31030.204523
2872.0000      -30978.140313
2876.0000      -31016.615072
2880.0000      -30946.739921
2884.0000      -30996.576444
2888.0000      -30948.633814
2892.0000      -30970.716733
2896.0000      -30959.081925
2900.0000      -30915.360565
2904.0000      -30945.397197
2908.0000      -30867.584413
2912.0000      -31021.493371
2916.0000      -31037.088396
2920.0000      -31025.006389
2924.0000      -30961.698637
2928.0000      -30849.714923
2932.0000      -30960.942572
2936.0000      -30864.393391
2940.0000      -30982.912952
2944.0000      -30943.273174
2948.0000      -30865.980025
2952.0000      -31097.213916
2956.0000      -30926.646434
2960.0000      -30774.795193
2964.0000      -31062.799776
2968.0000      -30935.383291
2972.0000      -30975.755417
2976.0000      -30859.171600
2980.0000      -30787.805292
2984.0000      -30930.446365
2988.0000      -31038.509182
2992.0000      -30959.474425
2996.0000      -30941.021668
3000.0000      -30849.840765
3004.0000      -30968.672478
3008.0000      -30981.338287
3012.0000      -30952.351460
3016.0000      -30900.729504
3020.0000      -30996.305134
3024.0000      -30989.428034
3028.0000      -30933.999685
3032.0000      -30869.862128
3036.0000      -31004.531800
3040.0000      -30975.059986
3044.0000      -30860.965969
3048.0000      -30959.769169
3052.0000      -30996.203470
3056.0000      -30802.995598
3060.0000      -30879.323904
3064.0000      -30874.193146
3068.0000      -30876.483465
3072.0000      -30891.865130
3076.0000      -30837.496234
3080.0000      -30928.363420
3084.0000      -30840.618952
3088.0000      -30839.551200
3092.0000      -30953.203317
3096.0000      -30821.463612
3100.0000      -30894.609165
3104.0000      -30956.494375
3108.0000      -31092.154002
3112.0000      -30832.112595
3116.0000      -30752.362045
3120.0000      -30928.253072
3124.0000      -30968.940292
3128.0000      -31079.800693
3132.0000      -30809.614030
3136.0000      -30870.112184
3140.0000      -30909.040064
3144.0000      -30702.894320
3148.0000      -30900.981213
3152.0000      -30926.993032
3156.0000      -30882.603650
3160.0000      -30921.686612
3164.0000      -30805.565634
3168.0000      -30969.735573
3172.0000      -30944.151521
3176.0000      -30988.837861
3180.0000      -30981.702394
3184.0000      -30903.946384
3188.0000      -30951.511402
3192.0000      -30828.383135
3196.0000      -31102.708548
3200.0000      -30915.805600
3204.0000      -30852.391716
3208.0000      -30890.965703
3212.0000      -31033.098631
3216.0000      -30968.063031
3220.0000      -30775.839739
3224.0000      -31091.748327
3228.0000      -30824.157588
3232.0000      -30787.640841
3236.0000      -30743.438159
3240.0000      -31026.633259
3244.0000      -30808.829134
3248.0000      -30886.231600
3252.0000      -30989.289445
3256.0000      -30849.031794
3260.0000      -30808.711818
3264.0000      -30619.361755
3268.0000      -30856.999193
3272.0000      -30945.555747
3276.0000      -30913.259694
3280.0000      -30901.382083
3284.0000      -31002.564281
3288.0000      -30993.038846
3292.0000      -31015.131474
3296.0000      -30979.724260
3300.0000      -31037.655824
3304.0000      -30973.629096
3308.0000      -30975.224344
3312.0000      -30923.653273
3316.0000      -30899.594791
3320.0000      -30857.617631
3324.0000      -30956.282816
3328.0000      -30808.575212
3332.0000      -30999.911311
3336.0000      -30893.594355
3340.0000      -30842.772361
3344.0000      -31027.704424
3348.0000      -30876.061810
3352.0000      -30873.729925
3356.0000      -30941.101659
3360.0000      -30786.097582
3364.0000      -31026.911994
3368.0000      -31000.193782
3372.0000      -30975.357849
3376.0000      -30832.334111
3380.0000      -31009.338703
3384.0000      -31171.429114
3388.0000      -31018.561846
3392.0000      -30809.917826
3396.0000      -31035.168451
3400.0000      -30986.354280
3404.0000      -30762.076585
3408.0000      -30925.724076
3412.0000      -31080.665836
3416.0000      -30937.613903
3420.0000      -30945.577953
3424.0000      -30943.206205
3428.0000      -30887.827590
3432.0000      -30936.509691
3436.0000      -30786.450091
3440.0000      -30869.596459
3444.0000      -30849.703244
3448.0000      -30918.439468
3452.0000      -30909.373130
3456.0000      -30975.740957
3460.0000      -30779.861376
3464.0000      -30918.786444
3468.0000      -30937.062057
3472.0000      -30869.522956
3476.0000      -30980.484990
3480.0000      -31014.338537
3484.0000      -31007.933917
3488.0000      -30965.622201
3492.0000      -30857.640697
3496.0000      -30987.844985
3500.0000      -30964.080297
3504.0000      -30894.417633
3508.0000      -31063.635650
3512.0000      -31012.448064
3516.0000      -30786.352079
3520.0000      -30824.006875
3524.0000      -30808.883519
3528.0000      -30858.924429
3532.0000      -30870.164968
3536.0000      -30892.717166
3540.0000      -30924.990321
3544.0000      -30900.329609
3548.0000      -30984.588409
3552.0000      -30907.924217
3556.0000      -30696.008002
3560.0000      -30859.897058
3564.0000      -31006.121067
3568.0000      -31042.337040
3572.0000      -30862.462802
3576.0000      -31050.424531
3580.0000      -30860.602642
3584.0000      -31004.958570
3588.0000      -30977.403609
3592.0000      -30760.945129
3596.0000      -30822.278046
3600.0000      -30899.369978
3604.0000      -30981.003199
3608.0000      -30882.597671
3612.0000      -31042.990727
3616.0000      -30945.395781
3620.0000      -31024.735436
3624.0000      -31015.330630
3628.0000      -30886.892373
3632.0000      -30782.659529
3636.0000      -30961.882079
3640.0000      -31002.724007
3644.0000      -30973.486373
3648.0000      -31065.360486
3652.0000      -30874.409537
3656.0000      -30890.266820
3660.0000      -30895.444031
3664.0000      -31016.117594
3668.0000      -30913.613335
3672.0000      -30838.654086
3676.0000      -30847.565942
3680.0000      -30938.118632
3684.0000      -30967.752898
3688.0000      -30862.021617
3692.0000      -30868.023988
3696.0000      -30897.316656
3700.0000      -30931.398945
3704.0000      -30954.116950
3708.0000      -30922.576354
3712.0000      -30812.723307
3716.0000      -30821.468019
3720.0000      -30933.111156
3724.0000      -31037.295524
3728.0000      -30967.237314
3732.0000      -30881.086620
3736.0000      -30791.886843
3740.0000      -30828.862591
3744.0000      -31047.645954
3748.0000      -30895.279056
3752.0000      -30899.361687
3756.0000      -31004.622850
3760.0000      -30913.423629
3764.0000      -30959.154036
3768.0000      -30882.515610
3772.0000      -30963.769759
3776.0000      -30979.104672
3780.0000      -30754.536305
3784.0000      -30843.586590
3788.0000      -30920.822740
3792.0000      -30981.987966
3796.0000      -31010.482757
3800.0000      -30997.648881
3804.0000      -30844.029696
3808.0000      -30975.159312
3812.0000      -30802.080873
3816.0000      -31019.655127
3820.0000      -30799.214079
3824.0000      -30844.931659
3828.0000      -30924.058709
3832.0000      -30992.073599
3836.0000      -31075.690246
3840.0000      -30780.678283
3844.0000      -30954.873719
3848.0000      -30939.671354
3852.0000      -30994.661387
3856.0000      -31062.543576
3860.0000      -31046.972179
3864.0000      -30948.407956
3868.0000      -30845.711275
3872.0000      -30897.681525
3876.0000      -30957.789944
3880.0000      -31146.879547
3884.0000      -30987.366045
3888.0000      -30793.916528
3892.0000      -30848.266410
3896.0000      -30986.639327
3900.0000      -30904.143764
3904.0000      -30780.853160
3908.0000      -30922.052723
3912.0000      -30709.489122
3916.0000      -30912.728760
3920.0000      -30963.879451
3924.0000      -30932.344532
3928.0000      -30892.017296
3932.0000      -31085.575415
3936.0000      -30840.234115
3940.0000      -30885.011099
3944.0000      -30915.268075
3948.0000      -30942.475007
3952.0000      -30860.793371
3956.0000      -30957.881164
3960.0000      -31178.787456
3964.0000      -30903.852437
3968.0000      -30941.863298
3972.0000      -30880.502754
3976.0000      -30878.993691
3980.0000      -31006.738226
3984.0000      -30944.836216
3988.0000      -31057.342937
3992.0000      -30803.148410
3996.0000      -30931.863386
4000.0000      -30879.746282
4004.0000      -30879.746282
