4.0000      -30765.534403
8.0000      -31047.897405
12.0000      -30884.010229
16.0000      -30880.011389
20.0000      -31028.919426
24.0000      -30872.640036
28.0000      -31061.607889
32.0000      -30891.574530
36.0000      -30893.699665
40.0000      -31041.245921
44.0000      -30998.172569
48.0000      -31059.391425
52.0000      -30915.038238
56.0000      -30966.376161
60.0000      -31000.950634
64.0000      -30879.663475
68.0000      -30854.970733
72.0000      -30878.632185
76.0000      -30922.855503
80.0000      -30971.972677
84.0000      -31130.849314
88.0000      -30934.707163
92.0000      -31136.598094
96.0000      -30801.400363
100.0000      -30842.180109
104.0000      -30982.415869
108.0000      -30895.885057
112.0000      -30951.294627
116.0000      -31005.597698
120.0000      -30950.744230
124.0000      -30889.587353
128.0000      -30831.707943
132.0000      -31017.075164
136.0000      -30836.371265
140.0000      -30735.790099
144.0000      -30965.644221
148.0000      -30943.929744
152.0000      -31050.388179
156.0000      -31105.640210
160.0000      -30879.550826
164.0000      -30939.097956
168.0000      -31048.628993
172.0000      -30947.120697
176.0000      -30861.147600
180.0000      -31008.255492
184.0000      -30952.910700
188.0000      -31088.478862
192.0000      -30958.204323
196.0000      -30993.155789
200.0000      -30876.138434
204.0000      -30854.226670
208.0000      -31018.294782
212.0000      -31081.069087
216.0000      -30922.633748
220.0000      -31037.894321
224.0000      -30851.868503
228.0000      -30870.471298
232.0000      -30833.856669
236.0000      -30906.071676
240.0000      -30809.368571
244.0000      -30874.839127
248.0000      -30820.546055
252.0000      -30785.054155
256.0000      -30806.087740
260.0000      -31003.724627
264.0000      -30896.750383
268.0000      -30890.876004
272.0000      -30978.565529
276.0000      -30798.501074
280.0000      -30952.835335
284.0000      -30919.971399
288.0000      -31065.516191
292.0000      -30812.375974
296.0000      -30838.217767
300.0000      -30864.550816
304.0000      -30954.450841
308.0000      -30906.533713
312.0000      -30815.477265
316.0000      -30835.861364
320.0000      -30898.527568
324.0000      -30982.034214
328.0000      -30921.717993
332.0000      -30954.813358
336.0000      -30912.598600
340.0000      -30819.321269
344.0000      -30969.790111
348.0000      -30913.067898
352.0000      -31050.286491
356.0000      -30863.375720
360.0000      -30828.248883
364.0000      -31026.376887
368.0000      -30860.235995
372.0000      -30792.622600
376.0000      -30981.553300
380.0000      -30866.039339
384.0000      -30871.638097
388.0000      -30985.073343
392.0000      -30915.301625
396.0000      -30888.427132
400.0000      -30959.663117
404.0000      -31037.545379
408.0000      -31051.032100
412.0000      -30749.996384
416.0000      -30993.247594
420.0000      -31052.337352
424.0000      -30850.487970
428.0000      -31002.451009
432.0000      -31006.183634
436.0000      -31000.291348
440.0000      -31012.229989
444.0000      -30999.184182
448.0000      -31023.059598
452.0000      -30987.281970
456.0000      -30958.624306
460.0000      -30841.529669
464.0000      -30911.060675
468.0000      -30810.682871
472.0000      -31002.056115
476.0000      -30982.493133
480.0000      -31057.189914
484.0000      -30962.763428
488.0000      -30841.626587
492.0000      -30796.940937
496.0000      -30865.781671
500.0000      -30933.304832
504.0000      -31017.268679
508.0000      -30830.067430
512.0000      -30978.532174
516.0000      -31002.378071
520.0000      -30926.525812
524.0000      -30902.998072
528.0000      -30883.981976
532.0000      -30946.651872
536.0000      -30963.297556
540.0000      -30938.522184
544.0000      -30967.464504
548.0000      -31047.205685
552.0000      -31050.589552
556.0000      -31078.563582
560.0000      -31004.387052
564.0000      -30941.550107
568.0000      -30901.168302
572.0000      -30747.475633
576.0000      -30872.094980
580.0000      -30841.796566
584.0000      -30908.650881
588.0000      -30905.625729
592.0000      -30962.751111
596.0000      -30805.217290
600.0000      -31004.352110
604.0000      -30747.943082
608.0000      -30922.940180
612.0000      -31089.395265
616.0000      -30962.558090
620.0000      -30960.755824
624.0000      -30949.823443
628.0000      -30937.172403
632.0000      -31008.289944
636.0000      -30894.083848
640.0000      -30784.667700
644.0000      -30808.875496
648.0000      -30761.242945
652.0000      -30737.458229
656.0000      -30753.503228
660.0000      -30868.628792
664.0000      -30954.859777
668.0000      -30846.759289
672.0000      -30954.752065
676.0000      -31025.647636
680.0000      -30991.009431
684.0000      -30895.406680
688.0000      -30987.326791
692.0000      -30820.037333
696.0000      -30924.875257
700.0000      -30902.164417
704.0000      -30948.601682
708.0000      -30837.076202
712.0000      -30995.223911
716.0000      -30999.500969
720.0000      -30994.776053
724.0000      -31039.626017
728.0000      -30927.647111
732.0000      -30902.442503
736.0000      -30890.337279
740.0000      -30985.997798
744.0000      -30838.270478
748.0000      -31055.014046
752.0000      -30988.784336
756.0000      -30923.770533
760.0000      -30912.742403
764.0000      -30925.492914
768.0000      -30842.671825
772.0000      -30835.743054
776.0000      -30916.644263
780.0000      -30779.035990
784.0000      -30842.499123
788.0000      -30963.458131
792.0000      -30895.119399
796.0000      -30888.837304
800.0000      -30902.715035
804.0000      -31091.415758
808.0000      -30998.289154
812.0000      -30952.812409
816.0000      -30954.903286
820.0000      -30944.132651
824.0000      -30950.578619
828.0000      -30869.860599
832.0000      -30856.447782
836.0000      -30977.524539
840.0000      -31001.758889
844.0000      -31121.257548
848.0000      -31095.576511
852.0000      -31013.924108
856.0000      -30999.547480
860.0000      -30780.591899
864.0000      -30866.621750
868.0000      -30948.061442
872.0000      -30960.822213
876.0000      -30943.572707
880.0000      -31079.428593
884.0000      -30950.904190
888.0000      -30860.907581
892.0000      -30888.147939
896.0000      -30914.261013
900.0000      -30873.549872
904.0000      -30953.464818
908.0000      -31121.122433
912.0000      -31012.910149
916.0000      -31026.501923
920.0000      -30849.092439
924.0000      -30920.062702
928.0000      -31022.038429
932.0000      -30861.924135
936.0000      -30939.325095
940.0000      -30914.902362
944.0000      -30963.709430
948.0000      -30983.782974
952.0000      -30970.316975
956.0000      -30960.207234
960.0000      -30898.477016
964.0000      -30927.098770
968.0000      -31002.930638
972.0000      -30898.320140
976.0000      -30962.284603
980.0000      -30936.198031
984.0000      -30888.909623
988.0000      -30923.393746
992.0000      -30981.860333
996.0000      -31019.291912
1000.0000      -30888.783133
1004.0000      -30874.096869
1008.0000      -30920.636260
1012.0000      -30877.810956
1016.0000      -30908.155991
1020.0000      -30943.630083
1024.0000      -30778.923844
1028.0000      -30928.198578
1032.0000      -30870.968597
1036.0000      -31001.666138
1040.0000      -30838.760570
1044.0000      -31037.893897
1048.0000      -30993.750894
1052.0000      -30956.562795
1056.0000      -30838.373921
1060.0000      -30779.787741
1064.0000      -30913.858874
1068.0000      -30922.197622
1072.0000      -31053.924874
1076.0000      -31055.674370
1080.0000      -30836.356360
1084.0000      -30804.011605
1088.0000      -30921.370839
1092.0000      -31039.339616
1096.0000      -30987.562026
1100.0000      -30910.887378
1104.0000      -31055.937074
1108.0000      -30781.189798
1112.0000      -30931.333514
1116.0000      -30936.031959
1120.0000      -31015.881457
1124.0000      -30936.404609
1128.0000      -30984.585845
1132.0000      -30911.709911
1136.0000      -30902.496169
1140.0000      -31022.597302
1144.0000      -31014.012770
1148.0000      -30777.977795
1152.0000      -31002.707654
1156.0000      -30919.716622
1160.0000      -31040.659632
1164.0000      -30823.665530
1168.0000      -30944.891675
1172.0000      -31154.079248
1176.0000      -30920.280975
1180.0000      -30895.386996
1184.0000      -31149.970825
1188.0000      -30966.333990
1192.0000      -30995.506336
1196.0000      -30802.488322
1200.0000      -30836.025919
1204.0000      -30881.580133
1208.0000      -30924.073221
1212.0000      -30894.218771
1216.0000      -30921.795518
1220.0000      -30860.542848
1224.0000      -30889.731361
1228.0000      -30959.480511
1232.0000      -31022.517614
1236.0000      -30973.400000
1240.0000      -31035.992762
1244.0000      -30934.969899
1248.0000      -30869.373206
1252.0000      -30820.964657
1256.0000      -30979.035305
1260.0000      -30870.052336
1264.0000      -30998.953386
1268.0000      -30885.806578
1272.0000      -30751.078937
1276.0000      -30905.900688
1280.0000      -30910.837381
1284.0000      -30718.472188
1288.0000      -30850.940366
1292.0000      -31012.828012
1296.0000      -30939.935108
1300.0000      -30874.019554
1304.0000      -30895.261109
1308.0000      -30908.024447
1312.0000      -30862.883857
1316.0000      -30847.293602
1320.0000      -30956.860837
1324.0000      -30865.406362
1328.0000      -31034.302224
1332.0000      -30903.554799
1336.0000      -30759.504248
1340.0000      -30973.170437
1344.0000      -31024.690984
1348.0000      -30862.061369
1352.0000      -31111.342797
1356.0000      -30952.110567
1360.0000      -30986.044257
1364.0000      -31020.643433
1368.0000      -30802.516956
1372.0000      -30840.792613
1376.0000      -31068.271450
1380.0000      -30747.293292
1384.0000      -30957.214446
1388.0000      -30953.264059
1392.0000      -30964.290363
1396.0000      -30866.067694
1400.0000      -31030.168619
1404.0000      -31020.919556
1408.0000      -30889.013446
1412.0000      -30951.852843
1416.0000      -30957.426928
1420.0000      -30850.962870
1424.0000      -31036.175147
1428.0000      -30922.490280
1432.0000      -30812.807031
1436.0000      -30870.087448
1440.0000      -31074.828528
1444.0000      -30942.542549
1448.0000      -31004.799551
1452.0000      -30942.284745
1456.0000      -30851.018685
1460.0000      -30959.305022
1464.0000      -30886.518871
1468.0000      -31106.565668
1472.0000      -31055.243638
1476.0000      -30808.284375
1480.0000      -30947.964453
1484.0000      -30916.053514
1488.0000      -30766.766181
1492.0000      -31067.168123
1496.0000      -30869.247218
1500.0000      -30745.260221
1504.0000      -30893.128815
1508.0000      -30849.674845
1512.0000      -30780.354435
1516.0000      -30939.040242
1520.0000      -31087.808324
1524.0000      -30925.726051
1528.0000      -30913.679081
1532.0000      -30870.276670
1536.0000      -30969.072379
1540.0000      -31000.793410
1544.0000      -30996.712115
1548.0000      -30932.717531
1552.0000      -30969.723456
1556.0000      -30983.114324
1560.0000      -30969.838628
1564.0000      -30998.872241
1568.0000      -30828.536490
1572.0000      -30991.455933
1576.0000      -30854.110070
1580.0000      -30980.783131
1584.0000      -30884.565805
1588.0000      -31044.998805
1592.0000      -31076.150981
1596.0000      -30985.009767
1600.0000      -30973.954750
1604.0000      -31101.592626
1608.0000      -31024.216315
1612.0000      -30947.414548
1616.0000      -30749.406473
1620.0000      -30888.353298
1624.0000      -30853.069157
1628.0000      -30992.839359
1632.0000      -30842.728260
1636.0000      -30881.660345
1640.0000      -31003.620762
1644.0000      -30909.411353
1648.0000      -30900.919821
1652.0000      -30941.343220
1656.0000      -31064.452169
1660.0000      -30825.600025
1664.0000      -30939.321493
1668.0000      -30996.941039
1672.0000      -30831.476529
1676.0000      -31013.441487
1680.0000      -30717.481491
1684.0000      -30799.522529
1688.0000      -31015.133642
1692.0000      -30859.292735
1696.0000      -30963.979371
1700.0000      -30752.895372
1704.0000      -30942.180698
1708.0000      -30945.568117
1712.0000      -30840.889433
1716.0000      -30791.829793
1720.0000      -30856.816572
1724.0000      -30990.722916
1728.0000      -30782.698090
1732.0000      -30856.567677
1736.0000      -31078.050176
1740.0000      -30952.893838
1744.0000      -30859.734984
1748.0000      -31012.449825
1752.0000      -30955.133596
1756.0000      -30890.494654
1760.0000      -30856.335689
1764.0000      -30950.630775
1768.0000      -31017.497134
1772.0000      -30932.908322
1776.0000      -30728.101847
1780.0000      -30933.566163
1784.0000      -30977.758087
1788.0000      -31063.518943
1792.0000      -30868.488701
1796.0000      -30803.449193
1800.0000      -30709.984673
1804.0000      -30587.451269
1808.0000      -30961.025639
1812.0000      -30801.845845
1816.0000      -31085.734037
1820.0000      -30976.689077
1824.0000      -30805.221297
1828.0000      -30851.827182
1832.0000      -30906.529545
1836.0000      -30768.748332
1840.0000      -30927.162795
1844.0000      -30985.167561
1848.0000      -30989.380084
1852.0000      -31016.714393
1856.0000      -30840.788312
1860.0000      -30917.475756
1864.0000      -30980.133478
1868.0000      -30851.880824
1872.0000      -30962.584424
1876.0000      -30997.684854
1880.0000      -31071.592986
1884.0000      -30858.619875
1888.0000      -30837.693270
1892.0000      -31006.941205
1896.0000      -30919.201322
1900.0000      -30961.890253
1904.0000      -30951.430565
1908.0000      -30873.208615
1912.0000      -31035.391523
1916.0000      -31013.965066
1920.0000      -30945.826080
1924.0000      -30984.539987
1928.0000      -31135.339996
1932.0000      -30922.163829
1936.0000      -30887.300785
1940.0000      -30815.316406
1944.0000      -30826.571220
1948.0000      -30759.226369
1952.0000      -30830.762585
1956.0000      -31016.078108
1960.0000      -30929.841372
1964.0000      -30984.184464
1968.0000      -30943.071317
1972.0000      -30976.241924
1976.0000      -30966.617562
1980.0000      -30911.681473
1984.0000      -30932.425915
1988.0000      -30866.102640
1992.0000      -30837.931282
1996.0000      -30834.953054
2000.0000      -30950.370199
2004.0000      -30879.144008
2008.0000      -31043.176790
2012.0000      -30927.959496
2016.0000      -30919.873519
2020.0000      -30985.190005
2024.0000      -30914.124668
2028.0000      -30932.837309
2032.0000      -31055.486917
2036.0000      -30937.451051
2040.0000      -31183.536609
2044.0000      -30861.538946
2048.0000      -30949.810240
2052.0000      -30999.753975
2056.0000      -31024.900382
2060.0000      -30946.225026
2064.0000      -30840.282867
2068.0000      -31026.361380
2072.0000      -30841.270717
2076.0000      -30874.508863
2080.0000      -30999.574566
2084.0000      -30931.617274
2088.0000      -30895.126196
2092.0000      -30812.576711
2096.0000      -31021.013311
2100.0000      -31019.561089
2104.0000      -31173.523233
2108.0000      -30877.175790
2112.0000      -30883.019970
2116.0000      -30938.677722
2120.0000      -30981.146140
2124.0000      -30918.804925
2128.0000      -30975.809934
2132.0000      -30857.176899
2136.0000      -30763.836430
2140.0000      -30958.283166
2144.0000      -30886.825439
2148.0000      -30785.426125
2152.0000      -30856.848524
2156.0000      -30881.802490
2160.0000      -30965.220100
2164.0000      -30869.172524
2168.0000      -30990.250868
2172.0000      -30990.163184
2176.0000      -30886.655617
2180.0000      -30906.851429
2184.0000      -30933.787821
2188.0000      -30856.974736
2192.0000      -30932.941126
2196.0000      -31069.397810
2200.0000      -31064.185217
2204.0000      -30792.122892
2208.0000      -31042.714358
2212.0000      -30917.332700
2216.0000      -30842.317045
2220.0000      -30845.422833
2224.0000      -30810.402637
2228.0000      -30754.708655
2232.0000      -30928.882714
2236.0000      -30967.302781
2240.0000      -30910.055909
2244.0000      -30875.949096
2248.0000      -30940.450021
2252.0000      -30937.462831
2256.0000      -30909.120397
2260.0000      -30939.393445
2264.0000      -30903.018090
2268.0000      -30913.981013
2272.0000      -30806.423810
2276.0000      -30995.639925
2280.0000      -30949.072929
2284.0000      -30813.731211
2288.0000      -30905.722988
2292.0000      -30751.228098
2296.0000      -30960.562002
2300.0000      -31000.172927
2304.0000      -30905.638924
2308.0000      -30966.761092
2312.0000      -30977.029096
2316.0000      -30864.054691
2320.0000      -30741.822313
2324.0000      -30899.966379
2328.0000      -30827.707252
2332.0000      -31035.360540
2336.0000      -31022.217500
2340.0000      -31101.842645
2344.0000      -31052.557909
2348.0000      -30917.396240
2352.0000      -30962.165999
2356.0000      -30940.791972
2360.0000      -30960.460965
2364.0000      -30974.348775
2368.0000      -30930.157066
2372.0000      -30822.201367
2376.0000      -31039.004495
2380.0000      -30883.076049
2384.0000      -30893.936366
2388.0000      -30830.850698
2392.0000      -30936.572188
2396.0000      -31075.580552
2400.0000      -30926.653544
2404.0000      -30956.544273
2408.0000      -31033.646218
2412.0000      -30975.625168
2416.0000      -31047.411919
2420.0000      -30968.541746
2424.0000      -30823.743871
2428.0000      -30842.160437
2432.0000      -30755.495055
2436.0000      -31005.908617
2440.0000      -30903.602407
2444.0000      -30854.828280
2448.0000      -30948.291650
2452.0000      -30944.413920
2456.0000      -31004.667094
2460.0000      -30961.563297
2464.0000      -31028.466394
2468.0000      -30894.230888
2472.0000      -30858.040495
2476.0000      -30766.957461
2480.0000      -30918.423948
2484.0000      -30738.994345
2488.0000      -31055.057320
2492.0000      -31036.531000
2496.0000      -31066.425679
2500.0000      -30823.635887
2504.0000      -31015.188054
2508.0000      -30936.006497
2512.0000      -30822.813191
2516.0000      -30884.606655
2520.0000      -30718.437285
2524.0000      -30736.820955
2528.0000      -30944.967335
2532.0000      -30985.021276
2536.0000      -30919.048738
2540.0000      -30875.696320
2544.0000      -30874.687875
2548.0000      -31052.468594
2552.0000      -30849.455016
2556.0000      -30903.003339
2560.0000      -30736.838602
2564.0000      -30831.560666
2568.0000      -30861.517970
2572.0000      -30899.646883
2576.0000      -30978.155264
2580.0000      -30926.877183
2584.0000      -30729.177398
2588.0000      -30937.668891
2592.0000      -30896.869612
2596.0000      -31127.894238
2600.0000      -30871.577149
2604.0000      -31029.197641
2608.0000      -30845.966131
2612.0000      -30946.621899
2616.0000      -30927.803435
2620.0000      -30969.087045
2624.0000      -30866.622290
2628.0000      -31000.157672
2632.0000      -30865.896706
2636.0000      -30916.664503
2640.0000      -30853.846165
2644.0000      -30791.029951
2648.0000      -30853.038850
2652.0000      -30850.425721
2656.0000      -30893.192015
2660.0000      -31025.429875
2664.0000      -31072.066914
2668.0000      -30939.152268
2672.0000      -31041.378163
2676.0000      -31077.065516
2680.0000      -31055.977308
2684.0000      -30840.940784
2688.0000      -31088.552146
2692.0000      -31089.879999
2696.0000      -30800.301433
2700.0000      -30843.977431
2704.0000      -30900.232489
2708.0000      -30966.855742
2712.0000      -30870.574748
2716.0000      -30904.602831
2720.0000      -30709.731900
2724.0000      -30850.329026
2728.0000      -30961.923804
2732.0000      -31013.296429
2736.0000      -30853.867157
2740.0000      -31019.018220
2744.0000      -30929.350345
2748.0000      -30858.012637
2752.0000      -30879.883093
2756.0000      -30878.673649
2760.0000      -30853.767806
2764.0000      -30900.777864
2768.0000      -30926.949044
2772.0000      -30869.903321
2776.0000      -30877.349839
2780.0000      -30854.512324
2784.0000      -30926.387071
2788.0000      -31036.408616
2792.0000      -30965.553008
2796.0000      -30873.912121
2800.0000      -30840.324317
2804.0000      -30992.830881
2808.0000      -30724.124839
2812.0000      -30819.619047
2816.0000      -30875.885060
2820.0000      -30802.236251
2824.0000      -30819.983551
2828.0000      -30760.711151
2832.0000      -30766.246085
2836.0000      -30871.373964
2840.0000      -30893.118663
2844.0000      -30942.323944
2848.0000      -30918.555492
2852.0000      -30880.315329
2856.0000      -31043.201184
2860.0000      -30830.925413
2864.0000      -30984.699911
2868.0000      -31029.823638
2872.0000      -30975.445320
2876.0000      -31014.320161
2880.0000      -30944.326003
2884.0000      -30993.299241
2888.0000      -30946.366311
2892.0000      -30968.248535
2896.0000      -30956.205575
2900.0000      -30912.304375
2904.0000      -30942.874954
2908.0000      -30864.479743
2912.0000      -31018.929944
2916.0000      -31034.017595
2920.0000      -31022.926905
2924.0000      -30958.988061
2928.0000      -30846.500444
2932.0000      -30958.050814
2936.0000      -30861.393651
2940.0000      -30980.005160
2944.0000      -30940.004057
2948.0000      -30864.024702
2952.0000      -31094.524778
2956.0000      -30923.755242
2960.0000      -30771.884683
2964.0000      -31060.648176
2968.0000      -30933.006950
2972.0000      -30972.817271
2976.0000      -30856.371069
2980.0000      -30785.205802
2984.0000      -30927.325493
2988.0000      -31036.108461
2992.0000      -30956.996167
2996.0000      -30938.338704
3000.0000      -30847.030332
3004.0000      -30965.728359
3008.0000      -30977.636837
3012.0000      -30949.738023
3016.0000      -30897.899063
3020.0000      -30993.243457
3024.0000      -30987.673733
3028.0000      -30933.305499
3032.0000      -30867.538343
3036.0000      -31001.288990
3040.0000      -30974.192279
3044.0000      -30858.811037
3048.0000      -30956.509500
3052.0000      -30992.896247
3056.0000      -30799.798617
3060.0000      -30875.842884
3064.0000      -30871.404614
3068.0000      -30873.100034
3072.0000      -30888.946367
3076.0000      -30833.425914
3080.0000      -30928.311222
3084.0000      -30836.875898
3088.0000      -30836.666802
3092.0000      -30949.805944
3096.0000      -30818.625461
3100.0000      -30891.555717
3104.0000      -30955.317709
3108.0000      -31089.245159
3112.0000      -30829.088669
3116.0000      -30749.443007
3120.0000      -30925.379018
3124.0000      -30964.358908
3128.0000      -31077.277366
3132.0000      -30806.316471
3136.0000      -30867.865651
3140.0000      -30906.827366
3144.0000      -30700.950625
3148.0000      -30898.395349
3152.0000      -30923.702721
3156.0000      -30879.146699
3160.0000      -30919.144901
3164.0000      -30802.742366
3168.0000      -30966.475608
3172.0000      -30941.421088
3176.0000      -30985.712205
3180.0000      -30978.123605
3184.0000      -30900.399691
3188.0000      -30948.880288
3192.0000      -30825.408749
3196.0000      -31099.617573
3200.0000      -30912.260227
3204.0000      -30849.614719
3208.0000      -30889.597359
3212.0000      -31031.218800
3216.0000      -30965.029771
3220.0000      -30772.761035
3224.0000      -31089.618598
3228.0000      -30821.802206
3232.0000      -30785.034818
3236.0000      -30739.342898
3240.0000      -31023.587709
3244.0000      -30805.363942
3248.0000      -30883.190325
3252.0000      -30985.935238
3256.0000      -30846.192630
3260.0000      -30807.132466
3264.0000      -30616.970894
3268.0000      -30854.856656
3272.0000      -30942.499763
3276.0000      -30911.086811
3280.0000      -30898.612439
3284.0000      -30999.442164
3288.0000      -30990.089207
3292.0000      -31011.604496
3296.0000      -30977.427211
3300.0000      -31035.341666
3304.0000      -30970.620418
3308.0000      -30972.924827
3312.0000      -30920.346685
3316.0000      -30896.313267
3320.0000      -30855.153684
3324.0000      -30953.687393
3328.0000      -30806.724566
3332.0000      -30996.547412
3336.0000      -30890.882494
3340.0000      -30840.374810
3344.0000      -31024.358027
3348.0000      -30872.988526
3352.0000      -30871.083979
3356.0000      -30938.161365
3360.0000      -30784.798695
3364.0000      -31023.757774
3368.0000      -30998.404831
3372.0000      -30971.670269
3376.0000      -30830.538247
3380.0000      -31005.500957
3384.0000      -31169.961771
3388.0000      -31015.417052
3392.0000      -30806.714316
3396.0000      -31031.148194
3400.0000      -30984.217185
3404.0000      -30758.777643
3408.0000      -30922.866559
3412.0000      -31077.131961
3416.0000      -30935.354024
3420.0000      -30942.430944
3424.0000      -30939.619875
3428.0000      -30884.101798
3432.0000      -30933.672364
3436.0000      -30784.328917
3440.0000      -30867.419453
3444.0000      -30846.608317
3448.0000      -30915.194567
3452.0000      -30906.200219
3456.0000      -30973.346775
3460.0000      -30776.296603
3464.0000      -30916.426106
3468.0000      -30934.224712
3472.0000      -30865.795007
3476.0000      -30977.993539
3480.0000      -31011.481086
3484.0000      -31004.851474
3488.0000      -30962.407099
3492.0000      -30854.192694
3496.0000      -30984.815970
3500.0000      -30961.720412
3504.0000      -30891.375650
3508.0000      -31061.114550
3512.0000      -31009.232664
3516.0000      -30784.151012
3520.0000      -30820.780174
3524.0000      -30805.997136
3528.0000      -30856.475122
3532.0000      -30867.036942
3536.0000      -30889.229477
3540.0000      -30921.631960
3544.0000      -30897.895455
3548.0000      -30981.949840
3552.0000      -30904.882969
3556.0000      -30693.247281
3560.0000      -30857.150480
3564.0000      -31003.027003
3568.0000      -31042.137487
3572.0000      -30859.651306
3576.0000      -31047.216208
3580.0000      -30857.408521
3584.0000      -31002.604986
3588.0000      -30974.539489
3592.0000      -30757.440233
3596.0000      -30819.423351
3600.0000      -30896.144511
3604.0000      -30978.225025
3608.0000      -30881.382070
3612.0000      -31039.656503
3616.0000      -30942.128076
3620.0000      -31021.223115
3624.0000      -31012.270183
3628.0000      -30883.520150
3632.0000      -30779.500791
3636.0000      -30959.530301
3640.0000      -30998.652184
3644.0000      -30970.258585
3648.0000      -31062.847903
3652.0000      -30871.774288
3656.0000      -30886.921205
3660.0000      -30892.097488
3664.0000      -31013.630184
3668.0000      -30911.439721
3672.0000      -30835.514528
3676.0000      -30844.356063
3680.0000      -30937.868847
3684.0000      -30965.945156
3688.0000      -30859.397082
3692.0000      -30865.812134
3696.0000      -30893.824659
3700.0000      -30928.951718
3704.0000      -30951.071273
3708.0000      -30920.803318
3712.0000      -30809.340942
3716.0000      -30818.905393
3720.0000      -30932.404234
3724.0000      -31034.070628
3728.0000      -30967.514800
3732.0000      -30878.602444
3736.0000      -30788.340723
3740.0000      -30826.021826
3744.0000      -31045.508328
3748.0000      -30892.246488
3752.0000      -30896.372460
3756.0000      -31000.827457
3760.0000      -30910.534579
3764.0000      -30956.116000
3768.0000      -30880.289385
3772.0000      -30960.820822
3776.0000      -30976.113933
3780.0000      -30751.758743
3784.0000      -30841.368752
3788.0000      -30917.250652
3792.0000      -30978.652459
3796.0000      -31009.253860
3800.0000      -30995.111645
3804.0000      -30841.003989
3808.0000      -30972.989359
3812.0000      -30799.093103
3816.0000      -31017.373677
3820.0000      -30796.319904
3824.0000      -30842.465584
3828.0000      -30921.645932
3832.0000      -30988.958635
3836.0000      -31073.060291
3840.0000      -30777.689595
3844.0000      -30952.832541
3848.0000      -30937.314606
3852.0000      -30992.048996
3856.0000      -31059.893199
3860.0000      -31043.767404
3864.0000      -30949.187142
3868.0000      -30843.196088
3872.0000      -30894.452436
3876.0000      -30954.159997
3880.0000      -31145.176785
3884.0000      -30985.629860
3888.0000      -30791.852414
3892.0000      -30845.440444
3896.0000      -30984.183956
3900.0000      -30901.242310
3904.0000      -30778.243894
3908.0000      -30920.011555
3912.0000      -30707.194041
3916.0000      -30910.007813
3920.0000      -30962.272477
3924.0000      -30930.081462
3928.0000      -30888.907236
3932.0000      -31083.241400
3936.0000      -30837.460071
3940.0000      -30882.033703
3944.0000      -30912.909798
3948.0000      -30939.603075
3952.0000      -30857.477412
3956.0000      -30955.122352
3960.0000      -31176.095053
3964.0000      -30901.150798
3968.0000      -30939.596011
3972.0000      -30877.319052
3976.0000      -30876.642638
3980.0000      -31003.424767
3984.0000      -30941.992491
3988.0000      -31054.249286
3992.0000      -30801.600302
3996.0000      -30929.586857
4000.0000      -30876.635185
4004.0000      -30876.635185
