4.0000           0.000000
8.0000         -48.587000
12.0000         -45.088200
16.0000         -47.550900
20.0000         -40.545000
24.0000         -51.201300
28.0000         -54.159800
32.0000         -51.811900
36.0000         -55.010800
40.0000         -50.109800
44.0000         -44.291000
48.0000         -53.028100
52.0000         -55.175500
56.0000         -53.975900
60.0000         -50.507100
64.0000         -47.212000
68.0000         -46.254100
72.0000         -61.020800
76.0000         -40.425100
80.0000         -50.807600
84.0000         -57.814000
88.0000         -52.819400
92.0000         -47.936700
96.0000         -48.328400
100.0000         -50.018200
104.0000         -54.296100
108.0000         -60.889100
112.0000         -48.437500
116.0000         -50.438100
120.0000         -53.580400
124.0000         -62.693100
128.0000         -58.791700
132.0000         -66.941500
136.0000         -65.558800
140.0000         -54.976000
144.0000         -53.815700
148.0000         -49.717400
152.0000         -51.867900
156.0000         -46.118600
160.0000         -52.983700
164.0000         -69.232000
168.0000         -50.185700
172.0000         -54.013000
176.0000         -64.007100
180.0000         -44.608300
184.0000         -52.062400
188.0000         -49.265300
192.0000         -46.200100
196.0000         -49.255800
200.0000         -60.485900
204.0000         -46.801600
208.0000         -56.820800
212.0000         -53.990000
216.0000         -51.609600
220.0000         -50.584500
224.0000         -44.383300
228.0000         -57.560900
232.0000         -46.160500
236.0000         -47.213700
240.0000         -51.999800
244.0000         -50.811500
248.0000         -54.780700
252.0000         -46.520300
256.0000         -53.369700
260.0000         -60.220600
264.0000         -55.506700
268.0000         -54.778400
272.0000         -53.381400
276.0000         -56.154900
280.0000         -58.598400
284.0000         -53.912500
288.0000         -46.635600
292.0000         -50.336000
296.0000         -57.904500
300.0000         -52.408000
304.0000         -55.424500
308.0000         -50.651800
312.0000         -51.820200
316.0000         -56.994100
320.0000         -49.016000
324.0000         -45.534400
328.0000         -60.506600
332.0000         -54.608200
336.0000         -52.125900
340.0000         -55.480600
344.0000         -52.027300
348.0000         -57.186400
352.0000         -51.459100
356.0000         -43.552900
360.0000         -53.485100
364.0000         -58.569300
368.0000         -53.143800
372.0000         -45.528200
376.0000         -49.269000
380.0000         -46.840000
384.0000         -39.585400
388.0000         -56.764500
392.0000         -53.457300
396.0000         -61.938000
400.0000         -51.571000
404.0000         -45.391400
408.0000         -56.647000
412.0000         -54.516500
416.0000         -72.800400
420.0000         -60.129800
424.0000         -47.473300
428.0000         -60.652500
432.0000         -56.018500
436.0000         -48.048100
440.0000         -47.242900
444.0000         -54.180700
448.0000         -45.452200
452.0000         -51.483500
456.0000         -47.824300
460.0000         -57.082200
464.0000         -58.222200
468.0000         -48.080000
472.0000         -51.168800
476.0000         -49.337900
480.0000         -47.880600
484.0000         -50.488300
488.0000         -57.089400
492.0000         -54.212000
496.0000         -63.183900
500.0000         -53.518500
504.0000         -48.397200
508.0000         -58.038000
512.0000         -50.730600
516.0000         -53.413600
520.0000         -59.819100
524.0000         -46.946600
528.0000         -46.172200
532.0000         -46.288100
536.0000         -54.494100
540.0000         -51.958400
544.0000         -43.893300
548.0000         -50.264300
552.0000         -51.132500
556.0000         -41.645400
560.0000         -49.671200
564.0000         -83.410900
568.0000         -43.890200
572.0000         -58.641300
576.0000         -63.112100
580.0000         -52.692900
584.0000         -50.504400
588.0000         -42.739300
592.0000         -47.109400
596.0000         -47.959300
600.0000         -46.616900
604.0000         -60.758100
608.0000         -40.208300
612.0000         -60.153900
616.0000         -40.579200
620.0000         -50.315700
624.0000         -49.569900
628.0000         -50.838500
632.0000         -47.628400
636.0000         -43.267000
640.0000         -49.797500
644.0000         -49.532100
648.0000         -56.725300
652.0000         -58.703900
656.0000         -46.346900
660.0000         -51.814500
664.0000         -49.047700
668.0000         -48.303100
672.0000         -51.691300
676.0000         -51.172900
680.0000         -51.796900
684.0000         -57.026200
688.0000         -49.275300
692.0000         -47.962400
696.0000         -52.680200
700.0000         -55.084900
704.0000         -48.741900
708.0000         -49.994700
712.0000         -50.811400
716.0000         -54.770900
720.0000         -52.889300
724.0000         -56.384900
728.0000         -44.258100
732.0000         -48.098500
736.0000         -47.022600
740.0000         -46.620100
744.0000         -59.958800
748.0000         -58.481500
752.0000         -49.915600
756.0000         -55.331900
760.0000         -56.378600
764.0000         -46.941500
768.0000         -48.497300
772.0000         -46.857300
776.0000         -49.919100
780.0000         -54.445700
784.0000         -56.768400
788.0000         -53.139300
792.0000         -59.566900
796.0000         -47.711800
800.0000         -47.076800
804.0000         -61.952000
808.0000         -39.347700
812.0000         -48.467800
816.0000         -48.129500
820.0000         -62.196700
824.0000         -63.715300
828.0000         -43.203300
832.0000         -44.286900
836.0000         -50.857900
840.0000         -42.189300
844.0000         -56.861600
848.0000         -50.515700
852.0000         -57.067700
856.0000         -37.870300
860.0000         -56.278100
864.0000         -50.733800
868.0000         -56.506300
872.0000         -53.473900
876.0000         -51.715500
880.0000         -57.724800
884.0000         -45.272500
888.0000         -57.925400
892.0000         -49.282700
896.0000         -44.452500
900.0000         -58.691100
904.0000         -56.243800
908.0000         -41.737800
912.0000         -49.487300
916.0000         -51.025600
920.0000         -43.408300
924.0000         -44.846700
928.0000         -46.323100
932.0000         -50.962600
936.0000         -40.044500
940.0000         -49.956900
944.0000         -43.227100
948.0000         -61.276300
952.0000         -53.064000
956.0000         -48.728700
960.0000         -51.556600
964.0000         -59.230300
968.0000         -50.322500
972.0000         -53.642200
976.0000         -37.723900
980.0000         -54.191400
984.0000         -48.380900
988.0000         -48.784200
992.0000         -52.694500
996.0000         -45.974900
1000.0000         -46.465900
1004.0000         -44.899900
1008.0000         -45.471200
1012.0000         -48.999200
1016.0000         -50.463200
1020.0000         -54.278200
1024.0000         -48.150500
1028.0000         -47.385600
1032.0000         -58.253900
1036.0000         -60.059800
1040.0000         -45.305500
1044.0000         -55.718700
1048.0000         -51.150500
1052.0000         -34.165600
1056.0000         -47.956400
1060.0000         -53.604000
1064.0000         -57.305400
1068.0000         -69.895900
1072.0000         -56.097400
1076.0000         -55.293300
1080.0000         -59.661700
1084.0000         -49.229000
1088.0000         -71.453100
1092.0000         -58.272200
1096.0000         -51.002600
1100.0000         -47.381900
1104.0000         -49.935600
1108.0000         -57.986700
1112.0000         -49.257500
1116.0000         -56.287500
1120.0000         -44.091100
1124.0000         -48.795100
1128.0000         -64.741100
1132.0000         -45.012100
1136.0000         -48.060700
1140.0000         -50.406600
1144.0000         -54.925400
1148.0000         -61.537900
1152.0000         -50.465600
1156.0000         -57.275200
1160.0000         -54.987200
1164.0000         -48.190900
1168.0000         -57.229200
1172.0000         -52.337300
1176.0000         -53.506100
1180.0000         -62.680200
1184.0000         -54.292000
1188.0000         -49.906800
1192.0000         -54.379800
1196.0000         -57.879700
1200.0000         -58.733700
1204.0000         -66.032800
1208.0000         -46.497000
1212.0000         -50.692200
1216.0000         -53.415500
1220.0000         -58.423900
1224.0000         -58.474200
1228.0000         -51.040200
1232.0000         -64.570800
1236.0000         -55.479400
1240.0000         -48.548100
1244.0000         -43.793700
1248.0000         -47.193900
1252.0000         -54.824500
1256.0000         -72.878100
1260.0000         -55.220100
1264.0000         -55.544700
1268.0000         -56.450700
1272.0000         -50.399400
1276.0000         -50.481100
1280.0000         -58.698100
1284.0000         -55.366800
1288.0000         -56.984500
1292.0000         -54.242600
1296.0000         -44.414700
1300.0000         -54.857000
1304.0000         -49.766200
1308.0000         -55.477900
1312.0000         -54.440000
1316.0000         -49.085500
1320.0000         -51.149800
1324.0000         -59.867000
1328.0000         -53.254200
1332.0000         -54.577800
1336.0000         -51.431700
1340.0000         -50.330600
1344.0000         -59.371600
1348.0000         -55.718500
1352.0000         -57.464600
1356.0000         -55.151100
1360.0000         -52.942500
1364.0000         -47.881200
1368.0000         -46.196800
1372.0000         -51.166000
1376.0000         -46.542800
1380.0000         -55.723300
1384.0000         -48.018000
1388.0000         -54.979700
1392.0000         -59.554900
1396.0000         -58.170600
1400.0000         -46.901000
1404.0000         -48.524900
1408.0000         -53.105000
1412.0000         -59.165000
1416.0000         -55.477700
1420.0000         -43.316500
1424.0000         -53.875400
1428.0000         -50.970700
1432.0000         -58.740900
1436.0000         -62.080300
1440.0000         -64.709700
1444.0000         -70.153000
1448.0000         -48.724900
1452.0000         -49.888500
1456.0000         -48.518600
1460.0000         -72.870400
1464.0000         -62.152900
1468.0000         -49.504300
1472.0000         -53.274900
1476.0000         -53.171100
1480.0000         -53.523100
1484.0000         -47.947900
1488.0000         -49.166000
1492.0000         -57.550000
1496.0000         -54.992400
1500.0000         -52.120200
1504.0000         -49.783600
1508.0000         -59.253400
1512.0000         -42.942800
1516.0000         -67.911400
1520.0000         -60.434200
1524.0000         -53.007700
1528.0000         -51.997400
1532.0000         -47.048500
1536.0000         -38.803800
1540.0000         -58.795600
1544.0000         -54.599500
1548.0000         -55.897500
1552.0000         -51.110500
1556.0000         -49.569000
1560.0000         -49.808600
1564.0000         -47.301100
1568.0000         -63.033800
1572.0000         -47.918800
1576.0000         -48.974200
1580.0000         -53.241300
1584.0000         -47.013500
1588.0000         -55.574300
1592.0000         -53.781500
1596.0000         -59.972600
1600.0000         -52.805800
1604.0000         -51.766600
1608.0000         -46.125400
1612.0000         -51.754800
1616.0000         -56.309200
1620.0000         -51.352200
1624.0000         -58.194400
1628.0000         -70.022700
1632.0000         -61.242900
1636.0000         -51.378000
1640.0000         -60.906800
1644.0000         -46.462800
1648.0000         -56.814100
1652.0000         -53.833800
1656.0000         -53.445100
1660.0000         -48.295400
1664.0000         -49.034100
1668.0000         -47.828500
1672.0000         -45.658700
1676.0000         -49.790800
1680.0000         -52.684300
1684.0000         -68.282400
1688.0000         -55.969400
1692.0000         -41.853900
1696.0000         -54.683600
1700.0000         -62.664600
1704.0000         -66.904700
1708.0000         -66.626000
1712.0000         -61.225600
1716.0000         -57.531000
1720.0000         -55.820400
1724.0000         -44.611800
1728.0000         -54.497500
1732.0000         -47.076000
1736.0000         -49.765300
1740.0000         -53.881000
1744.0000         -36.457500
1748.0000         -48.805600
1752.0000         -50.520200
1756.0000         -56.268300
1760.0000         -62.603200
1764.0000         -57.208800
1768.0000         -49.807900
1772.0000         -46.592600
1776.0000         -59.783800
1780.0000         -48.887800
1784.0000         -59.879000
1788.0000         -57.090800
1792.0000         -49.218700
1796.0000         -51.603700
1800.0000         -52.509900
1804.0000         -48.353300
1808.0000         -57.274500
1812.0000         -56.049600
1816.0000         -50.771800
1820.0000         -45.041300
1824.0000         -59.965400
1828.0000         -56.242200
1832.0000         -46.835600
1836.0000         -63.294100
1840.0000         -45.197600
1844.0000         -54.618200
1848.0000         -54.204000
1852.0000         -46.654900
1856.0000         -50.533000
1860.0000         -54.052400
1864.0000         -46.759800
1868.0000         -59.981600
1872.0000         -53.456900
1876.0000         -54.449200
1880.0000         -48.702600
1884.0000         -36.732400
1888.0000         -39.695200
1892.0000         -55.992200
1896.0000         -56.353400
1900.0000         -58.304800
1904.0000         -60.803500
1908.0000         -55.459800
1912.0000         -70.007900
1916.0000         -48.369400
1920.0000         -58.692900
1924.0000         -57.906000
1928.0000         -65.110900
1932.0000         -56.707700
1936.0000         -63.890900
1940.0000         -42.970500
1944.0000         -50.831500
1948.0000         -48.599500
1952.0000         -39.796800
1956.0000         -51.262400
1960.0000         -57.210600
1964.0000         -44.171600
1968.0000         -45.795300
1972.0000         -55.932000
1976.0000         -59.397200
1980.0000         -62.116300
1984.0000         -44.429900
1988.0000         -60.422500
1992.0000         -51.574100
1996.0000         -51.459400
2000.0000         -49.099700
2004.0000         -54.129700
2008.0000         -52.521100
2012.0000         -53.457600
2016.0000         -47.379200
2020.0000         -51.805000
2024.0000         -56.083300
2028.0000         -58.205800
2032.0000         -59.574700
2036.0000         -55.432000
2040.0000         -40.953700
2044.0000         -51.898700
2048.0000         -52.782200
2052.0000         -52.919300
2056.0000         -55.553400
2060.0000         -43.585900
2064.0000         -54.625600
2068.0000         -58.857100
2072.0000         -53.735800
2076.0000         -50.970900
2080.0000         -47.074900
2084.0000         -52.412200
2088.0000         -50.287600
2092.0000         -48.692800
2096.0000         -58.823500
2100.0000         -57.481900
2104.0000         -50.250100
2108.0000         -51.539500
2112.0000         -43.583900
2116.0000         -50.934100
2120.0000         -41.647900
2124.0000         -58.275800
2128.0000         -53.034300
2132.0000         -50.683900
2136.0000         -60.161900
2140.0000         -42.635800
2144.0000         -50.409800
2148.0000         -48.950900
2152.0000         -53.753600
2156.0000         -46.056500
2160.0000         -52.578200
2164.0000         -57.089700
2168.0000         -56.638700
2172.0000         -49.178300
2176.0000         -65.941300
2180.0000         -56.239100
2184.0000         -47.623000
2188.0000         -47.325900
2192.0000         -48.007800
2196.0000         -46.238000
2200.0000         -44.746400
2204.0000         -60.599300
2208.0000         -48.476600
2212.0000         -52.232900
2216.0000         -45.379300
2220.0000         -62.779300
2224.0000         -53.353400
2228.0000         -47.989500
2232.0000         -57.561700
2236.0000         -47.968900
2240.0000         -49.206400
2244.0000         -60.671600
2248.0000         -57.524200
2252.0000         -46.046700
2256.0000         -51.626900
2260.0000         -44.077700
2264.0000         -55.935300
2268.0000         -41.170100
2272.0000         -47.651600
2276.0000         -45.258500
2280.0000         -38.677600
2284.0000         -45.979400
2288.0000         -52.761300
2292.0000         -45.749000
2296.0000         -60.259800
2300.0000         -56.598400
2304.0000         -52.083200
2308.0000         -49.515000
2312.0000         -45.596200
2316.0000         -52.020400
2320.0000         -50.618600
2324.0000         -53.692200
2328.0000         -51.090100
2332.0000         -51.954700
2336.0000         -57.057500
2340.0000         -60.595300
2344.0000         -52.341600
2348.0000         -54.792800
2352.0000         -59.417400
2356.0000         -59.232300
2360.0000         -48.559400
2364.0000         -66.856500
2368.0000         -53.122600
2372.0000         -57.038300
2376.0000         -47.770700
2380.0000         -49.015400
2384.0000         -47.224400
2388.0000         -52.652700
2392.0000         -47.977000
2396.0000         -44.553500
2400.0000         -56.222900
2404.0000         -57.778100
2408.0000         -49.353600
2412.0000         -52.255900
2416.0000         -55.996000
2420.0000         -43.885200
2424.0000         -52.910100
2428.0000         -64.216100
2432.0000         -62.663800
2436.0000         -50.311600
2440.0000         -48.491100
2444.0000         -48.983900
2448.0000         -53.761400
2452.0000         -53.276300
2456.0000         -55.514800
2460.0000         -46.632500
2464.0000         -47.425400
2468.0000         -64.227300
2472.0000         -58.638900
2476.0000         -56.022500
2480.0000         -45.944500
2484.0000         -52.647400
2488.0000         -46.417000
2492.0000         -57.371400
2496.0000         -63.401000
2500.0000         -53.294300
2504.0000         -53.058000
2508.0000         -51.876300
2512.0000         -57.869600
2516.0000         -51.736800
2520.0000         -51.112600
2524.0000         -61.122500
2528.0000         -50.642700
2532.0000         -45.305900
2536.0000         -49.053400
2540.0000         -57.656800
2544.0000         -51.283100
2548.0000         -63.150100
2552.0000         -66.861700
2556.0000         -53.705300
2560.0000         -47.258800
2564.0000         -42.885800
2568.0000         -49.380100
2572.0000         -44.248500
2576.0000         -44.872200
2580.0000         -54.143600
2584.0000         -55.511800
2588.0000         -59.848200
2592.0000         -56.360800
2596.0000         -50.962900
2600.0000         -47.355300
2604.0000         -45.345700
2608.0000         -48.329200
2612.0000         -47.345000
2616.0000         -58.764900
2620.0000         -52.785700
2624.0000         -52.755800
2628.0000         -47.309100
2632.0000         -42.913300
2636.0000         -54.164700
2640.0000         -52.443100
2644.0000         -53.671800
2648.0000         -53.295100
2652.0000         -50.731000
2656.0000         -65.095500
2660.0000         -42.905700
2664.0000         -56.576100
2668.0000         -55.187800
2672.0000         -69.123100
2676.0000         -38.701500
2680.0000         -62.049800
2684.0000         -46.574700
2688.0000         -46.923900
2692.0000         -58.577300
2696.0000         -58.070300
2700.0000         -63.251600
2704.0000         -39.352800
2708.0000         -43.547600
2712.0000         -54.661100
2716.0000         -57.345600
2720.0000         -50.716100
2724.0000         -48.541000
2728.0000         -41.625600
2732.0000         -48.946200
2736.0000         -53.437900
2740.0000         -53.393300
2744.0000         -49.310300
2748.0000         -56.244600
2752.0000         -46.572200
2756.0000         -57.970200
2760.0000         -50.407700
2764.0000         -49.568900
2768.0000         -45.244300
2772.0000         -64.452300
2776.0000         -38.185900
2780.0000         -46.781900
2784.0000         -64.190100
2788.0000         -46.960800
2792.0000         -68.081300
2796.0000         -65.698200
2800.0000         -56.552700
2804.0000         -41.819700
2808.0000         -47.507700
2812.0000         -59.131000
2816.0000         -46.234000
2820.0000         -43.858100
2824.0000         -46.466400
2828.0000         -43.719000
2832.0000         -54.125600
2836.0000         -49.283900
2840.0000         -46.573700
2844.0000         -55.303900
2848.0000         -58.561400
2852.0000         -59.391800
2856.0000         -50.296900
2860.0000         -48.490400
2864.0000         -56.392400
2868.0000         -45.262700
2872.0000         -55.951200
2876.0000         -48.437500
2880.0000         -47.126800
2884.0000         -59.621300
2888.0000         -52.545800
2892.0000         -72.523000
2896.0000         -46.962800
2900.0000         -50.407600
2904.0000         -60.369700
2908.0000         -45.786400
2912.0000         -49.294300
2916.0000         -51.915500
2920.0000         -44.235700
2924.0000         -45.371200
2928.0000         -54.862100
2932.0000         -40.358200
2936.0000         -57.842000
2940.0000         -50.086000
2944.0000         -48.991700
2948.0000         -61.041800
2952.0000         -48.355500
2956.0000         -58.374500
2960.0000         -51.308700
2964.0000         -49.361900
2968.0000         -51.412400
2972.0000         -48.970400
2976.0000         -56.281500
2980.0000         -50.988800
2984.0000         -57.779400
2988.0000         -52.780500
2992.0000         -49.526600
2996.0000         -54.692200
3000.0000         -56.468800
3004.0000         -52.873700
3008.0000         -51.308500
3012.0000         -37.703900
3016.0000         -47.070300
3020.0000         -45.122400
3024.0000         -43.847400
3028.0000         -46.354100
3032.0000         -53.249400
3036.0000         -59.274600
3040.0000         -56.134700
3044.0000         -58.244800
3048.0000         -45.246900
3052.0000         -51.593000
3056.0000         -61.325500
3060.0000         -45.940100
3064.0000         -57.222300
3068.0000         -51.452800
3072.0000         -49.770200
3076.0000         -53.239500
3080.0000         -49.785000
3084.0000         -43.202300
3088.0000         -54.566600
3092.0000         -50.292600
3096.0000         -57.855600
3100.0000         -60.015600
3104.0000         -51.781700
3108.0000         -54.159000
3112.0000         -46.842800
3116.0000         -43.462900
3120.0000         -53.181800
3124.0000         -49.052000
3128.0000         -51.740000
3132.0000         -63.562700
3136.0000         -59.137900
3140.0000         -40.665700
3144.0000         -51.852300
3148.0000         -59.465200
3152.0000         -55.567200
3156.0000         -58.216400
3160.0000         -61.656400
3164.0000         -51.007300
3168.0000         -44.137700
3172.0000         -46.105600
3176.0000         -55.942600
3180.0000         -50.363100
3184.0000         -50.172800
3188.0000         -48.765200
3192.0000         -53.146100
3196.0000         -42.745000
3200.0000         -55.578200
3204.0000         -47.986100
3208.0000         -57.234900
3212.0000         -52.611500
3216.0000         -49.202100
3220.0000         -51.978300
3224.0000         -41.314100
3228.0000         -46.024500
3232.0000         -43.282000
3236.0000         -52.098600
3240.0000         -56.273200
3244.0000         -60.372600
3248.0000         -51.319100
3252.0000         -46.617800
3256.0000         -66.189500
3260.0000         -56.318800
3264.0000         -62.820400
3268.0000         -48.652700
3272.0000         -54.117300
3276.0000         -49.976700
3280.0000         -53.256700
3284.0000         -48.809000
3288.0000         -63.607100
3292.0000         -54.127000
3296.0000         -51.690200
3300.0000         -42.490100
3304.0000         -51.262900
3308.0000         -64.934000
3312.0000         -49.031900
3316.0000         -62.426100
3320.0000         -53.989600
3324.0000         -54.460500
3328.0000         -55.495800
3332.0000         -53.699900
3336.0000         -62.829100
3340.0000         -52.139300
3344.0000         -60.818700
3348.0000         -55.919000
3352.0000         -50.799300
3356.0000         -62.693200
3360.0000         -55.112700
3364.0000         -53.982200
3368.0000         -54.279800
3372.0000         -52.364900
3376.0000         -64.110200
3380.0000         -45.947100
3384.0000         -51.081200
3388.0000         -54.359300
3392.0000         -42.636500
3396.0000         -57.500900
3400.0000         -50.623600
3404.0000         -54.483600
3408.0000         -49.489400
3412.0000         -46.782100
3416.0000         -45.605000
3420.0000         -64.956200
3424.0000         -56.084200
3428.0000         -64.851600
3432.0000         -45.937300
3436.0000         -56.910400
3440.0000         -55.470500
3444.0000         -55.603700
3448.0000         -58.077900
3452.0000         -49.142700
3456.0000         -56.704400
3460.0000         -42.886200
3464.0000         -52.578800
3468.0000         -49.193300
3472.0000         -51.627300
3476.0000         -54.286800
3480.0000         -65.152700
3484.0000         -55.417500
3488.0000         -52.555700
3492.0000         -48.412400
3496.0000         -57.126600
3500.0000         -47.031200
3504.0000         -39.788300
3508.0000         -51.544000
3512.0000         -53.601900
3516.0000         -53.300700
3520.0000         -47.223400
3524.0000         -44.894400
3528.0000         -45.393600
3532.0000         -45.509300
3536.0000         -48.677800
3540.0000         -61.288600
3544.0000         -45.257500
3548.0000         -40.576500
3552.0000         -52.893700
3556.0000         -43.321000
3560.0000         -46.652500
3564.0000         -59.404900
3568.0000         -43.529000
3572.0000         -46.492700
3576.0000         -53.305400
3580.0000         -56.536800
3584.0000         -39.418300
3588.0000         -45.857900
3592.0000         -55.232600
3596.0000         -51.726100
3600.0000         -45.258400
3604.0000         -57.091900
3608.0000         -54.411200
3612.0000         -62.704000
3616.0000         -64.016500
3620.0000         -50.557000
3624.0000         -54.174300
3628.0000         -53.206900
3632.0000         -52.289900
3636.0000         -45.260200
3640.0000         -53.187900
3644.0000         -45.367300
3648.0000         -57.441100
3652.0000         -44.308400
3656.0000         -48.352800
3660.0000         -43.670500
3664.0000         -55.690500
3668.0000         -44.291800
3672.0000         -48.022200
3676.0000         -57.215200
3680.0000         -48.845500
3684.0000         -48.602300
3688.0000         -52.154900
3692.0000         -52.064100
3696.0000         -49.378300
3700.0000         -44.379300
3704.0000         -56.024300
3708.0000         -57.869400
3712.0000         -54.842100
3716.0000         -57.690200
3720.0000         -57.451400
3724.0000         -44.806300
3728.0000         -57.634500
3732.0000         -49.905300
3736.0000         -46.593000
3740.0000         -48.910300
3744.0000         -56.432900
3748.0000         -60.680000
3752.0000         -69.737800
3756.0000         -51.544600
3760.0000         -64.353600
3764.0000         -61.212400
3768.0000         -53.052100
3772.0000         -48.539500
3776.0000         -50.201400
3780.0000         -54.773000
3784.0000         -69.854700
3788.0000         -50.239200
3792.0000         -46.938500
3796.0000         -55.154900
3800.0000         -45.287600
3804.0000         -46.903500
3808.0000         -48.285700
3812.0000         -49.742400
3816.0000         -46.828000
3820.0000         -47.978900
3824.0000         -55.063500
3828.0000         -61.753100
3832.0000         -46.714700
3836.0000         -45.864200
3840.0000         -50.110700
3844.0000         -50.335100
3848.0000         -50.180400
3852.0000         -59.693900
3856.0000         -55.042000
3860.0000         -49.975500
3864.0000         -54.016400
3868.0000         -55.647600
3872.0000         -47.217000
3876.0000         -54.430100
3880.0000         -45.103800
3884.0000         -44.377600
3888.0000         -49.162300
3892.0000         -47.242900
3896.0000         -59.031300
3900.0000         -56.776500
3904.0000         -60.789200
3908.0000         -47.218200
3912.0000         -51.062000
3916.0000         -63.441200
3920.0000         -49.612700
3924.0000         -41.069100
3928.0000         -66.374500
3932.0000         -53.229700
3936.0000         -68.249200
3940.0000         -53.717500
3944.0000         -56.318200
3948.0000         -50.686800
3952.0000         -52.394200
3956.0000         -56.283400
3960.0000         -51.460400
3964.0000         -63.288200
3968.0000         -47.746000
3972.0000         -49.071300
3976.0000         -52.003500
3980.0000         -53.746200
3984.0000         -50.431200
3988.0000         -49.101800
3992.0000         -55.849600
3996.0000         -61.365800
4000.0000         -51.187700
4004.0000         -52.612100
