4.0000      -30917.974333
8.0000      -30892.779953
12.0000      -30778.047797
16.0000      -30915.181160
20.0000      -30904.369352
24.0000      -30853.539628
28.0000      -30881.437571
32.0000      -30770.143658
36.0000      -30941.156099
40.0000      -30808.709725
44.0000      -30956.140377
48.0000      -30880.334974
52.0000      -30931.055090
56.0000      -30925.745705
60.0000      -30965.797584
64.0000      -30899.546790
68.0000      -30805.963201
72.0000      -31004.828670
76.0000      -30934.849089
80.0000      -30956.565019
84.0000      -30838.047160
88.0000      -30767.083884
92.0000      -30955.442374
96.0000      -30884.272224
100.0000      -30926.966522
104.0000      -30960.618236
108.0000      -30948.874743
112.0000      -30869.573018
116.0000      -31010.204417
120.0000      -30803.561900
124.0000      -30949.164550
128.0000      -30793.039810
132.0000      -30871.832107
136.0000      -30825.525244
140.0000      -30898.712401
144.0000      -30839.933677
148.0000      -30792.640559
152.0000      -30978.614298
156.0000      -31034.510818
160.0000      -30918.432569
164.0000      -30821.138833
168.0000      -30910.167583
172.0000      -31076.715398
176.0000      -30994.433167
180.0000      -30838.192232
184.0000      -30921.602321
188.0000      -30976.943098
192.0000      -30908.013257
196.0000      -31007.386866
200.0000      -30966.097025
204.0000      -30922.809722
208.0000      -30975.313309
212.0000      -30715.936465
216.0000      -30734.305437
220.0000      -30813.376417
224.0000      -30940.121372
228.0000      -30727.660594
232.0000      -30969.668224
236.0000      -31073.058671
240.0000      -30766.453173
244.0000      -31174.820495
248.0000      -30820.507351
252.0000      -30966.354338
256.0000      -30841.403775
260.0000      -30847.308110
264.0000      -30929.367003
268.0000      -30867.622865
272.0000      -30807.093463
276.0000      -30842.206832
280.0000      -30679.459797
284.0000      -30975.485243
288.0000      -30935.986353
292.0000      -30781.965427
296.0000      -30968.993295
300.0000      -30790.763964
304.0000      -30899.814067
308.0000      -30947.055729
312.0000      -30911.102250
316.0000      -30874.684940
320.0000      -30944.037060
324.0000      -31087.234232
328.0000      -30813.840719
332.0000      -31025.223233
336.0000      -30935.635473
340.0000      -31011.649227
344.0000      -30911.839918
348.0000      -30914.372490
352.0000      -30861.794460
356.0000      -30833.968799
360.0000      -31015.425010
364.0000      -30810.326867
368.0000      -30698.561460
372.0000      -30881.621327
376.0000      -30820.241510
380.0000      -30795.919282
384.0000      -30751.629668
388.0000      -30914.048089
392.0000      -31092.117120
396.0000      -30871.421228
400.0000      -30891.321358
404.0000      -30897.969224
408.0000      -30764.680224
412.0000      -30821.241579
416.0000      -30931.972720
420.0000      -30926.057683
424.0000      -30938.119153
428.0000      -30827.364940
432.0000      -30772.465820
436.0000      -31072.171654
440.0000      -30982.724465
444.0000      -31004.407415
448.0000      -30981.721442
452.0000      -30884.986279
456.0000      -31113.105829
460.0000      -31009.995920
464.0000      -31033.190437
468.0000      -31046.207260
472.0000      -30845.628145
476.0000      -30826.172184
480.0000      -30961.034185
484.0000      -31049.867879
488.0000      -30887.699663
492.0000      -30911.964073
496.0000      -30906.496058
500.0000      -31052.545127
504.0000      -30779.461636
508.0000      -30781.668723
512.0000      -30659.029434
516.0000      -30822.263877
520.0000      -30936.282561
524.0000      -30901.369354
528.0000      -30754.554993
532.0000      -31047.719168
536.0000      -30830.057803
540.0000      -30814.231875
544.0000      -30879.535847
548.0000      -30830.819503
552.0000      -30745.701969
556.0000      -30837.457434
560.0000      -30878.422315
564.0000      -31029.982420
568.0000      -30860.932741
572.0000      -30893.255939
576.0000      -30963.428188
580.0000      -30823.211704
584.0000      -30824.094862
588.0000      -30774.047338
592.0000      -30821.371376
596.0000      -30765.910157
600.0000      -30782.395279
604.0000      -30923.104154
608.0000      -30858.950471
612.0000      -30924.056594
616.0000      -30769.623860
620.0000      -30863.568982
624.0000      -30909.448017
628.0000      -30936.934018
632.0000      -30949.990557
636.0000      -30817.044406
640.0000      -30861.222664
644.0000      -30935.729120
648.0000      -30795.945647
652.0000      -30713.256574
656.0000      -30903.665931
660.0000      -30806.554860
664.0000      -30825.987521
668.0000      -30799.492879
672.0000      -30750.714286
676.0000      -30940.849503
680.0000      -30844.708150
684.0000      -31005.783693
688.0000      -30649.637884
692.0000      -30748.374798
696.0000      -30819.392315
700.0000      -30711.404816
704.0000      -30815.567488
708.0000      -30904.378972
712.0000      -30805.164313
716.0000      -30808.236042
720.0000      -30812.502568
724.0000      -30890.306529
728.0000      -30798.131901
732.0000      -31035.117580
736.0000      -30976.054753
740.0000      -30884.077660
744.0000      -30886.060734
748.0000      -30924.306598
752.0000      -31002.991725
756.0000      -30813.704753
760.0000      -30950.127279
764.0000      -30792.883820
768.0000      -30855.836342
772.0000      -30876.033654
776.0000      -30840.504996
780.0000      -30826.042500
784.0000      -31127.348645
788.0000      -30895.999678
792.0000      -30841.641842
796.0000      -30970.190574
800.0000      -30953.295310
804.0000      -30828.710163
808.0000      -30855.316933
812.0000      -30702.995887
816.0000      -30804.095174
820.0000      -30939.892293
824.0000      -30902.226340
828.0000      -31015.002483
832.0000      -31034.468373
836.0000      -30826.479423
840.0000      -30979.556724
844.0000      -30774.886173
848.0000      -31040.877363
852.0000      -30718.323770
856.0000      -30982.938889
860.0000      -31058.647978
864.0000      -30989.507302
868.0000      -30986.937956
872.0000      -30880.696510
876.0000      -30815.610685
880.0000      -30867.422180
884.0000      -30965.041318
888.0000      -31018.719200
892.0000      -30956.059493
896.0000      -30846.592523
900.0000      -31108.020626
904.0000      -30915.235453
908.0000      -30860.233119
912.0000      -30913.572178
916.0000      -30827.330923
920.0000      -30929.152184
924.0000      -30948.025884
928.0000      -30891.541590
932.0000      -30839.499729
936.0000      -30961.925039
940.0000      -31039.926821
944.0000      -30946.263474
948.0000      -30951.401632
952.0000      -30832.700007
956.0000      -30932.220538
960.0000      -31012.557368
964.0000      -30768.337857
968.0000      -30889.002186
972.0000      -30793.454287
976.0000      -30710.585512
980.0000      -31053.820705
984.0000      -30927.057060
988.0000      -30871.269468
992.0000      -31013.963366
996.0000      -30947.817427
1000.0000      -30856.392932
1004.0000      -31008.554418
1008.0000      -30720.540628
1012.0000      -30887.879895
1016.0000      -30866.652383
1020.0000      -30949.721685
1024.0000      -30851.054387
1028.0000      -30894.154711
1032.0000      -30798.502653
1036.0000      -30892.646208
1040.0000      -30936.712149
1044.0000      -31055.830632
1048.0000      -30778.942468
1052.0000      -30811.951146
1056.0000      -30825.433141
1060.0000      -30963.204954
1064.0000      -30863.589253
1068.0000      -30858.402180
1072.0000      -30970.129154
1076.0000      -30878.743802
1080.0000      -30821.537483
1084.0000      -30989.843059
1088.0000      -30938.585530
1092.0000      -30712.107301
1096.0000      -31039.057861
1100.0000      -30992.727479
1104.0000      -30823.351388
1108.0000      -31052.021581
1112.0000      -30941.596356
1116.0000      -30785.315037
1120.0000      -30890.646907
1124.0000      -30927.264363
1128.0000      -30832.873730
1132.0000      -30858.038220
1136.0000      -30948.542433
1140.0000      -30716.139242
1144.0000      -30762.624058
1148.0000      -30910.010230
1152.0000      -30921.545069
1156.0000      -30826.794130
1160.0000      -30910.127674
1164.0000      -30818.586432
1168.0000      -30862.823269
1172.0000      -30917.505251
1176.0000      -30846.153090
1180.0000      -30927.664046
1184.0000      -30895.674122
1188.0000      -30982.213926
1192.0000      -31018.472404
1196.0000      -30850.197066
1200.0000      -30952.934539
1204.0000      -31090.103162
1208.0000      -30700.503167
1212.0000      -30896.987942
1216.0000      -30887.096176
1220.0000      -30907.357358
1224.0000      -30980.757512
1228.0000      -30856.153875
1232.0000      -30937.332156
1236.0000      -30865.673371
1240.0000      -30997.404726
1244.0000      -30812.638652
1248.0000      -30836.829507
1252.0000      -30982.048574
1256.0000      -30871.049346
1260.0000      -30724.282564
1264.0000      -30924.512031
1268.0000      -30869.977720
1272.0000      -30791.256198
1276.0000      -31028.070908
1280.0000      -31018.115564
1284.0000      -30868.781987
1288.0000      -30948.016768
1292.0000      -30975.750034
1296.0000      -30932.394118
1300.0000      -30896.477310
1304.0000      -30873.056459
1308.0000      -31008.938466
1312.0000      -30951.618495
1316.0000      -30976.231060
1320.0000      -30801.530390
1324.0000      -30884.564576
1328.0000      -30847.936317
1332.0000      -30929.367090
1336.0000      -30841.018269
1340.0000      -30849.137488
1344.0000      -31054.945500
1348.0000      -30913.911836
1352.0000      -30916.663769
1356.0000      -30819.491956
1360.0000      -30921.482154
1364.0000      -30992.707481
1368.0000      -31054.169890
1372.0000      -30861.012636
1376.0000      -30971.708914
1380.0000      -30859.509995
1384.0000      -30803.366759
1388.0000      -30822.360964
1392.0000      -30881.484329
1396.0000      -31133.844820
1400.0000      -30816.479957
1404.0000      -30904.134408
1408.0000      -30865.592282
1412.0000      -31007.055257
1416.0000      -30936.800407
1420.0000      -31035.557021
1424.0000      -30871.673979
1428.0000      -31071.930880
1432.0000      -30866.577866
1436.0000      -30999.929418
1440.0000      -30819.686458
1444.0000      -30842.232621
1448.0000      -30799.050441
1452.0000      -30967.097810
1456.0000      -30995.460877
1460.0000      -31007.541331
1464.0000      -30959.304236
1468.0000      -31051.509694
1472.0000      -30920.980131
1476.0000      -30985.497940
1480.0000      -31117.342132
1484.0000      -30874.819117
1488.0000      -30860.900107
1492.0000      -30877.592939
1496.0000      -30922.322784
1500.0000      -30870.879945
1504.0000      -30951.632575
1508.0000      -30656.578191
1512.0000      -30876.983689
1516.0000      -31032.646258
1520.0000      -30824.489199
1524.0000      -30831.847444
1528.0000      -30588.882564
1532.0000      -30797.044241
1536.0000      -30875.981090
1540.0000      -31073.515587
1544.0000      -31040.020366
1548.0000      -30878.849702
1552.0000      -30910.750344
1556.0000      -31013.298189
1560.0000      -31007.063477
1564.0000      -31047.978911
1568.0000      -31116.605123
1572.0000      -31028.078742
1576.0000      -30881.203295
1580.0000      -30856.179862
1584.0000      -30813.210772
1588.0000      -30879.443757
1592.0000      -30961.898501
1596.0000      -31041.337744
1600.0000      -30896.837192
1604.0000      -30950.426452
1608.0000      -30940.293257
1612.0000      -30945.434140
1616.0000      -31038.178549
1620.0000      -30778.009766
1624.0000      -31034.649439
1628.0000      -30757.567372
1632.0000      -30885.673080
1636.0000      -31074.868303
1640.0000      -30865.635533
1644.0000      -30730.869117
1648.0000      -30977.609833
1652.0000      -30885.744113
1656.0000      -30856.935649
1660.0000      -30879.587032
1664.0000      -30952.537115
1668.0000      -30813.134485
1672.0000      -30857.782006
1676.0000      -30830.055824
1680.0000      -30969.998419
1684.0000      -31089.991539
1688.0000      -30783.343377
1692.0000      -30821.935718
1696.0000      -30862.923621
1700.0000      -30844.949490
1704.0000      -30809.137693
1708.0000      -31125.658344
1712.0000      -30937.661160
1716.0000      -30935.566318
1720.0000      -30861.564196
1724.0000      -30926.246443
1728.0000      -30959.481591
1732.0000      -30969.197767
1736.0000      -31052.513897
1740.0000      -30817.745707
1744.0000      -30914.843843
1748.0000      -30886.483561
1752.0000      -30884.192757
1756.0000      -30884.267159
1760.0000      -30891.453367
1764.0000      -30870.341991
1768.0000      -30900.277040
1772.0000      -30959.192008
1776.0000      -30883.288937
1780.0000      -30891.924225
1784.0000      -30923.666829
1788.0000      -30862.171749
1792.0000      -30705.653028
1796.0000      -30971.942586
1800.0000      -30948.634186
1804.0000      -31076.921174
1808.0000      -30952.978413
1812.0000      -30951.839745
1816.0000      -30996.615130
1820.0000      -30980.713405
1824.0000      -30928.689756
1828.0000      -30874.799428
1832.0000      -30981.693543
1836.0000      -30845.382045
1840.0000      -30978.193255
1844.0000      -30753.719125
1848.0000      -30857.476404
1852.0000      -30770.858771
1856.0000      -30957.353606
1860.0000      -30967.714091
1864.0000      -30677.052420
1868.0000      -30719.733203
1872.0000      -30833.675868
1876.0000      -30985.683241
1880.0000      -30894.788697
1884.0000      -30735.790463
1888.0000      -30905.372410
1892.0000      -30944.136053
1896.0000      -30801.644942
1900.0000      -30826.620743
1904.0000      -31039.071097
1908.0000      -30928.690656
1912.0000      -30963.776763
1916.0000      -30926.421829
1920.0000      -30890.118483
1924.0000      -30964.635936
1928.0000      -30804.482819
1932.0000      -30832.644736
1936.0000      -30988.478958
1940.0000      -30949.633803
1944.0000      -30947.081695
1948.0000      -30809.287427
1952.0000      -30712.601458
1956.0000      -30967.393746
1960.0000      -30883.091941
1964.0000      -30869.882748
1968.0000      -30958.634494
1972.0000      -30933.424891
1976.0000      -31070.455224
1980.0000      -30824.922936
1984.0000      -30731.706287
1988.0000      -30850.531949
1992.0000      -30731.301626
1996.0000      -30906.230368
2000.0000      -30934.704734
2004.0000      -30991.818892
2008.0000      -30872.287819
2012.0000      -30894.203896
2016.0000      -30966.468780
2020.0000      -31003.825012
2024.0000      -30884.947886
2028.0000      -30941.219955
2032.0000      -31017.502248
2036.0000      -31026.733943
2040.0000      -30901.250656
2044.0000      -31025.555783
2048.0000      -30983.966135
2052.0000      -30946.203459
2056.0000      -30875.998940
2060.0000      -30787.730769
2064.0000      -30923.999961
2068.0000      -30841.831863
2072.0000      -30971.376068
2076.0000      -30997.808697
2080.0000      -31133.544379
2084.0000      -30814.593752
2088.0000      -30857.831561
2092.0000      -30999.342929
2096.0000      -30995.860729
2100.0000      -30997.374995
2104.0000      -31070.590441
2108.0000      -31097.856062
2112.0000      -31171.481304
2116.0000      -31125.094091
2120.0000      -31006.651830
2124.0000      -30845.966908
2128.0000      -30949.993414
2132.0000      -30912.539951
2136.0000      -30937.761375
2140.0000      -30910.078262
2144.0000      -30896.435860
2148.0000      -30776.600961
2152.0000      -30989.524129
2156.0000      -30836.921681
2160.0000      -30923.714199
2164.0000      -30862.926676
2168.0000      -30985.608541
2172.0000      -30816.144451
2176.0000      -30892.671917
2180.0000      -30959.744711
2184.0000      -30983.357407
2188.0000      -30953.897320
2192.0000      -30821.198850
2196.0000      -30914.354495
2200.0000      -30844.917396
2204.0000      -30987.818645
2208.0000      -31004.749808
2212.0000      -30924.482621
2216.0000      -31009.355290
2220.0000      -30882.609336
2224.0000      -30877.075049
2228.0000      -30838.046833
2232.0000      -30913.562507
2236.0000      -30878.509199
2240.0000      -30815.787414
2244.0000      -30972.488656
2248.0000      -30877.041169
2252.0000      -31057.618364
2256.0000      -30725.744309
2260.0000      -31027.951965
2264.0000      -30899.863219
2268.0000      -30884.853913
2272.0000      -30630.907666
2276.0000      -30923.025945
2280.0000      -31002.270331
2284.0000      -31028.633082
2288.0000      -31014.667093
2292.0000      -30858.112899
2296.0000      -30852.283414
2300.0000      -30989.608233
2304.0000      -30913.521071
2308.0000      -30835.118621
2312.0000      -30944.811817
2316.0000      -30810.710608
2320.0000      -31113.189519
2324.0000      -30978.307058
2328.0000      -30984.023061
2332.0000      -30888.286396
2336.0000      -30999.697765
2340.0000      -30832.184321
2344.0000      -30751.967453
2348.0000      -30793.938277
2352.0000      -30896.202477
2356.0000      -30810.612913
2360.0000      -30766.962071
2364.0000      -30936.841431
2368.0000      -31011.854682
2372.0000      -30921.351830
2376.0000      -30864.696894
2380.0000      -30908.857805
2384.0000      -30896.478273
2388.0000      -30795.852692
2392.0000      -30871.494213
2396.0000      -30963.977956
2400.0000      -30846.819970
2404.0000      -30865.096305
2408.0000      -30969.589399
2412.0000      -30854.753832
2416.0000      -30686.075294
2420.0000      -30946.193634
2424.0000      -31012.259729
2428.0000      -30858.350628
2432.0000      -30903.533199
2436.0000      -30820.919190
2440.0000      -30882.276216
2444.0000      -30933.515615
2448.0000      -30886.508432
2452.0000      -30786.309220
2456.0000      -30876.246614
2460.0000      -30964.032064
2464.0000      -30908.006244
2468.0000      -30840.325888
2472.0000      -30870.360390
2476.0000      -31036.608203
2480.0000      -31015.755101
2484.0000      -30945.639549
2488.0000      -31174.894672
2492.0000      -30954.294197
2496.0000      -30770.503544
2500.0000      -30795.147661
2504.0000      -30999.985653
2508.0000      -30970.644477
2512.0000      -30863.452691
2516.0000      -30911.418576
2520.0000      -30899.346928
2524.0000      -30986.697164
2528.0000      -30915.813827
2532.0000      -30875.072836
2536.0000      -31029.300019
2540.0000      -31078.658991
2544.0000      -30758.276515
2548.0000      -30810.485349
2552.0000      -30836.843766
2556.0000      -30963.164517
2560.0000      -30996.886415
2564.0000      -30759.514331
2568.0000      -30910.891511
2572.0000      -30933.144917
2576.0000      -30968.833739
2580.0000      -30854.626409
2584.0000      -30929.807732
2588.0000      -30898.125735
2592.0000      -30940.781718
2596.0000      -30904.755923
2600.0000      -30881.586685
2604.0000      -30783.711050
2608.0000      -30873.071561
2612.0000      -30888.225677
2616.0000      -30975.318245
2620.0000      -30873.523721
2624.0000      -30884.838157
2628.0000      -31068.864402
2632.0000      -30926.341145
2636.0000      -30977.678767
2640.0000      -30981.426955
2644.0000      -30767.834228
2648.0000      -30838.546512
2652.0000      -30946.792713
2656.0000      -30825.383749
2660.0000      -30927.280875
2664.0000      -30776.425698
2668.0000      -30912.760784
2672.0000      -30959.843531
2676.0000      -30923.206699
2680.0000      -30958.643341
2684.0000      -30960.854178
2688.0000      -30844.276279
2692.0000      -30828.316785
2696.0000      -30922.220109
2700.0000      -30902.035670
2704.0000      -30911.776959
2708.0000      -30881.516887
2712.0000      -30980.671415
2716.0000      -30975.111763
2720.0000      -30878.658423
2724.0000      -30852.253065
2728.0000      -30969.614094
2732.0000      -30851.305916
2736.0000      -30831.602981
2740.0000      -30902.336431
2744.0000      -31006.498481
2748.0000      -30761.130536
2752.0000      -30904.519302
2756.0000      -30846.820295
2760.0000      -31093.781711
2764.0000      -30842.463183
2768.0000      -31020.208213
2772.0000      -30885.105584
2776.0000      -30897.166769
2780.0000      -30785.410912
2784.0000      -30951.274841
2788.0000      -30932.812561
2792.0000      -30733.332713
2796.0000      -30890.886035
2800.0000      -30911.205311
2804.0000      -31082.562314
2808.0000      -31013.262713
2812.0000      -30946.399685
2816.0000      -31022.918331
2820.0000      -31040.884962
2824.0000      -31124.686028
2828.0000      -31025.688225
2832.0000      -30850.396313
2836.0000      -30816.504701
2840.0000      -30951.730453
2844.0000      -31042.992908
2848.0000      -30896.527021
2852.0000      -30942.562846
2856.0000      -30873.835726
2860.0000      -30795.630661
2864.0000      -30894.280352
2868.0000      -30822.984419
2872.0000      -30959.583341
2876.0000      -31079.228622
2880.0000      -30825.883751
2884.0000      -30914.027066
2888.0000      -31047.498234
2892.0000      -30903.432158
2896.0000      -30832.344285
2900.0000      -31029.623985
2904.0000      -31012.693159
2908.0000      -30896.199466
2912.0000      -30708.725408
2916.0000      -30838.468372
2920.0000      -30871.103775
2924.0000      -31009.442706
2928.0000      -30981.279480
2932.0000      -30801.375269
2936.0000      -31064.084975
2940.0000      -30971.715922
2944.0000      -30872.794122
2948.0000      -30833.939218
2952.0000      -30791.623350
2956.0000      -30931.468009
2960.0000      -30823.607893
2964.0000      -30991.498960
2968.0000      -30897.351563
2972.0000      -30893.263673
2976.0000      -30891.537007
2980.0000      -30901.094269
2984.0000      -30793.537448
2988.0000      -31077.361243
2992.0000      -30968.300863
2996.0000      -30809.079071
3000.0000      -30927.725111
3004.0000      -30953.958091
3008.0000      -30901.862273
3012.0000      -30895.191132
3016.0000      -30921.964574
3020.0000      -30783.958023
3024.0000      -30938.334662
3028.0000      -30753.093714
3032.0000      -30902.229703
3036.0000      -30973.028133
3040.0000      -30926.965933
3044.0000      -30937.390147
3048.0000      -30949.297731
3052.0000      -30901.047299
3056.0000      -30742.510061
3060.0000      -30845.535858
3064.0000      -30910.115020
3068.0000      -30808.258547
3072.0000      -30810.893542
3076.0000      -30977.016156
3080.0000      -30913.506976
3084.0000      -31013.508125
3088.0000      -30882.140658
3092.0000      -30848.583280
3096.0000      -30988.698543
3100.0000      -30812.146786
3104.0000      -31061.309332
3108.0000      -30892.079161
3112.0000      -30838.604157
3116.0000      -30845.178233
3120.0000      -30894.548021
3124.0000      -30810.334967
3128.0000      -30922.010332
3132.0000      -30919.331931
3136.0000      -30873.498922
3140.0000      -30869.965555
3144.0000      -30992.542386
3148.0000      -30927.044884
3152.0000      -30902.988982
3156.0000      -30952.518503
3160.0000      -31173.519493
3164.0000      -30900.700437
3168.0000      -30879.305216
3172.0000      -30867.471714
3176.0000      -31040.155372
3180.0000      -30877.484776
3184.0000      -31018.936865
3188.0000      -30884.345773
3192.0000      -30856.768651
3196.0000      -30860.786801
3200.0000      -30842.876860
3204.0000      -30978.945866
3208.0000      -30800.817108
3212.0000      -30847.616671
3216.0000      -30950.825120
3220.0000      -30762.286152
3224.0000      -30965.281533
3228.0000      -31010.428927
3232.0000      -30994.592339
3236.0000      -31027.117690
3240.0000      -30968.479140
3244.0000      -30868.615623
3248.0000      -30863.488012
3252.0000      -30891.506937
3256.0000      -30790.893469
3260.0000      -30829.823475
3264.0000      -30896.531563
3268.0000      -30959.121433
3272.0000      -30767.191775
3276.0000      -30975.733105
3280.0000      -30753.545473
3284.0000      -30886.166679
3288.0000      -30765.182694
3292.0000      -30804.231692
3296.0000      -30755.663625
3300.0000      -30973.976018
3304.0000      -30863.101728
3308.0000      -30920.426285
3312.0000      -30892.263149
3316.0000      -30947.190825
3320.0000      -30972.569799
3324.0000      -30964.890031
3328.0000      -30870.179755
3332.0000      -31091.257071
3336.0000      -30932.560114
3340.0000      -30809.656569
3344.0000      -30826.614510
3348.0000      -30953.099496
3352.0000      -31123.225490
3356.0000      -31069.839434
3360.0000      -30878.239805
3364.0000      -30871.679825
3368.0000      -30755.892645
3372.0000      -30692.312275
3376.0000      -30979.074139
3380.0000      -30796.496450
3384.0000      -31026.954466
3388.0000      -30766.460991
3392.0000      -30931.920720
3396.0000      -30839.118407
3400.0000      -30985.825519
3404.0000      -30921.924687
3408.0000      -30840.028625
3412.0000      -31074.585117
3416.0000      -30811.532770
3420.0000      -30858.568009
3424.0000      -30855.263672
3428.0000      -30884.871211
3432.0000      -30873.610580
3436.0000      -30871.596240
3440.0000      -30858.069596
3444.0000      -30751.289310
3448.0000      -30848.111943
3452.0000      -30942.906810
3456.0000      -30976.212405
3460.0000      -30854.248277
3464.0000      -30871.303931
3468.0000      -30903.360134
3472.0000      -30794.816736
3476.0000      -30898.042784
3480.0000      -30922.142098
3484.0000      -30976.307867
3488.0000      -30830.804565
3492.0000      -31051.362541
3496.0000      -30886.702041
3500.0000      -30765.148487
3504.0000      -30939.861823
3508.0000      -30914.092972
3512.0000      -31051.375428
3516.0000      -30858.759420
3520.0000      -30936.705192
3524.0000      -30930.465073
3528.0000      -30897.932991
3532.0000      -30967.029640
3536.0000      -30857.298972
3540.0000      -30930.306398
3544.0000      -30961.195754
3548.0000      -31120.837350
3552.0000      -30968.540288
3556.0000      -30643.947645
3560.0000      -30839.826625
3564.0000      -30847.523359
3568.0000      -30988.803992
3572.0000      -30825.534311
3576.0000      -30958.233726
3580.0000      -30874.558372
3584.0000      -30955.380779
3588.0000      -30941.019228
3592.0000      -30926.037292
3596.0000      -30994.129311
3600.0000      -30772.973205
3604.0000      -30897.877758
3608.0000      -30951.082710
3612.0000      -30959.751794
3616.0000      -30793.255021
3620.0000      -30963.341588
3624.0000      -31022.341569
3628.0000      -31058.166023
3632.0000      -30898.339240
3636.0000      -30835.348565
3640.0000      -31064.590078
3644.0000      -31008.729228
3648.0000      -30885.738652
3652.0000      -30868.066974
3656.0000      -30744.849824
3660.0000      -30775.552226
3664.0000      -30779.846928
3668.0000      -30943.176425
3672.0000      -30924.115038
3676.0000      -30770.650856
3680.0000      -31028.707304
3684.0000      -31008.430565
3688.0000      -30981.593702
3692.0000      -31000.836175
3696.0000      -30836.005154
3700.0000      -30952.992539
3704.0000      -30894.324941
3708.0000      -30839.993754
3712.0000      -30887.504646
3716.0000      -30787.000055
3720.0000      -30910.027113
3724.0000      -30890.024678
3728.0000      -30852.313466
3732.0000      -30987.980358
3736.0000      -30816.222559
3740.0000      -30829.669861
3744.0000      -30881.383693
3748.0000      -30955.047887
3752.0000      -30858.558107
3756.0000      -31073.000728
3760.0000      -30963.352916
3764.0000      -30903.111386
3768.0000      -30903.162692
3772.0000      -30922.022293
3776.0000      -30948.968511
3780.0000      -30962.627861
3784.0000      -31040.900390
3788.0000      -30803.713821
3792.0000      -30905.474033
3796.0000      -30912.101929
3800.0000      -30904.381245
3804.0000      -30836.729207
3808.0000      -30867.591016
3812.0000      -30906.676544
3816.0000      -30930.450419
3820.0000      -31070.808871
3824.0000      -30926.136097
3828.0000      -30788.139757
3832.0000      -30886.735682
3836.0000      -30824.928842
3840.0000      -30802.260782
3844.0000      -30652.613254
3848.0000      -30764.169194
3852.0000      -30856.097330
3856.0000      -30955.350380
3860.0000      -30802.755487
3864.0000      -30882.533284
3868.0000      -31033.625135
3872.0000      -30992.731947
3876.0000      -30838.953198
3880.0000      -31008.000845
3884.0000      -30827.216870
3888.0000      -30984.144669
3892.0000      -30952.166872
3896.0000      -30856.642615
3900.0000      -30814.304488
3904.0000      -30988.654795
3908.0000      -30926.302509
3912.0000      -30848.995936
3916.0000      -31021.575061
3920.0000      -30781.359800
3924.0000      -30894.717050
3928.0000      -30963.417818
3932.0000      -30827.781295
3936.0000      -30985.297369
3940.0000      -30891.239511
3944.0000      -30934.166852
3948.0000      -30855.677278
3952.0000      -31014.135996
3956.0000      -30987.314639
3960.0000      -30972.622600
3964.0000      -30929.110860
3968.0000      -31058.097872
3972.0000      -30799.774419
3976.0000      -30926.345607
3980.0000      -31011.147317
3984.0000      -30972.791828
3988.0000      -30908.692793
3992.0000      -30900.423240
3996.0000      -30954.241194
4000.0000      -31012.722320
4004.0000      -31012.722320
