4.0000     -732537.777500
8.0000     -732913.514641
12.0000     -732911.766267
16.0000     -733015.668391
20.0000     -733386.305421
24.0000     -733211.335620
28.0000     -732570.590498
32.0000     -733134.320740
36.0000     -732715.360722
40.0000     -732808.331575
44.0000     -731830.655114
48.0000     -732939.025599
52.0000     -732548.361101
56.0000     -732844.726236
60.0000     -732673.329840
64.0000     -732775.909140
68.0000     -733726.022515
72.0000     -732554.012662
76.0000     -732948.378607
80.0000     -732509.511294
84.0000     -732564.462664
88.0000     -732539.257427
92.0000     -732135.482609
96.0000     -732768.360336
100.0000     -733465.224885
104.0000     -732095.153967
108.0000     -732820.610877
112.0000     -732973.533857
116.0000     -733092.666858
120.0000     -732789.833511
124.0000     -733047.514922
128.0000     -733504.810931
132.0000     -732988.805238
136.0000     -733310.519003
140.0000     -732678.323808
144.0000     -733421.588688
148.0000     -732787.932844
152.0000     -733095.475374
156.0000     -733108.153579
160.0000     -732895.341831
164.0000     -733676.049593
168.0000     -732097.852998
172.0000     -733129.586306
176.0000     -732802.168723
180.0000     -732873.664287
184.0000     -732834.447082
188.0000     -731697.586956
192.0000     -733063.138905
196.0000     -732790.952383
200.0000     -732534.721877
204.0000     -732930.082584
208.0000     -733277.597868
212.0000     -732584.012745
216.0000     -732944.310654
220.0000     -733119.508067
224.0000     -733013.935179
228.0000     -732757.955694
232.0000     -732945.686871
236.0000     -732635.787687
240.0000     -733224.243096
244.0000     -732245.964481
248.0000     -733464.487131
252.0000     -733035.328726
256.0000     -733271.904709
260.0000     -733145.014487
264.0000     -733119.484897
268.0000     -733201.190474
272.0000     -732515.212340
276.0000     -732288.996904
280.0000     -732619.473702
284.0000     -732360.805157
288.0000     -732894.197073
292.0000     -732963.785948
296.0000     -733755.915149
300.0000     -733257.037930
304.0000     -733563.011076
308.0000     -733236.223002
312.0000     -732633.832049
316.0000     -732677.372987
320.0000     -732590.164868
324.0000     -733203.744740
328.0000     -732787.541855
332.0000     -732358.554548
336.0000     -733644.536298
340.0000     -732979.613048
344.0000     -733326.295702
348.0000     -732545.265789
352.0000     -733446.893271
356.0000     -733797.240031
360.0000     -732754.161709
364.0000     -733247.705887
368.0000     -733155.333254
372.0000     -732609.821041
376.0000     -731697.817535
380.0000     -732087.556648
384.0000     -732445.386995
388.0000     -733041.730481
392.0000     -732847.590455
396.0000     -732961.684608
400.0000     -732602.095224
404.0000     -732575.592287
408.0000     -732867.775748
412.0000     -732990.487966
416.0000     -733101.569675
420.0000     -733259.025542
424.0000     -732957.924111
428.0000     -732806.810367
432.0000     -733326.708618
436.0000     -733020.285324
440.0000     -732222.836402
444.0000     -733050.955977
448.0000     -732607.756111
452.0000     -733683.535404
456.0000     -733398.591663
460.0000     -733110.808442
464.0000     -732774.722475
468.0000     -733430.949330
472.0000     -733142.916582
476.0000     -733338.046642
480.0000     -733045.713044
484.0000     -733024.429888
488.0000     -733177.550864
492.0000     -732801.756858
496.0000     -732383.133405
500.0000     -732907.013633
504.0000     -732685.915767
508.0000     -733035.379330
512.0000     -733381.000323
516.0000     -733729.037359
520.0000     -731918.171283
524.0000     -732694.805989
528.0000     -732773.024550
532.0000     -732810.414982
536.0000     -732631.605678
540.0000     -734061.150807
544.0000     -733284.070934
548.0000     -733682.751118
552.0000     -733684.937238
556.0000     -733257.943426
560.0000     -733292.511692
564.0000     -733267.432398
568.0000     -732848.636112
572.0000     -733343.990171
576.0000     -733358.343068
580.0000     -733026.490160
584.0000     -733071.580565
588.0000     -732347.047555
592.0000     -733620.764650
596.0000     -732758.606548
600.0000     -732910.030043
604.0000     -733220.041762
608.0000     -733193.639256
612.0000     -732890.318850
616.0000     -732816.727517
620.0000     -734165.314748
624.0000     -732841.467914
628.0000     -733466.698447
632.0000     -733170.523430
636.0000     -732639.029187
640.0000     -732656.858661
644.0000     -733099.384957
648.0000     -732638.258960
652.0000     -733039.499451
656.0000     -732765.855607
660.0000     -733361.169076
664.0000     -733294.549768
668.0000     -733160.937498
672.0000     -732834.377084
676.0000     -733671.343628
680.0000     -732699.480988
684.0000     -732936.003040
688.0000     -733294.092824
692.0000     -733433.237837
696.0000     -732868.374178
700.0000     -733078.286005
704.0000     -733205.576538
708.0000     -733612.575230
712.0000     -733128.469998
716.0000     -732264.901315
720.0000     -733205.034725
724.0000     -733014.728565
728.0000     -732990.534741
732.0000     -732901.218079
736.0000     -731935.896385
740.0000     -733020.424604
744.0000     -733045.783792
748.0000     -733166.393835
752.0000     -732941.572320
756.0000     -733162.545726
760.0000     -734042.343493
764.0000     -732996.250955
768.0000     -733172.283729
772.0000     -732823.508395
776.0000     -733424.516744
780.0000     -733735.071002
784.0000     -733410.229862
788.0000     -732653.282857
792.0000     -732614.002915
796.0000     -732993.339266
800.0000     -733285.441534
804.0000     -733527.423339
808.0000     -733167.216140
812.0000     -733236.625459
816.0000     -732238.251566
820.0000     -733127.059978
824.0000     -732891.276396
828.0000     -732552.685793
832.0000     -733064.108244
836.0000     -732872.440546
840.0000     -733925.279889
844.0000     -732941.680619
848.0000     -733309.657450
852.0000     -732752.476188
856.0000     -732648.811904
860.0000     -733076.903967
864.0000     -732210.793813
868.0000     -733283.221568
872.0000     -733250.037212
876.0000     -733134.383931
880.0000     -732541.854098
884.0000     -732816.809441
888.0000     -733119.962076
892.0000     -733605.082943
896.0000     -733073.498821
900.0000     -732926.114394
904.0000     -733439.734196
908.0000     -733688.183825
912.0000     -733167.257525
916.0000     -733233.467272
920.0000     -733551.187219
924.0000     -734282.435725
928.0000     -733162.580603
932.0000     -733713.930116
936.0000     -733578.887715
940.0000     -733246.048104
944.0000     -732511.794679
948.0000     -733142.688823
952.0000     -732748.479338
956.0000     -733629.079545
960.0000     -733537.125042
964.0000     -733567.471478
968.0000     -733129.312375
972.0000     -732565.866909
976.0000     -732918.013628
980.0000     -734204.557492
984.0000     -733507.111114
988.0000     -733425.984257
992.0000     -733383.052538
996.0000     -733257.065587
1000.0000     -733394.854478
1004.0000     -733167.111994
1008.0000     -733902.077654
1012.0000     -733412.188574
1016.0000     -733212.213652
1020.0000     -733243.749853
1024.0000     -733506.314689
1028.0000     -733137.790839
1032.0000     -733573.592060
1036.0000     -733090.912192
1040.0000     -732954.640726
1044.0000     -733242.125755
1048.0000     -732743.780459
1052.0000     -733658.326106
1056.0000     -734166.632821
1060.0000     -734220.336287
1064.0000     -733680.992491
1068.0000     -733147.703961
1072.0000     -732859.892661
1076.0000     -733673.146721
1080.0000     -733452.063157
1084.0000     -732602.418244
1088.0000     -733139.276536
1092.0000     -733021.576651
1096.0000     -733198.352262
1100.0000     -733260.223300
1104.0000     -733306.654775
1108.0000     -733308.344808
1112.0000     -734241.982942
1116.0000     -733771.312919
1120.0000     -733654.945131
1124.0000     -733479.261187
1128.0000     -733793.842173
1132.0000     -732779.814781
1136.0000     -732965.361978
1140.0000     -733061.221995
1144.0000     -733690.823263
1148.0000     -733540.576566
1152.0000     -733959.878951
1156.0000     -732948.776236
1160.0000     -734083.409900
1164.0000     -733550.214928
1168.0000     -733513.875584
1172.0000     -733200.729033
1176.0000     -733260.414336
1180.0000     -733185.419025
1184.0000     -733387.286367
1188.0000     -733704.909817
1192.0000     -734026.723446
1196.0000     -734500.188547
1200.0000     -733395.722918
1204.0000     -732969.833398
1208.0000     -733324.840944
1212.0000     -733823.516465
1216.0000     -733227.230835
1220.0000     -733309.285718
1224.0000     -733722.642597
1228.0000     -733916.002327
1232.0000     -733141.216837
1236.0000     -732971.746143
1240.0000     -732976.750403
1244.0000     -732884.239794
1248.0000     -733132.105768
1252.0000     -733611.930735
1256.0000     -733617.294266
1260.0000     -732752.039638
1264.0000     -733401.213208
1268.0000     -732563.607576
1272.0000     -733319.725940
1276.0000     -733221.859209
1280.0000     -732683.371889
1284.0000     -732592.187096
1288.0000     -732919.916353
1292.0000     -733588.028441
1296.0000     -733758.382002
1300.0000     -732550.950636
1304.0000     -732738.091212
1308.0000     -732433.822771
1312.0000     -732573.418413
1316.0000     -732838.997201
1320.0000     -732989.451630
1324.0000     -732076.444483
1328.0000     -733500.073045
1332.0000     -732654.798618
1336.0000     -733605.208519
1340.0000     -732820.843369
1344.0000     -733146.915427
1348.0000     -733410.276590
1352.0000     -732505.991363
1356.0000     -733345.929525
1360.0000     -733627.343443
1364.0000     -733935.724726
1368.0000     -733817.612429
1372.0000     -733143.985106
1376.0000     -733029.841118
1380.0000     -733928.429488
1384.0000     -732348.197707
1388.0000     -733315.227403
1392.0000     -732846.609409
1396.0000     -733613.764077
1400.0000     -733292.629891
1404.0000     -732488.233276
1408.0000     -733849.446897
1412.0000     -733382.982898
1416.0000     -731817.299064
1420.0000     -733312.577508
1424.0000     -732586.638268
1428.0000     -732915.192483
1432.0000     -733065.028577
1436.0000     -733096.206905
1440.0000     -733852.867794
1444.0000     -732465.785006
1448.0000     -732837.157985
1452.0000     -733859.248214
1456.0000     -733830.649109
1460.0000     -733473.163062
1464.0000     -734261.544156
1468.0000     -732816.620411
1472.0000     -733363.779090
1476.0000     -732929.649367
1480.0000     -733556.651686
1484.0000     -733745.172841
1488.0000     -733308.774918
1492.0000     -733320.290621
1496.0000     -732757.543944
1500.0000     -732954.326251
1504.0000     -733252.428678
1508.0000     -733154.714208
1512.0000     -732790.996551
1516.0000     -732767.936605
1520.0000     -733850.809531
1524.0000     -733345.736768
1528.0000     -733501.605765
1532.0000     -733725.298204
1536.0000     -733121.291081
1540.0000     -733173.373083
1544.0000     -733586.417791
1548.0000     -733748.426449
1552.0000     -733289.319166
1556.0000     -732915.538604
1560.0000     -733011.519311
1564.0000     -733391.453574
1568.0000     -733369.362493
1572.0000     -733765.259041
1576.0000     -733402.793864
1580.0000     -733579.763088
1584.0000     -733879.291404
1588.0000     -733374.024853
1592.0000     -733236.454900
1596.0000     -733388.056363
1600.0000     -733378.110071
1604.0000     -733644.875734
1608.0000     -733815.894447
1612.0000     -733980.960722
1616.0000     -733673.722563
1620.0000     -733248.287036
1624.0000     -733818.751365
1628.0000     -732762.944649
1632.0000     -732727.846886
1636.0000     -732590.149092
1640.0000     -733812.083556
1644.0000     -733734.150978
1648.0000     -733531.079346
1652.0000     -733338.701476
1656.0000     -732865.375486
1660.0000     -733034.256571
1664.0000     -734760.163988
1668.0000     -733546.523978
1672.0000     -733059.170475
1676.0000     -733150.372236
1680.0000     -733340.969135
1684.0000     -733836.208324
1688.0000     -733062.995478
1692.0000     -732648.850724
1696.0000     -732316.448311
1700.0000     -732833.365449
1704.0000     -733300.825416
1708.0000     -733805.886622
1712.0000     -734011.688672
1716.0000     -733699.956052
1720.0000     -733384.681443
1724.0000     -733198.456362
1728.0000     -733854.890244
1732.0000     -733570.428910
1736.0000     -733769.419138
1740.0000     -733830.460792
1744.0000     -733618.118234
1748.0000     -733493.850736
1752.0000     -732693.838614
1756.0000     -732979.802858
1760.0000     -733126.845702
1764.0000     -732921.367060
1768.0000     -733020.284312
1772.0000     -733092.500179
1776.0000     -733578.474541
1780.0000     -733810.844817
1784.0000     -732648.153855
1788.0000     -733875.675629
1792.0000     -732440.624954
1796.0000     -732202.421313
1800.0000     -732438.448882
1804.0000     -732975.122070
1808.0000     -733031.053378
1812.0000     -732508.005566
1816.0000     -731983.623405
1820.0000     -732460.308338
1824.0000     -732605.286381
1828.0000     -732837.895493
1832.0000     -732918.110634
1836.0000     -732878.120083
1840.0000     -732934.941645
1844.0000     -733709.578843
1848.0000     -732976.277726
1852.0000     -733027.115206
1856.0000     -734088.794854
1860.0000     -733294.032377
1864.0000     -734156.879949
1868.0000     -733671.929899
1872.0000     -733735.720201
1876.0000     -733904.086313
1880.0000     -733866.300414
1884.0000     -732757.739976
1888.0000     -732927.547589
1892.0000     -732860.366232
1896.0000     -733030.335612
1900.0000     -732943.095839
1904.0000     -732945.325170
1908.0000     -733058.643284
1912.0000     -733651.225453
1916.0000     -733065.915544
1920.0000     -732986.717840
1924.0000     -733420.710922
1928.0000     -733414.227191
1932.0000     -732694.501333
1936.0000     -733396.802314
1940.0000     -734113.244562
1944.0000     -732873.359445
1948.0000     -732983.920996
1952.0000     -733709.628001
1956.0000     -732937.163991
1960.0000     -734019.268634
1964.0000     -732798.124185
1968.0000     -732729.154161
1972.0000     -733324.368554
1976.0000     -732521.666759
1980.0000     -733249.687276
1984.0000     -732379.859272
1988.0000     -732331.839570
1992.0000     -733439.732041
1996.0000     -733925.682528
2000.0000     -733272.693342
2004.0000     -733437.344041
2008.0000     -733332.470519
2012.0000     -733608.391904
2016.0000     -733317.652271
2020.0000     -733541.388008
2024.0000     -734109.991817
2028.0000     -732597.303088
2032.0000     -733596.398500
2036.0000     -733588.601180
2040.0000     -733513.921146
2044.0000     -734133.011784
2048.0000     -733330.960784
2052.0000     -733000.787461
2056.0000     -733655.285327
2060.0000     -734002.559071
2064.0000     -733805.057704
2068.0000     -733726.160966
2072.0000     -733103.895872
2076.0000     -732710.321753
2080.0000     -733020.309148
2084.0000     -733630.091826
2088.0000     -732674.032350
2092.0000     -733420.632048
2096.0000     -733855.750101
2100.0000     -733021.393258
2104.0000     -733701.663117
2108.0000     -734313.631355
2112.0000     -733590.164261
2116.0000     -733429.203542
2120.0000     -734110.718859
2124.0000     -733301.180712
2128.0000     -733282.495632
2132.0000     -732964.498347
2136.0000     -732417.376131
2140.0000     -733433.706044
2144.0000     -732660.304349
2148.0000     -733052.466393
2152.0000     -733658.773962
2156.0000     -732652.230934
2160.0000     -734195.223913
2164.0000     -732834.835148
2168.0000     -733103.002990
2172.0000     -733277.874216
2176.0000     -733082.256450
2180.0000     -733544.639331
2184.0000     -733747.433432
2188.0000     -732633.167626
2192.0000     -734437.019781
2196.0000     -733906.539921
2200.0000     -733721.588960
2204.0000     -732831.505309
2208.0000     -732733.792230
2212.0000     -733177.024096
2216.0000     -733366.245623
2220.0000     -732798.925033
2224.0000     -733173.899378
2228.0000     -733657.564306
2232.0000     -732958.607501
2236.0000     -732233.065146
2240.0000     -733060.941430
2244.0000     -733510.707398
2248.0000     -733359.422018
2252.0000     -733410.348763
2256.0000     -733146.028326
2260.0000     -733544.917628
2264.0000     -732465.903346
2268.0000     -733185.785789
2272.0000     -733391.727527
2276.0000     -733441.841539
2280.0000     -734023.237124
2284.0000     -733499.030479
2288.0000     -732898.454187
2292.0000     -733743.692717
2296.0000     -733441.398760
2300.0000     -732506.562106
2304.0000     -733552.873324
2308.0000     -733804.212002
2312.0000     -732293.182617
2316.0000     -732719.087432
2320.0000     -732514.829181
2324.0000     -733141.031959
2328.0000     -734230.674116
2332.0000     -733060.938822
2336.0000     -733142.864854
2340.0000     -733643.415289
2344.0000     -733609.037639
2348.0000     -733199.468017
2352.0000     -734009.616394
2356.0000     -733583.822209
2360.0000     -732635.887587
2364.0000     -732977.988994
2368.0000     -732168.418323
2372.0000     -733754.248338
2376.0000     -733833.545912
2380.0000     -734404.036134
2384.0000     -733596.719602
2388.0000     -733390.490513
2392.0000     -732898.953053
2396.0000     -733089.913924
2400.0000     -733022.329690
2404.0000     -733455.954485
2408.0000     -734099.394140
2412.0000     -733503.144439
2416.0000     -733347.157148
2420.0000     -733208.733579
2424.0000     -733121.932253
2428.0000     -732981.799989
2432.0000     -733471.781011
2436.0000     -733037.811751
2440.0000     -732636.609953
2444.0000     -732597.327568
2448.0000     -733579.046216
2452.0000     -733350.096047
2456.0000     -732757.519005
2460.0000     -732684.576989
2464.0000     -733548.060730
2468.0000     -733819.594186
2472.0000     -733557.625723
2476.0000     -733578.149453
2480.0000     -733631.206125
2484.0000     -733389.287143
2488.0000     -733388.280170
2492.0000     -732650.147242
2496.0000     -732896.626409
2500.0000     -733896.129886
2504.0000     -733099.850085
2508.0000     -733029.664239
2512.0000     -733090.059555
2516.0000     -733533.934788
2520.0000     -733797.493190
2524.0000     -733966.503456
2528.0000     -733505.913966
2532.0000     -733031.696678
2536.0000     -732493.232829
2540.0000     -732460.363629
2544.0000     -733697.991288
2548.0000     -733479.314689
2552.0000     -733293.285493
2556.0000     -734167.329254
2560.0000     -734050.113031
2564.0000     -732849.394357
2568.0000     -732794.873108
2572.0000     -733838.909862
2576.0000     -733342.572908
2580.0000     -732799.028106
2584.0000     -732874.267517
2588.0000     -733021.030866
2592.0000     -733142.050341
2596.0000     -733076.246460
2600.0000     -733573.317606
2604.0000     -734254.789658
2608.0000     -733029.440502
2612.0000     -733703.018783
2616.0000     -733304.986893
2620.0000     -732468.473974
2624.0000     -734138.902483
2628.0000     -733374.278479
2632.0000     -733020.390046
2636.0000     -733883.612817
2640.0000     -732444.624249
2644.0000     -733429.962795
2648.0000     -732477.289935
2652.0000     -733086.721484
2656.0000     -732575.477706
2660.0000     -732879.872885
2664.0000     -733735.967585
2668.0000     -732840.427410
2672.0000     -734073.680743
2676.0000     -733466.456898
2680.0000     -733916.801054
2684.0000     -733935.443722
2688.0000     -732936.369051
2692.0000     -732520.442040
2696.0000     -733948.665856
2700.0000     -733319.968375
2704.0000     -733757.329960
2708.0000     -734085.445870
2712.0000     -733784.773910
2716.0000     -733671.156550
2720.0000     -734650.366568
2724.0000     -733569.894648
2728.0000     -733453.919603
2732.0000     -734068.583649
2736.0000     -733253.389453
2740.0000     -733436.310810
2744.0000     -732575.212314
2748.0000     -733604.365621
2752.0000     -732793.877761
2756.0000     -732888.899729
2760.0000     -733249.517034
2764.0000     -733652.901950
2768.0000     -733000.858277
2772.0000     -733042.858161
2776.0000     -732854.984749
2780.0000     -733638.622816
2784.0000     -733088.421800
2788.0000     -733446.405673
2792.0000     -733283.395479
2796.0000     -733948.555144
2800.0000     -733660.817459
2804.0000     -732873.521751
2808.0000     -733401.051972
2812.0000     -733729.135464
2816.0000     -733094.240221
2820.0000     -733292.122726
2824.0000     -733535.501411
2828.0000     -733108.174955
2832.0000     -733804.798644
2836.0000     -733334.821533
2840.0000     -734343.602479
2844.0000     -733705.231677
2848.0000     -734171.667523
2852.0000     -732845.171632
2856.0000     -733946.749575
2860.0000     -734397.531876
2864.0000     -734407.028957
2868.0000     -733675.288523
2872.0000     -733587.114543
2876.0000     -733791.858451
2880.0000     -733469.384398
2884.0000     -733081.093396
2888.0000     -733939.931048
2892.0000     -733790.992846
2896.0000     -733453.660253
2900.0000     -733215.289243
2904.0000     -733929.341402
2908.0000     -733473.151046
2912.0000     -733518.316913
2916.0000     -733486.317665
2920.0000     -733718.405718
2924.0000     -733189.727614
2928.0000     -733430.463319
2932.0000     -733541.978355
2936.0000     -733598.851984
2940.0000     -733621.053819
2944.0000     -733394.337681
2948.0000     -733446.579598
2952.0000     -733434.514326
2956.0000     -733048.713139
2960.0000     -732818.579317
2964.0000     -733689.657466
2968.0000     -733225.492572
2972.0000     -733592.827676
2976.0000     -732704.578739
2980.0000     -733248.218644
2984.0000     -733073.898827
2988.0000     -733298.290755
2992.0000     -732895.920052
2996.0000     -733486.466883
3000.0000     -733918.587459
3004.0000     -733143.221135
3008.0000     -733055.771170
3012.0000     -732653.529903
3016.0000     -733271.328169
3020.0000     -733635.180085
3024.0000     -733443.879668
3028.0000     -732697.443267
3032.0000     -733235.921185
3036.0000     -733780.342295
3040.0000     -733554.370861
3044.0000     -733571.189755
3048.0000     -732812.383660
3052.0000     -733253.442296
3056.0000     -733234.848638
3060.0000     -733625.953463
3064.0000     -732997.132980
3068.0000     -733368.702120
3072.0000     -733348.667294
3076.0000     -733590.517948
3080.0000     -733306.536171
3084.0000     -733233.864504
3088.0000     -733796.787168
3092.0000     -733600.925091
3096.0000     -733542.107429
3100.0000     -733007.798580
3104.0000     -733093.157434
3108.0000     -732152.618036
3112.0000     -733108.656385
3116.0000     -733543.385849
3120.0000     -733700.567240
3124.0000     -733002.035117
3128.0000     -733645.890650
3132.0000     -733231.810999
3136.0000     -733327.287193
3140.0000     -732970.932488
3144.0000     -732263.166617
3148.0000     -733647.187287
3152.0000     -733885.024263
3156.0000     -733261.577976
3160.0000     -732937.345022
3164.0000     -732963.004059
3168.0000     -732950.786115
3172.0000     -733081.749834
3176.0000     -732832.367696
3180.0000     -733867.058163
3184.0000     -734099.702457
3188.0000     -733661.065537
3192.0000     -731957.493440
3196.0000     -733095.152090
3200.0000     -733649.689482
3204.0000     -733033.620763
3208.0000     -731834.326416
3212.0000     -732545.876884
3216.0000     -733003.728568
3220.0000     -733073.092508
3224.0000     -732597.695963
3228.0000     -733365.016021
3232.0000     -732996.141481
3236.0000     -732930.405780
3240.0000     -733130.545789
3244.0000     -733616.332273
3248.0000     -734527.602129
3252.0000     -732315.392821
3256.0000     -733262.959145
3260.0000     -734206.682396
3264.0000     -734111.139958
3268.0000     -733298.626747
3272.0000     -733254.613729
3276.0000     -734167.087772
3280.0000     -734017.592344
3284.0000     -732802.221882
3288.0000     -733921.743994
3292.0000     -733384.677811
3296.0000     -733469.062466
3300.0000     -734367.161453
3304.0000     -732881.740668
3308.0000     -733132.240837
3312.0000     -733174.994765
3316.0000     -732737.332354
3320.0000     -733613.836871
3324.0000     -733786.047447
3328.0000     -733683.787666
3332.0000     -734644.407827
3336.0000     -733665.701601
3340.0000     -733321.723548
3344.0000     -733852.118403
3348.0000     -733715.878387
3352.0000     -732858.183996
3356.0000     -734311.550458
3360.0000     -733418.112633
3364.0000     -733044.651677
3368.0000     -733707.726023
3372.0000     -733663.903225
3376.0000     -733749.844229
3380.0000     -733296.539156
3384.0000     -732542.549620
3388.0000     -733713.563371
3392.0000     -733047.058971
3396.0000     -732606.970672
3400.0000     -733258.622241
3404.0000     -732617.965951
3408.0000     -733570.776415
3412.0000     -732837.844617
3416.0000     -733055.157107
3420.0000     -733138.914703
3424.0000     -733914.137156
3428.0000     -733355.264676
3432.0000     -732653.672554
3436.0000     -733937.209736
3440.0000     -733289.200466
3444.0000     -733897.957831
3448.0000     -734127.000946
3452.0000     -733375.771531
3456.0000     -734070.154508
3460.0000     -733260.818575
3464.0000     -733358.757301
3468.0000     -733575.107905
3472.0000     -733528.337710
3476.0000     -733783.618984
3480.0000     -734090.595182
3484.0000     -733744.598869
3488.0000     -733060.364332
3492.0000     -734404.691196
3496.0000     -733876.305887
3500.0000     -732709.121420
3504.0000     -733668.862806
3508.0000     -732838.764319
3512.0000     -734143.912676
3516.0000     -734118.101657
3520.0000     -733496.994074
3524.0000     -733193.759001
3528.0000     -734203.813644
3532.0000     -734430.867337
3536.0000     -733975.740553
3540.0000     -733751.376188
3544.0000     -733710.845353
3548.0000     -733492.650103
3552.0000     -732703.412347
3556.0000     -733790.073110
3560.0000     -733278.989114
3564.0000     -733954.230281
3568.0000     -733278.846252
3572.0000     -734573.703154
3576.0000     -733305.740578
3580.0000     -733424.821349
3584.0000     -732483.020801
3588.0000     -733373.401028
3592.0000     -733944.250698
3596.0000     -733286.511703
3600.0000     -733915.765150
3604.0000     -733982.487679
3608.0000     -734327.447971
3612.0000     -733945.553560
3616.0000     -732940.782508
3620.0000     -733118.809052
3624.0000     -733645.803108
3628.0000     -733848.372366
3632.0000     -734099.017313
3636.0000     -733624.117742
3640.0000     -733969.449040
3644.0000     -732930.384738
3648.0000     -733240.436397
3652.0000     -733544.887170
3656.0000     -732935.316756
3660.0000     -733290.275626
3664.0000     -733157.414701
3668.0000     -734193.127495
3672.0000     -733900.980056
3676.0000     -733973.219198
3680.0000     -733540.614373
3684.0000     -733083.784470
3688.0000     -733308.722462
3692.0000     -733688.760845
3696.0000     -733485.957273
3700.0000     -732981.144738
3704.0000     -733331.079493
3708.0000     -733359.635100
3712.0000     -733687.079417
3716.0000     -732853.901838
3720.0000     -733919.761451
3724.0000     -733827.489649
3728.0000     -733451.657502
3732.0000     -732788.117755
3736.0000     -733131.607316
3740.0000     -733252.008200
3744.0000     -733422.168211
3748.0000     -733210.135115
3752.0000     -732850.230664
3756.0000     -733127.480113
3760.0000     -733790.936937
3764.0000     -733749.295112
3768.0000     -733371.427971
3772.0000     -733023.005065
3776.0000     -733167.360410
3780.0000     -733492.663108
3784.0000     -733418.416820
3788.0000     -733459.342823
3792.0000     -733601.291857
3796.0000     -733323.136839
3800.0000     -734024.955755
3804.0000     -733156.812552
3808.0000     -732855.429321
3812.0000     -733642.772241
3816.0000     -733736.701993
3820.0000     -733471.878594
3824.0000     -733028.903382
3828.0000     -733895.816781
3832.0000     -734020.411466
3836.0000     -733718.362928
3840.0000     -733263.208518
3844.0000     -733673.346499
3848.0000     -733120.774639
3852.0000     -732740.465758
3856.0000     -732414.085160
3860.0000     -732828.951242
3864.0000     -733814.940352
3868.0000     -734028.368270
3872.0000     -733715.460253
3876.0000     -733255.554040
3880.0000     -733476.697312
3884.0000     -733202.469244
3888.0000     -732446.801290
3892.0000     -733591.993072
3896.0000     -734160.985619
3900.0000     -734232.616118
3904.0000     -733723.531074
3908.0000     -733640.855919
3912.0000     -733709.700097
3916.0000     -733786.522302
3920.0000     -733611.600705
3924.0000     -734193.029004
3928.0000     -734129.444447
3932.0000     -734077.951624
3936.0000     -734065.040400
3940.0000     -733868.659540
3944.0000     -733893.379649
3948.0000     -733780.500124
3952.0000     -733668.841995
3956.0000     -733194.149959
3960.0000     -733786.687942
3964.0000     -734002.372061
3968.0000     -734306.617915
3972.0000     -734407.557338
3976.0000     -732946.864405
3980.0000     -733121.544106
3984.0000     -733866.044905
3988.0000     -732938.771889
3992.0000     -733996.260802
3996.0000     -733877.660431
4000.0000     -734171.171162
4004.0000     -734171.171162
