4.0000      -30885.313627
8.0000      -30932.378128
12.0000      -30965.766135
16.0000      -30919.108039
20.0000      -30939.919484
24.0000      -30908.362521
28.0000      -30948.649908
32.0000      -30864.237797
36.0000      -30877.725402
40.0000      -30801.351131
44.0000      -30898.971167
48.0000      -30660.853071
52.0000      -31218.272304
56.0000      -30872.503171
60.0000      -30882.899607
64.0000      -30845.336826
68.0000      -30801.139507
72.0000      -30981.062690
76.0000      -30831.268864
80.0000      -30777.706294
84.0000      -30834.903104
88.0000      -30788.146676
92.0000      -30853.331565
96.0000      -30789.444907
100.0000      -30984.005135
104.0000      -31011.997455
108.0000      -30936.150369
112.0000      -30902.369294
116.0000      -30788.301060
120.0000      -30891.177634
124.0000      -30808.214512
128.0000      -30842.064239
132.0000      -30740.898693
136.0000      -31005.286399
140.0000      -30923.132288
144.0000      -30985.224386
148.0000      -30998.064100
152.0000      -30911.755825
156.0000      -30869.484161
160.0000      -30755.252493
164.0000      -30785.353170
168.0000      -30842.680025
172.0000      -30891.344822
176.0000      -30823.073375
180.0000      -30912.544849
184.0000      -30867.320838
188.0000      -30790.676873
192.0000      -30930.176439
196.0000      -30841.813630
200.0000      -30834.063852
204.0000      -30975.125756
208.0000      -30931.550051
212.0000      -30926.544219
216.0000      -30852.642560
220.0000      -30901.272733
224.0000      -30880.168989
228.0000      -30876.634870
232.0000      -30955.712915
236.0000      -30839.976302
240.0000      -30852.748976
244.0000      -30760.686968
248.0000      -30849.954680
252.0000      -30929.582701
256.0000      -30809.272227
260.0000      -30805.271347
264.0000      -30912.235076
268.0000      -30971.468069
272.0000      -30845.287012
276.0000      -30836.603295
280.0000      -30853.793772
284.0000      -30597.370638
288.0000      -30878.120379
292.0000      -30827.400937
296.0000      -30715.674098
300.0000      -31006.502972
304.0000      -30897.795341
308.0000      -31001.213164
312.0000      -30812.126061
316.0000      -30925.534853
320.0000      -30865.264252
324.0000      -30989.258895
328.0000      -30697.724012
332.0000      -30844.198895
336.0000      -30915.762618
340.0000      -30900.820523
344.0000      -30874.102756
348.0000      -30863.009660
352.0000      -31064.295117
356.0000      -30920.346812
360.0000      -30744.716291
364.0000      -31016.655991
368.0000      -30917.046570
372.0000      -30825.944441
376.0000      -30876.274116
380.0000      -30923.066517
384.0000      -30692.010863
388.0000      -30713.565131
392.0000      -30913.345475
396.0000      -30937.019847
400.0000      -30920.801259
404.0000      -30982.516939
408.0000      -30835.622239
412.0000      -30835.170180
416.0000      -30882.006388
420.0000      -31080.792330
424.0000      -30766.530204
428.0000      -30845.632860
432.0000      -30886.788533
436.0000      -30954.787443
440.0000      -30887.204534
444.0000      -30867.963139
448.0000      -30829.461357
452.0000      -30852.198500
456.0000      -30919.458803
460.0000      -31039.996109
464.0000      -31090.208262
468.0000      -30885.359816
472.0000      -30966.267851
476.0000      -30885.344454
480.0000      -30924.778060
484.0000      -30755.080393
488.0000      -30928.481828
492.0000      -30859.393465
496.0000      -31029.660137
500.0000      -30803.908886
504.0000      -30808.965089
508.0000      -30845.070392
512.0000      -30853.604501
516.0000      -30925.161839
520.0000      -31000.960472
524.0000      -30827.172091
528.0000      -30869.587915
532.0000      -30887.987935
536.0000      -30743.297869
540.0000      -30946.950736
544.0000      -30885.912004
548.0000      -31122.495129
552.0000      -30796.759545
556.0000      -30876.579331
560.0000      -31020.072513
564.0000      -30867.816400
568.0000      -30897.333049
572.0000      -30933.558860
576.0000      -30921.788750
580.0000      -31085.506003
584.0000      -30972.807687
588.0000      -30940.159259
592.0000      -31009.600925
596.0000      -30950.839087
600.0000      -30902.632715
604.0000      -31080.874391
608.0000      -30880.429230
612.0000      -31007.778505
616.0000      -30911.183812
620.0000      -30959.778169
624.0000      -30869.763682
628.0000      -30863.804102
632.0000      -30860.370098
636.0000      -31067.903305
640.0000      -30909.015440
644.0000      -30912.892491
648.0000      -30942.308779
652.0000      -30921.059362
656.0000      -30809.776871
660.0000      -30790.123553
664.0000      -30799.946913
668.0000      -30945.492212
672.0000      -30773.894841
676.0000      -31065.413642
680.0000      -31009.979107
684.0000      -30929.462314
688.0000      -30991.923525
692.0000      -30859.835906
696.0000      -30815.398382
700.0000      -30951.111789
704.0000      -30811.852069
708.0000      -30844.731985
712.0000      -30989.759653
716.0000      -30928.054436
720.0000      -30895.805868
724.0000      -30862.855837
728.0000      -30855.498579
732.0000      -30746.143757
736.0000      -30686.092508
740.0000      -30859.930374
744.0000      -30852.084818
748.0000      -30849.634039
752.0000      -30881.187147
756.0000      -30776.268020
760.0000      -30821.901901
764.0000      -30825.955396
768.0000      -30980.749778
772.0000      -30904.874605
776.0000      -30921.777195
780.0000      -30783.848544
784.0000      -30790.119819
788.0000      -30745.438646
792.0000      -30800.903268
796.0000      -30820.901847
800.0000      -30751.059186
804.0000      -30801.474511
808.0000      -30901.536397
812.0000      -30906.198568
816.0000      -30849.383165
820.0000      -30866.571492
824.0000      -30854.181199
828.0000      -30775.121593
832.0000      -30826.879407
836.0000      -31077.038420
840.0000      -31037.133958
844.0000      -31030.625000
848.0000      -30910.058082
852.0000      -30771.869740
856.0000      -30786.142146
860.0000      -30790.816000
864.0000      -30993.449766
868.0000      -30877.877781
872.0000      -31013.957668
876.0000      -30995.530405
880.0000      -30988.869091
884.0000      -30952.994027
888.0000      -30782.792565
892.0000      -30871.773932
896.0000      -31001.030433
900.0000      -30983.603144
904.0000      -30944.641211
908.0000      -30914.380684
912.0000      -30958.738298
916.0000      -30703.555110
920.0000      -30881.956772
924.0000      -31008.424251
928.0000      -30974.946343
932.0000      -30913.473595
936.0000      -30828.955613
940.0000      -30956.082104
944.0000      -31013.985004
948.0000      -30800.859243
952.0000      -30843.813093
956.0000      -30822.494521
960.0000      -30844.619284
964.0000      -30794.889322
968.0000      -30681.489503
972.0000      -30926.062693
976.0000      -30865.425882
980.0000      -30949.324181
984.0000      -30796.526261
988.0000      -31083.840235
992.0000      -30871.204704
996.0000      -30958.697883
1000.0000      -30843.254594
1004.0000      -30952.870674
1008.0000      -30891.787548
1012.0000      -30936.297356
1016.0000      -30906.951700
1020.0000      -30828.910428
1024.0000      -30914.029599
1028.0000      -30995.216684
1032.0000      -30895.833431
1036.0000      -30943.975467
1040.0000      -30773.799594
1044.0000      -30749.025162
1048.0000      -30982.478300
1052.0000      -30984.849908
1056.0000      -30960.695702
1060.0000      -30945.354800
1064.0000      -30865.272390
1068.0000      -30966.428617
1072.0000      -30766.179200
1076.0000      -30951.819314
1080.0000      -30892.793635
1084.0000      -30923.779769
1088.0000      -30897.348620
1092.0000      -30808.434783
1096.0000      -30861.499491
1100.0000      -30798.863697
1104.0000      -30893.706888
1108.0000      -30736.273766
1112.0000      -31014.543883
1116.0000      -30910.214848
1120.0000      -30842.054156
1124.0000      -30682.494069
1128.0000      -30814.091434
1132.0000      -30884.838226
1136.0000      -30881.405767
1140.0000      -30783.396013
1144.0000      -30808.641744
1148.0000      -30915.960990
1152.0000      -31032.337204
1156.0000      -30948.967398
1160.0000      -30911.247711
1164.0000      -30804.361316
1168.0000      -30756.854315
1172.0000      -30935.610489
1176.0000      -31035.742095
1180.0000      -31047.726895
1184.0000      -30915.243397
1188.0000      -30925.112480
1192.0000      -30826.187722
1196.0000      -30947.600293
1200.0000      -30803.479709
1204.0000      -30904.469827
1208.0000      -31068.083845
1212.0000      -30870.604480
1216.0000      -30924.409698
1220.0000      -31065.990962
1224.0000      -31072.183048
1228.0000      -30887.117163
1232.0000      -30892.254135
1236.0000      -30810.639507
1240.0000      -30859.199668
1244.0000      -30985.848810
1248.0000      -30820.769500
1252.0000      -30786.675988
1256.0000      -31013.238524
1260.0000      -30769.925656
1264.0000      -30899.615146
1268.0000      -30903.249182
1272.0000      -30861.928019
1276.0000      -31006.450786
1280.0000      -30906.652221
1284.0000      -30963.253315
1288.0000      -30870.212236
1292.0000      -30863.142213
1296.0000      -30947.995546
1300.0000      -30982.394038
1304.0000      -30848.477182
1308.0000      -30821.199430
1312.0000      -30790.115178
1316.0000      -30974.047926
1320.0000      -30798.847470
1324.0000      -30926.525996
1328.0000      -30944.063513
1332.0000      -30694.502019
1336.0000      -30778.627208
1340.0000      -30582.565788
1344.0000      -30933.147630
1348.0000      -30972.246027
1352.0000      -30947.327142
1356.0000      -30934.282979
1360.0000      -30939.347305
1364.0000      -30906.126801
1368.0000      -30779.353796
1372.0000      -30871.078267
1376.0000      -31033.238322
1380.0000      -30962.296358
1384.0000      -30929.925955
1388.0000      -30876.223869
1392.0000      -30796.619633
1396.0000      -30813.417459
1400.0000      -30695.221542
1404.0000      -30860.958019
1408.0000      -30902.604392
1412.0000      -30907.495812
1416.0000      -30805.636882
1420.0000      -30987.527434
1424.0000      -30797.787021
1428.0000      -30790.258497
1432.0000      -30852.721941
1436.0000      -30862.333789
1440.0000      -30913.187672
1444.0000      -30835.489956
1448.0000      -30907.142947
1452.0000      -30771.402750
1456.0000      -31027.265062
1460.0000      -31031.828599
1464.0000      -30969.723829
1468.0000      -31041.388616
1472.0000      -31057.986825
1476.0000      -30981.170736
1480.0000      -31017.481993
1484.0000      -31010.927179
1488.0000      -30916.457996
1492.0000      -30799.976759
1496.0000      -30865.397602
1500.0000      -31028.424581
1504.0000      -30831.930265
1508.0000      -30795.685240
1512.0000      -30791.579849
1516.0000      -31003.644338
1520.0000      -30892.890779
1524.0000      -30907.413444
1528.0000      -30798.112478
1532.0000      -31077.654223
1536.0000      -30904.932924
1540.0000      -31062.190403
1544.0000      -30883.121104
1548.0000      -30880.721866
1552.0000      -30831.515463
1556.0000      -30779.582122
1560.0000      -30837.595230
1564.0000      -30906.118320
1568.0000      -31054.917308
1572.0000      -30866.696606
1576.0000      -30933.724242
1580.0000      -30879.209260
1584.0000      -31191.358516
1588.0000      -31007.681316
1592.0000      -30895.832482
1596.0000      -30986.706023
1600.0000      -30862.536936
1604.0000      -30948.661119
1608.0000      -30807.664034
1612.0000      -30835.582322
1616.0000      -30988.915918
1620.0000      -30944.722657
1624.0000      -30989.836791
1628.0000      -30886.164662
1632.0000      -30935.467492
1636.0000      -30728.534217
1640.0000      -30907.799022
1644.0000      -30973.063990
1648.0000      -30953.921445
1652.0000      -30907.475423
1656.0000      -30941.154130
1660.0000      -30940.942570
1664.0000      -30847.669378
1668.0000      -30982.937282
1672.0000      -30884.154192
1676.0000      -30913.386761
1680.0000      -31013.279498
1684.0000      -30986.261062
1688.0000      -30810.107644
1692.0000      -30905.465255
1696.0000      -30983.754752
1700.0000      -30887.502453
1704.0000      -30978.107709
1708.0000      -30856.356051
1712.0000      -30959.972767
1716.0000      -30929.752959
1720.0000      -30818.964369
1724.0000      -30863.581186
1728.0000      -30940.049056
1732.0000      -30738.308032
1736.0000      -30870.969124
1740.0000      -30985.789727
1744.0000      -31101.384543
1748.0000      -31014.792562
1752.0000      -30958.193618
1756.0000      -30934.892116
1760.0000      -30914.636840
1764.0000      -30914.666622
1768.0000      -30884.968159
1772.0000      -30860.147000
1776.0000      -30972.576166
1780.0000      -30977.312493
1784.0000      -30968.871402
1788.0000      -30948.972758
1792.0000      -31023.116047
1796.0000      -30843.550593
1800.0000      -31024.192304
1804.0000      -30897.136174
1808.0000      -30780.779892
1812.0000      -30919.800303
1816.0000      -30978.917129
1820.0000      -30858.685281
1824.0000      -31007.131890
1828.0000      -30724.670489
1832.0000      -31043.227595
1836.0000      -30889.202549
1840.0000      -31105.180998
1844.0000      -30939.713804
1848.0000      -30686.040174
1852.0000      -30804.110997
1856.0000      -30944.749523
1860.0000      -30873.668023
1864.0000      -30866.362239
1868.0000      -31186.925198
1872.0000      -30968.939768
1876.0000      -30936.432607
1880.0000      -30791.046095
1884.0000      -30781.194307
1888.0000      -30908.100610
1892.0000      -30895.174748
1896.0000      -30790.507954
1900.0000      -30885.314745
1904.0000      -30864.232031
1908.0000      -30927.912278
1912.0000      -30878.809370
1916.0000      -30887.662965
1920.0000      -30952.435044
1924.0000      -30938.035938
1928.0000      -30913.549853
1932.0000      -30871.920853
1936.0000      -30876.058952
1940.0000      -30911.158251
1944.0000      -30948.538524
1948.0000      -30935.180370
1952.0000      -30717.318801
1956.0000      -30890.574439
1960.0000      -30880.234255
1964.0000      -30867.640675
1968.0000      -30933.277999
1972.0000      -31019.552359
1976.0000      -30889.089118
1980.0000      -30952.190288
1984.0000      -31083.954486
1988.0000      -30892.832672
1992.0000      -31003.943598
1996.0000      -30869.378545
2000.0000      -30745.249660
2004.0000      -30924.683063
2008.0000      -30806.978760
2012.0000      -30786.202825
2016.0000      -30890.264938
2020.0000      -31013.532235
2024.0000      -30957.207306
2028.0000      -31025.478495
2032.0000      -30902.828892
2036.0000      -30965.726299
2040.0000      -31027.188711
2044.0000      -31014.873700
2048.0000      -30830.656000
2052.0000      -30673.303567
2056.0000      -30879.181451
2060.0000      -30826.593648
2064.0000      -30917.550906
2068.0000      -30686.009605
2072.0000      -30713.955620
2076.0000      -30869.415795
2080.0000      -30953.001642
2084.0000      -30953.070103
2088.0000      -30814.315346
2092.0000      -30808.951203
2096.0000      -30794.230497
2100.0000      -30888.246581
2104.0000      -31079.605570
2108.0000      -30951.336280
2112.0000      -30973.476782
2116.0000      -30865.497830
2120.0000      -30993.148267
2124.0000      -30754.326999
2128.0000      -30820.984433
2132.0000      -30962.764354
2136.0000      -30903.293174
2140.0000      -30864.384354
2144.0000      -30899.515348
2148.0000      -30871.658598
2152.0000      -30783.953698
2156.0000      -30750.974735
2160.0000      -30948.815687
2164.0000      -30765.121498
2168.0000      -30919.374921
2172.0000      -30922.032487
2176.0000      -30765.554294
2180.0000      -31005.013168
2184.0000      -30740.857517
2188.0000      -30980.316227
2192.0000      -30932.102647
2196.0000      -30972.856056
2200.0000      -30857.680746
2204.0000      -30945.542900
2208.0000      -30859.319514
2212.0000      -30928.757026
2216.0000      -30850.089245
2220.0000      -30902.586351
2224.0000      -30856.212381
2228.0000      -30879.239085
2232.0000      -30912.427943
2236.0000      -30924.854195
2240.0000      -30894.199677
2244.0000      -30913.466572
2248.0000      -30851.415966
2252.0000      -30865.138683
2256.0000      -30858.106342
2260.0000      -30884.016095
2264.0000      -30894.380368
2268.0000      -30923.940125
2272.0000      -30904.384358
2276.0000      -30859.621189
2280.0000      -30897.138170
2284.0000      -30972.213024
2288.0000      -30921.110274
2292.0000      -30971.651337
2296.0000      -30866.878106
2300.0000      -30906.724045
2304.0000      -30902.223692
2308.0000      -30751.496325
2312.0000      -30904.933505
2316.0000      -30831.045980
2320.0000      -30895.084858
2324.0000      -30993.632438
2328.0000      -30815.289445
2332.0000      -30803.854292
2336.0000      -30949.071507
2340.0000      -30771.919450
2344.0000      -30865.969779
2348.0000      -30816.831635
2352.0000      -30813.305743
2356.0000      -30904.750849
2360.0000      -30780.640384
2364.0000      -30856.386370
2368.0000      -30825.098754
2372.0000      -31013.334145
2376.0000      -30948.826117
2380.0000      -30839.446144
2384.0000      -30707.996059
2388.0000      -30800.237620
2392.0000      -30931.954734
2396.0000      -30895.023682
2400.0000      -30802.369663
2404.0000      -30914.715665
2408.0000      -31021.916325
2412.0000      -31019.048913
2416.0000      -30845.423068
2420.0000      -30838.649730
2424.0000      -30882.873552
2428.0000      -30803.921435
2432.0000      -30997.304740
2436.0000      -30919.567149
2440.0000      -30942.465566
2444.0000      -30813.681955
2448.0000      -30845.717136
2452.0000      -30747.001483
2456.0000      -31069.131868
2460.0000      -30854.015941
2464.0000      -30860.594799
2468.0000      -30916.830335
2472.0000      -30984.270594
2476.0000      -30954.305574
2480.0000      -30908.379603
2484.0000      -30853.066129
2488.0000      -30944.563526
2492.0000      -31067.456724
2496.0000      -30744.365394
2500.0000      -30926.157139
2504.0000      -30809.158305
2508.0000      -30776.323196
2512.0000      -30909.802645
2516.0000      -30797.848922
2520.0000      -30901.114128
2524.0000      -30870.342411
2528.0000      -30980.399038
2532.0000      -30923.267261
2536.0000      -30930.108624
2540.0000      -30928.986297
2544.0000      -30813.707362
2548.0000      -31033.330346
2552.0000      -30959.422057
2556.0000      -30849.876576
2560.0000      -30930.117170
2564.0000      -30910.929378
2568.0000      -30863.988389
2572.0000      -30947.591769
2576.0000      -30842.934076
2580.0000      -31004.277849
2584.0000      -30915.007323
2588.0000      -30890.452513
2592.0000      -30769.345871
2596.0000      -30930.297647
2600.0000      -30854.206624
2604.0000      -30865.885238
2608.0000      -30825.833590
2612.0000      -30928.819200
2616.0000      -30789.464754
2620.0000      -30945.736135
2624.0000      -30888.626377
2628.0000      -30827.638722
2632.0000      -30807.403383
2636.0000      -30940.611914
2640.0000      -30971.727624
2644.0000      -30765.820947
2648.0000      -30782.873353
2652.0000      -30796.538284
2656.0000      -30897.238849
2660.0000      -30915.583872
2664.0000      -31033.669003
2668.0000      -30828.029498
2672.0000      -30857.826754
2676.0000      -30811.413981
2680.0000      -30939.599078
2684.0000      -30811.236113
2688.0000      -30844.485262
2692.0000      -30942.269510
2696.0000      -31004.993674
2700.0000      -30887.058973
2704.0000      -31083.567359
2708.0000      -30934.586422
2712.0000      -30949.771433
2716.0000      -30740.442225
2720.0000      -30706.829867
2724.0000      -30766.855242
2728.0000      -30718.503296
2732.0000      -30944.413602
2736.0000      -30911.029582
2740.0000      -30898.714765
2744.0000      -30904.110035
2748.0000      -30889.594907
2752.0000      -30749.030105
2756.0000      -30806.517177
2760.0000      -30811.975469
2764.0000      -30990.463801
2768.0000      -30837.596737
2772.0000      -30818.817700
2776.0000      -30875.308835
2780.0000      -30804.768511
2784.0000      -30792.082653
2788.0000      -31042.496654
2792.0000      -30926.416995
2796.0000      -30918.616469
2800.0000      -30825.809292
2804.0000      -30893.185328
2808.0000      -31020.912028
2812.0000      -30756.444571
2816.0000      -30760.737011
2820.0000      -30900.661180
2824.0000      -30904.528953
2828.0000      -30894.519619
2832.0000      -30921.124856
2836.0000      -30713.033266
2840.0000      -31025.907222
2844.0000      -30828.391645
2848.0000      -30827.453146
2852.0000      -30890.980916
2856.0000      -31049.426135
2860.0000      -30872.313190
2864.0000      -30760.356322
2868.0000      -30764.951470
2872.0000      -30970.707032
2876.0000      -30867.959135
2880.0000      -30822.063755
2884.0000      -30933.784878
2888.0000      -30961.920535
2892.0000      -30781.635157
2896.0000      -30793.316393
2900.0000      -30903.631257
2904.0000      -30772.411739
2908.0000      -30868.679029
2912.0000      -30873.742388
2916.0000      -30848.336883
2920.0000      -30770.120515
2924.0000      -30713.874185
2928.0000      -30569.497398
2932.0000      -30790.118023
2936.0000      -30824.511004
2940.0000      -31016.969538
2944.0000      -30930.874964
2948.0000      -30783.958999
2952.0000      -30919.381226
2956.0000      -30858.405377
2960.0000      -31052.557519
2964.0000      -31000.193523
2968.0000      -30940.184568
2972.0000      -31009.014815
2976.0000      -30822.105926
2980.0000      -30920.460791
2984.0000      -30912.479766
2988.0000      -30939.458895
2992.0000      -30907.960058
2996.0000      -30883.844532
3000.0000      -30878.467240
3004.0000      -30861.313641
3008.0000      -30817.837990
3012.0000      -30857.166158
3016.0000      -30856.987546
3020.0000      -30941.803621
3024.0000      -30803.208368
3028.0000      -30920.069111
3032.0000      -30820.247962
3036.0000      -30873.661052
3040.0000      -30779.328967
3044.0000      -30918.042159
3048.0000      -30806.130051
3052.0000      -30949.986663
3056.0000      -31024.363967
3060.0000      -30862.578228
3064.0000      -30854.952707
3068.0000      -30910.761887
3072.0000      -30836.505162
3076.0000      -30873.755409
3080.0000      -30948.075675
3084.0000      -30791.710580
3088.0000      -30979.582788
3092.0000      -31047.712769
3096.0000      -30936.449898
3100.0000      -30980.937989
3104.0000      -30814.481023
3108.0000      -30886.966562
3112.0000      -30913.922459
3116.0000      -30800.777378
3120.0000      -30909.907853
3124.0000      -30877.957521
3128.0000      -30858.790849
3132.0000      -31030.380098
3136.0000      -30951.708217
3140.0000      -30943.050314
3144.0000      -30772.485259
3148.0000      -30800.566512
3152.0000      -30899.333228
3156.0000      -30756.032805
3160.0000      -30796.807986
3164.0000      -30876.257004
3168.0000      -30890.594422
3172.0000      -30977.893851
3176.0000      -30993.520032
3180.0000      -30978.498196
3184.0000      -30838.680743
3188.0000      -30886.015085
3192.0000      -30929.141854
3196.0000      -30791.060558
3200.0000      -30908.843387
3204.0000      -30829.787626
3208.0000      -30968.714612
3212.0000      -30887.093614
3216.0000      -30841.125091
3220.0000      -30865.272850
3224.0000      -30829.151552
3228.0000      -30875.760672
3232.0000      -30940.868274
3236.0000      -31092.952533
3240.0000      -30803.005992
3244.0000      -30947.597541
3248.0000      -30969.340538
3252.0000      -30935.618176
3256.0000      -31092.923779
3260.0000      -30781.357783
3264.0000      -30923.040455
3268.0000      -30893.152993
3272.0000      -31015.175520
3276.0000      -30829.504202
3280.0000      -30745.200509
3284.0000      -30687.425788
3288.0000      -30970.811649
3292.0000      -30938.772436
3296.0000      -30912.914670
3300.0000      -30878.244406
3304.0000      -31008.373973
3308.0000      -30873.770307
3312.0000      -30939.204147
3316.0000      -30940.030551
3320.0000      -30861.969202
3324.0000      -30940.736254
3328.0000      -30915.796899
3332.0000      -30791.094386
3336.0000      -30857.602049
3340.0000      -30881.043918
3344.0000      -30817.508078
3348.0000      -30895.678447
3352.0000      -31011.066543
3356.0000      -30881.817632
3360.0000      -30877.248507
3364.0000      -30980.983157
3368.0000      -30997.902333
3372.0000      -31002.326508
3376.0000      -30936.044601
3380.0000      -30967.280068
3384.0000      -30943.800772
3388.0000      -30940.477313
3392.0000      -30959.980922
3396.0000      -30920.931806
3400.0000      -30856.104631
3404.0000      -30925.985328
3408.0000      -30892.518674
3412.0000      -31044.548589
3416.0000      -30857.196218
3420.0000      -30813.122850
3424.0000      -30963.741676
3428.0000      -30994.596015
3432.0000      -30864.302198
3436.0000      -30877.583580
3440.0000      -30935.266136
3444.0000      -30787.163313
3448.0000      -30823.338719
3452.0000      -30802.212309
3456.0000      -30768.520479
3460.0000      -30892.880180
3464.0000      -30884.530922
3468.0000      -30982.109571
3472.0000      -30744.098769
3476.0000      -30854.483793
3480.0000      -30772.618585
3484.0000      -30835.354780
3488.0000      -30947.550674
3492.0000      -30815.319471
3496.0000      -30911.249550
3500.0000      -30926.469441
3504.0000      -30901.597095
3508.0000      -30900.191537
3512.0000      -30809.417663
3516.0000      -30862.857641
3520.0000      -30953.287929
3524.0000      -30880.233151
3528.0000      -30878.543416
3532.0000      -30864.318413
3536.0000      -30781.611802
3540.0000      -30804.149593
3544.0000      -30745.182004
3548.0000      -30835.316058
3552.0000      -30920.423910
3556.0000      -31149.548218
3560.0000      -30910.809844
3564.0000      -30875.794213
3568.0000      -30942.017965
3572.0000      -30825.752146
3576.0000      -30900.661485
3580.0000      -30896.092788
3584.0000      -31028.463698
3588.0000      -30948.204554
3592.0000      -30926.414960
3596.0000      -31048.109527
3600.0000      -31026.305259
3604.0000      -30968.260067
3608.0000      -30984.797213
3612.0000      -31048.314005
3616.0000      -30972.145257
3620.0000      -30836.818513
3624.0000      -30979.261202
3628.0000      -30903.696268
3632.0000      -31062.377092
3636.0000      -30986.761769
3640.0000      -30821.582190
3644.0000      -31086.391327
3648.0000      -30915.477424
3652.0000      -30584.866739
3656.0000      -30870.448125
3660.0000      -30855.343230
3664.0000      -30944.794079
3668.0000      -31000.565640
3672.0000      -30846.848056
3676.0000      -31017.163243
3680.0000      -30970.073714
3684.0000      -30949.886752
3688.0000      -30921.305902
3692.0000      -30978.051597
3696.0000      -30883.716005
3700.0000      -30925.649164
3704.0000      -30923.568488
3708.0000      -30819.581985
3712.0000      -30983.955170
3716.0000      -30756.286820
3720.0000      -30922.072988
3724.0000      -30823.142662
3728.0000      -30765.469418
3732.0000      -30752.049252
3736.0000      -30924.208340
3740.0000      -30924.600588
3744.0000      -30888.282309
3748.0000      -31006.899655
3752.0000      -30864.934039
3756.0000      -30860.668411
3760.0000      -30832.654927
3764.0000      -30940.154359
3768.0000      -30976.633431
3772.0000      -30854.252524
3776.0000      -30803.247051
3780.0000      -30820.862435
3784.0000      -30832.009729
3788.0000      -30922.835060
3792.0000      -30837.705922
3796.0000      -30919.078689
3800.0000      -30945.245172
3804.0000      -30878.929806
3808.0000      -31004.552828
3812.0000      -30950.217449
3816.0000      -30829.218336
3820.0000      -30838.958538
3824.0000      -30919.404749
3828.0000      -30989.789375
3832.0000      -30947.885988
3836.0000      -31072.406269
3840.0000      -30873.373233
3844.0000      -30903.116014
3848.0000      -30987.603150
3852.0000      -30946.688580
3856.0000      -30889.021116
3860.0000      -30895.259504
3864.0000      -30933.440124
3868.0000      -30879.829382
3872.0000      -30963.383250
3876.0000      -30796.931117
3880.0000      -30942.962225
3884.0000      -30870.074910
3888.0000      -30900.768127
3892.0000      -30942.692121
3896.0000      -30967.102909
3900.0000      -30904.124521
3904.0000      -30936.883447
3908.0000      -30860.400829
3912.0000      -30829.923202
3916.0000      -30808.184887
3920.0000      -30828.539740
3924.0000      -30987.224379
3928.0000      -30969.117165
3932.0000      -30893.635832
3936.0000      -30915.842620
3940.0000      -30755.023830
3944.0000      -30861.534769
3948.0000      -31130.796133
3952.0000      -30911.223769
3956.0000      -30893.224737
3960.0000      -31093.094931
3964.0000      -30885.520703
3968.0000      -30868.185312
3972.0000      -30864.769710
3976.0000      -30840.255690
3980.0000      -30866.428265
3984.0000      -30733.482823
3988.0000      -30912.935731
3992.0000      -30771.147016
3996.0000      -30874.522066
4000.0000      -30819.805259
4004.0000      -30819.805259
