4.0000      -30919.558148
8.0000      -30971.846283
12.0000      -31001.699662
16.0000      -30950.058458
20.0000      -30977.229591
24.0000      -30945.735626
28.0000      -30979.914088
32.0000      -30897.499874
36.0000      -30918.692263
40.0000      -30840.433302
44.0000      -30932.932373
48.0000      -30696.913884
52.0000      -31255.275883
56.0000      -30915.448051
60.0000      -30919.377101
64.0000      -30880.477545
68.0000      -30841.141502
72.0000      -31015.186615
76.0000      -30869.145985
80.0000      -30812.109657
84.0000      -30869.476814
88.0000      -30827.083801
92.0000      -30887.861995
96.0000      -30826.330071
100.0000      -31017.887310
104.0000      -31047.949320
108.0000      -30979.227365
112.0000      -30937.920233
116.0000      -30825.236770
120.0000      -30930.840951
124.0000      -30849.436654
128.0000      -30877.380155
132.0000      -30779.317131
136.0000      -31044.785450
140.0000      -30960.392259
144.0000      -31018.164419
148.0000      -31033.573894
152.0000      -30949.761353
156.0000      -30910.506300
160.0000      -30795.958896
164.0000      -30813.742296
168.0000      -30875.743335
172.0000      -30926.851133
176.0000      -30861.709717
180.0000      -30950.369742
184.0000      -30899.993384
188.0000      -30838.322894
192.0000      -30971.459485
196.0000      -30885.213502
200.0000      -30862.584182
204.0000      -31007.429220
208.0000      -30978.677313
212.0000      -30958.336151
216.0000      -30889.269445
220.0000      -30941.478768
224.0000      -30914.392246
228.0000      -30912.582375
232.0000      -30988.207377
236.0000      -30880.004939
240.0000      -30893.656480
244.0000      -30797.733900
248.0000      -30881.725889
252.0000      -30964.260384
256.0000      -30840.225148
260.0000      -30837.159655
264.0000      -30945.717933
268.0000      -31007.616603
272.0000      -30877.767080
276.0000      -30869.722067
280.0000      -30889.488809
284.0000      -30633.623339
288.0000      -30913.609443
292.0000      -30869.345604
296.0000      -30756.836583
300.0000      -31041.279740
304.0000      -30932.994224
308.0000      -31036.564407
312.0000      -30845.776909
316.0000      -30963.865238
320.0000      -30902.956033
324.0000      -31023.929682
328.0000      -30727.627925
332.0000      -30878.263569
336.0000      -30951.274786
340.0000      -30939.625470
344.0000      -30906.696838
348.0000      -30906.156526
352.0000      -31101.214895
356.0000      -30957.376115
360.0000      -30780.731159
364.0000      -31051.949090
368.0000      -30957.185950
372.0000      -30864.485291
376.0000      -30909.071813
380.0000      -30956.197368
384.0000      -30731.862505
388.0000      -30757.321001
392.0000      -30951.997537
396.0000      -30973.185795
400.0000      -30964.740741
404.0000      -31019.743291
408.0000      -30868.553487
412.0000      -30874.033659
416.0000      -30911.123986
420.0000      -31121.158422
424.0000      -30805.023758
428.0000      -30892.333366
432.0000      -30921.278469
436.0000      -30990.967865
440.0000      -30922.548967
444.0000      -30905.963348
448.0000      -30859.440062
452.0000      -30886.347307
456.0000      -30956.801006
460.0000      -31073.402104
464.0000      -31122.487279
468.0000      -30926.352540
472.0000      -31004.997978
476.0000      -30917.403303
480.0000      -30958.413336
484.0000      -30794.862935
488.0000      -30962.703234
492.0000      -30895.407158
496.0000      -31065.414643
500.0000      -30841.909075
504.0000      -30842.541199
508.0000      -30883.760037
512.0000      -30895.018094
516.0000      -30961.481654
520.0000      -31035.602173
524.0000      -30861.808087
528.0000      -30904.633897
532.0000      -30922.407814
536.0000      -30780.787910
540.0000      -30982.377824
544.0000      -30923.641974
548.0000      -31162.193492
552.0000      -30830.360682
556.0000      -30911.422233
560.0000      -31056.634149
564.0000      -30902.163435
568.0000      -30927.414736
572.0000      -30965.202368
576.0000      -30954.137158
580.0000      -31113.753407
584.0000      -31005.220943
588.0000      -30973.011666
592.0000      -31047.232436
596.0000      -30983.065298
600.0000      -30938.396519
604.0000      -31113.953971
608.0000      -30919.232336
612.0000      -31039.877140
616.0000      -30945.358723
620.0000      -30994.194083
624.0000      -30906.596086
628.0000      -30904.371046
632.0000      -30899.887796
636.0000      -31105.821812
640.0000      -30938.288197
644.0000      -30947.053242
648.0000      -30978.401502
652.0000      -30960.864470
656.0000      -30847.089876
660.0000      -30825.114034
664.0000      -30837.602753
668.0000      -30987.163488
672.0000      -30806.823587
676.0000      -31106.485770
680.0000      -31048.469831
684.0000      -30971.575881
688.0000      -31023.113075
692.0000      -30892.599619
696.0000      -30845.816111
700.0000      -30981.026363
704.0000      -30843.546869
708.0000      -30881.107702
712.0000      -31021.097381
716.0000      -30960.396129
720.0000      -30932.150462
724.0000      -30889.251910
728.0000      -30889.399984
732.0000      -30777.400070
736.0000      -30720.040493
740.0000      -30891.125909
744.0000      -30882.864305
748.0000      -30882.193299
752.0000      -30914.298055
756.0000      -30813.262370
760.0000      -30856.025763
764.0000      -30857.829245
768.0000      -31015.466878
772.0000      -30935.636921
776.0000      -30956.494918
780.0000      -30818.665952
784.0000      -30819.502747
788.0000      -30783.230298
792.0000      -30837.478821
796.0000      -30852.472119
800.0000      -30783.007469
804.0000      -30836.617386
808.0000      -30929.502483
812.0000      -30941.919696
816.0000      -30876.422038
820.0000      -30895.498038
824.0000      -30890.964604
828.0000      -30811.629606
832.0000      -30857.126810
836.0000      -31115.698219
840.0000      -31071.385116
844.0000      -31064.903889
848.0000      -30942.412445
852.0000      -30807.452155
856.0000      -30818.805968
860.0000      -30823.583818
864.0000      -31024.472292
868.0000      -30912.758126
872.0000      -31046.784060
876.0000      -31030.977285
880.0000      -31024.818287
884.0000      -30990.421002
888.0000      -30813.158343
892.0000      -30905.519289
896.0000      -31034.548782
900.0000      -31017.668208
904.0000      -30978.876697
908.0000      -30947.539788
912.0000      -30991.476231
916.0000      -30736.350526
920.0000      -30917.591628
924.0000      -31042.146236
928.0000      -31005.837454
932.0000      -30948.019428
936.0000      -30862.733132
940.0000      -30991.175660
944.0000      -31051.157639
948.0000      -30831.247726
952.0000      -30876.559377
956.0000      -30865.822770
960.0000      -30878.347001
964.0000      -30829.736543
968.0000      -30712.556495
972.0000      -30958.684633
976.0000      -30907.868608
980.0000      -30985.762849
984.0000      -30830.931760
988.0000      -31124.447607
992.0000      -30909.698855
996.0000      -30996.699269
1000.0000      -30881.206773
1004.0000      -30988.185125
1008.0000      -30926.546666
1012.0000      -30972.922272
1016.0000      -30940.014303
1020.0000      -30865.446885
1024.0000      -30945.198369
1028.0000      -31034.653168
1032.0000      -30928.937107
1036.0000      -30978.709208
1040.0000      -30812.656263
1044.0000      -30781.348150
1048.0000      -31024.677195
1052.0000      -31020.131088
1056.0000      -30994.219734
1060.0000      -30977.820031
1064.0000      -30897.234343
1068.0000      -31006.050246
1072.0000      -30798.606220
1076.0000      -30982.882237
1080.0000      -30924.716723
1084.0000      -30960.672938
1088.0000      -30930.736914
1092.0000      -30846.213793
1096.0000      -30895.398348
1100.0000      -30828.772751
1104.0000      -30927.262573
1108.0000      -30770.933320
1112.0000      -31045.985972
1116.0000      -30944.216187
1120.0000      -30879.352808
1124.0000      -30717.250107
1128.0000      -30848.388671
1132.0000      -30918.079454
1136.0000      -30912.975569
1140.0000      -30816.042567
1144.0000      -30845.529253
1148.0000      -30951.244393
1152.0000      -31069.888815
1156.0000      -30981.099647
1160.0000      -30947.485719
1164.0000      -30845.592390
1168.0000      -30794.930249
1172.0000      -30974.151709
1176.0000      -31070.823799
1180.0000      -31093.782815
1184.0000      -30953.634666
1188.0000      -30965.745406
1192.0000      -30862.861989
1196.0000      -30983.233202
1200.0000      -30842.466819
1204.0000      -30936.772108
1208.0000      -31106.864770
1212.0000      -30909.997761
1216.0000      -30965.371753
1220.0000      -31101.380604
1224.0000      -31109.476974
1228.0000      -30923.440768
1232.0000      -30930.690126
1236.0000      -30849.054374
1240.0000      -30894.123413
1244.0000      -31025.948191
1248.0000      -30849.363571
1252.0000      -30818.815794
1256.0000      -31049.485376
1260.0000      -30805.526642
1264.0000      -30938.242745
1268.0000      -30939.475948
1272.0000      -30895.534272
1276.0000      -31044.525884
1280.0000      -30941.717445
1284.0000      -30999.622794
1288.0000      -30906.070018
1292.0000      -30902.015844
1296.0000      -30992.189578
1300.0000      -31024.495587
1304.0000      -30879.518035
1308.0000      -30853.797845
1312.0000      -30825.207630
1316.0000      -31008.709955
1320.0000      -30834.080327
1324.0000      -30967.645687
1328.0000      -30983.606746
1332.0000      -30734.735736
1336.0000      -30816.210529
1340.0000      -30621.305577
1344.0000      -30968.769833
1348.0000      -31007.598484
1352.0000      -30982.986880
1356.0000      -30966.213159
1360.0000      -30973.460100
1364.0000      -30939.605885
1368.0000      -30815.154111
1372.0000      -30902.307190
1376.0000      -31066.258104
1380.0000      -30998.746547
1384.0000      -30966.902440
1388.0000      -30910.240121
1392.0000      -30839.329267
1396.0000      -30845.634128
1400.0000      -30730.743341
1404.0000      -30896.621651
1408.0000      -30941.921441
1412.0000      -30938.813285
1416.0000      -30837.969198
1420.0000      -31026.644423
1424.0000      -30839.117436
1428.0000      -30823.120379
1432.0000      -30889.043851
1436.0000      -30903.607468
1440.0000      -30949.008607
1444.0000      -30870.305718
1448.0000      -30948.395176
1452.0000      -30804.531771
1456.0000      -31070.084012
1460.0000      -31064.131043
1464.0000      -31005.808662
1468.0000      -31075.384957
1472.0000      -31095.099444
1476.0000      -31015.608878
1480.0000      -31047.630660
1484.0000      -31050.997250
1488.0000      -30949.564170
1492.0000      -30833.263990
1496.0000      -30899.422759
1500.0000      -31062.133608
1504.0000      -30870.586452
1508.0000      -30829.311675
1512.0000      -30832.032985
1516.0000      -31039.624995
1520.0000      -30923.467219
1524.0000      -30942.460868
1528.0000      -30834.291531
1532.0000      -31112.993103
1536.0000      -30939.299434
1540.0000      -31099.644373
1544.0000      -30916.256166
1548.0000      -30917.518755
1552.0000      -30863.526140
1556.0000      -30816.192102
1560.0000      -30872.082224
1564.0000      -30939.030877
1568.0000      -31092.551585
1572.0000      -30903.331761
1576.0000      -30967.482232
1580.0000      -30912.863605
1584.0000      -31231.107434
1588.0000      -31044.013725
1592.0000      -30931.864042
1596.0000      -31024.855610
1600.0000      -30901.381688
1604.0000      -30986.262380
1608.0000      -30838.516934
1612.0000      -30879.018577
1616.0000      -31028.903184
1620.0000      -30985.623984
1624.0000      -31028.086428
1628.0000      -30924.207099
1632.0000      -30968.028132
1636.0000      -30762.329535
1640.0000      -30943.582060
1644.0000      -31015.915862
1648.0000      -30989.406220
1652.0000      -30943.637285
1656.0000      -30977.044265
1660.0000      -30982.023673
1664.0000      -30887.598888
1668.0000      -31027.759203
1672.0000      -30920.355322
1676.0000      -30953.421349
1680.0000      -31051.056375
1684.0000      -31022.521593
1688.0000      -30843.996786
1692.0000      -30945.272428
1696.0000      -31016.352909
1700.0000      -30927.258435
1704.0000      -31007.486415
1708.0000      -30902.303906
1712.0000      -30997.881474
1716.0000      -30966.312439
1720.0000      -30858.187436
1724.0000      -30901.832851
1728.0000      -30976.447894
1732.0000      -30774.262528
1736.0000      -30909.736687
1740.0000      -31023.678290
1744.0000      -31131.886243
1748.0000      -31050.516617
1752.0000      -31002.149449
1756.0000      -30966.973654
1760.0000      -30950.523086
1764.0000      -30951.097684
1768.0000      -30918.149055
1772.0000      -30894.306486
1776.0000      -31003.163769
1780.0000      -31014.778695
1784.0000      -31001.631746
1788.0000      -30981.610222
1792.0000      -31057.710307
1796.0000      -30875.524126
1800.0000      -31058.638828
1804.0000      -30929.883346
1808.0000      -30815.612865
1812.0000      -30959.884143
1816.0000      -31012.957828
1820.0000      -30904.456814
1824.0000      -31041.960076
1828.0000      -30762.810470
1832.0000      -31080.678129
1836.0000      -30924.132897
1840.0000      -31137.380406
1844.0000      -30978.368124
1848.0000      -30720.982866
1852.0000      -30839.485806
1856.0000      -30983.803354
1860.0000      -30913.068748
1864.0000      -30906.095382
1868.0000      -31226.285225
1872.0000      -31001.442214
1876.0000      -30972.078870
1880.0000      -30825.647078
1884.0000      -30822.962558
1888.0000      -30948.214601
1892.0000      -30928.670235
1896.0000      -30821.209551
1900.0000      -30922.373416
1904.0000      -30906.820425
1908.0000      -30963.114321
1912.0000      -30909.737134
1916.0000      -30922.273438
1920.0000      -30986.155299
1924.0000      -30975.448627
1928.0000      -30946.741825
1932.0000      -30911.696394
1936.0000      -30912.746700
1940.0000      -30943.754341
1944.0000      -30986.556850
1948.0000      -30973.795478
1952.0000      -30751.376682
1956.0000      -30929.078272
1960.0000      -30912.828088
1964.0000      -30899.258385
1968.0000      -30969.699566
1972.0000      -31050.459749
1976.0000      -30924.632519
1980.0000      -30989.427559
1984.0000      -31118.902378
1988.0000      -30927.353017
1992.0000      -31035.259811
1996.0000      -30906.378800
2000.0000      -30785.205688
2004.0000      -30962.725592
2008.0000      -30848.614601
2012.0000      -30824.049913
2016.0000      -30927.358069
2020.0000      -31046.537565
2024.0000      -30997.955240
2028.0000      -31062.572864
2032.0000      -30937.583301
2036.0000      -30999.326497
2040.0000      -31057.920252
2044.0000      -31047.260078
2048.0000      -30869.708241
2052.0000      -30710.465158
2056.0000      -30916.067905
2060.0000      -30861.540793
2064.0000      -30946.027194
2068.0000      -30717.917176
2072.0000      -30746.432185
2076.0000      -30901.371047
2080.0000      -30990.179830
2084.0000      -30988.355118
2088.0000      -30842.026112
2092.0000      -30843.313681
2096.0000      -30825.495629
2100.0000      -30920.331732
2104.0000      -31111.328004
2108.0000      -30981.467085
2112.0000      -31005.040178
2116.0000      -30898.372849
2120.0000      -31024.210012
2124.0000      -30790.695021
2128.0000      -30852.075127
2132.0000      -30997.225858
2136.0000      -30934.669544
2140.0000      -30899.850873
2144.0000      -30932.250718
2148.0000      -30898.993406
2152.0000      -30819.438684
2156.0000      -30786.558187
2160.0000      -30992.621826
2164.0000      -30797.723756
2168.0000      -30956.727967
2172.0000      -30958.131777
2176.0000      -30803.682046
2180.0000      -31040.963728
2184.0000      -30775.546355
2188.0000      -31012.477619
2192.0000      -30968.808398
2196.0000      -31005.352026
2200.0000      -30896.399091
2204.0000      -30979.301220
2208.0000      -30894.468415
2212.0000      -30971.482879
2216.0000      -30889.794190
2220.0000      -30936.852489
2224.0000      -30894.107472
2228.0000      -30915.007303
2232.0000      -30955.415823
2236.0000      -30960.645459
2240.0000      -30930.294272
2244.0000      -30944.502521
2248.0000      -30884.582474
2252.0000      -30893.827939
2256.0000      -30891.544214
2260.0000      -30920.943146
2264.0000      -30930.968973
2268.0000      -30955.930279
2272.0000      -30940.133024
2276.0000      -30893.168589
2280.0000      -30935.391095
2284.0000      -31008.310238
2288.0000      -30960.090724
2292.0000      -31003.622456
2296.0000      -30903.141073
2300.0000      -30941.226439
2304.0000      -30944.624760
2308.0000      -30786.982403
2312.0000      -30944.952507
2316.0000      -30868.653498
2320.0000      -30931.797402
2324.0000      -31028.368551
2328.0000      -30849.964018
2332.0000      -30840.445329
2336.0000      -30988.923790
2340.0000      -30810.400800
2344.0000      -30898.388426
2348.0000      -30859.397932
2352.0000      -30849.603653
2356.0000      -30940.055944
2360.0000      -30813.101605
2364.0000      -30898.846722
2368.0000      -30860.420574
2372.0000      -31049.262713
2376.0000      -30987.222955
2380.0000      -30874.498179
2384.0000      -30744.800265
2388.0000      -30832.288547
2392.0000      -30969.836902
2396.0000      -30930.406982
2400.0000      -30838.187073
2404.0000      -30953.025116
2408.0000      -31059.829455
2412.0000      -31058.375362
2416.0000      -30880.532373
2420.0000      -30876.366800
2424.0000      -30918.000147
2428.0000      -30836.752936
2432.0000      -31037.675440
2436.0000      -30953.791432
2440.0000      -30980.672263
2444.0000      -30848.069326
2448.0000      -30886.061345
2452.0000      -30780.060120
2456.0000      -31104.482176
2460.0000      -30891.290104
2464.0000      -30898.226165
2468.0000      -30950.597836
2472.0000      -31013.754477
2476.0000      -30990.894413
2480.0000      -30943.153423
2484.0000      -30890.425912
2488.0000      -30978.460646
2492.0000      -31100.748056
2496.0000      -30777.216375
2500.0000      -30967.215124
2504.0000      -30841.776532
2508.0000      -30810.577308
2512.0000      -30947.663275
2516.0000      -30830.866744
2520.0000      -30935.100019
2524.0000      -30908.473518
2528.0000      -31012.588894
2532.0000      -30951.527429
2536.0000      -30968.587883
2540.0000      -30962.025584
2544.0000      -30843.845300
2548.0000      -31070.709034
2552.0000      -30991.341580
2556.0000      -30876.637323
2560.0000      -30962.896820
2564.0000      -30944.221405
2568.0000      -30894.277470
2572.0000      -30982.020046
2576.0000      -30873.602391
2580.0000      -31032.215189
2584.0000      -30949.738140
2588.0000      -30928.498200
2592.0000      -30802.468860
2596.0000      -30969.172148
2600.0000      -30895.321171
2604.0000      -30897.905989
2608.0000      -30862.394697
2612.0000      -30955.649970
2616.0000      -30821.363709
2620.0000      -30975.118104
2624.0000      -30921.914284
2628.0000      -30861.395327
2632.0000      -30839.810597
2636.0000      -30970.628621
2640.0000      -31004.333127
2644.0000      -30796.328263
2648.0000      -30818.919085
2652.0000      -30828.416440
2656.0000      -30929.233840
2660.0000      -30948.110815
2664.0000      -31065.787357
2668.0000      -30860.377734
2672.0000      -30889.840644
2676.0000      -30845.779445
2680.0000      -30978.360767
2684.0000      -30841.583048
2688.0000      -30875.264254
2692.0000      -30977.484550
2696.0000      -31040.934168
2700.0000      -30917.793545
2704.0000      -31117.620981
2708.0000      -30966.015893
2712.0000      -30978.949614
2716.0000      -30775.279683
2720.0000      -30745.008007
2724.0000      -30808.541891
2728.0000      -30751.860947
2732.0000      -30987.761981
2736.0000      -30944.260881
2740.0000      -30933.118596
2744.0000      -30939.609293
2748.0000      -30922.489697
2752.0000      -30782.692188
2756.0000      -30836.816294
2760.0000      -30843.775704
2764.0000      -31025.312339
2768.0000      -30872.464866
2772.0000      -30853.125987
2776.0000      -30906.596044
2780.0000      -30842.321645
2784.0000      -30824.194844
2788.0000      -31073.149153
2792.0000      -30956.930053
2796.0000      -30952.093560
2800.0000      -30861.051943
2804.0000      -30925.063119
2808.0000      -31055.330188
2812.0000      -30793.072360
2816.0000      -30792.706671
2820.0000      -30947.142488
2824.0000      -30935.512296
2828.0000      -30931.187552
2832.0000      -30950.680452
2836.0000      -30746.243534
2840.0000      -31059.995493
2844.0000      -30863.709242
2848.0000      -30855.183770
2852.0000      -30922.662296
2856.0000      -31080.201416
2860.0000      -30904.391165
2864.0000      -30795.625522
2868.0000      -30796.131516
2872.0000      -30999.597225
2876.0000      -30904.853119
2880.0000      -30857.460457
2884.0000      -30970.703034
2888.0000      -30994.132727
2892.0000      -30815.157787
2896.0000      -30825.276907
2900.0000      -30937.176033
2904.0000      -30809.381911
2908.0000      -30910.972913
2912.0000      -30905.260771
2916.0000      -30886.265040
2920.0000      -30804.221322
2924.0000      -30754.011699
2928.0000      -30604.657734
2932.0000      -30823.216608
2936.0000      -30862.568657
2940.0000      -31051.672730
2944.0000      -30963.728257
2948.0000      -30827.276235
2952.0000      -30953.452787
2956.0000      -30894.209146
2960.0000      -31087.362952
2964.0000      -31029.399536
2968.0000      -30975.085198
2972.0000      -31039.808205
2976.0000      -30856.282547
2980.0000      -30952.819607
2984.0000      -30946.020271
2988.0000      -30972.121398
2992.0000      -30949.820237
2996.0000      -30918.557891
3000.0000      -30914.117141
3004.0000      -30891.071670
3008.0000      -30852.044215
3012.0000      -30892.628223
3016.0000      -30885.406546
3020.0000      -30976.670056
3024.0000      -30837.784861
3028.0000      -30954.614442
3032.0000      -30855.882387
3036.0000      -30905.813465
3040.0000      -30806.097001
3044.0000      -30956.873445
3048.0000      -30838.091078
3052.0000      -30986.162596
3056.0000      -31052.267951
3060.0000      -30894.276875
3064.0000      -30890.478507
3068.0000      -30943.790406
3072.0000      -30880.773572
3076.0000      -30909.381480
3080.0000      -30984.473656
3084.0000      -30833.669130
3088.0000      -31013.906684
3092.0000      -31082.816544
3096.0000      -30972.322600
3100.0000      -31013.625133
3104.0000      -30850.957390
3108.0000      -30920.986298
3112.0000      -30952.891970
3116.0000      -30834.243030
3120.0000      -30943.252994
3124.0000      -30910.945578
3128.0000      -30892.068245
3132.0000      -31065.679615
3136.0000      -30991.927603
3140.0000      -30974.133224
3144.0000      -30805.093693
3148.0000      -30842.471822
3152.0000      -30932.718152
3156.0000      -30789.207715
3160.0000      -30829.063568
3164.0000      -30907.898829
3168.0000      -30927.526957
3172.0000      -31012.390822
3176.0000      -31025.508996
3180.0000      -31011.266976
3184.0000      -30881.174223
3188.0000      -30915.719522
3192.0000      -30966.493646
3196.0000      -30824.752903
3200.0000      -30943.880425
3204.0000      -30865.946519
3208.0000      -31002.385428
3212.0000      -30915.717012
3216.0000      -30874.892064
3220.0000      -30898.352396
3224.0000      -30862.453237
3228.0000      -30910.757942
3232.0000      -30975.785369
3236.0000      -31127.284223
3240.0000      -30834.005543
3244.0000      -30978.654738
3248.0000      -30997.994030
3252.0000      -30973.118992
3256.0000      -31126.732866
3260.0000      -30824.312209
3264.0000      -30960.298257
3268.0000      -30923.867983
3272.0000      -31049.768339
3276.0000      -30867.949551
3280.0000      -30776.168988
3284.0000      -30733.383708
3288.0000      -31003.400408
3292.0000      -30982.072281
3296.0000      -30948.107595
3300.0000      -30910.844378
3304.0000      -31040.273955
3308.0000      -30905.587892
3312.0000      -30971.211872
3316.0000      -30977.371820
3320.0000      -30893.682901
3324.0000      -30973.674685
3328.0000      -30948.951725
3332.0000      -30823.131160
3336.0000      -30886.116544
3340.0000      -30917.876753
3344.0000      -30855.198605
3348.0000      -30934.660085
3352.0000      -31042.107296
3356.0000      -30913.294976
3360.0000      -30911.172501
3364.0000      -31017.886476
3368.0000      -31031.597762
3372.0000      -31032.971916
3376.0000      -30969.373691
3380.0000      -30999.149038
3384.0000      -30977.242327
3388.0000      -30975.288813
3392.0000      -30997.218211
3396.0000      -30959.749133
3400.0000      -30892.373421
3404.0000      -30959.570402
3408.0000      -30929.430074
3412.0000      -31074.178061
3416.0000      -30888.580020
3420.0000      -30846.706807
3424.0000      -30995.296603
3428.0000      -31033.331378
3432.0000      -30889.130446
3436.0000      -30910.978623
3440.0000      -30975.469977
3444.0000      -30826.719075
3448.0000      -30860.375491
3452.0000      -30835.635994
3456.0000      -30807.338715
3460.0000      -30928.370382
3464.0000      -30915.184882
3468.0000      -31014.833386
3472.0000      -30775.737960
3476.0000      -30891.756177
3480.0000      -30808.371278
3484.0000      -30870.723553
3488.0000      -30976.455132
3492.0000      -30853.645077
3496.0000      -30941.400671
3500.0000      -30961.675273
3504.0000      -30938.171248
3508.0000      -30940.834911
3512.0000      -30838.911495
3516.0000      -30896.633422
3520.0000      -30987.732125
3524.0000      -30913.516462
3528.0000      -30912.212601
3532.0000      -30897.809466
3536.0000      -30815.850656
3540.0000      -30835.095559
3544.0000      -30779.918074
3548.0000      -30869.029587
3552.0000      -30952.096411
3556.0000      -31179.566667
3560.0000      -30940.564711
3564.0000      -30917.468322
3568.0000      -30976.851120
3572.0000      -30860.971208
3576.0000      -30934.167942
3580.0000      -30930.939256
3584.0000      -31060.699421
3588.0000      -30980.419199
3592.0000      -30961.179987
3596.0000      -31081.206852
3600.0000      -31060.376103
3604.0000      -31000.590239
3608.0000      -31017.022319
3612.0000      -31083.639866
3616.0000      -31005.887155
3620.0000      -30871.749034
3624.0000      -31012.939718
3628.0000      -30936.972727
3632.0000      -31091.705548
3636.0000      -31021.881030
3640.0000      -30854.866016
3644.0000      -31121.550599
3648.0000      -30953.416250
3652.0000      -30615.964438
3656.0000      -30903.745058
3660.0000      -30896.494757
3664.0000      -30983.088748
3668.0000      -31033.372467
3672.0000      -30884.783961
3676.0000      -31049.113061
3680.0000      -31005.924568
3684.0000      -30987.248479
3688.0000      -30966.895044
3692.0000      -31015.631231
3696.0000      -30920.936183
3700.0000      -30961.713278
3704.0000      -30962.645651
3708.0000      -30860.838901
3712.0000      -31020.365006
3716.0000      -30790.643225
3720.0000      -30957.107118
3724.0000      -30859.915113
3728.0000      -30802.388052
3732.0000      -30785.442427
3736.0000      -30965.129176
3740.0000      -30957.073575
3744.0000      -30921.702063
3748.0000      -31050.357138
3752.0000      -30900.670677
3756.0000      -30896.854617
3760.0000      -30869.509279
3764.0000      -30972.840861
3768.0000      -31015.102673
3772.0000      -30892.889779
3776.0000      -30844.675078
3780.0000      -30859.239693
3784.0000      -30876.954137
3788.0000      -30957.126201
3792.0000      -30876.447304
3796.0000      -30958.672953
3800.0000      -30983.651191
3804.0000      -30912.279586
3808.0000      -31040.558428
3812.0000      -30988.912256
3816.0000      -30860.433233
3820.0000      -30874.275481
3824.0000      -30955.678224
3828.0000      -31020.776683
3832.0000      -30985.696820
3836.0000      -31108.038502
3840.0000      -30905.407269
3844.0000      -30936.311449
3848.0000      -31020.799965
3852.0000      -30981.959970
3856.0000      -30922.084796
3860.0000      -30931.094512
3864.0000      -30966.950628
3868.0000      -30913.486653
3872.0000      -30997.269477
3876.0000      -30830.550251
3880.0000      -30977.128786
3884.0000      -30912.519675
3888.0000      -30934.219777
3892.0000      -30976.330413
3896.0000      -31007.744561
3900.0000      -30936.845846
3904.0000      -30975.938184
3908.0000      -30896.154139
3912.0000      -30864.582703
3916.0000      -30844.389269
3920.0000      -30864.194624
3924.0000      -31022.891942
3928.0000      -31003.611959
3932.0000      -30927.036558
3936.0000      -30953.086311
3940.0000      -30788.544770
3944.0000      -30895.564886
3948.0000      -31171.140578
3952.0000      -30944.934530
3956.0000      -30934.714612
3960.0000      -31145.078599
3964.0000      -30919.657816
3968.0000      -30900.472652
3972.0000      -30898.857772
3976.0000      -30881.568601
3980.0000      -30901.390558
3984.0000      -30768.289504
3988.0000      -30950.706559
3992.0000      -30809.389824
3996.0000      -30911.737764
4000.0000      -30853.532652
4004.0000      -30853.532652
