4.0000      -30704.078303
8.0000      -30780.084332
12.0000      -30819.049186
16.0000      -30817.196905
20.0000      -30904.682336
24.0000      -30912.352438
28.0000      -30958.669032
32.0000      -30693.535606
36.0000      -31028.409047
40.0000      -30735.757668
44.0000      -30889.285878
48.0000      -30803.697370
52.0000      -30848.109842
56.0000      -31052.101878
60.0000      -30927.853717
64.0000      -30881.917617
68.0000      -30900.478566
72.0000      -30944.718866
76.0000      -30875.131322
80.0000      -30930.544497
84.0000      -30816.985270
88.0000      -30681.986673
92.0000      -30829.707996
96.0000      -30776.709296
100.0000      -30775.727365
104.0000      -30964.098537
108.0000      -30933.035790
112.0000      -30743.758860
116.0000      -30850.726044
120.0000      -30894.197722
124.0000      -30786.668444
128.0000      -30976.838083
132.0000      -30877.031048
136.0000      -30649.895159
140.0000      -30839.993059
144.0000      -30868.262018
148.0000      -31000.341693
152.0000      -30905.177574
156.0000      -30838.068584
160.0000      -31000.232018
164.0000      -30973.351773
168.0000      -30843.610802
172.0000      -31074.407395
176.0000      -30863.235087
180.0000      -30994.943896
184.0000      -31133.294971
188.0000      -30873.947046
192.0000      -30903.164353
196.0000      -31067.374218
200.0000      -30974.681974
204.0000      -30916.419794
208.0000      -30953.837501
212.0000      -31054.438212
216.0000      -30828.733600
220.0000      -30923.909515
224.0000      -30971.108115
228.0000      -30955.864764
232.0000      -30910.142020
236.0000      -30796.084142
240.0000      -30821.146151
244.0000      -30979.531643
248.0000      -30890.873473
252.0000      -30959.514975
256.0000      -30887.776754
260.0000      -31060.674461
264.0000      -30889.979103
268.0000      -30815.660166
272.0000      -30882.128225
276.0000      -30965.421350
280.0000      -30905.420601
284.0000      -30743.356285
288.0000      -30858.019103
292.0000      -30996.423849
296.0000      -30967.857925
300.0000      -31004.330160
304.0000      -31053.055716
308.0000      -30849.108012
312.0000      -30883.777445
316.0000      -30821.759231
320.0000      -30695.911509
324.0000      -30909.520813
328.0000      -30725.899921
332.0000      -30779.181837
336.0000      -30847.578928
340.0000      -30933.359458
344.0000      -30993.099969
348.0000      -31064.944850
352.0000      -30780.556801
356.0000      -30932.935695
360.0000      -30906.179332
364.0000      -30820.625893
368.0000      -30941.646176
372.0000      -30878.919886
376.0000      -30930.050069
380.0000      -30810.051261
384.0000      -30872.516170
388.0000      -30971.192631
392.0000      -30820.539566
396.0000      -30798.443067
400.0000      -30718.737748
404.0000      -30931.832513
408.0000      -30949.114300
412.0000      -30939.739840
416.0000      -30868.747301
420.0000      -30908.188520
424.0000      -30940.056147
428.0000      -30975.391158
432.0000      -30844.950837
436.0000      -30758.808547
440.0000      -30833.727690
444.0000      -30969.476214
448.0000      -30762.373010
452.0000      -30879.530017
456.0000      -30860.206823
460.0000      -31000.936461
464.0000      -30912.375674
468.0000      -30996.415261
472.0000      -30898.277513
476.0000      -30910.300103
480.0000      -30811.256531
484.0000      -30856.578231
488.0000      -30876.456899
492.0000      -30922.394201
496.0000      -30841.627900
500.0000      -30931.748256
504.0000      -30874.007892
508.0000      -30879.920223
512.0000      -30976.333876
516.0000      -30828.205174
520.0000      -31014.852102
524.0000      -31022.091399
528.0000      -30987.859733
532.0000      -30891.531315
536.0000      -30927.614688
540.0000      -30853.332737
544.0000      -30929.043364
548.0000      -30846.156217
552.0000      -30907.916983
556.0000      -30811.165780
560.0000      -30977.380010
564.0000      -30940.366090
568.0000      -30859.618094
572.0000      -30909.463644
576.0000      -31034.578282
580.0000      -30858.978706
584.0000      -30882.250239
588.0000      -30919.484152
592.0000      -30975.202526
596.0000      -30882.372621
600.0000      -30799.074270
604.0000      -30884.354760
608.0000      -30918.432594
612.0000      -30950.242802
616.0000      -30930.861748
620.0000      -30804.818511
624.0000      -30970.705129
628.0000      -30849.504189
632.0000      -30877.205350
636.0000      -30935.178330
640.0000      -30885.950096
644.0000      -30896.706114
648.0000      -30952.773223
652.0000      -31081.398137
656.0000      -30954.164346
660.0000      -30887.709375
664.0000      -30892.986596
668.0000      -31155.595370
672.0000      -30879.300802
676.0000      -30955.480454
680.0000      -30894.297632
684.0000      -31121.475213
688.0000      -30947.023287
692.0000      -30884.885300
696.0000      -30916.264594
700.0000      -30920.030051
704.0000      -30984.558664
708.0000      -30932.699065
712.0000      -30903.691153
716.0000      -30700.641737
720.0000      -30896.916235
724.0000      -31125.191369
728.0000      -30908.190548
732.0000      -30854.903152
736.0000      -30891.547767
740.0000      -31063.163383
744.0000      -30858.849226
748.0000      -30883.784873
752.0000      -30779.728039
756.0000      -31028.488042
760.0000      -30908.675953
764.0000      -30787.224193
768.0000      -30678.607460
772.0000      -30888.433757
776.0000      -30783.232265
780.0000      -30918.143634
784.0000      -30958.228737
788.0000      -31036.964229
792.0000      -30961.236897
796.0000      -30814.183573
800.0000      -30751.964869
804.0000      -30878.833688
808.0000      -30991.984288
812.0000      -30951.793255
816.0000      -30967.577846
820.0000      -31068.659099
824.0000      -30943.477762
828.0000      -30831.069922
832.0000      -30992.762265
836.0000      -30844.549556
840.0000      -30964.192817
844.0000      -30923.998052
848.0000      -31032.397953
852.0000      -30890.470119
856.0000      -30924.428992
860.0000      -30835.577243
864.0000      -30986.749864
868.0000      -30786.328073
872.0000      -30857.582488
876.0000      -30790.157984
880.0000      -30881.050816
884.0000      -30807.453082
888.0000      -30771.347819
892.0000      -30911.670294
896.0000      -30924.632596
900.0000      -31028.504000
904.0000      -30882.573245
908.0000      -30926.632580
912.0000      -31174.999758
916.0000      -30915.099798
920.0000      -30988.749408
924.0000      -30905.678748
928.0000      -30981.987282
932.0000      -30985.337138
936.0000      -30831.082250
940.0000      -30786.521435
944.0000      -30915.946579
948.0000      -30915.332623
952.0000      -30919.889485
956.0000      -30963.227681
960.0000      -30814.907372
964.0000      -30843.798369
968.0000      -31046.795085
972.0000      -31017.802491
976.0000      -30874.908526
980.0000      -30732.823896
984.0000      -31040.656427
988.0000      -30865.987226
992.0000      -30848.037901
996.0000      -30895.548376
1000.0000      -30850.644301
1004.0000      -30760.503962
1008.0000      -30768.613224
1012.0000      -30923.520188
1016.0000      -30871.575574
1020.0000      -30844.221659
1024.0000      -30904.935757
1028.0000      -30885.145425
1032.0000      -31043.583013
1036.0000      -30825.419505
1040.0000      -30866.224241
1044.0000      -30891.967894
1048.0000      -30901.521315
1052.0000      -30957.414570
1056.0000      -30918.836379
1060.0000      -31128.361393
1064.0000      -30900.850480
1068.0000      -30918.212109
1072.0000      -31026.985259
1076.0000      -30954.664249
1080.0000      -31003.200924
1084.0000      -30918.240005
1088.0000      -30674.648071
1092.0000      -30860.444297
1096.0000      -30988.993103
1100.0000      -30902.932408
1104.0000      -30835.277977
1108.0000      -30936.479208
1112.0000      -30887.890501
1116.0000      -30712.502900
1120.0000      -30973.249936
1124.0000      -30820.470312
1128.0000      -30882.412870
1132.0000      -31104.686611
1136.0000      -30994.956250
1140.0000      -30975.041493
1144.0000      -30957.371494
1148.0000      -30947.580000
1152.0000      -31005.781029
1156.0000      -30827.501221
1160.0000      -30921.744176
1164.0000      -30975.564286
1168.0000      -30918.136597
1172.0000      -30732.794205
1176.0000      -30907.921407
1180.0000      -30813.710740
1184.0000      -30883.070721
1188.0000      -30773.807723
1192.0000      -30840.763634
1196.0000      -30781.831659
1200.0000      -30872.446194
1204.0000      -30952.936105
1208.0000      -30787.976583
1212.0000      -30920.009473
1216.0000      -30859.543931
1220.0000      -30840.985870
1224.0000      -30812.724744
1228.0000      -30901.362321
1232.0000      -31074.276331
1236.0000      -31099.252356
1240.0000      -30947.648063
1244.0000      -30894.285293
1248.0000      -30880.787547
1252.0000      -30794.110734
1256.0000      -30920.139004
1260.0000      -30922.772611
1264.0000      -30872.043961
1268.0000      -30745.302426
1272.0000      -30842.103547
1276.0000      -30930.507350
1280.0000      -30838.978188
1284.0000      -30910.806137
1288.0000      -30943.528230
1292.0000      -31012.225452
1296.0000      -30961.761638
1300.0000      -30967.710589
1304.0000      -30895.416955
1308.0000      -30926.909840
1312.0000      -30913.494239
1316.0000      -30838.471769
1320.0000      -30937.013957
1324.0000      -30893.497593
1328.0000      -30886.898276
1332.0000      -30930.833759
1336.0000      -30881.495930
1340.0000      -30912.038216
1344.0000      -30750.455103
1348.0000      -31025.876421
1352.0000      -31135.646952
1356.0000      -30853.153086
1360.0000      -30894.817564
1364.0000      -30930.326877
1368.0000      -30873.387751
1372.0000      -30804.978084
1376.0000      -30802.073489
1380.0000      -30759.988099
1384.0000      -30980.247492
1388.0000      -30938.506041
1392.0000      -31034.946499
1396.0000      -31083.138415
1400.0000      -31002.157459
1404.0000      -30917.264864
1408.0000      -30886.198895
1412.0000      -30810.101235
1416.0000      -30867.904388
1420.0000      -30745.564532
1424.0000      -30788.311216
1428.0000      -30896.500971
1432.0000      -30860.082593
1436.0000      -30950.469587
1440.0000      -30896.566410
1444.0000      -30859.480546
1448.0000      -31047.105251
1452.0000      -30876.124087
1456.0000      -30989.483103
1460.0000      -31025.022520
1464.0000      -30800.155912
1468.0000      -30845.708509
1472.0000      -30871.432044
1476.0000      -30933.139803
1480.0000      -30797.844177
1484.0000      -30841.949032
1488.0000      -30933.327682
1492.0000      -30940.173703
1496.0000      -30905.152187
1500.0000      -30873.910895
1504.0000      -30745.808862
1508.0000      -30975.642512
1512.0000      -30887.362774
1516.0000      -30823.706545
1520.0000      -30836.309617
1524.0000      -30889.509412
1528.0000      -30868.666192
1532.0000      -30881.228741
1536.0000      -30876.839064
1540.0000      -30876.498185
1544.0000      -30902.049714
1548.0000      -30913.857397
1552.0000      -30753.289241
1556.0000      -30979.963528
1560.0000      -30848.623369
1564.0000      -30859.363639
1568.0000      -30849.717896
1572.0000      -30965.417244
1576.0000      -31002.265584
1580.0000      -30825.433842
1584.0000      -30825.054784
1588.0000      -30836.154783
1592.0000      -30889.254096
1596.0000      -30947.419906
1600.0000      -30804.243202
1604.0000      -30918.067591
1608.0000      -30890.066289
1612.0000      -30950.611061
1616.0000      -30917.977132
1620.0000      -30878.901562
1624.0000      -31048.874036
1628.0000      -31057.099182
1632.0000      -30977.898564
1636.0000      -30945.365153
1640.0000      -30785.387636
1644.0000      -30846.830080
1648.0000      -30805.727628
1652.0000      -30937.117928
1656.0000      -30901.378941
1660.0000      -30954.712793
1664.0000      -30886.163461
1668.0000      -30903.146908
1672.0000      -30950.617242
1676.0000      -30774.962290
1680.0000      -30934.100743
1684.0000      -30840.166884
1688.0000      -30900.175271
1692.0000      -30951.053816
1696.0000      -30961.702944
1700.0000      -31006.286257
1704.0000      -31030.419093
1708.0000      -30874.040270
1712.0000      -31021.223939
1716.0000      -30776.474190
1720.0000      -30810.455363
1724.0000      -31021.009860
1728.0000      -30826.180339
1732.0000      -30975.362858
1736.0000      -30853.281398
1740.0000      -30916.575540
1744.0000      -30748.828895
1748.0000      -30926.232812
1752.0000      -30882.497624
1756.0000      -30977.424811
1760.0000      -30963.524804
1764.0000      -30866.602620
1768.0000      -30834.567241
1772.0000      -30928.141639
1776.0000      -30968.223611
1780.0000      -30795.588364
1784.0000      -30841.437244
1788.0000      -31105.992954
1792.0000      -30938.595085
1796.0000      -30904.503310
1800.0000      -30939.683372
1804.0000      -30777.504250
1808.0000      -30922.984673
1812.0000      -30956.336019
1816.0000      -30877.296276
1820.0000      -30907.448074
1824.0000      -30905.214938
1828.0000      -30859.313332
1832.0000      -30898.683871
1836.0000      -30858.773361
1840.0000      -30954.629421
1844.0000      -30938.750187
1848.0000      -30932.913966
1852.0000      -30767.121743
1856.0000      -30909.220831
1860.0000      -30899.977231
1864.0000      -30911.933065
1868.0000      -30943.974405
1872.0000      -30909.126138
1876.0000      -30880.742427
1880.0000      -30939.789621
1884.0000      -30816.638040
1888.0000      -30980.864485
1892.0000      -31037.322906
1896.0000      -30860.490615
1900.0000      -30933.336278
1904.0000      -30765.506948
1908.0000      -30932.102492
1912.0000      -30755.584109
1916.0000      -30874.256757
1920.0000      -30852.705966
1924.0000      -31018.036041
1928.0000      -30789.696569
1932.0000      -30868.723666
1936.0000      -30926.997266
1940.0000      -30859.707754
1944.0000      -30934.233016
1948.0000      -31031.290294
1952.0000      -30696.026277
1956.0000      -30899.452922
1960.0000      -30751.497642
1964.0000      -30881.488654
1968.0000      -30979.075742
1972.0000      -31107.252892
1976.0000      -30860.239765
1980.0000      -30811.021063
1984.0000      -30884.195471
1988.0000      -30974.418169
1992.0000      -30900.996689
1996.0000      -30978.583234
2000.0000      -30921.391431
2004.0000      -30785.116189
2008.0000      -30993.349741
2012.0000      -31009.100403
2016.0000      -30998.129063
2020.0000      -30992.883756
2024.0000      -30928.227725
2028.0000      -30911.155169
2032.0000      -30890.381792
2036.0000      -31013.267523
2040.0000      -30775.834596
2044.0000      -30889.130019
2048.0000      -30778.202998
2052.0000      -30789.181710
2056.0000      -30952.486001
2060.0000      -30883.837860
2064.0000      -30857.168918
2068.0000      -30975.005174
2072.0000      -30810.727521
2076.0000      -30937.729253
2080.0000      -30965.271873
2084.0000      -30935.651034
2088.0000      -30990.605333
2092.0000      -30888.602525
2096.0000      -30919.438999
2100.0000      -30889.683320
2104.0000      -30919.558220
2108.0000      -30933.451971
2112.0000      -30920.348714
2116.0000      -30985.681250
2120.0000      -30793.181640
2124.0000      -30928.228293
2128.0000      -30796.559496
2132.0000      -30904.411802
2136.0000      -30793.995227
2140.0000      -30910.723343
2144.0000      -31093.806283
2148.0000      -30935.528537
2152.0000      -30789.342163
2156.0000      -30878.078161
2160.0000      -31031.435971
2164.0000      -30996.488243
2168.0000      -30751.299036
2172.0000      -30742.451035
2176.0000      -30804.259942
2180.0000      -30844.664495
2184.0000      -30744.468883
2188.0000      -30836.436984
2192.0000      -30906.163994
2196.0000      -30972.562897
2200.0000      -30941.943051
2204.0000      -30935.805215
2208.0000      -30924.072202
2212.0000      -30901.899011
2216.0000      -31073.409265
2220.0000      -30856.846456
2224.0000      -30789.672794
2228.0000      -31009.583683
2232.0000      -30802.683101
2236.0000      -30960.266616
2240.0000      -30862.173345
2244.0000      -30760.483937
2248.0000      -30866.668267
2252.0000      -30769.334033
2256.0000      -30869.769065
2260.0000      -30961.038402
2264.0000      -30758.690689
2268.0000      -30888.792616
2272.0000      -30896.002055
2276.0000      -31080.822523
2280.0000      -30830.031358
2284.0000      -30899.511529
2288.0000      -30786.355313
2292.0000      -31080.054861
2296.0000      -31085.613443
2300.0000      -30898.794468
2304.0000      -30842.331109
2308.0000      -30868.126141
2312.0000      -30754.720653
2316.0000      -30839.479069
2320.0000      -30900.269677
2324.0000      -30936.423550
2328.0000      -30900.912441
2332.0000      -30894.600377
2336.0000      -30791.592624
2340.0000      -30871.369854
2344.0000      -31027.439795
2348.0000      -30940.027855
2352.0000      -31050.595654
2356.0000      -30821.721216
2360.0000      -30871.193941
2364.0000      -30987.804899
2368.0000      -30721.299594
2372.0000      -30919.921396
2376.0000      -30999.969031
2380.0000      -30986.860957
2384.0000      -30809.178713
2388.0000      -30878.630955
2392.0000      -30930.523296
2396.0000      -30990.495315
2400.0000      -30780.126182
2404.0000      -30673.804379
2408.0000      -30774.982110
2412.0000      -31021.561268
2416.0000      -30968.794274
2420.0000      -30837.307043
2424.0000      -30936.341864
2428.0000      -30831.158033
2432.0000      -30973.894716
2436.0000      -31112.196963
2440.0000      -30813.173426
2444.0000      -31003.719580
2448.0000      -31092.851314
2452.0000      -30912.663874
2456.0000      -30907.396213
2460.0000      -30881.757238
2464.0000      -30927.908887
2468.0000      -31008.161087
2472.0000      -30963.833403
2476.0000      -31103.904637
2480.0000      -30902.704404
2484.0000      -30954.867807
2488.0000      -30884.388994
2492.0000      -30854.357209
2496.0000      -30799.216428
2500.0000      -30993.224380
2504.0000      -30949.478722
2508.0000      -30978.855219
2512.0000      -30829.377875
2516.0000      -30814.437552
2520.0000      -30730.581364
2524.0000      -30825.761149
2528.0000      -30808.389390
2532.0000      -30946.216055
2536.0000      -30776.131695
2540.0000      -30782.206525
2544.0000      -30882.729697
2548.0000      -31032.744139
2552.0000      -30884.576800
2556.0000      -30784.295741
2560.0000      -30876.624460
2564.0000      -31029.333740
2568.0000      -30903.421355
2572.0000      -30775.462381
2576.0000      -30843.508946
2580.0000      -30911.677886
2584.0000      -30777.829290
2588.0000      -30884.780238
2592.0000      -30958.363631
2596.0000      -30973.843114
2600.0000      -30836.791149
2604.0000      -30985.104938
2608.0000      -30827.897682
2612.0000      -31107.715159
2616.0000      -30712.748831
2620.0000      -30793.348976
2624.0000      -30880.014046
2628.0000      -30930.958190
2632.0000      -30985.813661
2636.0000      -31041.642635
2640.0000      -30911.940806
2644.0000      -30702.077460
2648.0000      -30961.194966
2652.0000      -30830.997199
2656.0000      -30810.219779
2660.0000      -30757.093591
2664.0000      -30812.575486
2668.0000      -30755.460873
2672.0000      -31118.264404
2676.0000      -31043.070566
2680.0000      -31130.332217
2684.0000      -30905.210855
2688.0000      -31039.177089
2692.0000      -31021.193049
2696.0000      -30835.404834
2700.0000      -30897.623456
2704.0000      -30906.463303
2708.0000      -30903.318843
2712.0000      -30811.417882
2716.0000      -30773.789670
2720.0000      -30896.496065
2724.0000      -30826.688450
2728.0000      -30769.303613
2732.0000      -30781.978725
2736.0000      -30887.407729
2740.0000      -30947.641378
2744.0000      -30813.623620
2748.0000      -30885.152520
2752.0000      -30752.990238
2756.0000      -30869.672051
2760.0000      -31000.347174
2764.0000      -30773.181639
2768.0000      -31022.200368
2772.0000      -30961.752340
2776.0000      -30710.189167
2780.0000      -30899.840400
2784.0000      -30856.780296
2788.0000      -30847.522484
2792.0000      -30905.278450
2796.0000      -30859.312101
2800.0000      -30957.462013
2804.0000      -30845.994373
2808.0000      -30778.562402
2812.0000      -30829.461521
2816.0000      -30691.494171
2820.0000      -30942.270567
2824.0000      -30892.590609
2828.0000      -30784.930800
2832.0000      -30847.814378
2836.0000      -30932.722544
2840.0000      -31028.720999
2844.0000      -30971.087867
2848.0000      -30721.479468
2852.0000      -30939.376685
2856.0000      -30875.069626
2860.0000      -30834.902068
2864.0000      -30774.322097
2868.0000      -30877.898211
2872.0000      -30791.852007
2876.0000      -30957.300048
2880.0000      -30817.472802
2884.0000      -30959.569788
2888.0000      -30966.464077
2892.0000      -30959.964937
2896.0000      -30738.437767
2900.0000      -30744.002708
2904.0000      -30945.208899
2908.0000      -30649.742627
2912.0000      -30998.566506
2916.0000      -30785.415984
2920.0000      -30887.480136
2924.0000      -30803.850607
2928.0000      -30969.805258
2932.0000      -30769.315106
2936.0000      -30845.985201
2940.0000      -30798.137438
2944.0000      -30866.680517
2948.0000      -30716.211486
2952.0000      -30855.274150
2956.0000      -31066.529214
2960.0000      -30892.541086
2964.0000      -30699.924091
2968.0000      -30853.500844
2972.0000      -30770.977566
2976.0000      -30914.199146
2980.0000      -30934.879122
2984.0000      -30793.902760
2988.0000      -30853.435463
2992.0000      -30909.660733
2996.0000      -30815.532373
3000.0000      -31056.809792
3004.0000      -30968.610029
3008.0000      -30908.920543
3012.0000      -30934.105629
3016.0000      -30896.846459
3020.0000      -30949.475857
3024.0000      -30984.673901
3028.0000      -31033.903156
3032.0000      -30914.973973
3036.0000      -30900.112771
3040.0000      -30834.056740
3044.0000      -30948.431504
3048.0000      -30991.980234
3052.0000      -30886.496102
3056.0000      -30900.762749
3060.0000      -30966.932170
3064.0000      -30721.879413
3068.0000      -30984.596309
3072.0000      -31208.098188
3076.0000      -30949.356854
3080.0000      -30783.627157
3084.0000      -30902.500031
3088.0000      -31044.957054
3092.0000      -30826.801303
3096.0000      -30909.636620
3100.0000      -30959.569221
3104.0000      -30887.665510
3108.0000      -30635.087232
3112.0000      -30855.858570
3116.0000      -30716.530494
3120.0000      -30701.620908
3124.0000      -30846.123688
3128.0000      -30936.089210
3132.0000      -30939.428287
3136.0000      -31059.983416
3140.0000      -30853.667939
3144.0000      -30940.487449
3148.0000      -30893.875312
3152.0000      -30946.933540
3156.0000      -30949.530826
3160.0000      -30910.907260
3164.0000      -30747.524186
3168.0000      -30944.468555
3172.0000      -30690.544839
3176.0000      -30864.808752
3180.0000      -30872.580453
3184.0000      -30845.865422
3188.0000      -30961.794869
3192.0000      -30879.847443
3196.0000      -30984.012808
3200.0000      -30846.370974
3204.0000      -31002.611898
3208.0000      -30818.849455
3212.0000      -30928.004242
3216.0000      -30973.775033
3220.0000      -30939.690067
3224.0000      -30863.411843
3228.0000      -30741.907768
3232.0000      -30932.734595
3236.0000      -31057.100914
3240.0000      -31003.844949
3244.0000      -30881.078136
3248.0000      -30974.625728
3252.0000      -31028.398019
3256.0000      -30856.100670
3260.0000      -30968.166965
3264.0000      -30955.490025
3268.0000      -31037.678849
3272.0000      -30794.389425
3276.0000      -30871.879869
3280.0000      -30885.357916
3284.0000      -31062.463116
3288.0000      -30828.302259
3292.0000      -30843.305869
3296.0000      -30925.272354
3300.0000      -30636.498117
3304.0000      -30800.567439
3308.0000      -30997.293861
3312.0000      -31063.650237
3316.0000      -30880.879438
3320.0000      -30826.415652
3324.0000      -31049.520696
3328.0000      -30941.755768
3332.0000      -30904.214549
3336.0000      -30971.691593
3340.0000      -30968.102518
3344.0000      -31007.414231
3348.0000      -30837.657968
3352.0000      -30985.106168
3356.0000      -30903.046840
3360.0000      -31105.779979
3364.0000      -30976.887858
3368.0000      -30796.041916
3372.0000      -30958.588890
3376.0000      -30765.614879
3380.0000      -30906.981409
3384.0000      -30714.649042
3388.0000      -30712.710146
3392.0000      -30874.626396
3396.0000      -30717.610295
3400.0000      -30857.414907
3404.0000      -30956.239452
3408.0000      -30816.810565
3412.0000      -30849.916083
3416.0000      -30793.900157
3420.0000      -30967.837959
3424.0000      -30822.682576
3428.0000      -30888.461850
3432.0000      -30752.024655
3436.0000      -30611.363024
3440.0000      -30823.544477
3444.0000      -30993.794056
3448.0000      -30793.352868
3452.0000      -30881.516296
3456.0000      -30993.103894
3460.0000      -30898.839173
3464.0000      -30930.389956
3468.0000      -31005.884545
3472.0000      -30793.069431
3476.0000      -30890.315416
3480.0000      -30943.576593
3484.0000      -30864.883141
3488.0000      -30895.765099
3492.0000      -30895.473176
3496.0000      -30870.549036
3500.0000      -30877.725289
3504.0000      -30842.977659
3508.0000      -31042.589235
3512.0000      -30939.420497
3516.0000      -31029.607279
3520.0000      -30960.291032
3524.0000      -30960.935007
3528.0000      -30683.548258
3532.0000      -30810.656871
3536.0000      -30918.067259
3540.0000      -30901.774470
3544.0000      -31009.817784
3548.0000      -30935.876374
3552.0000      -30842.934587
3556.0000      -30874.825145
3560.0000      -30878.847039
3564.0000      -31004.138911
3568.0000      -30920.797186
3572.0000      -30834.356245
3576.0000      -30967.173660
3580.0000      -30966.996077
3584.0000      -31101.127805
3588.0000      -30979.061006
3592.0000      -30832.660291
3596.0000      -30928.259379
3600.0000      -30860.291913
3604.0000      -30861.124511
3608.0000      -31019.544732
3612.0000      -30988.810194
3616.0000      -30958.217317
3620.0000      -30934.202705
3624.0000      -30922.903232
3628.0000      -30915.825877
3632.0000      -30823.436279
3636.0000      -30817.784627
3640.0000      -30877.533386
3644.0000      -30951.036269
3648.0000      -31046.982160
3652.0000      -30828.653006
3656.0000      -31060.185175
3660.0000      -30847.627786
3664.0000      -30798.714041
3668.0000      -30834.405435
3672.0000      -31039.651053
3676.0000      -30791.717157
3680.0000      -30829.726713
3684.0000      -30953.201014
3688.0000      -31065.468622
3692.0000      -30753.044145
3696.0000      -30798.393552
3700.0000      -30947.989874
3704.0000      -30905.458875
3708.0000      -30881.353285
3712.0000      -30916.591493
3716.0000      -31168.275531
3720.0000      -30963.518777
3724.0000      -31022.891613
3728.0000      -30928.268149
3732.0000      -31000.134526
3736.0000      -30977.840668
3740.0000      -30790.937886
3744.0000      -30806.020019
3748.0000      -30901.223939
3752.0000      -30909.044588
3756.0000      -30763.520294
3760.0000      -30792.705527
3764.0000      -30822.510562
3768.0000      -30790.180020
3772.0000      -30791.943421
3776.0000      -30947.001734
3780.0000      -30815.103412
3784.0000      -30825.014840
3788.0000      -30853.948322
3792.0000      -30756.068298
3796.0000      -30950.103458
3800.0000      -30825.117238
3804.0000      -30923.700272
3808.0000      -31003.603691
3812.0000      -30887.210004
3816.0000      -30932.970110
3820.0000      -30680.520261
3824.0000      -30806.826086
3828.0000      -30863.520428
3832.0000      -30927.812520
3836.0000      -30865.087386
3840.0000      -30938.483413
3844.0000      -30950.634076
3848.0000      -30972.085825
3852.0000      -30977.302001
3856.0000      -30842.490687
3860.0000      -30828.682949
3864.0000      -30735.252750
3868.0000      -30770.792447
3872.0000      -30841.055477
3876.0000      -30768.516188
3880.0000      -30985.830627
3884.0000      -30870.951713
3888.0000      -30823.758708
3892.0000      -30679.688958
3896.0000      -30790.042036
3900.0000      -30882.397818
3904.0000      -30956.255495
3908.0000      -30859.480930
3912.0000      -30963.665951
3916.0000      -30838.584127
3920.0000      -30904.124514
3924.0000      -30946.082953
3928.0000      -31007.064571
3932.0000      -30969.025063
3936.0000      -30792.469868
3940.0000      -30867.234998
3944.0000      -30932.935581
3948.0000      -30846.559227
3952.0000      -30938.680704
3956.0000      -30913.307626
3960.0000      -30947.621552
3964.0000      -30881.195568
3968.0000      -30912.628273
3972.0000      -31073.665921
3976.0000      -30991.449873
3980.0000      -30819.404003
3984.0000      -30783.686622
3988.0000      -30824.172384
3992.0000      -30877.925722
3996.0000      -30836.890680
4000.0000      -30718.479397
4004.0000      -30718.479397
