4.0000     -732836.117730
8.0000     -733442.051019
12.0000     -733011.234004
16.0000     -733209.976538
20.0000     -732378.263673
24.0000     -732799.524230
28.0000     -731977.593074
32.0000     -733002.461856
36.0000     -733509.923416
40.0000     -732435.807202
44.0000     -732444.283668
48.0000     -733449.623981
52.0000     -732657.284465
56.0000     -732644.453702
60.0000     -732597.521471
64.0000     -732782.866843
68.0000     -733087.795795
72.0000     -732401.048934
76.0000     -733067.950026
80.0000     -733248.860242
84.0000     -733232.046939
88.0000     -733159.154206
92.0000     -732700.311158
96.0000     -733112.617179
100.0000     -733747.845698
104.0000     -733201.575091
108.0000     -732306.661006
112.0000     -732744.564162
116.0000     -733224.060496
120.0000     -732369.487125
124.0000     -732358.913799
128.0000     -732099.270667
132.0000     -732894.609559
136.0000     -732289.557459
140.0000     -733416.446359
144.0000     -733558.912961
148.0000     -733330.474355
152.0000     -733110.340960
156.0000     -733020.520258
160.0000     -732768.094418
164.0000     -732475.928823
168.0000     -732471.435210
172.0000     -732944.110588
176.0000     -732080.706599
180.0000     -732104.705316
184.0000     -732636.452082
188.0000     -731833.807532
192.0000     -733637.623603
196.0000     -732936.675031
200.0000     -732899.748518
204.0000     -732895.761754
208.0000     -733289.625378
212.0000     -733515.260405
216.0000     -732985.983696
220.0000     -733082.748270
224.0000     -732686.442325
228.0000     -734162.726811
232.0000     -733359.549466
236.0000     -732609.627227
240.0000     -733347.161168
244.0000     -732744.606444
248.0000     -733257.643363
252.0000     -733599.277977
256.0000     -733593.736833
260.0000     -732932.974760
264.0000     -732912.837369
268.0000     -734166.772154
272.0000     -732705.831695
276.0000     -733033.574549
280.0000     -733088.310594
284.0000     -732936.893867
288.0000     -732601.120843
292.0000     -732722.896143
296.0000     -733442.564576
300.0000     -733264.732134
304.0000     -733377.103478
308.0000     -733640.285572
312.0000     -733459.790643
316.0000     -733284.387720
320.0000     -732639.107329
324.0000     -731892.748232
328.0000     -733493.564990
332.0000     -733317.151334
336.0000     -733058.710621
340.0000     -733898.487288
344.0000     -732510.579400
348.0000     -734149.368836
352.0000     -732776.604491
356.0000     -733282.335214
360.0000     -733121.212804
364.0000     -733385.918297
368.0000     -733283.987527
372.0000     -733183.090134
376.0000     -732951.988453
380.0000     -733397.100273
384.0000     -732632.081109
388.0000     -733603.524300
392.0000     -732613.328622
396.0000     -733355.696337
400.0000     -733297.167838
404.0000     -733769.637284
408.0000     -733108.948010
412.0000     -732906.247112
416.0000     -734034.190592
420.0000     -732568.586340
424.0000     -732959.752368
428.0000     -733128.603914
432.0000     -733534.404126
436.0000     -733490.527794
440.0000     -734002.400823
444.0000     -732851.646667
448.0000     -733061.997476
452.0000     -733181.060594
456.0000     -732821.367248
460.0000     -733058.156893
464.0000     -733516.154553
468.0000     -733651.519404
472.0000     -733387.004415
476.0000     -733363.977766
480.0000     -733502.426660
484.0000     -733297.717504
488.0000     -733270.900170
492.0000     -733707.681332
496.0000     -734048.628686
500.0000     -733768.868177
504.0000     -733659.835510
508.0000     -733348.330276
512.0000     -733059.525185
516.0000     -732728.499288
520.0000     -733160.106652
524.0000     -733215.001902
528.0000     -733143.771431
532.0000     -732140.608853
536.0000     -734016.028172
540.0000     -733979.047728
544.0000     -733309.651748
548.0000     -733034.475726
552.0000     -733667.989031
556.0000     -733632.268849
560.0000     -734095.465030
564.0000     -733626.039411
568.0000     -734014.540232
572.0000     -733414.683211
576.0000     -733556.402591
580.0000     -733567.413814
584.0000     -733520.809291
588.0000     -733783.898473
592.0000     -733012.296348
596.0000     -733172.393031
600.0000     -733872.523053
604.0000     -733491.874019
608.0000     -734000.159061
612.0000     -734016.321409
616.0000     -733437.020687
620.0000     -733006.463068
624.0000     -733274.344171
628.0000     -733475.236692
632.0000     -733449.010566
636.0000     -733373.099225
640.0000     -733096.972724
644.0000     -733502.272815
648.0000     -734016.331270
652.0000     -734321.119719
656.0000     -733661.766020
660.0000     -734396.801907
664.0000     -733557.641156
668.0000     -733588.662183
672.0000     -734014.662999
676.0000     -733825.732235
680.0000     -733178.582324
684.0000     -733486.162430
688.0000     -733946.096262
692.0000     -733538.093997
696.0000     -733755.289591
700.0000     -733484.245871
704.0000     -733340.924830
708.0000     -733464.740725
712.0000     -733703.831659
716.0000     -733631.600795
720.0000     -733818.153817
724.0000     -733288.658530
728.0000     -732878.876854
732.0000     -733143.321918
736.0000     -733795.060136
740.0000     -733534.398161
744.0000     -733838.313025
748.0000     -734715.055281
752.0000     -733510.087010
756.0000     -734130.364145
760.0000     -734083.050174
764.0000     -732635.591087
768.0000     -734442.634898
772.0000     -734423.199360
776.0000     -733806.379793
780.0000     -733871.278636
784.0000     -733183.763231
788.0000     -733833.131435
792.0000     -734347.065911
796.0000     -733543.363202
800.0000     -734072.106599
804.0000     -733584.070946
808.0000     -733266.002226
812.0000     -733273.580996
816.0000     -733322.832109
820.0000     -733534.419571
824.0000     -733758.255777
828.0000     -733240.088891
832.0000     -732616.506661
836.0000     -732996.492896
840.0000     -733637.036403
844.0000     -732974.592853
848.0000     -733865.384850
852.0000     -734101.941576
856.0000     -733507.493747
860.0000     -732929.186363
864.0000     -733040.725656
868.0000     -732954.675585
872.0000     -732448.107006
876.0000     -733899.265512
880.0000     -732731.386370
884.0000     -734082.599594
888.0000     -733388.586158
892.0000     -732857.087320
896.0000     -734308.729468
900.0000     -734443.408923
904.0000     -733029.775949
908.0000     -733196.638398
912.0000     -733237.845234
916.0000     -734125.531468
920.0000     -733419.205898
924.0000     -733660.427983
928.0000     -733143.408873
932.0000     -733111.521545
936.0000     -734296.474363
940.0000     -733517.677981
944.0000     -732730.504123
948.0000     -734396.967844
952.0000     -733344.759066
956.0000     -732539.892742
960.0000     -734007.692574
964.0000     -733630.666051
968.0000     -733467.857043
972.0000     -733806.657458
976.0000     -732758.459396
980.0000     -733277.980639
984.0000     -734091.637545
988.0000     -734282.922775
992.0000     -733131.725903
996.0000     -733205.600959
1000.0000     -733124.802818
1004.0000     -733406.105906
1008.0000     -733187.171058
1012.0000     -733346.378471
1016.0000     -734002.766565
1020.0000     -734135.166499
1024.0000     -733176.327389
1028.0000     -733661.128315
1032.0000     -733261.878143
1036.0000     -733369.867142
1040.0000     -733289.511392
1044.0000     -733182.259371
1048.0000     -733689.837508
1052.0000     -733270.460177
1056.0000     -734186.754776
1060.0000     -733539.668943
1064.0000     -733348.481154
1068.0000     -733215.630150
1072.0000     -732954.667459
1076.0000     -733176.245061
1080.0000     -732727.128327
1084.0000     -733049.791256
1088.0000     -732638.494265
1092.0000     -733084.251806
1096.0000     -733081.961937
1100.0000     -733464.188320
1104.0000     -733441.705871
1108.0000     -733639.638333
1112.0000     -732914.222288
1116.0000     -733245.523025
1120.0000     -733375.493048
1124.0000     -733680.968202
1128.0000     -734107.428184
1132.0000     -733506.678431
1136.0000     -733464.161914
1140.0000     -733712.939649
1144.0000     -733683.185920
1148.0000     -734700.121076
1152.0000     -734392.501507
1156.0000     -734028.520223
1160.0000     -733751.102566
1164.0000     -734136.095643
1168.0000     -733728.495755
1172.0000     -733960.684194
1176.0000     -733765.279690
1180.0000     -732945.856270
1184.0000     -733662.439531
1188.0000     -733600.647897
1192.0000     -734062.659427
1196.0000     -734194.858756
1200.0000     -733579.234141
1204.0000     -733857.667577
1208.0000     -733696.916897
1212.0000     -733755.980600
1216.0000     -732903.740277
1220.0000     -733652.650157
1224.0000     -733772.684530
1228.0000     -733835.393273
1232.0000     -733503.179120
1236.0000     -733553.528658
1240.0000     -734043.095414
1244.0000     -733185.196527
1248.0000     -733365.210509
1252.0000     -733761.386755
1256.0000     -732905.354868
1260.0000     -733003.584280
1264.0000     -733730.120891
1268.0000     -734361.031870
1272.0000     -734141.349296
1276.0000     -733852.691078
1280.0000     -734622.129911
1284.0000     -733908.863694
1288.0000     -733334.200930
1292.0000     -733859.511492
1296.0000     -733768.620890
1300.0000     -732853.097019
1304.0000     -733524.225701
1308.0000     -733568.398932
1312.0000     -733739.162954
1316.0000     -734007.350043
1320.0000     -733337.275714
1324.0000     -733387.839411
1328.0000     -733668.718477
1332.0000     -733053.642440
1336.0000     -733280.115647
1340.0000     -733327.482869
1344.0000     -733971.738605
1348.0000     -733462.939152
1352.0000     -733278.688752
1356.0000     -733170.794814
1360.0000     -734018.052671
1364.0000     -733149.110382
1368.0000     -733061.065219
1372.0000     -733442.116536
1376.0000     -733802.007181
1380.0000     -734100.039518
1384.0000     -732832.232893
1388.0000     -733192.015708
1392.0000     -733185.040635
1396.0000     -733390.622589
1400.0000     -733650.648450
1404.0000     -732987.309172
1408.0000     -732579.755000
1412.0000     -732513.310749
1416.0000     -733769.738066
1420.0000     -734150.598714
1424.0000     -733007.902899
1428.0000     -733474.965889
1432.0000     -733584.234305
1436.0000     -733976.659929
1440.0000     -733507.196807
1444.0000     -734129.007917
1448.0000     -733370.420544
1452.0000     -733630.206172
1456.0000     -733419.954037
1460.0000     -733255.428525
1464.0000     -733652.491253
1468.0000     -733050.675360
1472.0000     -733500.529934
1476.0000     -733347.974896
1480.0000     -733478.013187
1484.0000     -734139.965762
1488.0000     -733759.240787
1492.0000     -733360.905311
1496.0000     -734817.255208
1500.0000     -733319.827703
1504.0000     -733826.159701
1508.0000     -734482.761597
1512.0000     -734159.180295
1516.0000     -733860.666504
1520.0000     -733705.453511
1524.0000     -733170.245634
1528.0000     -733210.007627
1532.0000     -733654.092642
1536.0000     -733224.810078
1540.0000     -733886.637015
1544.0000     -733499.734404
1548.0000     -733496.556560
1552.0000     -733651.370257
1556.0000     -733882.976987
1560.0000     -734201.305880
1564.0000     -733268.767033
1568.0000     -734049.920966
1572.0000     -733226.476090
1576.0000     -734089.441017
1580.0000     -733127.182461
1584.0000     -733288.527015
1588.0000     -733376.753500
1592.0000     -732803.429693
1596.0000     -733547.700914
1600.0000     -733192.958362
1604.0000     -733729.562408
1608.0000     -734493.876414
1612.0000     -733709.828774
1616.0000     -733667.057955
1620.0000     -733201.878825
1624.0000     -732662.046703
1628.0000     -732701.467114
1632.0000     -733662.610762
1636.0000     -733086.016504
1640.0000     -733816.694957
1644.0000     -732647.237921
1648.0000     -733431.547249
1652.0000     -733734.124678
1656.0000     -733165.299515
1660.0000     -734035.317893
1664.0000     -734499.433283
1668.0000     -733933.096720
1672.0000     -733427.234193
1676.0000     -733619.245618
1680.0000     -732875.336341
1684.0000     -733441.302159
1688.0000     -733963.884425
1692.0000     -733367.427608
1696.0000     -734040.850614
1700.0000     -732928.652827
1704.0000     -732393.425603
1708.0000     -733597.713987
1712.0000     -733143.122142
1716.0000     -733776.400983
1720.0000     -732731.884118
1724.0000     -733696.061967
1728.0000     -733099.333432
1732.0000     -733817.865786
1736.0000     -734219.712383
1740.0000     -732555.926747
1744.0000     -733685.894577
1748.0000     -733897.509491
1752.0000     -733221.105967
1756.0000     -732882.126098
1760.0000     -734010.759489
1764.0000     -733936.514586
1768.0000     -733687.647536
1772.0000     -734294.984676
1776.0000     -733653.952985
1780.0000     -733635.490605
1784.0000     -732683.487670
1788.0000     -734445.646513
1792.0000     -733822.044916
1796.0000     -733600.187760
1800.0000     -734048.393000
1804.0000     -734092.634448
1808.0000     -734082.068030
1812.0000     -733811.988430
1816.0000     -732916.084440
1820.0000     -733483.605429
1824.0000     -733481.019886
1828.0000     -734328.984048
1832.0000     -734124.331740
1836.0000     -734304.169179
1840.0000     -733835.032778
1844.0000     -733986.223615
1848.0000     -734829.394033
1852.0000     -734077.568827
1856.0000     -733092.132183
1860.0000     -734082.634625
1864.0000     -734123.466941
1868.0000     -734194.864500
1872.0000     -733725.146693
1876.0000     -733736.497921
1880.0000     -734928.164255
1884.0000     -734324.790605
1888.0000     -732838.056094
1892.0000     -733103.723355
1896.0000     -733410.765601
1900.0000     -734289.666805
1904.0000     -733302.341251
1908.0000     -733109.079127
1912.0000     -733580.214571
1916.0000     -733784.445231
1920.0000     -733297.763662
1924.0000     -734070.673501
1928.0000     -734572.385316
1932.0000     -732731.628893
1936.0000     -733640.851118
1940.0000     -733261.632686
1944.0000     -733086.981353
1948.0000     -733504.202775
1952.0000     -734106.447111
1956.0000     -733169.763953
1960.0000     -733503.710969
1964.0000     -733247.251170
1968.0000     -734068.168117
1972.0000     -733882.427467
1976.0000     -734334.139207
1980.0000     -733273.989021
1984.0000     -733869.467779
1988.0000     -734227.321363
1992.0000     -733568.454086
1996.0000     -734475.462343
2000.0000     -733311.461412
2004.0000     -733672.389040
2008.0000     -733596.899689
2012.0000     -734214.736419
2016.0000     -733578.384747
2020.0000     -733743.171103
2024.0000     -733386.122677
2028.0000     -733783.376006
2032.0000     -733633.704507
2036.0000     -733169.091644
2040.0000     -733404.280785
2044.0000     -733821.379519
2048.0000     -733780.146587
2052.0000     -733465.087666
2056.0000     -734046.940982
2060.0000     -733976.594813
2064.0000     -733633.749852
2068.0000     -733251.873786
2072.0000     -733971.529597
2076.0000     -733352.796860
2080.0000     -733967.870686
2084.0000     -733444.629346
2088.0000     -734850.865215
2092.0000     -734299.653300
2096.0000     -734402.087248
2100.0000     -733490.347689
2104.0000     -732690.830047
2108.0000     -733585.897383
2112.0000     -733401.139484
2116.0000     -733333.459318
2120.0000     -733930.289011
2124.0000     -733590.536314
2128.0000     -733391.381703
2132.0000     -733273.144343
2136.0000     -733874.254198
2140.0000     -732922.161692
2144.0000     -733083.542053
2148.0000     -734129.947831
2152.0000     -733568.005993
2156.0000     -733306.649420
2160.0000     -733705.991844
2164.0000     -733937.070036
2168.0000     -733703.385769
2172.0000     -733304.407047
2176.0000     -733052.085996
2180.0000     -732996.175206
2184.0000     -733987.585014
2188.0000     -733100.286196
2192.0000     -733004.601917
2196.0000     -732763.417963
2200.0000     -733350.766224
2204.0000     -733208.676804
2208.0000     -733604.288641
2212.0000     -733527.624273
2216.0000     -733834.450432
2220.0000     -733223.095933
2224.0000     -733288.443217
2228.0000     -733245.570409
2232.0000     -734106.609979
2236.0000     -733481.407518
2240.0000     -733242.248557
2244.0000     -733604.107263
2248.0000     -734126.792139
2252.0000     -733425.277006
2256.0000     -732710.491445
2260.0000     -733737.563894
2264.0000     -733070.718736
2268.0000     -733505.895353
2272.0000     -734154.453347
2276.0000     -732838.539640
2280.0000     -733222.880498
2284.0000     -733380.474380
2288.0000     -733508.156204
2292.0000     -733382.488081
2296.0000     -733622.602955
2300.0000     -733615.203440
2304.0000     -732982.406849
2308.0000     -733045.401182
2312.0000     -733449.523451
2316.0000     -733645.301237
2320.0000     -733816.791655
2324.0000     -733408.401770
2328.0000     -733568.983937
2332.0000     -733372.744809
2336.0000     -733482.305433
2340.0000     -733178.803782
2344.0000     -733559.717677
2348.0000     -733141.224322
2352.0000     -733210.219045
2356.0000     -733859.464705
2360.0000     -732827.911193
2364.0000     -733292.159381
2368.0000     -733130.539387
2372.0000     -733847.958837
2376.0000     -732852.971963
2380.0000     -732332.683672
2384.0000     -732898.875417
2388.0000     -732723.131815
2392.0000     -732873.803073
2396.0000     -733863.006697
2400.0000     -734098.425058
2404.0000     -732810.762640
2408.0000     -732577.936524
2412.0000     -732981.455568
2416.0000     -734066.714534
2420.0000     -733317.726918
2424.0000     -733753.808458
2428.0000     -732820.187534
2432.0000     -733418.551569
2436.0000     -733626.998692
2440.0000     -733165.444187
2444.0000     -733276.307568
2448.0000     -734061.505184
2452.0000     -733471.090397
2456.0000     -733169.762382
2460.0000     -733045.047118
2464.0000     -734498.572019
2468.0000     -734015.318242
2472.0000     -733545.719995
2476.0000     -732965.016816
2480.0000     -734089.660864
2484.0000     -733671.005826
2488.0000     -733492.745988
2492.0000     -732951.170410
2496.0000     -734267.696461
2500.0000     -732720.530805
2504.0000     -733994.466987
2508.0000     -733655.784266
2512.0000     -733254.716921
2516.0000     -734253.430530
2520.0000     -734086.132150
2524.0000     -733537.363880
2528.0000     -733662.926625
2532.0000     -733567.416103
2536.0000     -733723.403277
2540.0000     -734256.844914
2544.0000     -734567.839045
2548.0000     -734333.793440
2552.0000     -733158.207252
2556.0000     -733602.349883
2560.0000     -733365.842213
2564.0000     -733663.452513
2568.0000     -732940.883245
2572.0000     -733502.967762
2576.0000     -733687.034082
2580.0000     -732991.121344
2584.0000     -733969.652008
2588.0000     -733536.097699
2592.0000     -733275.927947
2596.0000     -734369.898916
2600.0000     -733131.516079
2604.0000     -733924.914870
2608.0000     -733748.431711
2612.0000     -734070.783053
2616.0000     -734604.083739
2620.0000     -733899.070110
2624.0000     -734227.490872
2628.0000     -733526.844613
2632.0000     -733454.905907
2636.0000     -733636.080418
2640.0000     -734457.154667
2644.0000     -733578.266634
2648.0000     -734106.356391
2652.0000     -734090.862632
2656.0000     -733492.001163
2660.0000     -733618.290961
2664.0000     -733688.014840
2668.0000     -732986.625287
2672.0000     -733454.116253
2676.0000     -734188.484788
2680.0000     -733421.990273
2684.0000     -734165.649463
2688.0000     -732857.690292
2692.0000     -733002.076405
2696.0000     -733279.822219
2700.0000     -733094.671485
2704.0000     -732987.047528
2708.0000     -732602.129185
2712.0000     -733686.582734
2716.0000     -733278.446626
2720.0000     -733504.044404
2724.0000     -733091.892541
2728.0000     -733087.959190
2732.0000     -733901.650915
2736.0000     -734116.474217
2740.0000     -733078.374632
2744.0000     -733690.543787
2748.0000     -733628.480154
2752.0000     -733548.224384
2756.0000     -732618.044064
2760.0000     -734009.116461
2764.0000     -733770.451577
2768.0000     -732760.071927
2772.0000     -733819.506087
2776.0000     -733585.162791
2780.0000     -733892.296408
2784.0000     -733931.261372
2788.0000     -733232.582594
2792.0000     -733806.611225
2796.0000     -733877.804666
2800.0000     -732965.548865
2804.0000     -733300.032982
2808.0000     -734117.184730
2812.0000     -733063.689142
2816.0000     -733710.851677
2820.0000     -733469.767524
2824.0000     -733437.429505
2828.0000     -733389.070103
2832.0000     -733261.274906
2836.0000     -732810.794916
2840.0000     -734110.628286
2844.0000     -733741.300141
2848.0000     -733028.682797
2852.0000     -733697.448954
2856.0000     -733641.617281
2860.0000     -733148.383119
2864.0000     -733480.834227
2868.0000     -733474.147729
2872.0000     -733966.878806
2876.0000     -734143.126935
2880.0000     -733164.326483
2884.0000     -733157.898431
2888.0000     -733595.694523
2892.0000     -734260.921066
2896.0000     -733734.166632
2900.0000     -732549.445720
2904.0000     -733882.261603
2908.0000     -734288.159082
2912.0000     -733278.525639
2916.0000     -733262.306268
2920.0000     -733994.826756
2924.0000     -733197.389541
2928.0000     -733520.379970
2932.0000     -733499.779331
2936.0000     -733706.545257
2940.0000     -733633.006538
2944.0000     -733215.423488
2948.0000     -732677.720257
2952.0000     -733613.630681
2956.0000     -732590.317206
2960.0000     -732951.929455
2964.0000     -733943.667645
2968.0000     -733449.534122
2972.0000     -733876.137772
2976.0000     -733531.544095
2980.0000     -733625.611308
2984.0000     -732966.868733
2988.0000     -732995.389196
2992.0000     -732607.312706
2996.0000     -733614.838034
3000.0000     -733044.987515
3004.0000     -733939.898837
3008.0000     -733198.999385
3012.0000     -733379.191598
3016.0000     -733076.373730
3020.0000     -733550.298291
3024.0000     -733309.744440
3028.0000     -733425.028731
3032.0000     -733687.621718
3036.0000     -733329.696766
3040.0000     -734016.702034
3044.0000     -733843.430063
3048.0000     -732244.475771
3052.0000     -733199.261438
3056.0000     -734225.015598
3060.0000     -733478.900974
3064.0000     -733058.165477
3068.0000     -733452.625799
3072.0000     -733441.383813
3076.0000     -733963.204877
3080.0000     -733537.409877
3084.0000     -733684.270667
3088.0000     -733516.769821
3092.0000     -733607.189122
3096.0000     -733631.599602
3100.0000     -733648.268291
3104.0000     -733537.486053
3108.0000     -733502.278119
3112.0000     -733832.953347
3116.0000     -734177.432612
3120.0000     -733433.503825
3124.0000     -734390.198323
3128.0000     -734026.653321
3132.0000     -733511.603043
3136.0000     -733665.531893
3140.0000     -733527.952564
3144.0000     -732492.063464
3148.0000     -734536.567719
3152.0000     -733774.351370
3156.0000     -733578.719966
3160.0000     -733709.774201
3164.0000     -733486.885586
3168.0000     -733030.735472
3172.0000     -733531.956663
3176.0000     -733033.285613
3180.0000     -733526.627945
3184.0000     -734411.190024
3188.0000     -734073.951986
3192.0000     -733365.401258
3196.0000     -734037.342747
3200.0000     -734173.459110
3204.0000     -733268.822192
3208.0000     -733329.117950
3212.0000     -734044.497435
3216.0000     -733836.527480
3220.0000     -733232.172077
3224.0000     -733032.878387
3228.0000     -733801.598059
3232.0000     -733320.458098
3236.0000     -733832.304561
3240.0000     -733015.473129
3244.0000     -733092.777159
3248.0000     -733169.194651
3252.0000     -734121.320555
3256.0000     -733292.806563
3260.0000     -733499.868005
3264.0000     -733487.764627
3268.0000     -733099.921340
3272.0000     -733763.398403
3276.0000     -733967.893122
3280.0000     -733499.966374
3284.0000     -733156.348013
3288.0000     -733481.758738
3292.0000     -733353.510348
3296.0000     -733395.886214
3300.0000     -733314.306924
3304.0000     -733201.273501
3308.0000     -733964.801215
3312.0000     -733479.979120
3316.0000     -734290.675309
3320.0000     -733232.170116
3324.0000     -733258.294174
3328.0000     -733210.570576
3332.0000     -733312.144133
3336.0000     -733601.491445
3340.0000     -733573.582130
3344.0000     -734287.202869
3348.0000     -732635.984808
3352.0000     -733642.152664
3356.0000     -733580.810281
3360.0000     -733983.834999
3364.0000     -733362.727366
3368.0000     -733590.717004
3372.0000     -734048.877230
3376.0000     -734191.055680
3380.0000     -732075.666104
3384.0000     -733292.742647
3388.0000     -732950.240232
3392.0000     -733103.322827
3396.0000     -733512.367783
3400.0000     -733447.396235
3404.0000     -733794.578422
3408.0000     -734234.536461
3412.0000     -733557.575499
3416.0000     -734257.896419
3420.0000     -734120.417888
3424.0000     -734204.193385
3428.0000     -733679.436930
3432.0000     -733409.361349
3436.0000     -733907.342276
3440.0000     -733789.544844
3444.0000     -733980.969193
3448.0000     -734738.254133
3452.0000     -733440.735200
3456.0000     -733929.615160
3460.0000     -734301.800713
3464.0000     -733704.840424
3468.0000     -733814.537050
3472.0000     -733814.988177
3476.0000     -734033.062505
3480.0000     -733713.161527
3484.0000     -733075.098384
3488.0000     -733872.133901
3492.0000     -733350.055749
3496.0000     -733057.002876
3500.0000     -733532.494949
3504.0000     -733307.177586
3508.0000     -733410.109004
3512.0000     -734032.351121
3516.0000     -733076.134155
3520.0000     -733624.609215
3524.0000     -734345.557713
3528.0000     -733845.207819
3532.0000     -733591.553255
3536.0000     -733392.258338
3540.0000     -733399.217705
3544.0000     -733726.030273
3548.0000     -734038.584592
3552.0000     -733611.485435
3556.0000     -733487.955609
3560.0000     -733237.400313
3564.0000     -733569.255097
3568.0000     -733880.996107
3572.0000     -734002.647124
3576.0000     -733735.623880
3580.0000     -733899.519680
3584.0000     -733186.464290
3588.0000     -733762.236116
3592.0000     -733586.661974
3596.0000     -733723.810844
3600.0000     -733979.645709
3604.0000     -734187.714615
3608.0000     -734094.619092
3612.0000     -733380.680051
3616.0000     -733688.457898
3620.0000     -734136.413480
3624.0000     -733547.395956
3628.0000     -734552.583253
3632.0000     -733394.360093
3636.0000     -733835.767774
3640.0000     -733904.590675
3644.0000     -733345.093764
3648.0000     -733580.188630
3652.0000     -734159.342209
3656.0000     -732467.207965
3660.0000     -733471.933566
3664.0000     -733802.825997
3668.0000     -733847.477043
3672.0000     -733231.783237
3676.0000     -733668.325234
3680.0000     -733655.188718
3684.0000     -734474.419990
3688.0000     -734044.715578
3692.0000     -733560.623023
3696.0000     -733864.218700
3700.0000     -733662.234839
3704.0000     -734227.151923
3708.0000     -733444.718484
3712.0000     -732772.993245
3716.0000     -733981.682575
3720.0000     -733649.249720
3724.0000     -733589.284589
3728.0000     -733720.695984
3732.0000     -733695.667571
3736.0000     -732361.689900
3740.0000     -733128.452919
3744.0000     -733958.559318
3748.0000     -733305.588665
3752.0000     -733446.727213
3756.0000     -734092.512419
3760.0000     -734395.857173
3764.0000     -734236.951446
3768.0000     -733502.466530
3772.0000     -733453.018296
3776.0000     -733377.337269
3780.0000     -733010.239052
3784.0000     -733973.887988
3788.0000     -733840.599458
3792.0000     -733568.975258
3796.0000     -733366.000988
3800.0000     -734128.563363
3804.0000     -733478.417199
3808.0000     -733658.869154
3812.0000     -734284.365033
3816.0000     -733973.511139
3820.0000     -732884.809513
3824.0000     -733303.446492
3828.0000     -733494.845686
3832.0000     -733924.596922
3836.0000     -733456.558012
3840.0000     -733473.996676
3844.0000     -734115.873317
3848.0000     -734206.977694
3852.0000     -733859.803624
3856.0000     -733149.600410
3860.0000     -734098.527611
3864.0000     -733521.070410
3868.0000     -733423.064543
3872.0000     -733822.001599
3876.0000     -733577.199073
3880.0000     -733304.882949
3884.0000     -733268.575336
3888.0000     -733796.441038
3892.0000     -733874.799556
3896.0000     -733555.677533
3900.0000     -733120.983798
3904.0000     -733980.933968
3908.0000     -733170.881555
3912.0000     -733444.070427
3916.0000     -733196.307341
3920.0000     -733944.836790
3924.0000     -732822.701699
3928.0000     -733452.720993
3932.0000     -734071.066868
3936.0000     -732974.560151
3940.0000     -733229.261439
3944.0000     -733936.025942
3948.0000     -733295.355952
3952.0000     -734316.138582
3956.0000     -733549.803680
3960.0000     -733182.159792
3964.0000     -733100.001576
3968.0000     -733432.354992
3972.0000     -733802.261455
3976.0000     -733736.975539
3980.0000     -733579.197353
3984.0000     -733235.054434
3988.0000     -732798.317052
3992.0000     -733878.409633
3996.0000     -733820.692719
4000.0000     -733557.002785
4004.0000     -733557.002785
