4.0000     -733246.579037
8.0000     -734000.261126
12.0000     -733204.595723
16.0000     -732991.605729
20.0000     -733436.993051
24.0000     -732370.484729
28.0000     -732404.797673
32.0000     -732213.558780
36.0000     -733128.185299
40.0000     -732984.435575
44.0000     -733436.325391
48.0000     -733354.710192
52.0000     -732788.673440
56.0000     -733128.935757
60.0000     -732403.876325
64.0000     -733055.543937
68.0000     -732512.289003
72.0000     -733184.142718
76.0000     -732890.824829
80.0000     -733298.339181
84.0000     -732624.101694
88.0000     -732859.499050
92.0000     -732733.973928
96.0000     -732906.315804
100.0000     -732039.702303
104.0000     -733038.295699
108.0000     -733410.009515
112.0000     -732999.982437
116.0000     -733255.117797
120.0000     -733395.877152
124.0000     -732907.114621
128.0000     -732818.405593
132.0000     -733661.152393
136.0000     -733504.863458
140.0000     -733006.074628
144.0000     -734161.219173
148.0000     -733262.600736
152.0000     -732933.180118
156.0000     -733131.926370
160.0000     -733673.913076
164.0000     -733322.033421
168.0000     -733610.143512
172.0000     -733279.511074
176.0000     -733780.536579
180.0000     -732723.481422
184.0000     -732508.681974
188.0000     -733019.270413
192.0000     -732702.421548
196.0000     -733408.543630
200.0000     -732850.586581
204.0000     -733168.090785
208.0000     -733189.335144
212.0000     -733096.264866
216.0000     -732249.016189
220.0000     -732604.555107
224.0000     -732704.290316
228.0000     -733313.103053
232.0000     -733359.719193
236.0000     -733454.167634
240.0000     -732786.068965
244.0000     -733929.247833
248.0000     -733262.908560
252.0000     -733557.855579
256.0000     -733552.853164
260.0000     -733720.731833
264.0000     -732950.572224
268.0000     -733198.784141
272.0000     -732474.490499
276.0000     -733436.001762
280.0000     -733840.820763
284.0000     -733958.956723
288.0000     -733442.174488
292.0000     -733168.942380
296.0000     -732903.733193
300.0000     -731905.160296
304.0000     -732804.520846
308.0000     -732388.080103
312.0000     -733632.554349
316.0000     -732800.876206
320.0000     -733190.044083
324.0000     -732870.393965
328.0000     -732502.620085
332.0000     -732800.133232
336.0000     -732986.634477
340.0000     -733055.399623
344.0000     -732456.784156
348.0000     -733726.002602
352.0000     -733069.851765
356.0000     -733457.105198
360.0000     -733344.453948
364.0000     -733656.813310
368.0000     -732292.505984
372.0000     -732480.874609
376.0000     -733122.583325
380.0000     -732793.234332
384.0000     -733119.581872
388.0000     -732302.378054
392.0000     -732734.319921
396.0000     -733044.206915
400.0000     -733252.159162
404.0000     -733500.261338
408.0000     -732527.010479
412.0000     -733368.229436
416.0000     -734437.037433
420.0000     -732953.503659
424.0000     -733833.375713
428.0000     -732799.999029
432.0000     -733000.939246
436.0000     -733526.728577
440.0000     -732521.061793
444.0000     -733293.169080
448.0000     -732704.305630
452.0000     -732690.781204
456.0000     -732503.557642
460.0000     -733360.460594
464.0000     -733830.206904
468.0000     -734083.124582
472.0000     -733527.728321
476.0000     -734007.956733
480.0000     -733577.550285
484.0000     -734202.946981
488.0000     -733656.886893
492.0000     -733484.801995
496.0000     -733111.211460
500.0000     -733391.229114
504.0000     -733639.163444
508.0000     -733133.218450
512.0000     -733384.576815
516.0000     -733272.282637
520.0000     -733515.922301
524.0000     -733490.110496
528.0000     -733278.774509
532.0000     -732655.141570
536.0000     -733027.256788
540.0000     -733651.281323
544.0000     -732471.885294
548.0000     -733809.883562
552.0000     -733537.792699
556.0000     -733676.537213
560.0000     -732414.308538
564.0000     -734382.286280
568.0000     -733391.160791
572.0000     -733462.874288
576.0000     -732890.507944
580.0000     -733369.594336
584.0000     -733591.504188
588.0000     -733609.662190
592.0000     -732591.160277
596.0000     -733366.542230
600.0000     -732974.890051
604.0000     -733701.831807
608.0000     -733268.636199
612.0000     -732815.652453
616.0000     -733159.573413
620.0000     -732859.331123
624.0000     -733065.750535
628.0000     -733449.993037
632.0000     -733389.525148
636.0000     -733804.772023
640.0000     -733483.592462
644.0000     -733398.448085
648.0000     -733841.152052
652.0000     -732849.160844
656.0000     -732622.395633
660.0000     -733704.819210
664.0000     -733371.284008
668.0000     -734044.888222
672.0000     -733699.677996
676.0000     -734245.496410
680.0000     -734624.603207
684.0000     -734530.204337
688.0000     -733798.783357
692.0000     -732907.449999
696.0000     -733036.440356
700.0000     -733815.043443
704.0000     -733114.762081
708.0000     -733406.387137
712.0000     -733775.076830
716.0000     -733621.409423
720.0000     -734150.503811
724.0000     -733193.600628
728.0000     -733817.788858
732.0000     -734441.484871
736.0000     -732689.705542
740.0000     -733533.813553
744.0000     -733471.019366
748.0000     -733439.617744
752.0000     -734037.044378
756.0000     -733621.311084
760.0000     -732821.129619
764.0000     -733164.879839
768.0000     -733024.903176
772.0000     -733292.994394
776.0000     -733171.291693
780.0000     -733668.950228
784.0000     -734338.110897
788.0000     -733864.354083
792.0000     -733787.109304
796.0000     -733638.166531
800.0000     -732715.484960
804.0000     -733249.711784
808.0000     -733580.613500
812.0000     -732895.886757
816.0000     -733835.022887
820.0000     -733256.056870
824.0000     -733282.769834
828.0000     -733981.762132
832.0000     -733683.425781
836.0000     -733774.370400
840.0000     -733586.185919
844.0000     -733571.458827
848.0000     -734151.409142
852.0000     -733862.555368
856.0000     -733027.837256
860.0000     -733604.636984
864.0000     -733706.050346
868.0000     -733673.251247
872.0000     -733799.088816
876.0000     -732481.766059
880.0000     -733391.514956
884.0000     -733782.251966
888.0000     -734168.634223
892.0000     -732740.026818
896.0000     -733464.571068
900.0000     -733622.149137
904.0000     -733486.164784
908.0000     -732826.971187
912.0000     -733262.970864
916.0000     -733503.445402
920.0000     -733277.752965
924.0000     -733671.443852
928.0000     -733877.213143
932.0000     -733513.682027
936.0000     -734274.638106
940.0000     -733796.967318
944.0000     -733657.158795
948.0000     -733538.914326
952.0000     -733702.797316
956.0000     -733470.869984
960.0000     -733215.191728
964.0000     -734603.724153
968.0000     -733653.360889
972.0000     -733112.944124
976.0000     -733211.794270
980.0000     -733498.980051
984.0000     -733909.696577
988.0000     -733679.013894
992.0000     -733241.744829
996.0000     -733591.234270
1000.0000     -733245.127771
1004.0000     -733839.404779
1008.0000     -733822.761651
1012.0000     -733282.420914
1016.0000     -734123.902959
1020.0000     -733608.018452
1024.0000     -733430.700295
1028.0000     -733872.898055
1032.0000     -733670.876435
1036.0000     -734314.427150
1040.0000     -733040.048772
1044.0000     -733434.741707
1048.0000     -733646.366366
1052.0000     -733735.352282
1056.0000     -733626.141489
1060.0000     -734034.034086
1064.0000     -733453.021137
1068.0000     -734086.264035
1072.0000     -733625.148988
1076.0000     -733243.172989
1080.0000     -733359.211224
1084.0000     -732283.795097
1088.0000     -733305.523172
1092.0000     -733055.664108
1096.0000     -734319.260367
1100.0000     -733139.425780
1104.0000     -733737.727825
1108.0000     -733110.058693
1112.0000     -733847.178387
1116.0000     -734058.406512
1120.0000     -733177.583660
1124.0000     -733466.055100
1128.0000     -734299.249605
1132.0000     -734017.072774
1136.0000     -733351.380584
1140.0000     -733174.522185
1144.0000     -733010.229146
1148.0000     -732987.391161
1152.0000     -733824.204621
1156.0000     -734561.783069
1160.0000     -733715.747171
1164.0000     -733719.362916
1168.0000     -734276.590286
1172.0000     -734342.110478
1176.0000     -733571.840615
1180.0000     -732340.993215
1184.0000     -734044.668569
1188.0000     -733617.922827
1192.0000     -733362.687241
1196.0000     -733317.844017
1200.0000     -733657.042887
1204.0000     -734722.302620
1208.0000     -732665.538427
1212.0000     -733553.007441
1216.0000     -733832.278749
1220.0000     -735114.502020
1224.0000     -734326.201976
1228.0000     -734189.029274
1232.0000     -733898.972417
1236.0000     -733397.620409
1240.0000     -733337.737323
1244.0000     -733858.494749
1248.0000     -733108.198704
1252.0000     -733552.308416
1256.0000     -734535.027558
1260.0000     -733374.610624
1264.0000     -733597.373905
1268.0000     -733753.725436
1272.0000     -734835.843006
1276.0000     -733331.110112
1280.0000     -733910.989297
1284.0000     -734320.943010
1288.0000     -734063.106139
1292.0000     -734387.714177
1296.0000     -734322.040419
1300.0000     -734028.255655
1304.0000     -733399.716346
1308.0000     -733762.030673
1312.0000     -733220.667524
1316.0000     -733027.274262
1320.0000     -734061.582151
1324.0000     -733543.945997
1328.0000     -733463.076906
1332.0000     -734322.625767
1336.0000     -733578.256585
1340.0000     -733741.897914
1344.0000     -733798.229089
1348.0000     -733872.247843
1352.0000     -733882.302313
1356.0000     -733403.148861
1360.0000     -733682.701454
1364.0000     -733772.804672
1368.0000     -733825.998067
1372.0000     -733654.324698
1376.0000     -733549.206448
1380.0000     -733688.876430
1384.0000     -733590.423906
1388.0000     -733387.497617
1392.0000     -732631.134958
1396.0000     -733596.205552
1400.0000     -733696.714424
1404.0000     -733125.076115
1408.0000     -733333.587954
1412.0000     -733203.295483
1416.0000     -733863.572290
1420.0000     -733447.551217
1424.0000     -733255.682163
1428.0000     -733737.613081
1432.0000     -733594.827890
1436.0000     -734056.713131
1440.0000     -733539.201494
1444.0000     -733056.269117
1448.0000     -733720.207464
1452.0000     -734079.534065
1456.0000     -732807.220404
1460.0000     -733380.922735
1464.0000     -733000.725225
1468.0000     -733276.469820
1472.0000     -733387.753828
1476.0000     -733804.612179
1480.0000     -733738.028859
1484.0000     -733207.358398
1488.0000     -734026.799937
1492.0000     -733914.531655
1496.0000     -734335.181640
1500.0000     -735044.190961
1504.0000     -733656.162605
1508.0000     -733752.668386
1512.0000     -734172.831310
1516.0000     -734301.347809
1520.0000     -734144.481594
1524.0000     -733487.551064
1528.0000     -733103.395754
1532.0000     -733603.941625
1536.0000     -733890.832733
1540.0000     -733377.027536
1544.0000     -733532.676492
1548.0000     -733622.529419
1552.0000     -733692.697991
1556.0000     -732963.064565
1560.0000     -733666.530500
1564.0000     -733167.171006
1568.0000     -733475.314539
1572.0000     -733179.988755
1576.0000     -733464.261115
1580.0000     -733900.399894
1584.0000     -733377.292313
1588.0000     -733803.819720
1592.0000     -733451.794926
1596.0000     -734254.901866
1600.0000     -733739.314471
1604.0000     -733863.455420
1608.0000     -733863.095198
1612.0000     -734178.055291
1616.0000     -733121.911385
1620.0000     -732386.331976
1624.0000     -733678.778451
1628.0000     -733462.762022
1632.0000     -733078.082023
1636.0000     -733303.466007
1640.0000     -733359.572247
1644.0000     -733458.631648
1648.0000     -733531.047322
1652.0000     -733504.403799
1656.0000     -732935.887043
1660.0000     -733572.714694
1664.0000     -733197.794393
1668.0000     -733540.434667
1672.0000     -733694.044626
1676.0000     -732828.596573
1680.0000     -733667.746134
1684.0000     -733587.231193
1688.0000     -734258.690141
1692.0000     -733534.546242
1696.0000     -733568.256057
1700.0000     -733584.965986
1704.0000     -734122.331245
1708.0000     -733607.272191
1712.0000     -733986.507087
1716.0000     -733916.421791
1720.0000     -733267.759211
1724.0000     -734004.484305
1728.0000     -733860.451320
1732.0000     -734650.878508
1736.0000     -732590.431826
1740.0000     -733119.338777
1744.0000     -733640.410429
1748.0000     -733180.652728
1752.0000     -732966.919525
1756.0000     -733291.555604
1760.0000     -733956.140660
1764.0000     -733193.735145
1768.0000     -733598.418163
1772.0000     -733164.220391
1776.0000     -734161.490869
1780.0000     -733758.686921
1784.0000     -734547.619736
1788.0000     -732664.149695
1792.0000     -733116.044590
1796.0000     -733999.174730
1800.0000     -733051.581431
1804.0000     -733946.375942
1808.0000     -733145.349511
1812.0000     -734061.054088
1816.0000     -733797.652976
1820.0000     -733925.515416
1824.0000     -733632.769910
1828.0000     -733661.603480
1832.0000     -733319.055431
1836.0000     -733661.721640
1840.0000     -733353.163177
1844.0000     -733296.140004
1848.0000     -733770.048713
1852.0000     -734076.059582
1856.0000     -733374.252121
1860.0000     -732970.520376
1864.0000     -733821.752495
1868.0000     -733819.724875
1872.0000     -734099.293046
1876.0000     -734833.491519
1880.0000     -734121.810697
1884.0000     -733832.772404
1888.0000     -733552.523489
1892.0000     -733456.433916
1896.0000     -734069.222946
1900.0000     -733035.716461
1904.0000     -732998.548589
1908.0000     -733870.540157
1912.0000     -734140.515798
1916.0000     -733602.307316
1920.0000     -732724.320479
1924.0000     -733288.812341
1928.0000     -733317.460299
1932.0000     -733526.107268
1936.0000     -733580.725542
1940.0000     -733209.799940
1944.0000     -732982.097780
1948.0000     -732771.689324
1952.0000     -732970.661149
1956.0000     -733893.252288
1960.0000     -733227.897749
1964.0000     -733555.388301
1968.0000     -733058.216687
1972.0000     -733308.147812
1976.0000     -732915.632228
1980.0000     -733979.914233
1984.0000     -733483.749319
1988.0000     -734469.484678
1992.0000     -734047.561420
1996.0000     -734096.476743
2000.0000     -734198.098752
2004.0000     -734093.212125
2008.0000     -733536.875196
2012.0000     -733686.563664
2016.0000     -733553.572624
2020.0000     -734030.805735
2024.0000     -734088.521241
2028.0000     -733709.271472
2032.0000     -734278.158169
2036.0000     -732974.285342
2040.0000     -733567.713837
2044.0000     -733444.827763
2048.0000     -733804.007767
2052.0000     -733113.656745
2056.0000     -733735.478372
2060.0000     -733385.122296
2064.0000     -732847.356077
2068.0000     -733353.369080
2072.0000     -733194.672349
2076.0000     -733932.990481
2080.0000     -732926.752349
2084.0000     -733411.289355
2088.0000     -734644.317126
2092.0000     -733665.170919
2096.0000     -734132.676407
2100.0000     -734612.722366
2104.0000     -733873.021719
2108.0000     -734038.683932
2112.0000     -734108.514014
2116.0000     -734224.852450
2120.0000     -733290.824230
2124.0000     -733418.694607
2128.0000     -734267.370413
2132.0000     -733628.498597
2136.0000     -734593.740440
2140.0000     -733947.112126
2144.0000     -733778.614229
2148.0000     -734142.041593
2152.0000     -733298.024505
2156.0000     -733765.331311
2160.0000     -733050.142136
2164.0000     -733113.917987
2168.0000     -733396.792637
2172.0000     -733508.087334
2176.0000     -733398.374134
2180.0000     -734775.411668
2184.0000     -734142.919531
2188.0000     -734458.414760
2192.0000     -734265.785813
2196.0000     -733375.834563
2200.0000     -733482.514327
2204.0000     -733751.905266
2208.0000     -733087.974960
2212.0000     -733828.807663
2216.0000     -733760.431214
2220.0000     -734800.265727
2224.0000     -733670.586335
2228.0000     -732773.826244
2232.0000     -733283.412327
2236.0000     -733982.156328
2240.0000     -734303.223733
2244.0000     -734479.690507
2248.0000     -733600.172324
2252.0000     -734231.566227
2256.0000     -733858.833848
2260.0000     -734801.699584
2264.0000     -733982.365499
2268.0000     -733790.652053
2272.0000     -733986.277254
2276.0000     -733487.281856
2280.0000     -732954.753961
2284.0000     -733674.666755
2288.0000     -734464.243499
2292.0000     -733524.264687
2296.0000     -733449.515061
2300.0000     -733660.072346
2304.0000     -732757.004925
2308.0000     -733454.538545
2312.0000     -733817.597086
2316.0000     -734012.411873
2320.0000     -733670.609917
2324.0000     -733893.171373
2328.0000     -735080.111690
2332.0000     -734752.897552
2336.0000     -734068.210697
2340.0000     -734309.600894
2344.0000     -733540.593026
2348.0000     -733747.236489
2352.0000     -732973.216809
2356.0000     -733969.630839
2360.0000     -733111.099438
2364.0000     -733724.959529
2368.0000     -733182.386801
2372.0000     -733874.319611
2376.0000     -733485.870347
2380.0000     -733964.463975
2384.0000     -734460.948362
2388.0000     -733256.136082
2392.0000     -733228.306377
2396.0000     -733791.382383
2400.0000     -734117.376870
2404.0000     -733539.719690
2408.0000     -734044.698500
2412.0000     -733863.234479
2416.0000     -734426.849271
2420.0000     -732905.161146
2424.0000     -733296.963128
2428.0000     -733914.637944
2432.0000     -733730.089595
2436.0000     -733625.213059
2440.0000     -733083.845992
2444.0000     -733941.142143
2448.0000     -733600.688907
2452.0000     -733704.133170
2456.0000     -733419.710407
2460.0000     -733064.130685
2464.0000     -733192.826522
2468.0000     -732610.537342
2472.0000     -733257.143825
2476.0000     -733473.219400
2480.0000     -733067.962527
2484.0000     -733973.966306
2488.0000     -733155.644528
2492.0000     -733925.219032
2496.0000     -733592.875978
2500.0000     -733631.596718
2504.0000     -732926.112621
2508.0000     -734573.063077
2512.0000     -733913.742919
2516.0000     -733384.986456
2520.0000     -733938.273782
2524.0000     -733534.505063
2528.0000     -732956.386970
2532.0000     -732962.062730
2536.0000     -734005.027323
2540.0000     -734162.088293
2544.0000     -733380.818884
2548.0000     -733594.851275
2552.0000     -733871.861727
2556.0000     -733097.434298
2560.0000     -733700.668359
2564.0000     -732924.438484
2568.0000     -733973.156750
2572.0000     -734008.449006
2576.0000     -733400.300144
2580.0000     -733137.678373
2584.0000     -733600.157962
2588.0000     -733857.389522
2592.0000     -733870.001644
2596.0000     -733091.045762
2600.0000     -734387.367573
2604.0000     -733617.653090
2608.0000     -733186.491986
2612.0000     -734256.481979
2616.0000     -733822.029358
2620.0000     -734010.587934
2624.0000     -734183.268312
2628.0000     -733215.123609
2632.0000     -733398.418307
2636.0000     -733788.089338
2640.0000     -733497.540978
2644.0000     -733788.060042
2648.0000     -733297.167534
2652.0000     -733714.861154
2656.0000     -733573.015986
2660.0000     -732646.925201
2664.0000     -734166.088076
2668.0000     -733602.164795
2672.0000     -733704.249901
2676.0000     -733148.885107
2680.0000     -733889.329341
2684.0000     -734070.458401
2688.0000     -734059.297298
2692.0000     -734389.560450
2696.0000     -733478.584338
2700.0000     -732929.180232
2704.0000     -733621.317248
2708.0000     -733493.258501
2712.0000     -733441.937475
2716.0000     -733019.927058
2720.0000     -734625.562692
2724.0000     -733394.817281
2728.0000     -733776.261392
2732.0000     -733823.374727
2736.0000     -733639.887718
2740.0000     -733970.709726
2744.0000     -734118.296825
2748.0000     -734102.237764
2752.0000     -733218.912047
2756.0000     -734108.799221
2760.0000     -733756.660239
2764.0000     -733843.102114
2768.0000     -733530.521382
2772.0000     -734245.127815
2776.0000     -733421.550181
2780.0000     -734118.556504
2784.0000     -733266.055813
2788.0000     -733250.652089
2792.0000     -733009.027240
2796.0000     -732197.211979
2800.0000     -733256.857622
2804.0000     -733412.498097
2808.0000     -733730.554963
2812.0000     -732521.121563
2816.0000     -733125.951817
2820.0000     -733804.694953
2824.0000     -732943.622199
2828.0000     -733950.430343
2832.0000     -733926.900458
2836.0000     -733895.940540
2840.0000     -733667.590667
2844.0000     -733824.525253
2848.0000     -733143.912714
2852.0000     -733879.471031
2856.0000     -734232.580996
2860.0000     -733955.780471
2864.0000     -733938.120056
2868.0000     -733678.164975
2872.0000     -734461.208849
2876.0000     -733436.966743
2880.0000     -733853.325436
2884.0000     -733717.352233
2888.0000     -734077.817366
2892.0000     -733450.653884
2896.0000     -733999.060570
2900.0000     -733588.497751
2904.0000     -733561.922864
2908.0000     -734048.319869
2912.0000     -734010.444249
2916.0000     -733531.799297
2920.0000     -733526.694813
2924.0000     -733794.166329
2928.0000     -733780.376650
2932.0000     -733812.412713
2936.0000     -733699.543871
2940.0000     -733817.434902
2944.0000     -733789.312826
2948.0000     -733485.283403
2952.0000     -734191.791732
2956.0000     -734385.034923
2960.0000     -733988.420793
2964.0000     -734187.740537
2968.0000     -734008.278849
2972.0000     -733922.470430
2976.0000     -734065.276127
2980.0000     -734155.416385
2984.0000     -733781.144428
2988.0000     -734261.597905
2992.0000     -733283.575279
2996.0000     -734055.426969
3000.0000     -733512.009925
3004.0000     -733380.594528
3008.0000     -733730.994211
3012.0000     -734316.260675
3016.0000     -733535.842205
3020.0000     -733986.531351
3024.0000     -733575.890079
3028.0000     -733845.477161
3032.0000     -733509.988666
3036.0000     -734324.253032
3040.0000     -734021.162188
3044.0000     -733968.290128
3048.0000     -732946.523174
3052.0000     -733509.912327
3056.0000     -733205.572718
3060.0000     -734038.789929
3064.0000     -734199.827491
3068.0000     -734067.487525
3072.0000     -733678.032021
3076.0000     -733793.144820
3080.0000     -733889.105008
3084.0000     -733256.453828
3088.0000     -733743.005689
3092.0000     -733449.283788
3096.0000     -733644.804873
3100.0000     -733744.997523
3104.0000     -733734.218588
3108.0000     -733162.094098
3112.0000     -734376.148505
3116.0000     -734062.276885
3120.0000     -734228.356412
3124.0000     -734349.335851
3128.0000     -734153.822775
3132.0000     -733984.810338
3136.0000     -733961.676280
3140.0000     -733985.434522
3144.0000     -734069.629948
3148.0000     -733110.729786
3152.0000     -734384.187587
3156.0000     -732956.015196
3160.0000     -735084.172916
3164.0000     -733845.429572
3168.0000     -732938.656558
3172.0000     -733158.721878
3176.0000     -733742.719168
3180.0000     -734175.380467
3184.0000     -734459.398111
3188.0000     -734052.831252
3192.0000     -733524.669304
3196.0000     -733156.228629
3200.0000     -732865.244938
3204.0000     -734468.494118
3208.0000     -733903.955614
3212.0000     -733482.146364
3216.0000     -734186.352090
3220.0000     -733494.670195
3224.0000     -734050.718574
3228.0000     -733587.896657
3232.0000     -733179.182902
3236.0000     -732715.795717
3240.0000     -733962.029217
3244.0000     -733626.865967
3248.0000     -733924.385613
3252.0000     -733809.812828
3256.0000     -733756.423772
3260.0000     -733654.339442
3264.0000     -733354.570226
3268.0000     -734494.718804
3272.0000     -734117.104100
3276.0000     -734318.290688
3280.0000     -734263.419948
3284.0000     -733995.781345
3288.0000     -734529.231164
3292.0000     -734275.859302
3296.0000     -733243.364325
3300.0000     -733941.771251
3304.0000     -733911.282221
3308.0000     -734424.026301
3312.0000     -733674.660155
3316.0000     -733151.342443
3320.0000     -734401.056273
3324.0000     -734531.354076
3328.0000     -734619.277394
3332.0000     -733859.871291
3336.0000     -733904.075972
3340.0000     -734103.206329
3344.0000     -733960.730754
3348.0000     -734235.553626
3352.0000     -734069.568394
3356.0000     -733890.702996
3360.0000     -733761.519083
3364.0000     -733826.986446
3368.0000     -733746.521298
3372.0000     -733061.360562
3376.0000     -733836.293904
3380.0000     -733805.280542
3384.0000     -734509.340444
3388.0000     -734298.867727
3392.0000     -733993.563568
3396.0000     -733806.446873
3400.0000     -734290.651268
3404.0000     -733975.365275
3408.0000     -733521.323301
3412.0000     -733511.548748
3416.0000     -733632.801483
3420.0000     -733864.693676
3424.0000     -733982.701196
3428.0000     -733732.723097
3432.0000     -734250.897377
3436.0000     -734378.923717
3440.0000     -734928.645442
3444.0000     -733919.958395
3448.0000     -733955.275090
3452.0000     -734045.711314
3456.0000     -733875.351823
3460.0000     -734675.949454
3464.0000     -734663.462307
3468.0000     -734281.117779
3472.0000     -734407.409983
3476.0000     -734277.292442
3480.0000     -734046.568414
3484.0000     -733786.314802
3488.0000     -734047.837721
3492.0000     -734352.497957
3496.0000     -734288.688201
3500.0000     -734432.638392
3504.0000     -734750.853810
3508.0000     -733294.898133
3512.0000     -733927.795927
3516.0000     -733767.131732
3520.0000     -734224.900857
3524.0000     -733629.717794
3528.0000     -734123.051053
3532.0000     -733133.685030
3536.0000     -734040.683569
3540.0000     -733151.473131
3544.0000     -734604.203115
3548.0000     -732671.285607
3552.0000     -733215.160478
3556.0000     -733183.520289
3560.0000     -733945.698054
3564.0000     -734007.523171
3568.0000     -733789.925618
3572.0000     -733872.430081
3576.0000     -733947.086267
3580.0000     -734487.651569
3584.0000     -734594.121206
3588.0000     -734340.954506
3592.0000     -734540.446694
3596.0000     -733964.526661
3600.0000     -733796.912426
3604.0000     -734183.069998
3608.0000     -733572.414698
3612.0000     -733011.489532
3616.0000     -733987.430017
3620.0000     -734261.733809
3624.0000     -733806.202805
3628.0000     -733959.263815
3632.0000     -733142.678153
3636.0000     -733841.928088
3640.0000     -734350.233685
3644.0000     -734050.392600
3648.0000     -733870.321734
3652.0000     -733545.270957
3656.0000     -734156.443510
3660.0000     -733697.899448
3664.0000     -734226.784140
3668.0000     -733946.606296
3672.0000     -733551.853235
3676.0000     -734438.771089
3680.0000     -733699.657474
3684.0000     -734409.023379
3688.0000     -734081.736228
3692.0000     -732938.820895
3696.0000     -733201.384620
3700.0000     -734233.239228
3704.0000     -734060.897505
3708.0000     -734093.960732
3712.0000     -733100.710146
3716.0000     -733619.663870
3720.0000     -734457.790602
3724.0000     -734801.269342
3728.0000     -733954.195195
3732.0000     -733892.443924
3736.0000     -734338.055300
3740.0000     -733663.255269
3744.0000     -733462.033233
3748.0000     -733561.217505
3752.0000     -734112.851745
3756.0000     -733262.819350
3760.0000     -734009.519462
3764.0000     -733405.056070
3768.0000     -734015.178498
3772.0000     -733681.380329
3776.0000     -733810.273236
3780.0000     -733675.436962
3784.0000     -733781.110687
3788.0000     -733606.184885
3792.0000     -733053.844749
3796.0000     -733806.796779
3800.0000     -733245.569858
3804.0000     -733496.873247
3808.0000     -734544.034759
3812.0000     -733566.727470
3816.0000     -733021.188426
3820.0000     -733769.878436
3824.0000     -733270.823494
3828.0000     -732825.796585
3832.0000     -733683.601945
3836.0000     -733794.806683
3840.0000     -733634.887930
3844.0000     -733334.082930
3848.0000     -733251.683120
3852.0000     -733545.914012
3856.0000     -733846.735847
3860.0000     -733635.173184
3864.0000     -733567.921469
3868.0000     -732854.346728
3872.0000     -734045.893622
3876.0000     -734546.916745
3880.0000     -734075.245611
3884.0000     -733523.353993
3888.0000     -734169.652495
3892.0000     -733816.614034
3896.0000     -733591.580158
3900.0000     -734019.147957
3904.0000     -733613.840494
3908.0000     -733925.807127
3912.0000     -732999.631481
3916.0000     -733394.548384
3920.0000     -733439.832185
3924.0000     -733770.615543
3928.0000     -733997.732621
3932.0000     -733622.846258
3936.0000     -732872.912853
3940.0000     -734071.164661
3944.0000     -734480.389200
3948.0000     -734265.674280
3952.0000     -733831.123128
3956.0000     -733965.188247
3960.0000     -734573.618386
3964.0000     -734047.864138
3968.0000     -734129.132058
3972.0000     -733893.043174
3976.0000     -733412.263045
3980.0000     -733203.481568
3984.0000     -733678.729277
3988.0000     -733785.720498
3992.0000     -733724.300165
3996.0000     -734155.207797
4000.0000     -734598.149128
4004.0000     -734598.149128
