4.0000      -30754.531658
8.0000      -30938.370546
12.0000      -30881.970380
16.0000      -30924.389927
20.0000      -30854.295128
24.0000      -30922.427519
28.0000      -30787.858325
32.0000      -30794.378604
36.0000      -30759.132303
40.0000      -30954.186268
44.0000      -30774.787848
48.0000      -30767.540191
52.0000      -30844.781921
56.0000      -30913.744771
60.0000      -30913.982768
64.0000      -30908.507719
68.0000      -30869.791667
72.0000      -30833.899483
76.0000      -30880.835794
80.0000      -30975.237263
84.0000      -30850.686927
88.0000      -30814.930344
92.0000      -30902.971826
96.0000      -30772.315766
100.0000      -30790.049317
104.0000      -30827.379074
108.0000      -30850.531490
112.0000      -30836.257853
116.0000      -31019.764730
120.0000      -30881.759835
124.0000      -30995.727047
128.0000      -30899.240814
132.0000      -30743.419844
136.0000      -30901.638452
140.0000      -30852.214910
144.0000      -30997.602582
148.0000      -30965.831373
152.0000      -31074.483842
156.0000      -30782.460980
160.0000      -30981.478334
164.0000      -30899.474559
168.0000      -30901.865168
172.0000      -30997.473406
176.0000      -30751.503260
180.0000      -30918.652790
184.0000      -30839.337759
188.0000      -30865.465353
192.0000      -30846.078970
196.0000      -30929.388587
200.0000      -30828.450082
204.0000      -30961.300868
208.0000      -30894.956380
212.0000      -30919.834510
216.0000      -31016.158375
220.0000      -30784.986259
224.0000      -30860.781536
228.0000      -30881.031710
232.0000      -31061.719816
236.0000      -30898.778521
240.0000      -31003.899503
244.0000      -30768.025476
248.0000      -30858.487228
252.0000      -30944.195225
256.0000      -30891.188336
260.0000      -30959.954204
264.0000      -30776.443552
268.0000      -31020.526486
272.0000      -30917.968051
276.0000      -31055.595937
280.0000      -31061.219447
284.0000      -30949.543544
288.0000      -30881.057481
292.0000      -30828.330768
296.0000      -31016.259350
300.0000      -31010.770904
304.0000      -30778.124875
308.0000      -30821.163387
312.0000      -31004.230306
316.0000      -30749.495801
320.0000      -30970.170822
324.0000      -30968.720069
328.0000      -31081.371118
332.0000      -31029.300957
336.0000      -30880.076324
340.0000      -30936.134007
344.0000      -30929.385885
348.0000      -30784.588293
352.0000      -30826.296146
356.0000      -30917.295708
360.0000      -30709.646785
364.0000      -30906.252999
368.0000      -31135.260781
372.0000      -30897.197250
376.0000      -31106.309328
380.0000      -30831.720630
384.0000      -30917.331351
388.0000      -30857.609709
392.0000      -30814.821281
396.0000      -30863.143374
400.0000      -30892.937117
404.0000      -30968.634874
408.0000      -30903.502534
412.0000      -30833.888577
416.0000      -30922.147634
420.0000      -30849.563352
424.0000      -30803.629921
428.0000      -30947.806731
432.0000      -30818.703234
436.0000      -30940.425107
440.0000      -30981.517084
444.0000      -30837.318668
448.0000      -30998.948950
452.0000      -31078.725410
456.0000      -30975.458066
460.0000      -30871.577506
464.0000      -30717.129894
468.0000      -30796.079318
472.0000      -30843.183238
476.0000      -30837.463269
480.0000      -30758.317025
484.0000      -30577.221144
488.0000      -30884.318716
492.0000      -30730.166675
496.0000      -31015.263253
500.0000      -30867.323998
504.0000      -30775.542545
508.0000      -30849.268966
512.0000      -30920.572009
516.0000      -30836.231091
520.0000      -31020.662636
524.0000      -30963.384498
528.0000      -30752.482538
532.0000      -30935.384868
536.0000      -30993.148142
540.0000      -30823.392785
544.0000      -31028.858898
548.0000      -30981.545767
552.0000      -30857.203496
556.0000      -30973.631364
560.0000      -31000.960789
564.0000      -30960.937026
568.0000      -30891.426452
572.0000      -31015.264825
576.0000      -30930.952517
580.0000      -30917.254805
584.0000      -30792.012954
588.0000      -30963.012812
592.0000      -30788.722301
596.0000      -30904.177554
600.0000      -30937.047862
604.0000      -30949.368264
608.0000      -30967.724363
612.0000      -30829.742393
616.0000      -30986.153875
620.0000      -30840.500747
624.0000      -30822.927729
628.0000      -30901.953326
632.0000      -30910.279725
636.0000      -30984.805562
640.0000      -30757.330149
644.0000      -31051.487196
648.0000      -30890.239636
652.0000      -30857.472837
656.0000      -30820.997533
660.0000      -30756.340317
664.0000      -30878.341814
668.0000      -30716.803115
672.0000      -30873.546363
676.0000      -30627.641221
680.0000      -30805.729871
684.0000      -30845.516999
688.0000      -30851.492343
692.0000      -30928.800121
696.0000      -30823.580802
700.0000      -30892.521580
704.0000      -30889.350611
708.0000      -31007.003587
712.0000      -30967.457895
716.0000      -30966.259781
720.0000      -31053.812653
724.0000      -31051.981385
728.0000      -30914.972717
732.0000      -30962.272338
736.0000      -30859.334875
740.0000      -30888.877765
744.0000      -30983.810417
748.0000      -30931.256835
752.0000      -30876.696353
756.0000      -31017.086295
760.0000      -30855.030566
764.0000      -30871.377561
768.0000      -30814.098668
772.0000      -30869.365247
776.0000      -30815.670928
780.0000      -30938.854351
784.0000      -30742.684722
788.0000      -31043.533018
792.0000      -30872.448547
796.0000      -30849.331622
800.0000      -31127.334957
804.0000      -30912.406341
808.0000      -31053.534189
812.0000      -30858.203678
816.0000      -30855.997668
820.0000      -30829.718211
824.0000      -31048.255452
828.0000      -31020.702381
832.0000      -30908.016668
836.0000      -30939.189001
840.0000      -30944.180018
844.0000      -30884.179850
848.0000      -30843.440234
852.0000      -30948.200240
856.0000      -30925.876197
860.0000      -30792.717581
864.0000      -30776.001564
868.0000      -30823.030342
872.0000      -30923.393260
876.0000      -30836.124854
880.0000      -30921.232447
884.0000      -30966.895130
888.0000      -30955.070713
892.0000      -30948.326684
896.0000      -30796.298531
900.0000      -30767.409512
904.0000      -30635.398824
908.0000      -30714.634057
912.0000      -30955.545155
916.0000      -30807.304457
920.0000      -30915.521617
924.0000      -30971.123523
928.0000      -30785.697460
932.0000      -30919.376950
936.0000      -30911.164257
940.0000      -30900.688486
944.0000      -30954.669231
948.0000      -30918.367575
952.0000      -30971.897891
956.0000      -30912.124334
960.0000      -30855.167969
964.0000      -30675.457713
968.0000      -30935.235080
972.0000      -30723.369749
976.0000      -31042.695360
980.0000      -30934.633064
984.0000      -31042.764543
988.0000      -30882.356888
992.0000      -30984.867690
996.0000      -30904.739258
1000.0000      -31005.527667
1004.0000      -30849.529205
1008.0000      -30939.238452
1012.0000      -30936.267162
1016.0000      -30860.607790
1020.0000      -30932.048420
1024.0000      -30868.784323
1028.0000      -30949.338017
1032.0000      -30858.633602
1036.0000      -30908.485390
1040.0000      -30840.028574
1044.0000      -30888.776825
1048.0000      -31104.114458
1052.0000      -30919.746848
1056.0000      -30850.179997
1060.0000      -30780.892722
1064.0000      -30880.496421
1068.0000      -30854.446758
1072.0000      -31026.589496
1076.0000      -31089.214770
1080.0000      -30811.129546
1084.0000      -30888.790863
1088.0000      -30889.824136
1092.0000      -30841.065467
1096.0000      -30926.185269
1100.0000      -31009.600399
1104.0000      -31036.572415
1108.0000      -30919.552990
1112.0000      -30881.258174
1116.0000      -30757.921581
1120.0000      -30839.737824
1124.0000      -30916.357612
1128.0000      -30798.401963
1132.0000      -30865.059769
1136.0000      -30999.911980
1140.0000      -31057.543268
1144.0000      -30885.561036
1148.0000      -30953.558088
1152.0000      -30963.449901
1156.0000      -30925.916607
1160.0000      -30819.598017
1164.0000      -30884.672366
1168.0000      -30953.395108
1172.0000      -30959.635027
1176.0000      -30844.713959
1180.0000      -30867.659702
1184.0000      -30843.708180
1188.0000      -30862.767453
1192.0000      -31039.246837
1196.0000      -30885.983385
1200.0000      -30807.998489
1204.0000      -30855.890665
1208.0000      -30754.248912
1212.0000      -30951.834257
1216.0000      -30930.508467
1220.0000      -30874.047306
1224.0000      -30941.737985
1228.0000      -30921.527110
1232.0000      -30695.556833
1236.0000      -30808.390301
1240.0000      -30917.513643
1244.0000      -31027.539737
1248.0000      -30894.178271
1252.0000      -30917.692295
1256.0000      -31008.047356
1260.0000      -30779.970313
1264.0000      -30855.141698
1268.0000      -30894.951173
1272.0000      -30861.565878
1276.0000      -30802.550982
1280.0000      -30881.684058
1284.0000      -30784.495682
1288.0000      -30732.892468
1292.0000      -30839.597926
1296.0000      -30962.984557
1300.0000      -31003.980378
1304.0000      -30819.549704
1308.0000      -31070.706694
1312.0000      -30962.783622
1316.0000      -30924.937101
1320.0000      -31065.445939
1324.0000      -30966.272193
1328.0000      -30868.454123
1332.0000      -30961.037770
1336.0000      -30825.244824
1340.0000      -30942.261943
1344.0000      -30908.787503
1348.0000      -30818.864883
1352.0000      -30843.594448
1356.0000      -30893.529801
1360.0000      -30872.159698
1364.0000      -30953.611934
1368.0000      -30689.552099
1372.0000      -31077.311043
1376.0000      -30890.778169
1380.0000      -30828.956312
1384.0000      -30820.438039
1388.0000      -31032.835409
1392.0000      -30901.489344
1396.0000      -31206.146778
1400.0000      -30958.081193
1404.0000      -30901.005106
1408.0000      -30917.830117
1412.0000      -30866.445137
1416.0000      -30842.282447
1420.0000      -30816.205109
1424.0000      -30850.542444
1428.0000      -30924.609960
1432.0000      -30964.926172
1436.0000      -30918.524600
1440.0000      -31015.853185
1444.0000      -31020.707866
1448.0000      -30826.754998
1452.0000      -31050.799095
1456.0000      -30932.589436
1460.0000      -30790.932067
1464.0000      -31005.051790
1468.0000      -30934.175239
1472.0000      -30932.273066
1476.0000      -30662.601392
1480.0000      -30982.322445
1484.0000      -30785.426404
1488.0000      -30774.485526
1492.0000      -30875.011387
1496.0000      -30753.225473
1500.0000      -30851.535696
1504.0000      -30908.822847
1508.0000      -30929.503410
1512.0000      -30784.419454
1516.0000      -30749.367492
1520.0000      -31002.499405
1524.0000      -30930.762277
1528.0000      -31108.757545
1532.0000      -30860.642186
1536.0000      -31074.374078
1540.0000      -30907.201110
1544.0000      -30871.076521
1548.0000      -30606.971194
1552.0000      -30808.103512
1556.0000      -30911.789841
1560.0000      -30742.421779
1564.0000      -30784.390936
1568.0000      -30839.843064
1572.0000      -31008.575589
1576.0000      -30916.077103
1580.0000      -30696.844913
1584.0000      -30856.663248
1588.0000      -30820.335363
1592.0000      -30905.796764
1596.0000      -30924.551585
1600.0000      -30853.757392
1604.0000      -30941.088654
1608.0000      -30881.935228
1612.0000      -30981.896232
1616.0000      -30975.378362
1620.0000      -30910.725295
1624.0000      -30959.472190
1628.0000      -30803.054985
1632.0000      -30710.357020
1636.0000      -30921.501651
1640.0000      -30817.853671
1644.0000      -30838.426661
1648.0000      -30961.216418
1652.0000      -30836.158497
1656.0000      -30889.900287
1660.0000      -30947.002224
1664.0000      -30814.356110
1668.0000      -31002.047859
1672.0000      -30843.124413
1676.0000      -30932.233208
1680.0000      -30960.462052
1684.0000      -30874.308039
1688.0000      -30968.354647
1692.0000      -30950.305137
1696.0000      -31043.164734
1700.0000      -31010.316559
1704.0000      -30867.567452
1708.0000      -31072.810517
1712.0000      -30981.803869
1716.0000      -30811.896373
1720.0000      -30947.774888
1724.0000      -31042.896419
1728.0000      -30930.052931
1732.0000      -30823.728559
1736.0000      -30851.834043
1740.0000      -30853.386430
1744.0000      -31065.073922
1748.0000      -31006.267668
1752.0000      -30936.147297
1756.0000      -31002.576222
1760.0000      -30797.999471
1764.0000      -30823.137838
1768.0000      -31098.113352
1772.0000      -30832.079511
1776.0000      -30871.752114
1780.0000      -30965.987383
1784.0000      -30990.702033
1788.0000      -30801.535525
1792.0000      -30740.617409
1796.0000      -30821.253689
1800.0000      -30867.669750
1804.0000      -30902.133612
1808.0000      -30944.150494
1812.0000      -30756.144542
1816.0000      -30999.456123
1820.0000      -30905.966902
1824.0000      -30738.965375
1828.0000      -30863.054520
1832.0000      -30747.257822
1836.0000      -30983.048915
1840.0000      -30830.886968
1844.0000      -30983.463069
1848.0000      -30843.337541
1852.0000      -30975.145959
1856.0000      -30857.913397
1860.0000      -30992.568401
1864.0000      -30942.471157
1868.0000      -30966.319350
1872.0000      -30910.237646
1876.0000      -31128.788431
1880.0000      -30741.963335
1884.0000      -30856.789207
1888.0000      -30955.433461
1892.0000      -30989.087297
1896.0000      -30746.541648
1900.0000      -30986.712389
1904.0000      -31009.047698
1908.0000      -30939.348383
1912.0000      -31004.175158
1916.0000      -30913.780200
1920.0000      -30788.981216
1924.0000      -30852.040758
1928.0000      -30827.391416
1932.0000      -30998.418360
1936.0000      -30809.672555
1940.0000      -30892.057419
1944.0000      -30926.595639
1948.0000      -30836.906204
1952.0000      -30960.484084
1956.0000      -30880.569288
1960.0000      -30807.187223
1964.0000      -30858.790232
1968.0000      -30822.799179
1972.0000      -30764.204256
1976.0000      -30960.972535
1980.0000      -30815.357980
1984.0000      -31033.185749
1988.0000      -30992.479559
1992.0000      -31058.022753
1996.0000      -30952.740227
2000.0000      -30964.176843
2004.0000      -30946.998381
2008.0000      -30910.337865
2012.0000      -30946.597273
2016.0000      -30907.381371
2020.0000      -30785.770478
2024.0000      -30725.371369
2028.0000      -31059.402127
2032.0000      -31110.028431
2036.0000      -30938.372623
2040.0000      -30919.085205
2044.0000      -30967.772848
2048.0000      -31024.902051
2052.0000      -30915.268959
2056.0000      -30944.046927
2060.0000      -30938.993856
2064.0000      -30803.169118
2068.0000      -30815.580857
2072.0000      -30894.119147
2076.0000      -30804.902914
2080.0000      -30860.169504
2084.0000      -31021.391756
2088.0000      -30891.554763
2092.0000      -30899.423566
2096.0000      -30852.109362
2100.0000      -30885.667438
2104.0000      -30983.494667
2108.0000      -30861.568337
2112.0000      -31018.666443
2116.0000      -31041.308369
2120.0000      -31086.815628
2124.0000      -30868.408076
2128.0000      -30799.214004
2132.0000      -31023.464781
2136.0000      -30967.718218
2140.0000      -30961.415807
2144.0000      -30755.592096
2148.0000      -30865.675431
2152.0000      -30922.653813
2156.0000      -30908.614000
2160.0000      -30690.889502
2164.0000      -30815.030116
2168.0000      -30824.712979
2172.0000      -30976.092034
2176.0000      -30953.145086
2180.0000      -30953.987398
2184.0000      -31027.008233
2188.0000      -31017.459803
2192.0000      -30998.109545
2196.0000      -30779.630450
2200.0000      -30998.480035
2204.0000      -30995.862893
2208.0000      -30926.200800
2212.0000      -30915.498149
2216.0000      -30777.192870
2220.0000      -30908.727137
2224.0000      -30883.834531
2228.0000      -30846.448785
2232.0000      -30932.142284
2236.0000      -30957.692191
2240.0000      -31058.138695
2244.0000      -30798.825826
2248.0000      -30928.301520
2252.0000      -30818.135969
2256.0000      -30928.064138
2260.0000      -30947.480785
2264.0000      -30999.017750
2268.0000      -30791.887666
2272.0000      -30895.707170
2276.0000      -30741.683896
2280.0000      -30876.385451
2284.0000      -30901.251279
2288.0000      -30886.718564
2292.0000      -31096.561099
2296.0000      -30961.933037
2300.0000      -31000.605807
2304.0000      -30960.428505
2308.0000      -30869.009302
2312.0000      -30937.932677
2316.0000      -30962.823461
2320.0000      -31033.837898
2324.0000      -30882.836364
2328.0000      -30908.090444
2332.0000      -30803.868618
2336.0000      -30760.080970
2340.0000      -30989.743528
2344.0000      -31028.018898
2348.0000      -30821.900170
2352.0000      -30778.091893
2356.0000      -30986.043833
2360.0000      -30971.403251
2364.0000      -30881.296515
2368.0000      -30830.906872
2372.0000      -30880.818178
2376.0000      -30886.482142
2380.0000      -30807.480769
2384.0000      -30857.583679
2388.0000      -30954.758841
2392.0000      -30789.443883
2396.0000      -30800.356339
2400.0000      -30945.059298
2404.0000      -30930.474772
2408.0000      -30785.526994
2412.0000      -30834.885087
2416.0000      -30985.704288
2420.0000      -31136.176283
2424.0000      -30756.454497
2428.0000      -30978.728237
2432.0000      -30873.462234
2436.0000      -31012.901216
2440.0000      -30950.520140
2444.0000      -30951.612991
2448.0000      -31002.858060
2452.0000      -31063.528064
2456.0000      -30918.464437
2460.0000      -30921.550714
2464.0000      -31110.647920
2468.0000      -31050.478158
2472.0000      -30876.421561
2476.0000      -30818.133146
2480.0000      -30880.863380
2484.0000      -30922.283143
2488.0000      -31020.935113
2492.0000      -30869.931533
2496.0000      -30815.335885
2500.0000      -31051.789146
2504.0000      -30933.793035
2508.0000      -31026.482455
2512.0000      -30864.184683
2516.0000      -30895.135921
2520.0000      -30819.440603
2524.0000      -30901.335832
2528.0000      -30963.213369
2532.0000      -31023.413315
2536.0000      -30879.606550
2540.0000      -30729.505629
2544.0000      -31026.786546
2548.0000      -31001.345710
2552.0000      -30988.283608
2556.0000      -30891.624065
2560.0000      -30940.455230
2564.0000      -30864.202736
2568.0000      -30988.865858
2572.0000      -30855.871787
2576.0000      -30953.248245
2580.0000      -30944.063069
2584.0000      -30915.030809
2588.0000      -30748.135371
2592.0000      -30855.683434
2596.0000      -30990.508703
2600.0000      -30722.982158
2604.0000      -31005.507114
2608.0000      -30895.592125
2612.0000      -30864.740707
2616.0000      -30883.493326
2620.0000      -30959.907836
2624.0000      -30863.708271
2628.0000      -30787.544525
2632.0000      -30902.797364
2636.0000      -30912.536357
2640.0000      -30877.989120
2644.0000      -30800.445163
2648.0000      -30878.389458
2652.0000      -30951.915613
2656.0000      -30902.357775
2660.0000      -30823.279161
2664.0000      -30912.412610
2668.0000      -30947.181205
2672.0000      -31005.834211
2676.0000      -30824.595575
2680.0000      -30795.071390
2684.0000      -30862.065700
2688.0000      -30908.845538
2692.0000      -30893.855497
2696.0000      -30988.930703
2700.0000      -30875.433897
2704.0000      -30943.498528
2708.0000      -30796.354279
2712.0000      -30997.284987
2716.0000      -30885.826154
2720.0000      -30885.166332
2724.0000      -31046.520225
2728.0000      -30848.159080
2732.0000      -30877.391303
2736.0000      -30881.503539
2740.0000      -30995.645545
2744.0000      -30803.083960
2748.0000      -30877.979317
2752.0000      -30922.835220
2756.0000      -30849.857931
2760.0000      -30821.386186
2764.0000      -30901.357857
2768.0000      -31012.471943
2772.0000      -31092.726278
2776.0000      -30872.164951
2780.0000      -30868.676385
2784.0000      -30882.980897
2788.0000      -30900.896147
2792.0000      -30758.688444
2796.0000      -31060.520653
2800.0000      -30889.386843
2804.0000      -30944.062813
2808.0000      -31001.125972
2812.0000      -30845.563252
2816.0000      -30954.046160
2820.0000      -30812.500160
2824.0000      -30978.627468
2828.0000      -31030.184115
2832.0000      -30939.848739
2836.0000      -30842.021497
2840.0000      -31053.515983
2844.0000      -30851.777056
2848.0000      -30796.051413
2852.0000      -30949.531458
2856.0000      -30910.606357
2860.0000      -31112.411365
2864.0000      -30887.772770
2868.0000      -31024.143762
2872.0000      -30944.493367
2876.0000      -30930.944865
2880.0000      -30795.611187
2884.0000      -31020.805762
2888.0000      -30793.490557
2892.0000      -30947.547508
2896.0000      -30844.953436
2900.0000      -30959.834632
2904.0000      -30929.023922
2908.0000      -30809.549106
2912.0000      -31035.688719
2916.0000      -30777.416360
2920.0000      -30922.738115
2924.0000      -30958.663056
2928.0000      -30830.364763
2932.0000      -30851.548859
2936.0000      -30824.490774
2940.0000      -30949.781297
2944.0000      -30986.578511
2948.0000      -30888.100645
2952.0000      -30827.686625
2956.0000      -30907.082161
2960.0000      -30965.141290
2964.0000      -30950.299203
2968.0000      -30924.428029
2972.0000      -30843.718539
2976.0000      -30806.387673
2980.0000      -31052.863274
2984.0000      -30764.359810
2988.0000      -30955.166257
2992.0000      -30873.897530
2996.0000      -31055.389045
3000.0000      -30883.769393
3004.0000      -30860.839059
3008.0000      -30833.677054
3012.0000      -30807.113431
3016.0000      -30947.172014
3020.0000      -30854.094215
3024.0000      -30740.849506
3028.0000      -30994.689247
3032.0000      -30804.956168
3036.0000      -30896.918314
3040.0000      -30806.486598
3044.0000      -30750.831377
3048.0000      -30731.241845
3052.0000      -30932.436587
3056.0000      -30906.926674
3060.0000      -30902.675116
3064.0000      -30983.236971
3068.0000      -30676.848476
3072.0000      -31036.591960
3076.0000      -30983.283756
3080.0000      -30897.536978
3084.0000      -30905.496289
3088.0000      -30856.092778
3092.0000      -30892.587342
3096.0000      -30970.931794
3100.0000      -30805.614350
3104.0000      -30988.209897
3108.0000      -30977.454772
3112.0000      -30974.426710
3116.0000      -30847.708942
3120.0000      -30924.736687
3124.0000      -30799.405671
3128.0000      -30848.814128
3132.0000      -30967.702166
3136.0000      -30882.705880
3140.0000      -30881.452376
3144.0000      -30862.987512
3148.0000      -30893.771177
3152.0000      -30773.980086
3156.0000      -30935.003238
3160.0000      -30958.476808
3164.0000      -30957.549939
3168.0000      -31031.171866
3172.0000      -31044.076445
3176.0000      -30870.185362
3180.0000      -30861.308876
3184.0000      -30909.067600
3188.0000      -31020.481563
3192.0000      -30890.427890
3196.0000      -30785.840184
3200.0000      -30899.821292
3204.0000      -30902.843736
3208.0000      -31012.910941
3212.0000      -30994.366285
3216.0000      -30918.707525
3220.0000      -30947.935483
3224.0000      -31008.463493
3228.0000      -30876.366869
3232.0000      -30764.000715
3236.0000      -30912.965275
3240.0000      -30955.349924
3244.0000      -30921.101035
3248.0000      -30896.282624
3252.0000      -31021.667223
3256.0000      -31032.601898
3260.0000      -30795.966992
3264.0000      -30905.334637
3268.0000      -30984.909076
3272.0000      -30779.889566
3276.0000      -30807.110683
3280.0000      -30834.490160
3284.0000      -30743.866282
3288.0000      -30962.684755
3292.0000      -30908.079724
3296.0000      -30942.953719
3300.0000      -30866.435980
3304.0000      -30903.734091
3308.0000      -30915.029957
3312.0000      -30900.397185
3316.0000      -30897.934623
3320.0000      -30973.628765
3324.0000      -30821.719380
3328.0000      -31032.818689
3332.0000      -30985.250575
3336.0000      -30793.836785
3340.0000      -30872.232101
3344.0000      -31017.613802
3348.0000      -30845.765788
3352.0000      -31031.866770
3356.0000      -30936.419242
3360.0000      -30996.479152
3364.0000      -30841.476300
3368.0000      -31025.704004
3372.0000      -30888.399884
3376.0000      -30864.554364
3380.0000      -30915.894849
3384.0000      -30978.372584
3388.0000      -30921.348310
3392.0000      -31092.023058
3396.0000      -30810.673169
3400.0000      -30969.889708
3404.0000      -30901.951994
3408.0000      -31027.037662
3412.0000      -30614.129233
3416.0000      -30881.229623
3420.0000      -30948.270345
3424.0000      -30846.128946
3428.0000      -30999.344095
3432.0000      -30875.589641
3436.0000      -31044.411619
3440.0000      -30829.721774
3444.0000      -30930.773147
3448.0000      -30817.843315
3452.0000      -30869.883622
3456.0000      -30922.949073
3460.0000      -31115.657639
3464.0000      -30992.307189
3468.0000      -30866.776128
3472.0000      -30825.517520
3476.0000      -30899.843170
3480.0000      -30867.004095
3484.0000      -30802.999246
3488.0000      -30684.130554
3492.0000      -30845.921500
3496.0000      -30882.654913
3500.0000      -30959.613042
3504.0000      -30881.081174
3508.0000      -30884.273165
3512.0000      -30937.489784
3516.0000      -30905.957695
3520.0000      -30835.555252
3524.0000      -31056.616807
3528.0000      -30941.002638
3532.0000      -30939.903514
3536.0000      -30732.873270
3540.0000      -30915.108269
3544.0000      -30840.760975
3548.0000      -30941.553893
3552.0000      -30968.830629
3556.0000      -30842.085611
3560.0000      -31016.357807
3564.0000      -30928.468797
3568.0000      -30776.416000
3572.0000      -30823.440518
3576.0000      -30920.205086
3580.0000      -30817.172358
3584.0000      -30910.785627
3588.0000      -30820.418299
3592.0000      -30918.541490
3596.0000      -30851.263806
3600.0000      -30924.497486
3604.0000      -30889.255760
3608.0000      -31006.202138
3612.0000      -31058.235334
3616.0000      -30938.692426
3620.0000      -30881.992266
3624.0000      -30881.907280
3628.0000      -30977.184456
3632.0000      -30912.348403
3636.0000      -31069.736777
3640.0000      -31028.285940
3644.0000      -30882.760320
3648.0000      -30825.870371
3652.0000      -30912.696589
3656.0000      -30930.001105
3660.0000      -30947.424953
3664.0000      -30945.762283
3668.0000      -30995.308659
3672.0000      -30947.114252
3676.0000      -30929.247898
3680.0000      -30931.273686
3684.0000      -30749.169275
3688.0000      -30867.178531
3692.0000      -30896.362977
3696.0000      -30885.907477
3700.0000      -30972.899136
3704.0000      -30906.867198
3708.0000      -31072.990298
3712.0000      -30875.612222
3716.0000      -30794.468717
3720.0000      -30933.706543
3724.0000      -30780.845183
3728.0000      -30891.238962
3732.0000      -30990.863424
3736.0000      -30951.741549
3740.0000      -30900.315708
3744.0000      -31088.510405
3748.0000      -30989.669497
3752.0000      -31075.087372
3756.0000      -30811.099525
3760.0000      -30936.182740
3764.0000      -31009.074257
3768.0000      -30950.095145
3772.0000      -30858.859610
3776.0000      -30803.485976
3780.0000      -30976.491825
3784.0000      -30911.316677
3788.0000      -30847.332480
3792.0000      -30862.449576
3796.0000      -30940.677841
3800.0000      -30745.124108
3804.0000      -30923.877352
3808.0000      -30832.558183
3812.0000      -30891.508319
3816.0000      -30859.050274
3820.0000      -30988.553341
3824.0000      -30815.391313
3828.0000      -30830.954863
3832.0000      -30910.869032
3836.0000      -30904.190957
3840.0000      -30826.112849
3844.0000      -30973.634742
3848.0000      -30904.645301
3852.0000      -30865.435877
3856.0000      -30955.350452
3860.0000      -30918.323389
3864.0000      -30922.040206
3868.0000      -30748.837593
3872.0000      -31121.352088
3876.0000      -30806.056610
3880.0000      -30720.773759
3884.0000      -31007.030723
3888.0000      -30940.715714
3892.0000      -30919.394316
3896.0000      -30964.758518
3900.0000      -30959.907951
3904.0000      -30982.473026
3908.0000      -30899.093930
3912.0000      -30918.556136
3916.0000      -30782.748001
3920.0000      -30961.187936
3924.0000      -30969.199930
3928.0000      -30917.153955
3932.0000      -30991.678212
3936.0000      -31016.712136
3940.0000      -30954.251473
3944.0000      -30861.218367
3948.0000      -30836.623273
3952.0000      -30840.091761
3956.0000      -30671.774247
3960.0000      -30793.969640
3964.0000      -30871.757606
3968.0000      -30988.207679
3972.0000      -30874.403473
3976.0000      -30874.134532
3980.0000      -31003.948924
3984.0000      -30898.341085
3988.0000      -30919.912701
3992.0000      -30861.104580
3996.0000      -30909.408971
4000.0000      -30851.355705
4004.0000      -30851.355705
