4.0000      -30770.025808
8.0000      -30952.052738
12.0000      -30897.915547
16.0000      -30939.437823
20.0000      -30872.441449
24.0000      -30937.892554
28.0000      -30803.329832
32.0000      -30814.544737
36.0000      -30775.488069
40.0000      -30971.529364
44.0000      -30788.796047
48.0000      -30782.095666
52.0000      -30860.922164
56.0000      -30928.858974
60.0000      -30930.451258
64.0000      -30925.748115
68.0000      -30884.994622
72.0000      -30849.874374
76.0000      -30894.303171
80.0000      -30990.815260
84.0000      -30866.004660
88.0000      -30829.335990
92.0000      -30919.451125
96.0000      -30787.924857
100.0000      -30806.250129
104.0000      -30842.003087
108.0000      -30865.309500
112.0000      -30848.983428
116.0000      -31034.469737
120.0000      -30895.033211
124.0000      -31011.028181
128.0000      -30914.464368
132.0000      -30760.300009
136.0000      -30914.522862
140.0000      -30867.798852
144.0000      -31012.173767
148.0000      -30979.702708
152.0000      -31089.607930
156.0000      -30797.048132
160.0000      -30996.730672
164.0000      -30916.078185
168.0000      -30916.464100
172.0000      -31013.303198
176.0000      -30766.161940
180.0000      -30934.278479
184.0000      -30852.353296
188.0000      -30881.671936
192.0000      -30860.378045
196.0000      -30944.574953
200.0000      -30841.210395
204.0000      -30976.501430
208.0000      -30910.121584
212.0000      -30934.369764
216.0000      -31031.522301
220.0000      -30800.109206
224.0000      -30877.496666
228.0000      -30894.172361
232.0000      -31075.578985
236.0000      -30916.118714
240.0000      -31017.782059
244.0000      -30783.050091
248.0000      -30872.104827
252.0000      -30957.958000
256.0000      -30907.695022
260.0000      -30973.276690
264.0000      -30795.418144
268.0000      -31036.048374
272.0000      -30933.271616
276.0000      -31070.151394
280.0000      -31075.025651
284.0000      -30963.791092
288.0000      -30895.497430
292.0000      -30841.475162
296.0000      -31031.215376
300.0000      -31024.703299
304.0000      -30791.436524
308.0000      -30837.862284
312.0000      -31020.772467
316.0000      -30764.117336
320.0000      -30985.273416
324.0000      -30983.512968
328.0000      -31095.218921
332.0000      -31047.264226
336.0000      -30894.407988
340.0000      -30952.092356
344.0000      -30944.905119
348.0000      -30799.618725
352.0000      -30841.557063
356.0000      -30930.855647
360.0000      -30725.746879
364.0000      -30919.626034
368.0000      -31150.365144
372.0000      -30912.424332
376.0000      -31122.563724
380.0000      -30846.901296
384.0000      -30933.807795
388.0000      -30871.299026
392.0000      -30830.315908
396.0000      -30878.096814
400.0000      -30907.482177
404.0000      -30982.204590
408.0000      -30918.945609
412.0000      -30847.301604
416.0000      -30936.849937
420.0000      -30864.809811
424.0000      -30818.923329
428.0000      -30961.038732
432.0000      -30833.304442
436.0000      -30956.067718
440.0000      -30997.731505
444.0000      -30851.292909
448.0000      -31013.013194
452.0000      -31093.088672
456.0000      -30990.205324
460.0000      -30885.499012
464.0000      -30733.350758
468.0000      -30809.598837
472.0000      -30859.441644
476.0000      -30853.547518
480.0000      -30772.398562
484.0000      -30593.910175
488.0000      -30899.714855
492.0000      -30744.630106
496.0000      -31030.251911
500.0000      -30882.142305
504.0000      -30790.067461
508.0000      -30863.176917
512.0000      -30936.389745
516.0000      -30852.628677
520.0000      -31036.443310
524.0000      -30978.711790
528.0000      -30768.293917
532.0000      -30950.910932
536.0000      -31008.038776
540.0000      -30839.303788
544.0000      -31042.518458
548.0000      -30998.419003
552.0000      -30870.961053
556.0000      -30986.932024
560.0000      -31015.866166
564.0000      -30976.675296
568.0000      -30905.676455
572.0000      -31030.107059
576.0000      -30946.076910
580.0000      -30931.096918
584.0000      -30806.284420
588.0000      -30976.514108
592.0000      -30804.945795
596.0000      -30916.569516
600.0000      -30952.498863
604.0000      -30965.676985
608.0000      -30982.130405
612.0000      -30845.169860
616.0000      -30999.787428
620.0000      -30856.240804
624.0000      -30837.055517
628.0000      -30914.592319
632.0000      -30925.778502
636.0000      -30998.331205
640.0000      -30772.993739
644.0000      -31065.974874
648.0000      -30904.939522
652.0000      -30873.362640
656.0000      -30835.490836
660.0000      -30770.852799
664.0000      -30894.085879
668.0000      -30731.055071
672.0000      -30887.242775
676.0000      -30641.330897
680.0000      -30819.560527
684.0000      -30859.570389
688.0000      -30866.322364
692.0000      -30944.809422
696.0000      -30837.249025
700.0000      -30908.425261
704.0000      -30905.169489
708.0000      -31021.128783
712.0000      -30982.301217
716.0000      -30980.795902
720.0000      -31069.551947
724.0000      -31065.781090
728.0000      -30928.595233
732.0000      -30976.277770
736.0000      -30875.668898
740.0000      -30902.681447
744.0000      -30999.154773
748.0000      -30944.291293
752.0000      -30894.338711
756.0000      -31031.007405
760.0000      -30870.084752
764.0000      -30885.929133
768.0000      -30834.470254
772.0000      -30884.735591
776.0000      -30830.846654
780.0000      -30953.293352
784.0000      -30756.214524
788.0000      -31061.179400
792.0000      -30886.539540
796.0000      -30865.721950
800.0000      -31142.992092
804.0000      -30925.671023
808.0000      -31069.306956
812.0000      -30872.796625
816.0000      -30869.943382
820.0000      -30843.935018
824.0000      -31062.855549
828.0000      -31036.627355
832.0000      -30921.831694
836.0000      -30953.470039
840.0000      -30959.373780
844.0000      -30899.111720
848.0000      -30858.589169
852.0000      -30963.989632
856.0000      -30940.423031
860.0000      -30808.917710
864.0000      -30790.610999
868.0000      -30836.849840
872.0000      -30937.157311
876.0000      -30850.408678
880.0000      -30936.464748
884.0000      -30982.241000
888.0000      -30971.210962
892.0000      -30963.714686
896.0000      -30812.379582
900.0000      -30781.686891
904.0000      -30649.555676
908.0000      -30729.311234
912.0000      -30970.014688
916.0000      -30821.584639
920.0000      -30929.386270
924.0000      -30987.221670
928.0000      -30800.775207
932.0000      -30936.015362
936.0000      -30925.279000
940.0000      -30920.185898
944.0000      -30968.096004
948.0000      -30932.468756
952.0000      -30985.868903
956.0000      -30928.511875
960.0000      -30871.823998
964.0000      -30692.375714
968.0000      -30950.668976
972.0000      -30739.252536
976.0000      -31057.707428
980.0000      -30950.639879
984.0000      -31055.773522
988.0000      -30898.591697
992.0000      -30997.690030
996.0000      -30918.487085
1000.0000      -31020.546771
1004.0000      -30863.842546
1008.0000      -30953.894107
1012.0000      -30952.379313
1016.0000      -30875.256906
1020.0000      -30946.728789
1024.0000      -30883.423539
1028.0000      -30963.166901
1032.0000      -30873.508726
1036.0000      -30923.094498
1040.0000      -30853.078703
1044.0000      -30901.661994
1048.0000      -31118.065911
1052.0000      -30936.872180
1056.0000      -30864.872439
1060.0000      -30795.362541
1064.0000      -30895.256529
1068.0000      -30870.109675
1072.0000      -31041.936203
1076.0000      -31102.227566
1080.0000      -30827.054515
1084.0000      -30905.846662
1088.0000      -30905.258945
1092.0000      -30854.079793
1096.0000      -30941.078310
1100.0000      -31024.352264
1104.0000      -31052.467985
1108.0000      -30933.031344
1112.0000      -30896.487561
1116.0000      -30773.848330
1120.0000      -30853.776540
1124.0000      -30931.706944
1128.0000      -30813.095909
1132.0000      -30878.998773
1136.0000      -31012.990598
1140.0000      -31072.725487
1144.0000      -30898.611482
1148.0000      -30966.726009
1152.0000      -30978.503495
1156.0000      -30938.363669
1160.0000      -30834.600735
1164.0000      -30902.165733
1168.0000      -30968.633539
1172.0000      -30972.748880
1176.0000      -30857.513321
1180.0000      -30882.209555
1184.0000      -30858.565525
1188.0000      -30877.281508
1192.0000      -31052.705691
1196.0000      -30900.723015
1200.0000      -30823.738253
1204.0000      -30869.600728
1208.0000      -30768.693457
1212.0000      -30967.988848
1216.0000      -30944.145529
1220.0000      -30888.617637
1224.0000      -30957.456573
1228.0000      -30936.649472
1232.0000      -30712.234527
1236.0000      -30823.843891
1240.0000      -30934.144261
1244.0000      -31042.232901
1248.0000      -30908.611211
1252.0000      -30932.004939
1256.0000      -31023.337269
1260.0000      -30795.788147
1264.0000      -30868.946605
1268.0000      -30910.572169
1272.0000      -30877.009090
1276.0000      -30817.253747
1280.0000      -30896.001731
1284.0000      -30799.457713
1288.0000      -30748.053837
1292.0000      -30853.166215
1296.0000      -30978.139202
1300.0000      -31019.635294
1304.0000      -30835.142306
1308.0000      -31084.779816
1312.0000      -30976.177213
1316.0000      -30939.477810
1320.0000      -31080.624141
1324.0000      -30981.829258
1328.0000      -30882.216491
1332.0000      -30975.813194
1336.0000      -30840.160681
1340.0000      -30956.043599
1344.0000      -30923.964193
1348.0000      -30833.512796
1352.0000      -30857.153670
1356.0000      -30908.970117
1360.0000      -30885.593823
1364.0000      -30967.167449
1368.0000      -30704.611649
1372.0000      -31091.774694
1376.0000      -30905.486313
1380.0000      -30844.299023
1384.0000      -30834.037028
1388.0000      -31046.520629
1392.0000      -30919.144799
1396.0000      -31219.951861
1400.0000      -30974.337770
1404.0000      -30915.660376
1408.0000      -30933.881993
1412.0000      -30882.490447
1416.0000      -30857.057117
1420.0000      -30828.786970
1424.0000      -30865.585442
1428.0000      -30938.724477
1432.0000      -30981.921688
1436.0000      -30934.490183
1440.0000      -31029.765762
1444.0000      -31038.113548
1448.0000      -30840.690584
1452.0000      -31065.117782
1456.0000      -30948.689241
1460.0000      -30807.565509
1464.0000      -31018.426065
1468.0000      -30949.059460
1472.0000      -30946.649784
1476.0000      -30676.384846
1480.0000      -30996.912912
1484.0000      -30799.178020
1488.0000      -30788.672488
1492.0000      -30889.855297
1496.0000      -30769.485910
1500.0000      -30867.235793
1504.0000      -30924.019792
1508.0000      -30945.703594
1512.0000      -30800.074820
1516.0000      -30764.856288
1520.0000      -31017.306727
1524.0000      -30944.435540
1528.0000      -31124.302070
1532.0000      -30874.776893
1536.0000      -31087.719927
1540.0000      -30921.784886
1544.0000      -30887.446841
1548.0000      -30621.461576
1552.0000      -30822.502845
1556.0000      -30924.553473
1560.0000      -30756.029328
1564.0000      -30799.351207
1568.0000      -30853.190024
1572.0000      -31025.250570
1576.0000      -30930.214964
1580.0000      -30711.419065
1584.0000      -30870.448296
1588.0000      -30834.790356
1592.0000      -30920.118648
1596.0000      -30938.083594
1600.0000      -30869.105901
1604.0000      -30955.603143
1608.0000      -30896.944110
1612.0000      -30996.542351
1616.0000      -30989.982871
1620.0000      -30928.439146
1624.0000      -30974.618182
1628.0000      -30817.931627
1632.0000      -30726.296571
1636.0000      -30936.022560
1640.0000      -30832.666561
1644.0000      -30855.179906
1648.0000      -30978.035938
1652.0000      -30850.453017
1656.0000      -30905.722778
1660.0000      -30961.353084
1664.0000      -30830.854011
1668.0000      -31017.817330
1672.0000      -30858.818637
1676.0000      -30948.315147
1680.0000      -30975.621617
1684.0000      -30887.658126
1688.0000      -30983.286017
1692.0000      -30966.725505
1696.0000      -31059.818330
1700.0000      -31026.394150
1704.0000      -30883.162488
1708.0000      -31088.553571
1712.0000      -30996.606527
1716.0000      -30832.074985
1720.0000      -30962.379425
1724.0000      -31056.205827
1728.0000      -30944.272356
1732.0000      -30838.932783
1736.0000      -30865.776352
1740.0000      -30868.685453
1744.0000      -31078.498483
1748.0000      -31020.926391
1752.0000      -30950.887297
1756.0000      -31020.008956
1760.0000      -30814.790231
1764.0000      -30841.544378
1768.0000      -31113.378153
1772.0000      -30848.071409
1776.0000      -30887.745446
1780.0000      -30979.671768
1784.0000      -31006.536879
1788.0000      -30815.870089
1792.0000      -30755.679916
1796.0000      -30836.575012
1800.0000      -30881.789435
1804.0000      -30920.021706
1808.0000      -30960.077965
1812.0000      -30770.706209
1816.0000      -31014.735388
1820.0000      -30923.834291
1824.0000      -30751.930098
1828.0000      -30877.176278
1832.0000      -30762.740170
1836.0000      -31000.331806
1840.0000      -30846.151306
1844.0000      -30997.172619
1848.0000      -30859.358576
1852.0000      -30990.154240
1856.0000      -30871.458478
1860.0000      -31006.507580
1864.0000      -30958.135354
1868.0000      -30981.877196
1872.0000      -30926.135257
1876.0000      -31145.251850
1880.0000      -30756.880964
1884.0000      -30871.250384
1888.0000      -30971.284595
1892.0000      -31004.055496
1896.0000      -30760.281507
1900.0000      -31002.347555
1904.0000      -31027.312227
1908.0000      -30957.377016
1912.0000      -31020.518205
1916.0000      -30930.714386
1920.0000      -30805.662396
1924.0000      -30867.512954
1928.0000      -30843.098397
1932.0000      -31013.446039
1936.0000      -30824.984580
1940.0000      -30909.468794
1944.0000      -30942.343169
1948.0000      -30851.318749
1952.0000      -30977.691564
1956.0000      -30896.842214
1960.0000      -30822.140849
1964.0000      -30873.687074
1968.0000      -30837.699457
1972.0000      -30778.823062
1976.0000      -30974.767330
1980.0000      -30829.674368
1984.0000      -31049.322854
1988.0000      -31006.962782
1992.0000      -31074.403243
1996.0000      -30966.424881
2000.0000      -30977.445629
2004.0000      -30962.417870
2008.0000      -30926.068337
2012.0000      -30959.298484
2016.0000      -30921.518341
2020.0000      -30800.734614
2024.0000      -30742.172854
2028.0000      -31073.837651
2032.0000      -31125.935238
2036.0000      -30954.249718
2040.0000      -30932.833434
2044.0000      -30983.070064
2048.0000      -31041.593166
2052.0000      -30933.083401
2056.0000      -30960.616761
2060.0000      -30953.343112
2064.0000      -30816.229099
2068.0000      -30830.646964
2072.0000      -30908.397178
2076.0000      -30819.266564
2080.0000      -30873.708804
2084.0000      -31034.723592
2088.0000      -30908.973614
2092.0000      -30916.604183
2096.0000      -30867.668425
2100.0000      -30901.321891
2104.0000      -30998.836004
2108.0000      -30876.219167
2112.0000      -31033.241355
2116.0000      -31055.325282
2120.0000      -31102.520921
2124.0000      -30883.637761
2128.0000      -30813.850072
2132.0000      -31041.494836
2136.0000      -30982.475387
2140.0000      -30978.119612
2144.0000      -30772.632173
2148.0000      -30881.850605
2152.0000      -30938.524801
2156.0000      -30924.156913
2160.0000      -30704.674046
2164.0000      -30832.253561
2168.0000      -30838.000332
2172.0000      -30992.390858
2176.0000      -30967.871309
2180.0000      -30970.747961
2184.0000      -31040.573029
2188.0000      -31032.739850
2192.0000      -31013.123216
2196.0000      -30799.003873
2200.0000      -31014.887102
2204.0000      -31011.875335
2208.0000      -30940.873415
2212.0000      -30931.937055
2216.0000      -30792.471083
2220.0000      -30923.906306
2224.0000      -30898.646709
2228.0000      -30861.653941
2232.0000      -30948.452455
2236.0000      -30971.932376
2240.0000      -31074.736896
2244.0000      -30813.269781
2248.0000      -30944.664006
2252.0000      -30835.119983
2256.0000      -30944.267785
2260.0000      -30962.878944
2264.0000      -31014.080059
2268.0000      -30807.085623
2272.0000      -30908.610416
2276.0000      -30756.710561
2280.0000      -30893.995240
2284.0000      -30916.914256
2288.0000      -30901.435233
2292.0000      -31113.267387
2296.0000      -30977.592718
2300.0000      -31019.405972
2304.0000      -30975.064519
2308.0000      -30883.360229
2312.0000      -30954.309803
2316.0000      -30978.770197
2320.0000      -31048.531810
2324.0000      -30898.909492
2328.0000      -30925.526825
2332.0000      -30820.047684
2336.0000      -30774.607278
2340.0000      -31004.396727
2344.0000      -31045.463876
2348.0000      -30838.452330
2352.0000      -30795.015684
2356.0000      -31003.155782
2360.0000      -30986.505359
2364.0000      -30897.733920
2368.0000      -30848.025646
2372.0000      -30895.251057
2376.0000      -30903.138708
2380.0000      -30823.964155
2384.0000      -30872.772376
2388.0000      -30968.755145
2392.0000      -30806.641182
2396.0000      -30816.171712
2400.0000      -30960.878481
2404.0000      -30946.463913
2408.0000      -30801.320609
2412.0000      -30847.518605
2416.0000      -31000.729687
2420.0000      -31150.959518
2424.0000      -30772.427063
2428.0000      -30993.462100
2432.0000      -30888.860748
2436.0000      -31029.740015
2440.0000      -30969.406555
2444.0000      -30967.627080
2448.0000      -31019.280153
2452.0000      -31079.294671
2456.0000      -30932.914840
2460.0000      -30937.410518
2464.0000      -31126.917697
2468.0000      -31064.776832
2472.0000      -30895.064561
2476.0000      -30835.191482
2480.0000      -30896.959993
2484.0000      -30938.359481
2488.0000      -31039.691687
2492.0000      -30886.696433
2496.0000      -30828.409550
2500.0000      -31065.665118
2504.0000      -30952.027256
2508.0000      -31041.588955
2512.0000      -30882.223946
2516.0000      -30908.834371
2520.0000      -30834.586357
2524.0000      -30915.415689
2528.0000      -30980.522928
2532.0000      -31038.204623
2536.0000      -30895.893107
2540.0000      -30744.945345
2544.0000      -31042.895948
2548.0000      -31017.069752
2552.0000      -31003.703234
2556.0000      -30905.821756
2560.0000      -30957.046105
2564.0000      -30877.659705
2568.0000      -31005.486227
2572.0000      -30872.786118
2576.0000      -30967.880716
2580.0000      -30959.936327
2584.0000      -30931.371157
2588.0000      -30764.753367
2592.0000      -30871.110100
2596.0000      -31005.583550
2600.0000      -30737.723641
2604.0000      -31019.271592
2608.0000      -30913.830217
2612.0000      -30881.016278
2616.0000      -30901.000674
2620.0000      -30976.859520
2624.0000      -30879.945647
2628.0000      -30802.829047
2632.0000      -30923.387963
2636.0000      -30932.115360
2640.0000      -30894.416841
2644.0000      -30817.168459
2648.0000      -30895.065314
2652.0000      -30966.701043
2656.0000      -30919.609765
2660.0000      -30837.974289
2664.0000      -30926.718638
2668.0000      -30964.543692
2672.0000      -31020.822299
2676.0000      -30841.373334
2680.0000      -30810.593198
2684.0000      -30876.859833
2688.0000      -30929.579425
2692.0000      -30911.499957
2696.0000      -31004.754575
2700.0000      -30891.322660
2704.0000      -30959.551881
2708.0000      -30813.922644
2712.0000      -31014.382953
2716.0000      -30908.781290
2720.0000      -30903.829042
2724.0000      -31063.334476
2728.0000      -30865.826193
2732.0000      -30894.962531
2736.0000      -30897.551179
2740.0000      -31009.843045
2744.0000      -30819.251868
2748.0000      -30898.647560
2752.0000      -30938.183030
2756.0000      -30865.816570
2760.0000      -30840.894454
2764.0000      -30916.420196
2768.0000      -31028.512044
2772.0000      -31110.726123
2776.0000      -30890.868411
2780.0000      -30884.602509
2784.0000      -30899.819378
2788.0000      -30918.855448
2792.0000      -30776.698589
2796.0000      -31075.764854
2800.0000      -30906.458052
2804.0000      -30958.938147
2808.0000      -31016.645940
2812.0000      -30863.264325
2816.0000      -30969.363790
2820.0000      -30829.805371
2824.0000      -30996.866571
2828.0000      -31045.073555
2832.0000      -30955.498785
2836.0000      -30859.225880
2840.0000      -31074.001370
2844.0000      -30868.582765
2848.0000      -30812.733894
2852.0000      -30965.030870
2856.0000      -30924.621864
2860.0000      -31125.589005
2864.0000      -30902.707960
2868.0000      -31039.109165
2872.0000      -30958.752553
2876.0000      -30945.895569
2880.0000      -30809.657938
2884.0000      -31036.947212
2888.0000      -30806.865138
2892.0000      -30963.155171
2896.0000      -30862.834007
2900.0000      -30977.731589
2904.0000      -30946.779466
2908.0000      -30823.078720
2912.0000      -31051.225000
2916.0000      -30791.529750
2920.0000      -30938.669751
2924.0000      -30972.455508
2928.0000      -30846.335648
2932.0000      -30867.948624
2936.0000      -30840.658116
2940.0000      -30966.715599
2944.0000      -31000.696205
2948.0000      -30905.508886
2952.0000      -30844.147576
2956.0000      -30923.350720
2960.0000      -30978.927124
2964.0000      -30964.727327
2968.0000      -30938.946708
2972.0000      -30856.788481
2976.0000      -30822.613550
2980.0000      -31068.000917
2984.0000      -30780.779886
2988.0000      -30970.570959
2992.0000      -30889.394155
2996.0000      -31071.505560
3000.0000      -30898.854549
3004.0000      -30878.035160
3008.0000      -30848.991046
3012.0000      -30823.695596
3016.0000      -30962.004102
3020.0000      -30869.769542
3024.0000      -30757.465658
3028.0000      -31009.428886
3032.0000      -30821.351580
3036.0000      -30913.534488
3040.0000      -30821.690578
3044.0000      -30765.777220
3048.0000      -30746.545024
3052.0000      -30948.683366
3056.0000      -30922.594056
3060.0000      -30919.372327
3064.0000      -30997.978163
3068.0000      -30691.114400
3072.0000      -31052.402415
3076.0000      -30998.505113
3080.0000      -30915.124414
3084.0000      -30921.565844
3088.0000      -30871.919756
3092.0000      -30909.129237
3096.0000      -30985.112159
3100.0000      -30820.907419
3104.0000      -31002.404733
3108.0000      -30990.981731
3112.0000      -30991.445754
3116.0000      -30862.181164
3120.0000      -30939.797724
3124.0000      -30813.371913
3128.0000      -30863.656709
3132.0000      -30983.746560
3136.0000      -30896.610891
3140.0000      -30897.039033
3144.0000      -30879.056657
3148.0000      -30910.842806
3152.0000      -30788.728262
3156.0000      -30948.831812
3160.0000      -30978.589887
3164.0000      -30972.740999
3168.0000      -31046.184861
3172.0000      -31059.325137
3176.0000      -30883.943914
3180.0000      -30875.567414
3184.0000      -30927.253131
3188.0000      -31035.652609
3192.0000      -30907.187436
3196.0000      -30800.982594
3200.0000      -30914.978445
3204.0000      -30916.349757
3208.0000      -31028.818922
3212.0000      -31009.414706
3216.0000      -30934.594041
3220.0000      -30962.922530
3224.0000      -31022.772949
3228.0000      -30889.591595
3232.0000      -30778.573199
3236.0000      -30927.589058
3240.0000      -30969.747344
3244.0000      -30936.643376
3248.0000      -30911.980912
3252.0000      -31036.828308
3256.0000      -31047.747853
3260.0000      -30810.530516
3264.0000      -30925.152453
3268.0000      -31000.430245
3272.0000      -30796.704303
3276.0000      -30823.729386
3280.0000      -30848.402793
3284.0000      -30758.588352
3288.0000      -30978.777599
3292.0000      -30923.646635
3296.0000      -30956.345525
3300.0000      -30882.487136
3304.0000      -30918.243650
3308.0000      -30929.836019
3312.0000      -30917.465308
3316.0000      -30912.190335
3320.0000      -30988.840005
3324.0000      -30838.276296
3328.0000      -31046.323710
3332.0000      -31001.065328
3336.0000      -30808.346719
3340.0000      -30888.901969
3344.0000      -31033.591447
3348.0000      -30861.494615
3352.0000      -31047.311450
3356.0000      -30951.237008
3360.0000      -31012.180528
3364.0000      -30855.824365
3368.0000      -31040.971126
3372.0000      -30905.170213
3376.0000      -30880.009390
3380.0000      -30931.314295
3384.0000      -30993.173488
3388.0000      -30937.262122
3392.0000      -31107.429282
3396.0000      -30825.039183
3400.0000      -30983.828963
3404.0000      -30917.838573
3408.0000      -31042.584884
3412.0000      -30629.877717
3416.0000      -30897.424783
3420.0000      -30962.833719
3424.0000      -30861.141883
3428.0000      -31014.576367
3432.0000      -30889.263458
3436.0000      -31060.275520
3440.0000      -30844.953033
3444.0000      -30946.415880
3448.0000      -30831.889916
3452.0000      -30884.952692
3456.0000      -30938.645765
3460.0000      -31129.880806
3464.0000      -31008.529536
3468.0000      -30880.597689
3472.0000      -30841.156136
3476.0000      -30912.319960
3480.0000      -30881.792115
3484.0000      -30818.384241
3488.0000      -30698.622045
3492.0000      -30860.920505
3496.0000      -30898.054864
3500.0000      -30974.969973
3504.0000      -30894.427689
3508.0000      -30898.343054
3512.0000      -30953.789675
3516.0000      -30919.052006
3520.0000      -30849.674976
3524.0000      -31071.918932
3528.0000      -30955.659121
3532.0000      -30954.778557
3536.0000      -30747.684904
3540.0000      -30930.849937
3544.0000      -30855.748266
3548.0000      -30956.858455
3552.0000      -30983.253548
3556.0000      -30858.812282
3560.0000      -31028.683141
3564.0000      -30943.790383
3568.0000      -30793.018349
3572.0000      -30837.437466
3576.0000      -30934.454660
3580.0000      -30833.082834
3584.0000      -30924.948374
3588.0000      -30834.516914
3592.0000      -30932.594857
3596.0000      -30866.700083
3600.0000      -30939.933109
3604.0000      -30906.718591
3608.0000      -31020.624203
3612.0000      -31074.474158
3616.0000      -30953.292937
3620.0000      -30898.177793
3624.0000      -30899.684676
3628.0000      -30992.600570
3632.0000      -30927.710249
3636.0000      -31084.341037
3640.0000      -31043.053015
3644.0000      -30896.602032
3648.0000      -30840.045199
3652.0000      -30927.239908
3656.0000      -30945.256993
3660.0000      -30961.567234
3664.0000      -30961.621594
3668.0000      -31009.497884
3672.0000      -30961.629205
3676.0000      -30944.478740
3680.0000      -30949.224681
3684.0000      -30764.655470
3688.0000      -30883.412405
3692.0000      -30909.981978
3696.0000      -30901.317418
3700.0000      -30985.781999
3704.0000      -30922.666464
3708.0000      -31088.501315
3712.0000      -30891.043649
3716.0000      -30810.474056
3720.0000      -30949.333376
3724.0000      -30794.824602
3728.0000      -30906.303349
3732.0000      -31006.948153
3736.0000      -30967.302896
3740.0000      -30916.166513
3744.0000      -31104.046215
3748.0000      -31003.952543
3752.0000      -31090.517185
3756.0000      -30826.050351
3760.0000      -30952.362475
3764.0000      -31025.566664
3768.0000      -30965.085123
3772.0000      -30875.103526
3776.0000      -30818.821733
3780.0000      -30990.647358
3784.0000      -30925.925383
3788.0000      -30862.475657
3792.0000      -30877.313002
3796.0000      -30958.335292
3800.0000      -30762.434145
3804.0000      -30940.310203
3808.0000      -30848.159366
3812.0000      -30908.672992
3816.0000      -30874.491635
3820.0000      -31003.359776
3824.0000      -30829.998215
3828.0000      -30845.861532
3832.0000      -30926.832162
3836.0000      -30918.287230
3840.0000      -30841.637919
3844.0000      -30990.868894
3848.0000      -30922.042043
3852.0000      -30881.034566
3856.0000      -30970.158411
3860.0000      -30936.593014
3864.0000      -30936.571073
3868.0000      -30763.894311
3872.0000      -31138.133863
3876.0000      -30821.476855
3880.0000      -30735.767647
3884.0000      -31022.993986
3888.0000      -30954.476333
3892.0000      -30935.294306
3896.0000      -30979.930733
3900.0000      -30974.821417
3904.0000      -30997.607803
3908.0000      -30913.435703
3912.0000      -30933.230789
3916.0000      -30800.668484
3920.0000      -30977.994448
3924.0000      -30985.068914
3928.0000      -30935.701248
3932.0000      -31007.840115
3936.0000      -31032.893685
3940.0000      -30970.550358
3944.0000      -30875.935048
3948.0000      -30851.115660
3952.0000      -30856.603135
3956.0000      -30687.040220
3960.0000      -30809.441225
3964.0000      -30888.500146
3968.0000      -31003.350706
3972.0000      -30890.407334
3976.0000      -30890.841489
3980.0000      -31018.384543
3984.0000      -30911.657845
3988.0000      -30936.871921
3992.0000      -30875.517459
3996.0000      -30923.407630
4000.0000      -30869.703941
4004.0000      -30869.703941
