4.0000     -733136.795440
8.0000     -733131.235311
12.0000     -732797.834226
16.0000     -733016.952726
20.0000     -732587.594662
24.0000     -733332.367514
28.0000     -733125.699973
32.0000     -732815.807579
36.0000     -732785.033639
40.0000     -733365.680294
44.0000     -733506.489793
48.0000     -733013.725700
52.0000     -732947.349240
56.0000     -732318.088851
60.0000     -732800.991316
64.0000     -734124.710415
68.0000     -733202.992375
72.0000     -732776.650682
76.0000     -732982.366001
80.0000     -733210.298605
84.0000     -733456.201773
88.0000     -734026.140585
92.0000     -733364.326959
96.0000     -732428.081930
100.0000     -734255.841615
104.0000     -732866.258415
108.0000     -733785.106939
112.0000     -732696.703782
116.0000     -733977.699612
120.0000     -734060.262183
124.0000     -733010.421714
128.0000     -732599.770702
132.0000     -733331.959278
136.0000     -732704.140477
140.0000     -732667.958382
144.0000     -732955.222244
148.0000     -732448.304661
152.0000     -733644.902274
156.0000     -733757.364790
160.0000     -733112.445587
164.0000     -733132.193214
168.0000     -732567.952661
172.0000     -733398.293075
176.0000     -732976.301229
180.0000     -732573.775988
184.0000     -732800.290035
188.0000     -732412.489430
192.0000     -732396.340065
196.0000     -732224.603743
200.0000     -733486.792297
204.0000     -732866.381782
208.0000     -733186.682538
212.0000     -733305.978821
216.0000     -732922.608570
220.0000     -733318.492671
224.0000     -733296.396005
228.0000     -733717.126433
232.0000     -733271.056275
236.0000     -732016.397187
240.0000     -732467.395476
244.0000     -733108.311274
248.0000     -732875.901592
252.0000     -733291.005360
256.0000     -732732.044148
260.0000     -733216.804356
264.0000     -733316.820728
268.0000     -732836.649368
272.0000     -733700.318237
276.0000     -732942.979501
280.0000     -734056.253734
284.0000     -733467.853402
288.0000     -732609.712035
292.0000     -733132.516943
296.0000     -731979.768495
300.0000     -732807.610094
304.0000     -732727.467251
308.0000     -732680.181274
312.0000     -733143.254843
316.0000     -733171.364913
320.0000     -733544.191567
324.0000     -733333.341230
328.0000     -733657.038417
332.0000     -733590.130310
336.0000     -732979.533214
340.0000     -732521.719961
344.0000     -732712.759040
348.0000     -733410.273315
352.0000     -732763.729968
356.0000     -733642.751239
360.0000     -733440.837381
364.0000     -732591.839203
368.0000     -733170.161631
372.0000     -733266.950640
376.0000     -732977.175450
380.0000     -733124.810894
384.0000     -733165.320081
388.0000     -732310.811477
392.0000     -733655.595374
396.0000     -733213.021532
400.0000     -733353.816086
404.0000     -732892.379059
408.0000     -733857.646544
412.0000     -732856.011695
416.0000     -733133.199314
420.0000     -732847.479470
424.0000     -732993.136996
428.0000     -732910.200442
432.0000     -734290.791927
436.0000     -733282.002551
440.0000     -733173.499062
444.0000     -733181.128734
448.0000     -733829.946320
452.0000     -732935.601064
456.0000     -733088.415506
460.0000     -733114.039107
464.0000     -733600.906937
468.0000     -732771.005272
472.0000     -733594.124077
476.0000     -733639.251114
480.0000     -732981.286125
484.0000     -732674.687126
488.0000     -733842.473788
492.0000     -733026.953170
496.0000     -733469.863715
500.0000     -733531.505065
504.0000     -733323.398293
508.0000     -732951.742107
512.0000     -733451.999274
516.0000     -732536.943007
520.0000     -732564.920309
524.0000     -733286.990662
528.0000     -732972.820330
532.0000     -733482.022578
536.0000     -732983.680474
540.0000     -733514.382943
544.0000     -732228.121148
548.0000     -733293.107026
552.0000     -733713.083668
556.0000     -732870.264842
560.0000     -732703.474076
564.0000     -733212.760570
568.0000     -733218.989491
572.0000     -731443.654908
576.0000     -733246.946326
580.0000     -733795.183459
584.0000     -732869.851960
588.0000     -733609.751954
592.0000     -732326.047047
596.0000     -734138.227049
600.0000     -733575.053668
604.0000     -732915.872060
608.0000     -733494.899604
612.0000     -733177.752546
616.0000     -732585.858281
620.0000     -732429.433144
624.0000     -732737.314588
628.0000     -732319.401557
632.0000     -732574.604441
636.0000     -732317.531891
640.0000     -732362.113985
644.0000     -732897.364667
648.0000     -733046.782049
652.0000     -732988.761647
656.0000     -733474.664626
660.0000     -733077.524539
664.0000     -733276.080278
668.0000     -733213.166295
672.0000     -733439.978898
676.0000     -732987.141383
680.0000     -733911.476588
684.0000     -733334.489902
688.0000     -733907.008156
692.0000     -733164.690830
696.0000     -734162.674734
700.0000     -733239.107205
704.0000     -733770.588748
708.0000     -733671.769389
712.0000     -732793.151107
716.0000     -733252.827929
720.0000     -732370.108650
724.0000     -733503.857909
728.0000     -732108.622087
732.0000     -733383.126005
736.0000     -733480.017065
740.0000     -732992.083835
744.0000     -732751.597607
748.0000     -733345.326260
752.0000     -734204.287275
756.0000     -733135.500349
760.0000     -733667.724592
764.0000     -734563.425671
768.0000     -733377.350686
772.0000     -733456.532394
776.0000     -733858.161687
780.0000     -733049.482667
784.0000     -733369.923438
788.0000     -733246.421739
792.0000     -733176.646450
796.0000     -733602.572994
800.0000     -733075.738807
804.0000     -733075.820324
808.0000     -732482.578656
812.0000     -733489.453464
816.0000     -733193.688678
820.0000     -732689.170718
824.0000     -732840.625072
828.0000     -732889.711821
832.0000     -733173.942374
836.0000     -732539.544385
840.0000     -732833.002791
844.0000     -733202.836841
848.0000     -732662.948278
852.0000     -732345.077677
856.0000     -733326.608161
860.0000     -733800.507614
864.0000     -733551.621210
868.0000     -733207.923087
872.0000     -733255.065036
876.0000     -733778.028160
880.0000     -732669.186815
884.0000     -732863.509700
888.0000     -733026.157921
892.0000     -733499.725213
896.0000     -733165.171448
900.0000     -733052.420047
904.0000     -732679.058482
908.0000     -733294.230941
912.0000     -733008.471724
916.0000     -733231.230079
920.0000     -732972.974068
924.0000     -732759.623373
928.0000     -732467.729484
932.0000     -732835.295866
936.0000     -733424.767516
940.0000     -732642.143213
944.0000     -733500.764724
948.0000     -732578.603713
952.0000     -732658.303099
956.0000     -733456.112500
960.0000     -732458.679613
964.0000     -732900.411290
968.0000     -733359.508897
972.0000     -733622.421034
976.0000     -733537.877376
980.0000     -732666.678319
984.0000     -733280.853653
988.0000     -733486.969272
992.0000     -732305.207654
996.0000     -733294.992902
1000.0000     -733785.303320
1004.0000     -733514.947013
1008.0000     -734335.118836
1012.0000     -733312.203347
1016.0000     -733366.436485
1020.0000     -733123.398771
1024.0000     -733275.386472
1028.0000     -732863.138993
1032.0000     -732706.811764
1036.0000     -733470.494372
1040.0000     -733337.534470
1044.0000     -734015.933317
1048.0000     -732500.481947
1052.0000     -732936.079520
1056.0000     -733231.284419
1060.0000     -733536.663576
1064.0000     -733909.951404
1068.0000     -732555.495781
1072.0000     -733588.638512
1076.0000     -734185.343724
1080.0000     -733168.354022
1084.0000     -733217.166132
1088.0000     -733764.095687
1092.0000     -732997.111349
1096.0000     -733472.202917
1100.0000     -734038.099490
1104.0000     -733047.039632
1108.0000     -733773.502475
1112.0000     -733088.232790
1116.0000     -733176.002560
1120.0000     -733734.506602
1124.0000     -733340.282712
1128.0000     -733840.880610
1132.0000     -733237.627427
1136.0000     -733356.973314
1140.0000     -733265.804725
1144.0000     -733561.767293
1148.0000     -732761.313705
1152.0000     -733213.913828
1156.0000     -733080.789404
1160.0000     -733758.487698
1164.0000     -733956.418490
1168.0000     -732970.289726
1172.0000     -733190.872411
1176.0000     -733201.198874
1180.0000     -733391.990683
1184.0000     -733477.223022
1188.0000     -733149.806437
1192.0000     -732722.425802
1196.0000     -734452.417069
1200.0000     -733311.205761
1204.0000     -733592.390282
1208.0000     -733225.856558
1212.0000     -732992.656416
1216.0000     -733580.139921
1220.0000     -734356.703796
1224.0000     -733587.980787
1228.0000     -733578.349444
1232.0000     -733744.734441
1236.0000     -733339.449696
1240.0000     -733081.286691
1244.0000     -733569.073541
1248.0000     -733735.973577
1252.0000     -733406.715935
1256.0000     -733109.891762
1260.0000     -733836.876657
1264.0000     -733039.365853
1268.0000     -733234.821609
1272.0000     -733885.492084
1276.0000     -733404.855293
1280.0000     -733653.058359
1284.0000     -733373.231389
1288.0000     -733732.833890
1292.0000     -733793.542272
1296.0000     -733273.853343
1300.0000     -733385.924052
1304.0000     -734348.771051
1308.0000     -733631.831846
1312.0000     -733600.207241
1316.0000     -733461.302310
1320.0000     -733311.963654
1324.0000     -733610.416602
1328.0000     -733266.012978
1332.0000     -733304.686054
1336.0000     -733677.306544
1340.0000     -733771.403707
1344.0000     -732930.886824
1348.0000     -733675.146697
1352.0000     -734763.901291
1356.0000     -733273.453256
1360.0000     -734269.788624
1364.0000     -734479.637315
1368.0000     -734115.971172
1372.0000     -733389.601404
1376.0000     -733607.205525
1380.0000     -733679.631706
1384.0000     -733891.535315
1388.0000     -733498.205397
1392.0000     -734035.487830
1396.0000     -733162.314352
1400.0000     -733929.473996
1404.0000     -733656.136456
1408.0000     -732727.110973
1412.0000     -732818.808546
1416.0000     -733461.059525
1420.0000     -732693.612803
1424.0000     -733639.681567
1428.0000     -733625.662283
1432.0000     -733023.331307
1436.0000     -733156.767005
1440.0000     -733745.468288
1444.0000     -733230.386709
1448.0000     -733237.627487
1452.0000     -733513.017570
1456.0000     -733615.392987
1460.0000     -733635.207750
1464.0000     -733608.696366
1468.0000     -733217.768935
1472.0000     -733868.040688
1476.0000     -733955.163917
1480.0000     -733384.154257
1484.0000     -733094.448302
1488.0000     -733509.055415
1492.0000     -732166.263697
1496.0000     -732943.888765
1500.0000     -734734.912346
1504.0000     -733560.782326
1508.0000     -734392.840922
1512.0000     -733235.397152
1516.0000     -733485.538813
1520.0000     -732804.475874
1524.0000     -733484.746174
1528.0000     -732861.497727
1532.0000     -731856.623251
1536.0000     -733569.374624
1540.0000     -734003.570420
1544.0000     -733668.532267
1548.0000     -732784.482220
1552.0000     -732880.878274
1556.0000     -733653.557978
1560.0000     -733388.676226
1564.0000     -733499.930940
1568.0000     -733876.676195
1572.0000     -733443.404062
1576.0000     -733061.180220
1580.0000     -733768.646549
1584.0000     -733085.652241
1588.0000     -733668.838540
1592.0000     -733925.449629
1596.0000     -733249.517801
1600.0000     -734220.416585
1604.0000     -733650.796160
1608.0000     -733320.360155
1612.0000     -733327.055622
1616.0000     -733568.516153
1620.0000     -732702.082899
1624.0000     -733703.750274
1628.0000     -733799.943212
1632.0000     -732867.102465
1636.0000     -734009.361192
1640.0000     -733347.138533
1644.0000     -733343.506122
1648.0000     -732931.211855
1652.0000     -733933.942693
1656.0000     -733782.438476
1660.0000     -733526.450790
1664.0000     -733913.156417
1668.0000     -734282.783252
1672.0000     -733782.948622
1676.0000     -733858.614300
1680.0000     -733364.046647
1684.0000     -733235.555930
1688.0000     -733165.227020
1692.0000     -732684.718743
1696.0000     -733883.860934
1700.0000     -733278.893627
1704.0000     -734187.910328
1708.0000     -733562.428328
1712.0000     -734229.035280
1716.0000     -734533.898422
1720.0000     -734019.420742
1724.0000     -734185.914716
1728.0000     -734238.670806
1732.0000     -733771.288869
1736.0000     -733273.849678
1740.0000     -734428.738891
1744.0000     -734203.128196
1748.0000     -733282.996112
1752.0000     -733417.783504
1756.0000     -733488.739290
1760.0000     -732767.177262
1764.0000     -733891.078494
1768.0000     -733609.860691
1772.0000     -734226.350072
1776.0000     -733542.474146
1780.0000     -733644.142659
1784.0000     -732930.995917
1788.0000     -733436.843919
1792.0000     -733285.069654
1796.0000     -732759.190093
1800.0000     -734081.500488
1804.0000     -733257.878620
1808.0000     -733463.615473
1812.0000     -733610.282050
1816.0000     -733497.465886
1820.0000     -734387.555314
1824.0000     -733437.594545
1828.0000     -733471.278724
1832.0000     -733653.099340
1836.0000     -733182.159196
1840.0000     -734030.075061
1844.0000     -733162.547554
1848.0000     -733043.186875
1852.0000     -733829.119844
1856.0000     -733916.934497
1860.0000     -732822.204757
1864.0000     -733269.259826
1868.0000     -734727.181749
1872.0000     -733239.817880
1876.0000     -733448.598886
1880.0000     -733696.155646
1884.0000     -733102.716314
1888.0000     -733852.553536
1892.0000     -732541.240638
1896.0000     -733811.118648
1900.0000     -733795.039586
1904.0000     -733343.350545
1908.0000     -733511.785911
1912.0000     -732580.055890
1916.0000     -732887.269182
1920.0000     -733154.092914
1924.0000     -733375.385033
1928.0000     -734211.806129
1932.0000     -734642.474487
1936.0000     -733279.703928
1940.0000     -733237.948700
1944.0000     -732862.994319
1948.0000     -732815.941036
1952.0000     -733328.863750
1956.0000     -732720.450938
1960.0000     -733778.514659
1964.0000     -733779.874262
1968.0000     -733854.757284
1972.0000     -733111.010488
1976.0000     -733554.266106
1980.0000     -733309.073936
1984.0000     -734498.264097
1988.0000     -734256.770526
1992.0000     -734016.734315
1996.0000     -733826.751143
2000.0000     -733628.758858
2004.0000     -733846.205843
2008.0000     -733568.186643
2012.0000     -733624.011444
2016.0000     -732666.683860
2020.0000     -733221.797035
2024.0000     -733259.059740
2028.0000     -733650.049690
2032.0000     -733637.143194
2036.0000     -734016.732572
2040.0000     -734034.231419
2044.0000     -733231.049624
2048.0000     -733579.617038
2052.0000     -733316.865520
2056.0000     -733432.217471
2060.0000     -732418.839107
2064.0000     -733536.463187
2068.0000     -733933.106997
2072.0000     -733165.985451
2076.0000     -733222.247442
2080.0000     -733642.047216
2084.0000     -734016.292172
2088.0000     -733903.460666
2092.0000     -734049.517349
2096.0000     -734900.916877
2100.0000     -734088.562641
2104.0000     -733734.138077
2108.0000     -734230.388761
2112.0000     -733696.484564
2116.0000     -733972.008563
2120.0000     -734031.959111
2124.0000     -733131.250080
2128.0000     -734476.520135
2132.0000     -733965.761001
2136.0000     -733937.648596
2140.0000     -732886.804582
2144.0000     -733225.157875
2148.0000     -733406.974342
2152.0000     -733343.318038
2156.0000     -733284.138444
2160.0000     -734057.943958
2164.0000     -733902.248224
2168.0000     -733539.733407
2172.0000     -732606.987220
2176.0000     -733685.449825
2180.0000     -733093.763190
2184.0000     -733624.709309
2188.0000     -732733.052995
2192.0000     -733494.008174
2196.0000     -733356.896590
2200.0000     -734354.230772
2204.0000     -734639.169394
2208.0000     -732795.535381
2212.0000     -733513.660313
2216.0000     -733774.790061
2220.0000     -733538.867683
2224.0000     -733284.757815
2228.0000     -733698.317897
2232.0000     -733007.728344
2236.0000     -733092.483799
2240.0000     -733175.551767
2244.0000     -733912.014730
2248.0000     -733930.738693
2252.0000     -732964.675215
2256.0000     -733173.511643
2260.0000     -733661.735564
2264.0000     -733606.373452
2268.0000     -732810.532577
2272.0000     -734180.952525
2276.0000     -734136.843247
2280.0000     -733848.182040
2284.0000     -733610.087632
2288.0000     -733499.819670
2292.0000     -733689.981112
2296.0000     -733504.962715
2300.0000     -733508.118154
2304.0000     -733406.860565
2308.0000     -733676.260628
2312.0000     -733935.411313
2316.0000     -733793.748744
2320.0000     -734043.770697
2324.0000     -734865.249496
2328.0000     -733883.621008
2332.0000     -733242.578177
2336.0000     -734058.372936
2340.0000     -734057.315597
2344.0000     -734258.685068
2348.0000     -734410.412446
2352.0000     -733902.260398
2356.0000     -733409.454858
2360.0000     -733660.739848
2364.0000     -733692.699088
2368.0000     -734200.400522
2372.0000     -733402.462869
2376.0000     -733314.179598
2380.0000     -733408.659689
2384.0000     -733319.206645
2388.0000     -732901.702081
2392.0000     -733494.652586
2396.0000     -733573.808223
2400.0000     -733579.502105
2404.0000     -733829.480367
2408.0000     -734641.547244
2412.0000     -734036.607971
2416.0000     -733279.029770
2420.0000     -732856.408943
2424.0000     -733891.636243
2428.0000     -732735.632178
2432.0000     -733592.082892
2436.0000     -733592.089084
2440.0000     -733885.904554
2444.0000     -732984.911542
2448.0000     -732832.002272
2452.0000     -733808.947742
2456.0000     -732881.632881
2460.0000     -733696.226087
2464.0000     -734118.633683
2468.0000     -734373.479540
2472.0000     -733026.554087
2476.0000     -734104.809916
2480.0000     -734018.901137
2484.0000     -733266.431934
2488.0000     -733766.357214
2492.0000     -733841.107841
2496.0000     -733908.211074
2500.0000     -733619.675888
2504.0000     -733418.073810
2508.0000     -733622.194705
2512.0000     -733745.773011
2516.0000     -733781.030281
2520.0000     -733739.411966
2524.0000     -733416.948130
2528.0000     -733896.050219
2532.0000     -734052.714508
2536.0000     -733837.587996
2540.0000     -733605.606284
2544.0000     -733232.263594
2548.0000     -733986.548541
2552.0000     -733118.239703
2556.0000     -733701.997415
2560.0000     -733264.227809
2564.0000     -732878.743190
2568.0000     -733301.738410
2572.0000     -733300.924712
2576.0000     -734340.944513
2580.0000     -733156.513372
2584.0000     -732903.439206
2588.0000     -733535.310158
2592.0000     -732106.860673
2596.0000     -733344.943458
2600.0000     -733284.012374
2604.0000     -733753.434516
2608.0000     -733703.541007
2612.0000     -732905.869233
2616.0000     -733628.457917
2620.0000     -733230.693317
2624.0000     -733397.932223
2628.0000     -733560.446124
2632.0000     -733707.953961
2636.0000     -732883.216907
2640.0000     -733749.928483
2644.0000     -733325.510403
2648.0000     -733608.292365
2652.0000     -733054.573521
2656.0000     -733712.508712
2660.0000     -733456.865730
2664.0000     -733220.252998
2668.0000     -733079.632006
2672.0000     -733535.194439
2676.0000     -734075.235077
2680.0000     -734002.039349
2684.0000     -734180.098760
2688.0000     -733482.389981
2692.0000     -733342.895729
2696.0000     -732840.288344
2700.0000     -733605.278926
2704.0000     -734568.552062
2708.0000     -733860.795204
2712.0000     -734252.600426
2716.0000     -732780.420667
2720.0000     -734085.714122
2724.0000     -733879.640639
2728.0000     -733557.737064
2732.0000     -734195.841676
2736.0000     -733905.407077
2740.0000     -735288.055458
2744.0000     -733406.219908
2748.0000     -733482.924157
2752.0000     -733037.691065
2756.0000     -734518.349135
2760.0000     -733168.019251
2764.0000     -734029.948190
2768.0000     -733769.743258
2772.0000     -734180.142418
2776.0000     -733681.484138
2780.0000     -733143.204715
2784.0000     -733702.926423
2788.0000     -733158.554218
2792.0000     -734107.561132
2796.0000     -733554.688142
2800.0000     -733344.884329
2804.0000     -734197.417005
2808.0000     -733366.906102
2812.0000     -733957.777101
2816.0000     -733156.063348
2820.0000     -733599.972677
2824.0000     -733418.337935
2828.0000     -733634.498873
2832.0000     -734105.929975
2836.0000     -734431.065493
2840.0000     -733390.115949
2844.0000     -733342.506407
2848.0000     -733199.695234
2852.0000     -734077.077482
2856.0000     -733831.393628
2860.0000     -733350.706105
2864.0000     -733867.712141
2868.0000     -733496.752659
2872.0000     -733996.541282
2876.0000     -734338.368616
2880.0000     -733813.343196
2884.0000     -734044.285963
2888.0000     -733823.474763
2892.0000     -733829.918660
2896.0000     -734520.818816
2900.0000     -734064.526263
2904.0000     -733965.020954
2908.0000     -734021.647954
2912.0000     -733076.637680
2916.0000     -734032.497092
2920.0000     -733965.688183
2924.0000     -733226.828965
2928.0000     -735057.476279
2932.0000     -733659.879936
2936.0000     -732518.337835
2940.0000     -733710.717004
2944.0000     -734169.547347
2948.0000     -734062.510598
2952.0000     -733715.676433
2956.0000     -733123.271196
2960.0000     -732988.557504
2964.0000     -732715.859716
2968.0000     -733338.873882
2972.0000     -733443.466211
2976.0000     -733708.979405
2980.0000     -733701.417997
2984.0000     -733348.287968
2988.0000     -733483.083932
2992.0000     -733497.922981
2996.0000     -732940.770941
3000.0000     -733816.064071
3004.0000     -734440.523614
3008.0000     -733467.936860
3012.0000     -734371.199401
3016.0000     -733398.208675
3020.0000     -733997.423439
3024.0000     -733122.835318
3028.0000     -733927.037474
3032.0000     -733174.984153
3036.0000     -734158.574312
3040.0000     -733580.884984
3044.0000     -733461.956275
3048.0000     -734112.644716
3052.0000     -734154.154545
3056.0000     -734130.625410
3060.0000     -734699.578480
3064.0000     -733726.997054
3068.0000     -733532.153219
3072.0000     -733884.618497
3076.0000     -732944.154193
3080.0000     -734069.732992
3084.0000     -734023.253644
3088.0000     -733516.372383
3092.0000     -733639.627032
3096.0000     -733779.669223
3100.0000     -733856.823368
3104.0000     -733592.468860
3108.0000     -733454.322497
3112.0000     -734032.195341
3116.0000     -733550.599349
3120.0000     -733954.844345
3124.0000     -733389.395015
3128.0000     -734252.196717
3132.0000     -733030.409570
3136.0000     -733837.430884
3140.0000     -733759.957289
3144.0000     -733244.464098
3148.0000     -733693.143395
3152.0000     -733956.529103
3156.0000     -733821.185786
3160.0000     -733707.999796
3164.0000     -733053.051406
3168.0000     -733596.020454
3172.0000     -733217.953442
3176.0000     -733736.651225
3180.0000     -733670.853871
3184.0000     -732686.647483
3188.0000     -734018.589923
3192.0000     -733852.791110
3196.0000     -732870.408035
3200.0000     -733756.608768
3204.0000     -733767.963753
3208.0000     -733903.097846
3212.0000     -734369.265727
3216.0000     -733751.616721
3220.0000     -734028.988353
3224.0000     -733564.793175
3228.0000     -733400.904894
3232.0000     -733149.183026
3236.0000     -733016.518920
3240.0000     -733093.205314
3244.0000     -733513.537258
3248.0000     -733784.613139
3252.0000     -733838.672651
3256.0000     -733278.517177
3260.0000     -733899.106013
3264.0000     -733985.456190
3268.0000     -733979.268791
3272.0000     -733551.526819
3276.0000     -733819.508521
3280.0000     -733397.004546
3284.0000     -733748.807015
3288.0000     -733435.966874
3292.0000     -733952.924183
3296.0000     -732225.534040
3300.0000     -733006.036375
3304.0000     -733209.439821
3308.0000     -733058.429102
3312.0000     -733805.084065
3316.0000     -733199.606132
3320.0000     -732397.715990
3324.0000     -733561.086365
3328.0000     -733517.529937
3332.0000     -733406.417576
3336.0000     -732152.072968
3340.0000     -733856.205138
3344.0000     -733316.312193
3348.0000     -733319.572380
3352.0000     -734207.202106
3356.0000     -733450.323954
3360.0000     -733476.525012
3364.0000     -733751.759281
3368.0000     -733216.227702
3372.0000     -733477.888554
3376.0000     -732891.516600
3380.0000     -734528.240499
3384.0000     -733343.795770
3388.0000     -734168.013885
3392.0000     -733852.592818
3396.0000     -732576.421080
3400.0000     -733642.520412
3404.0000     -733180.432353
3408.0000     -733451.500037
3412.0000     -733715.424190
3416.0000     -733294.958959
3420.0000     -733339.909291
3424.0000     -733800.392465
3428.0000     -734566.843616
3432.0000     -733424.825041
3436.0000     -733859.031598
3440.0000     -733913.732603
3444.0000     -733456.439586
3448.0000     -733353.813328
3452.0000     -734223.329370
3456.0000     -733407.696065
3460.0000     -733946.881104
3464.0000     -733101.682125
3468.0000     -733963.806522
3472.0000     -733410.961238
3476.0000     -733558.709968
3480.0000     -733755.964887
3484.0000     -733275.653642
3488.0000     -733885.942976
3492.0000     -733631.015748
3496.0000     -734341.963725
3500.0000     -734197.938038
3504.0000     -734023.505746
3508.0000     -734092.325752
3512.0000     -734957.639919
3516.0000     -734037.883958
3520.0000     -734584.431796
3524.0000     -733768.261524
3528.0000     -733395.177015
3532.0000     -733203.018233
3536.0000     -733333.096662
3540.0000     -732965.139000
3544.0000     -733220.520814
3548.0000     -733868.682551
3552.0000     -733457.910987
3556.0000     -733729.892363
3560.0000     -733766.754716
3564.0000     -734329.918824
3568.0000     -734722.366533
3572.0000     -734148.746857
3576.0000     -733608.402976
3580.0000     -734135.988417
3584.0000     -733981.291928
3588.0000     -733589.076164
3592.0000     -734229.755146
3596.0000     -733764.607073
3600.0000     -733756.547929
3604.0000     -733334.867328
3608.0000     -734394.941650
3612.0000     -733960.812229
3616.0000     -734109.823452
3620.0000     -733247.296879
3624.0000     -732463.579750
3628.0000     -733764.930759
3632.0000     -733129.297663
3636.0000     -733723.488684
3640.0000     -734441.278612
3644.0000     -733755.805764
3648.0000     -733100.453938
3652.0000     -733812.263069
3656.0000     -733145.297902
3660.0000     -733163.034716
3664.0000     -733709.641040
3668.0000     -733518.014203
3672.0000     -733738.632874
3676.0000     -733024.953888
3680.0000     -733548.950385
3684.0000     -734610.212590
3688.0000     -733153.058739
3692.0000     -733565.679840
3696.0000     -732743.542236
3700.0000     -733087.401065
3704.0000     -733585.574687
3708.0000     -734068.936871
3712.0000     -734127.579877
3716.0000     -733364.707994
3720.0000     -733798.536340
3724.0000     -733489.295848
3728.0000     -733293.567441
3732.0000     -734240.728096
3736.0000     -733650.245889
3740.0000     -733661.872667
3744.0000     -733600.405220
3748.0000     -733700.465703
3752.0000     -733506.546837
3756.0000     -732861.555521
3760.0000     -733240.344495
3764.0000     -733762.088614
3768.0000     -734440.974703
3772.0000     -732987.535675
3776.0000     -732759.918439
3780.0000     -733389.474496
3784.0000     -733929.325396
3788.0000     -733837.415400
3792.0000     -733586.795791
3796.0000     -733272.321746
3800.0000     -734027.535665
3804.0000     -733715.422489
3808.0000     -733573.002763
3812.0000     -733492.007467
3816.0000     -733705.908308
3820.0000     -732966.279991
3824.0000     -733431.277466
3828.0000     -733825.880024
3832.0000     -733785.743154
3836.0000     -733310.378171
3840.0000     -734646.197912
3844.0000     -734271.934497
3848.0000     -733301.507481
3852.0000     -733543.371926
3856.0000     -733542.654377
3860.0000     -733825.459535
3864.0000     -733773.879856
3868.0000     -733580.159036
3872.0000     -734063.927041
3876.0000     -733748.765455
3880.0000     -734095.957827
3884.0000     -734404.764557
3888.0000     -733401.910608
3892.0000     -733284.139544
3896.0000     -733638.181844
3900.0000     -733280.883503
3904.0000     -734252.126393
3908.0000     -734093.427521
3912.0000     -734031.542375
3916.0000     -734184.099510
3920.0000     -733651.241522
3924.0000     -734204.520046
3928.0000     -733371.509157
3932.0000     -734109.997759
3936.0000     -733843.965666
3940.0000     -733694.441875
3944.0000     -734319.890428
3948.0000     -734063.272541
3952.0000     -732648.550231
3956.0000     -733777.280976
3960.0000     -733733.325754
3964.0000     -732919.090869
3968.0000     -733639.665926
3972.0000     -733788.635110
3976.0000     -734638.014833
3980.0000     -734205.467628
3984.0000     -733601.189125
3988.0000     -734113.991648
3992.0000     -733836.234477
3996.0000     -733955.718377
4000.0000     -733045.287205
4004.0000     -733045.287205
