4.0000      -31018.506204
8.0000      -30932.403031
12.0000      -30989.327698
16.0000      -30931.325911
20.0000      -30876.816193
24.0000      -30862.859258
28.0000      -30823.206450
32.0000      -30942.004206
36.0000      -30908.602896
40.0000      -30894.632123
44.0000      -30949.529107
48.0000      -30770.069341
52.0000      -30935.259601
56.0000      -30908.662863
60.0000      -30961.136322
64.0000      -30915.098852
68.0000      -30915.803790
72.0000      -30866.063839
76.0000      -30885.481969
80.0000      -30583.602263
84.0000      -30972.021162
88.0000      -30910.466574
92.0000      -30827.774447
96.0000      -30830.145970
100.0000      -30796.826179
104.0000      -30831.070434
108.0000      -30830.745979
112.0000      -30790.970040
116.0000      -30846.631231
120.0000      -30805.875603
124.0000      -30819.900640
128.0000      -30911.903350
132.0000      -30892.383807
136.0000      -30978.172704
140.0000      -30767.175571
144.0000      -30952.410711
148.0000      -30836.791079
152.0000      -30935.698558
156.0000      -30925.301054
160.0000      -30911.700457
164.0000      -31075.972005
168.0000      -30867.076207
172.0000      -30865.033226
176.0000      -30890.207730
180.0000      -30870.653800
184.0000      -30878.789179
188.0000      -30961.370251
192.0000      -31052.375060
196.0000      -30888.993715
200.0000      -30886.291775
204.0000      -30882.685704
208.0000      -30839.802399
212.0000      -30868.532379
216.0000      -30923.176506
220.0000      -30999.315338
224.0000      -31013.621611
228.0000      -30954.708212
232.0000      -30844.172543
236.0000      -30923.695878
240.0000      -30838.881661
244.0000      -30868.605983
248.0000      -30795.399654
252.0000      -31300.841917
256.0000      -30798.167921
260.0000      -30847.274821
264.0000      -30613.379427
268.0000      -30866.352357
272.0000      -30929.751631
276.0000      -30785.478997
280.0000      -30874.300994
284.0000      -30989.420478
288.0000      -30874.079632
292.0000      -30872.044873
296.0000      -30728.965694
300.0000      -30922.288398
304.0000      -30979.185239
308.0000      -31112.641096
312.0000      -30938.831788
316.0000      -30931.997468
320.0000      -30824.200183
324.0000      -30916.313236
328.0000      -30860.560590
332.0000      -30840.855645
336.0000      -30851.433672
340.0000      -30848.409481
344.0000      -30894.682340
348.0000      -30832.504338
352.0000      -30991.262194
356.0000      -30982.838127
360.0000      -31063.406745
364.0000      -30917.898499
368.0000      -30970.250122
372.0000      -30934.004342
376.0000      -30763.398020
380.0000      -30772.050408
384.0000      -30837.049523
388.0000      -30815.135435
392.0000      -30742.671486
396.0000      -30963.614396
400.0000      -30822.936808
404.0000      -30908.457119
408.0000      -30854.072712
412.0000      -30851.666712
416.0000      -30945.508694
420.0000      -30937.704936
424.0000      -30981.104529
428.0000      -30889.211613
432.0000      -30864.593045
436.0000      -30913.612732
440.0000      -30875.188264
444.0000      -30883.221497
448.0000      -30931.790946
452.0000      -30860.387995
456.0000      -30893.664629
460.0000      -30884.957796
464.0000      -30851.510084
468.0000      -30926.294949
472.0000      -30811.310150
476.0000      -31045.078622
480.0000      -30839.944500
484.0000      -31014.590430
488.0000      -30934.518142
492.0000      -30912.974901
496.0000      -30962.950699
500.0000      -30889.465815
504.0000      -30745.782993
508.0000      -30876.976007
512.0000      -30935.646030
516.0000      -31063.353899
520.0000      -30831.511345
524.0000      -30876.437867
528.0000      -31021.781236
532.0000      -30680.139729
536.0000      -30888.584730
540.0000      -30796.781090
544.0000      -30865.455028
548.0000      -31009.607827
552.0000      -30997.027471
556.0000      -31082.022698
560.0000      -30896.525932
564.0000      -30907.425295
568.0000      -30876.314647
572.0000      -30883.907731
576.0000      -30874.428561
580.0000      -30853.565453
584.0000      -30991.408849
588.0000      -30817.390015
592.0000      -31026.302725
596.0000      -30890.934703
600.0000      -30839.954580
604.0000      -30933.492893
608.0000      -31020.341574
612.0000      -30887.007733
616.0000      -31024.506535
620.0000      -30856.081116
624.0000      -30998.335617
628.0000      -30951.368737
632.0000      -30896.319211
636.0000      -31053.883846
640.0000      -30787.960652
644.0000      -30896.558969
648.0000      -31010.908057
652.0000      -30921.821149
656.0000      -30918.069748
660.0000      -30982.987503
664.0000      -30891.595259
668.0000      -31030.430864
672.0000      -30988.155245
676.0000      -30947.337093
680.0000      -30773.501845
684.0000      -30863.314099
688.0000      -30903.458259
692.0000      -30782.963128
696.0000      -30780.831797
700.0000      -31065.776469
704.0000      -30979.014208
708.0000      -30965.756798
712.0000      -31052.784388
716.0000      -30954.948758
720.0000      -31002.776326
724.0000      -30997.009615
728.0000      -30955.496701
732.0000      -31235.094588
736.0000      -30772.598026
740.0000      -30987.061781
744.0000      -30886.826112
748.0000      -30775.629472
752.0000      -30979.272535
756.0000      -30890.094324
760.0000      -30830.824603
764.0000      -30856.136997
768.0000      -30954.483266
772.0000      -30861.885503
776.0000      -30935.296414
780.0000      -30870.928742
784.0000      -30953.642958
788.0000      -30992.496112
792.0000      -30801.256519
796.0000      -30952.970391
800.0000      -30906.428682
804.0000      -30968.883366
808.0000      -31136.178022
812.0000      -30936.269341
816.0000      -30889.102610
820.0000      -30962.663085
824.0000      -30690.867502
828.0000      -30919.760295
832.0000      -30888.520822
836.0000      -30887.337396
840.0000      -30824.524056
844.0000      -31026.032727
848.0000      -31004.070515
852.0000      -30907.676210
856.0000      -30996.448625
860.0000      -30881.129935
864.0000      -30868.893603
868.0000      -30793.484316
872.0000      -30923.592612
876.0000      -30974.589990
880.0000      -31045.432747
884.0000      -30869.608824
888.0000      -30803.177280
892.0000      -30969.977507
896.0000      -30967.500423
900.0000      -30973.815067
904.0000      -30965.074569
908.0000      -30835.208435
912.0000      -30892.838242
916.0000      -30867.197468
920.0000      -30973.381069
924.0000      -30930.380276
928.0000      -30865.819186
932.0000      -31037.958614
936.0000      -30959.511757
940.0000      -30878.863484
944.0000      -30897.575885
948.0000      -30785.888092
952.0000      -30855.775038
956.0000      -30984.246001
960.0000      -30888.126658
964.0000      -31015.394392
968.0000      -31030.164456
972.0000      -31015.630626
976.0000      -31010.509920
980.0000      -30765.228009
984.0000      -30952.591080
988.0000      -30789.620735
992.0000      -30846.572668
996.0000      -30973.344930
1000.0000      -31025.535311
1004.0000      -30972.160034
1008.0000      -30920.961895
1012.0000      -31058.142955
1016.0000      -30751.513873
1020.0000      -30954.877844
1024.0000      -30753.549307
1028.0000      -30781.184319
1032.0000      -30830.020497
1036.0000      -30965.406768
1040.0000      -30872.333834
1044.0000      -30927.650521
1048.0000      -30911.841771
1052.0000      -31002.190739
1056.0000      -30760.146707
1060.0000      -30890.601980
1064.0000      -30830.484178
1068.0000      -30944.652306
1072.0000      -30911.937366
1076.0000      -30855.451660
1080.0000      -30847.864856
1084.0000      -30943.946387
1088.0000      -30879.034821
1092.0000      -30862.292252
1096.0000      -30804.251245
1100.0000      -30966.318264
1104.0000      -30995.159983
1108.0000      -30967.748420
1112.0000      -30932.217462
1116.0000      -31052.797086
1120.0000      -30623.678040
1124.0000      -31089.574310
1128.0000      -30878.486776
1132.0000      -30986.194629
1136.0000      -30818.776148
1140.0000      -30914.097272
1144.0000      -30903.778571
1148.0000      -30941.548088
1152.0000      -30782.235736
1156.0000      -30883.981194
1160.0000      -30812.832956
1164.0000      -30984.850190
1168.0000      -31004.629526
1172.0000      -31072.147125
1176.0000      -30905.176622
1180.0000      -30950.614914
1184.0000      -31023.680869
1188.0000      -30840.425738
1192.0000      -31056.390576
1196.0000      -30826.571359
1200.0000      -30831.880981
1204.0000      -30922.407391
1208.0000      -30935.472268
1212.0000      -31040.921598
1216.0000      -30930.235970
1220.0000      -31061.949265
1224.0000      -30963.889593
1228.0000      -30961.704071
1232.0000      -30877.976290
1236.0000      -31036.690627
1240.0000      -30951.249500
1244.0000      -30955.672333
1248.0000      -30953.672406
1252.0000      -31106.818418
1256.0000      -30814.831654
1260.0000      -30935.519960
1264.0000      -30976.093243
1268.0000      -30868.582236
1272.0000      -31112.582654
1276.0000      -30915.373665
1280.0000      -31046.699838
1284.0000      -31049.039145
1288.0000      -30849.270923
1292.0000      -30952.949895
1296.0000      -30966.145313
1300.0000      -30866.944954
1304.0000      -30980.180458
1308.0000      -30843.136764
1312.0000      -30982.516860
1316.0000      -30861.386414
1320.0000      -30911.891651
1324.0000      -30824.235067
1328.0000      -30824.320262
1332.0000      -30873.000966
1336.0000      -30872.207641
1340.0000      -30881.973884
1344.0000      -30851.071736
1348.0000      -30827.380439
1352.0000      -30871.015320
1356.0000      -30846.751623
1360.0000      -30894.862068
1364.0000      -30923.625242
1368.0000      -31009.401388
1372.0000      -30926.663075
1376.0000      -30837.214932
1380.0000      -31028.756881
1384.0000      -30891.705856
1388.0000      -30817.120468
1392.0000      -30811.073850
1396.0000      -30905.335872
1400.0000      -30872.974689
1404.0000      -30822.672182
1408.0000      -30898.639682
1412.0000      -31063.921318
1416.0000      -31009.848471
1420.0000      -30925.138663
1424.0000      -30758.998956
1428.0000      -30931.707884
1432.0000      -30887.142431
1436.0000      -30968.167791
1440.0000      -31011.887227
1444.0000      -30749.590496
1448.0000      -30890.742995
1452.0000      -30954.561223
1456.0000      -30989.590888
1460.0000      -30918.548884
1464.0000      -30936.746543
1468.0000      -30891.891030
1472.0000      -30876.821667
1476.0000      -30963.132459
1480.0000      -30943.294040
1484.0000      -30842.966618
1488.0000      -30852.724676
1492.0000      -30902.071021
1496.0000      -30954.818114
1500.0000      -30783.567172
1504.0000      -30934.551853
1508.0000      -30821.034347
1512.0000      -30741.291510
1516.0000      -31005.939606
1520.0000      -30959.835527
1524.0000      -30843.780579
1528.0000      -30673.702475
1532.0000      -30744.612704
1536.0000      -30996.226777
1540.0000      -30915.020713
1544.0000      -30947.092244
1548.0000      -30948.763879
1552.0000      -31014.635974
1556.0000      -30950.543906
1560.0000      -30732.486778
1564.0000      -31038.741143
1568.0000      -30794.195031
1572.0000      -30879.995057
1576.0000      -30859.269160
1580.0000      -30924.376705
1584.0000      -31050.035238
1588.0000      -30715.521164
1592.0000      -30764.099801
1596.0000      -30901.198661
1600.0000      -30810.143535
1604.0000      -30879.346436
1608.0000      -31057.563258
1612.0000      -30862.973262
1616.0000      -30835.994336
1620.0000      -31156.962726
1624.0000      -30772.737415
1628.0000      -30981.125380
1632.0000      -31021.096268
1636.0000      -30950.300565
1640.0000      -30915.102911
1644.0000      -30835.983937
1648.0000      -30770.360828
1652.0000      -30834.046079
1656.0000      -30858.405448
1660.0000      -30759.289417
1664.0000      -30751.852810
1668.0000      -30913.583808
1672.0000      -30931.709079
1676.0000      -30721.481485
1680.0000      -30805.150918
1684.0000      -30943.746631
1688.0000      -30960.079146
1692.0000      -30998.837755
1696.0000      -30894.707489
1700.0000      -30800.322414
1704.0000      -30945.668690
1708.0000      -30871.563368
1712.0000      -30914.314707
1716.0000      -30994.834731
1720.0000      -30782.752535
1724.0000      -30843.997602
1728.0000      -30862.560118
1732.0000      -30972.323207
1736.0000      -30948.217849
1740.0000      -30959.670184
1744.0000      -30992.696101
1748.0000      -30863.527276
1752.0000      -30854.998028
1756.0000      -30956.913229
1760.0000      -30928.664170
1764.0000      -30914.550651
1768.0000      -31012.532337
1772.0000      -30859.027051
1776.0000      -30754.889192
1780.0000      -30776.989626
1784.0000      -30801.602743
1788.0000      -30895.613102
1792.0000      -30922.229435
1796.0000      -30988.937946
1800.0000      -31021.893678
1804.0000      -30992.484986
1808.0000      -30824.500964
1812.0000      -30806.875365
1816.0000      -30641.660164
1820.0000      -30950.984446
1824.0000      -30810.947922
1828.0000      -30848.245343
1832.0000      -30776.838591
1836.0000      -30971.698770
1840.0000      -30791.397895
1844.0000      -30681.880183
1848.0000      -30863.016321
1852.0000      -30922.375967
1856.0000      -30852.278396
1860.0000      -30837.952035
1864.0000      -30945.706938
1868.0000      -31028.813144
1872.0000      -30847.706389
1876.0000      -31008.511378
1880.0000      -31043.020511
1884.0000      -30883.724713
1888.0000      -30783.038702
1892.0000      -30907.715114
1896.0000      -30996.408593
1900.0000      -30873.477260
1904.0000      -30854.165734
1908.0000      -30909.214594
1912.0000      -30875.019003
1916.0000      -30803.688063
1920.0000      -30948.852340
1924.0000      -30889.328816
1928.0000      -30879.338583
1932.0000      -30772.276154
1936.0000      -30891.447097
1940.0000      -30804.575930
1944.0000      -30758.378232
1948.0000      -30725.834521
1952.0000      -30947.693899
1956.0000      -30845.113677
1960.0000      -30889.411674
1964.0000      -30744.989930
1968.0000      -30952.955291
1972.0000      -30745.015673
1976.0000      -30859.311404
1980.0000      -30972.451149
1984.0000      -30907.742160
1988.0000      -30958.768676
1992.0000      -30739.913392
1996.0000      -30805.051342
2000.0000      -30847.054338
2004.0000      -30901.379738
2008.0000      -31035.400687
2012.0000      -30953.942783
2016.0000      -31051.032926
2020.0000      -30920.179723
2024.0000      -30880.670215
2028.0000      -30847.561722
2032.0000      -31013.763747
2036.0000      -31029.056898
2040.0000      -31062.823683
2044.0000      -30877.478256
2048.0000      -30875.194659
2052.0000      -30942.004182
2056.0000      -31048.971952
2060.0000      -30951.245778
2064.0000      -30998.504469
2068.0000      -30860.360460
2072.0000      -30817.181924
2076.0000      -30804.621326
2080.0000      -30942.102427
2084.0000      -30831.385622
2088.0000      -30875.797223
2092.0000      -30800.972460
2096.0000      -30786.109089
2100.0000      -30877.585747
2104.0000      -30810.541200
2108.0000      -30969.805318
2112.0000      -30888.811440
2116.0000      -30705.471493
2120.0000      -30906.621831
2124.0000      -30964.765694
2128.0000      -30918.690285
2132.0000      -30733.156146
2136.0000      -30800.647509
2140.0000      -31005.974650
2144.0000      -30900.205957
2148.0000      -30888.313142
2152.0000      -30919.733211
2156.0000      -30977.603592
2160.0000      -30949.520569
2164.0000      -30940.013563
2168.0000      -30985.369865
2172.0000      -30919.721143
2176.0000      -30918.258483
2180.0000      -30991.388181
2184.0000      -31007.461097
2188.0000      -30935.590525
2192.0000      -30994.229336
2196.0000      -31108.690450
2200.0000      -30852.528539
2204.0000      -30835.418515
2208.0000      -30862.883940
2212.0000      -30919.170475
2216.0000      -30910.621055
2220.0000      -30976.521674
2224.0000      -30965.583810
2228.0000      -30854.496439
2232.0000      -30946.894931
2236.0000      -30828.767541
2240.0000      -31133.941366
2244.0000      -30994.686832
2248.0000      -30799.559881
2252.0000      -30876.932141
2256.0000      -30884.857810
2260.0000      -30913.950774
2264.0000      -30874.717101
2268.0000      -30966.380768
2272.0000      -31095.859379
2276.0000      -31037.035590
2280.0000      -31020.695931
2284.0000      -30897.915893
2288.0000      -30856.795954
2292.0000      -30844.358724
2296.0000      -30936.050650
2300.0000      -30797.873560
2304.0000      -31133.253363
2308.0000      -30882.675642
2312.0000      -30958.646615
2316.0000      -30949.111741
2320.0000      -30920.582223
2324.0000      -30978.929384
2328.0000      -30813.010142
2332.0000      -30835.016875
2336.0000      -31001.940725
2340.0000      -30769.908618
2344.0000      -31068.437166
2348.0000      -31060.401132
2352.0000      -30995.892670
2356.0000      -30979.531750
2360.0000      -30828.745483
2364.0000      -31056.626258
2368.0000      -30894.462726
2372.0000      -30945.781364
2376.0000      -30836.240211
2380.0000      -30850.270530
2384.0000      -30771.910428
2388.0000      -30925.890138
2392.0000      -30905.531295
2396.0000      -30914.802236
2400.0000      -31004.589134
2404.0000      -30933.419375
2408.0000      -30881.055704
2412.0000      -30947.064716
2416.0000      -30974.395001
2420.0000      -30939.232478
2424.0000      -30917.010904
2428.0000      -31166.931220
2432.0000      -30824.567233
2436.0000      -30956.412058
2440.0000      -31014.382509
2444.0000      -30920.334082
2448.0000      -30956.704869
2452.0000      -30921.890290
2456.0000      -30929.841746
2460.0000      -30901.247830
2464.0000      -30918.459914
2468.0000      -30869.581177
2472.0000      -30899.256528
2476.0000      -30875.655123
2480.0000      -30941.287711
2484.0000      -30844.936308
2488.0000      -31093.037657
2492.0000      -30962.239804
2496.0000      -30905.777168
2500.0000      -30863.094753
2504.0000      -30880.850271
2508.0000      -30831.506158
2512.0000      -31138.699967
2516.0000      -30988.335159
2520.0000      -30969.781516
2524.0000      -30933.918489
2528.0000      -30940.035639
2532.0000      -31009.665569
2536.0000      -30874.817312
2540.0000      -31070.492181
2544.0000      -30969.289852
2548.0000      -30826.031780
2552.0000      -31005.526464
2556.0000      -30881.791318
2560.0000      -30989.899530
2564.0000      -31043.070163
2568.0000      -30782.352550
2572.0000      -30850.008046
2576.0000      -30918.765160
2580.0000      -30762.351869
2584.0000      -30809.215145
2588.0000      -30788.673053
2592.0000      -30949.024759
2596.0000      -30822.170848
2600.0000      -30942.643110
2604.0000      -30881.337799
2608.0000      -30968.428956
2612.0000      -30729.581377
2616.0000      -30721.018297
2620.0000      -30949.221777
2624.0000      -30967.021565
2628.0000      -31100.286812
2632.0000      -30910.876769
2636.0000      -31035.352041
2640.0000      -30822.496400
2644.0000      -30972.761203
2648.0000      -30999.718079
2652.0000      -30875.020416
2656.0000      -30803.291203
2660.0000      -30751.908737
2664.0000      -30982.476591
2668.0000      -30885.733448
2672.0000      -30914.823280
2676.0000      -30900.789872
2680.0000      -30951.605916
2684.0000      -30902.567415
2688.0000      -30989.698377
2692.0000      -30939.570020
2696.0000      -30978.983079
2700.0000      -30778.138635
2704.0000      -30884.721936
2708.0000      -30884.896263
2712.0000      -30809.096005
2716.0000      -30836.168231
2720.0000      -30927.817386
2724.0000      -30746.419995
2728.0000      -30896.981984
2732.0000      -30750.727442
2736.0000      -30823.185160
2740.0000      -30874.385990
2744.0000      -30850.762280
2748.0000      -30828.762168
2752.0000      -30854.598437
2756.0000      -30973.669543
2760.0000      -30985.709441
2764.0000      -30871.716531
2768.0000      -30770.679868
2772.0000      -30813.054660
2776.0000      -30825.788710
2780.0000      -30974.786727
2784.0000      -30879.880950
2788.0000      -30888.240206
2792.0000      -30944.162186
2796.0000      -30997.498116
2800.0000      -31017.974521
2804.0000      -30805.968899
2808.0000      -31072.073617
2812.0000      -30767.811195
2816.0000      -30887.539707
2820.0000      -30958.624965
2824.0000      -30981.242345
2828.0000      -31062.720233
2832.0000      -30804.984405
2836.0000      -30910.387800
2840.0000      -30708.141773
2844.0000      -30898.457787
2848.0000      -30833.948461
2852.0000      -30818.991661
2856.0000      -30918.837411
2860.0000      -30645.739821
2864.0000      -30895.577623
2868.0000      -31042.912489
2872.0000      -30831.984173
2876.0000      -30875.373548
2880.0000      -30911.364116
2884.0000      -31081.901643
2888.0000      -30960.420661
2892.0000      -30887.037027
2896.0000      -30901.714897
2900.0000      -30937.468794
2904.0000      -30936.110860
2908.0000      -30871.436859
2912.0000      -30870.869038
2916.0000      -30808.587772
2920.0000      -30679.800040
2924.0000      -30926.948143
2928.0000      -31032.593106
2932.0000      -30994.363896
2936.0000      -30882.024702
2940.0000      -30793.386413
2944.0000      -30930.216927
2948.0000      -30901.502377
2952.0000      -30826.262820
2956.0000      -30873.544138
2960.0000      -30841.264118
2964.0000      -30938.997742
2968.0000      -30744.579711
2972.0000      -30811.019982
2976.0000      -30672.390709
2980.0000      -30854.081533
2984.0000      -30860.116427
2988.0000      -30966.512580
2992.0000      -30850.708962
2996.0000      -30875.497054
3000.0000      -30941.278711
3004.0000      -31058.794162
3008.0000      -30965.911593
3012.0000      -30868.552101
3016.0000      -30949.532539
3020.0000      -30826.393117
3024.0000      -30719.416668
3028.0000      -30808.940680
3032.0000      -31008.081010
3036.0000      -31083.605334
3040.0000      -30897.709719
3044.0000      -30837.806611
3048.0000      -30794.241945
3052.0000      -30929.661228
3056.0000      -30963.044825
3060.0000      -30988.090884
3064.0000      -30798.243338
3068.0000      -30802.549673
3072.0000      -30872.314407
3076.0000      -30923.865453
3080.0000      -30894.605791
3084.0000      -30974.808982
3088.0000      -30920.089286
3092.0000      -30902.811448
3096.0000      -30962.924146
3100.0000      -31007.385666
3104.0000      -30763.145183
3108.0000      -30942.014740
3112.0000      -31025.778797
3116.0000      -30899.754729
3120.0000      -30944.169486
3124.0000      -31015.333153
3128.0000      -30780.460806
3132.0000      -30942.072255
3136.0000      -30870.257176
3140.0000      -30958.990125
3144.0000      -31016.668180
3148.0000      -30916.305423
3152.0000      -30887.779935
3156.0000      -31005.126358
3160.0000      -30850.368655
3164.0000      -30855.372524
3168.0000      -31021.543132
3172.0000      -30984.055995
3176.0000      -30804.200034
3180.0000      -30938.290010
3184.0000      -30728.622439
3188.0000      -30864.174558
3192.0000      -30872.767598
3196.0000      -30922.767482
3200.0000      -30945.259027
3204.0000      -30901.921466
3208.0000      -30892.948779
3212.0000      -30878.681999
3216.0000      -30891.024696
3220.0000      -30810.032287
3224.0000      -30910.934197
3228.0000      -30940.182963
3232.0000      -30975.955656
3236.0000      -30907.103814
3240.0000      -30916.008562
3244.0000      -30728.672143
3248.0000      -30810.362041
3252.0000      -31018.304238
3256.0000      -30859.770646
3260.0000      -30996.231738
3264.0000      -30830.120024
3268.0000      -30841.668294
3272.0000      -30893.850739
3276.0000      -30998.611463
3280.0000      -30840.294549
3284.0000      -30924.232849
3288.0000      -30942.595219
3292.0000      -30925.127249
3296.0000      -30807.409682
3300.0000      -30841.073686
3304.0000      -30893.955271
3308.0000      -30783.138586
3312.0000      -30957.233461
3316.0000      -30815.501782
3320.0000      -30747.321667
3324.0000      -30750.863256
3328.0000      -30885.806028
3332.0000      -30819.937146
3336.0000      -30873.490551
3340.0000      -30855.131276
3344.0000      -30986.625829
3348.0000      -30939.376765
3352.0000      -30877.172939
3356.0000      -30972.750076
3360.0000      -30885.143085
3364.0000      -30897.675969
3368.0000      -30995.602336
3372.0000      -30856.696505
3376.0000      -30934.318397
3380.0000      -31040.426758
3384.0000      -30889.817686
3388.0000      -30984.454304
3392.0000      -31055.992123
3396.0000      -30997.893243
3400.0000      -31113.391683
3404.0000      -30914.565637
3408.0000      -30918.931059
3412.0000      -31024.675482
3416.0000      -30908.653208
3420.0000      -31088.022582
3424.0000      -30966.784858
3428.0000      -30987.157574
3432.0000      -30995.797413
3436.0000      -30863.626910
3440.0000      -30828.534363
3444.0000      -30861.151273
3448.0000      -30872.128707
3452.0000      -30802.573320
3456.0000      -31003.919329
3460.0000      -30942.426248
3464.0000      -31046.717471
3468.0000      -30930.448510
3472.0000      -30913.176222
3476.0000      -31018.728115
3480.0000      -30915.827283
3484.0000      -30949.704749
3488.0000      -30751.350407
3492.0000      -30777.539725
3496.0000      -30942.571212
3500.0000      -30977.092507
3504.0000      -30834.726290
3508.0000      -31061.362161
3512.0000      -30895.406831
3516.0000      -30961.913561
3520.0000      -30759.079788
3524.0000      -30830.909315
3528.0000      -30882.329220
3532.0000      -31061.008301
3536.0000      -30852.506738
3540.0000      -30945.866688
3544.0000      -31042.200008
3548.0000      -31002.937834
3552.0000      -30746.985899
3556.0000      -30928.495753
3560.0000      -30734.912974
3564.0000      -30691.878047
3568.0000      -30846.770121
3572.0000      -30865.149072
3576.0000      -30887.952378
3580.0000      -30931.131472
3584.0000      -30815.018124
3588.0000      -30888.344004
3592.0000      -30871.300990
3596.0000      -30851.642361
3600.0000      -30729.350310
3604.0000      -30809.155886
3608.0000      -30957.079511
3612.0000      -30725.463232
3616.0000      -30867.560685
3620.0000      -30879.812812
3624.0000      -30951.752102
3628.0000      -30899.134184
3632.0000      -30813.791118
3636.0000      -30885.820072
3640.0000      -30867.657350
3644.0000      -30842.110695
3648.0000      -30661.266736
3652.0000      -30976.983167
3656.0000      -30901.650024
3660.0000      -30867.940975
3664.0000      -30774.493165
3668.0000      -31019.645386
3672.0000      -31038.063179
3676.0000      -31074.379721
3680.0000      -30879.938733
3684.0000      -30945.987583
3688.0000      -30954.593004
3692.0000      -30804.379529
3696.0000      -31001.098052
3700.0000      -31020.840976
3704.0000      -30890.886810
3708.0000      -30888.336921
3712.0000      -30807.421746
3716.0000      -30735.742567
3720.0000      -30931.975770
3724.0000      -30941.048863
3728.0000      -30931.124865
3732.0000      -30891.878097
3736.0000      -30813.526214
3740.0000      -30823.106761
3744.0000      -30989.211965
3748.0000      -30808.042321
3752.0000      -31063.983421
3756.0000      -30903.549209
3760.0000      -30835.778950
3764.0000      -30930.915988
3768.0000      -30901.915016
3772.0000      -30919.743044
3776.0000      -30711.715961
3780.0000      -30862.499287
3784.0000      -30938.801438
3788.0000      -30895.117980
3792.0000      -30970.805530
3796.0000      -30945.125037
3800.0000      -30915.114218
3804.0000      -31101.833607
3808.0000      -30941.853830
3812.0000      -30857.377435
3816.0000      -30866.205819
3820.0000      -30826.631771
3824.0000      -30935.792266
3828.0000      -30819.476930
3832.0000      -30857.458842
3836.0000      -31004.369174
3840.0000      -30976.253351
3844.0000      -30979.477100
3848.0000      -30976.956611
3852.0000      -30934.239324
3856.0000      -30970.780532
3860.0000      -30943.028471
3864.0000      -30839.481600
3868.0000      -30939.809503
3872.0000      -30909.605970
3876.0000      -30981.336977
3880.0000      -30892.742076
3884.0000      -30917.252568
3888.0000      -30882.403667
3892.0000      -30838.270513
3896.0000      -30851.759591
3900.0000      -30883.607519
3904.0000      -30923.798237
3908.0000      -30814.010592
3912.0000      -31019.882352
3916.0000      -30974.250699
3920.0000      -30856.169714
3924.0000      -30904.208985
3928.0000      -30892.904174
3932.0000      -30996.854894
3936.0000      -31058.256911
3940.0000      -30865.978868
3944.0000      -30900.881053
3948.0000      -30907.202353
3952.0000      -30918.795411
3956.0000      -30942.961096
3960.0000      -30828.261670
3964.0000      -30885.024457
3968.0000      -30850.047879
3972.0000      -30817.716426
3976.0000      -31009.047291
3980.0000      -31138.901129
3984.0000      -30913.833067
3988.0000      -30850.170391
3992.0000      -31031.866773
3996.0000      -30999.449322
4000.0000      -31009.667110
4004.0000      -31009.667110
