4.0000      -30836.980615
8.0000      -30946.829440
12.0000      -30842.682975
16.0000      -30959.129079
20.0000      -30872.243001
24.0000      -31073.324903
28.0000      -30857.005509
32.0000      -30800.664187
36.0000      -30991.967687
40.0000      -30873.497288
44.0000      -30993.339263
48.0000      -30955.581821
52.0000      -30893.317871
56.0000      -30944.784644
60.0000      -31051.124936
64.0000      -30915.371086
68.0000      -30812.699447
72.0000      -30885.944157
76.0000      -30885.835327
80.0000      -30782.882816
84.0000      -30911.909087
88.0000      -30787.251590
92.0000      -30829.185122
96.0000      -30891.831253
100.0000      -30834.825531
104.0000      -30930.805060
108.0000      -30952.072483
112.0000      -30831.502226
116.0000      -30860.214268
120.0000      -30886.014638
124.0000      -30949.316551
128.0000      -30802.214514
132.0000      -31098.767981
136.0000      -31039.742617
140.0000      -30707.984244
144.0000      -30794.323112
148.0000      -30908.680828
152.0000      -30800.094096
156.0000      -30825.995042
160.0000      -30946.207518
164.0000      -30947.303186
168.0000      -30722.723252
172.0000      -30881.799560
176.0000      -30867.715337
180.0000      -30875.200231
184.0000      -30922.567910
188.0000      -31034.157861
192.0000      -30861.382217
196.0000      -30861.326797
200.0000      -30834.152136
204.0000      -30929.403627
208.0000      -30772.298836
212.0000      -30988.064975
216.0000      -30949.865258
220.0000      -30900.463581
224.0000      -30938.598838
228.0000      -30837.539789
232.0000      -30930.227429
236.0000      -30840.005807
240.0000      -31016.665226
244.0000      -30971.910171
248.0000      -30855.065331
252.0000      -30713.111942
256.0000      -30924.827837
260.0000      -30895.546557
264.0000      -30849.626572
268.0000      -31020.992626
272.0000      -30943.794529
276.0000      -31061.285992
280.0000      -30789.753012
284.0000      -30754.484609
288.0000      -30964.080606
292.0000      -30962.091184
296.0000      -31021.713785
300.0000      -30805.224228
304.0000      -31089.132865
308.0000      -30904.093263
312.0000      -30950.177929
316.0000      -31006.266937
320.0000      -30943.787629
324.0000      -30941.185327
328.0000      -30832.298801
332.0000      -30895.540654
336.0000      -30997.180277
340.0000      -30883.507606
344.0000      -31023.276175
348.0000      -30910.563592
352.0000      -30834.761440
356.0000      -30916.666636
360.0000      -30881.014241
364.0000      -30960.915055
368.0000      -30778.946354
372.0000      -31063.734244
376.0000      -30777.383916
380.0000      -31006.248220
384.0000      -30909.405289
388.0000      -30874.890637
392.0000      -30984.818235
396.0000      -30958.320120
400.0000      -30997.935864
404.0000      -31019.293415
408.0000      -31031.958714
412.0000      -30862.389061
416.0000      -30968.368276
420.0000      -30854.447002
424.0000      -30928.600787
428.0000      -30959.760483
432.0000      -30966.024388
436.0000      -30960.208704
440.0000      -30908.602147
444.0000      -31119.834019
448.0000      -31051.995032
452.0000      -30881.071583
456.0000      -30929.703570
460.0000      -30863.967979
464.0000      -30822.046891
468.0000      -30722.820109
472.0000      -30772.091687
476.0000      -30779.512166
480.0000      -30885.279627
484.0000      -31106.367573
488.0000      -30995.803833
492.0000      -30779.255505
496.0000      -30970.416934
500.0000      -31002.488012
504.0000      -30961.133509
508.0000      -31044.442111
512.0000      -31121.532742
516.0000      -30914.492251
520.0000      -30824.021613
524.0000      -30971.506763
528.0000      -30986.171839
532.0000      -31078.508782
536.0000      -30930.789574
540.0000      -31031.530856
544.0000      -30821.801503
548.0000      -30846.666796
552.0000      -30942.212979
556.0000      -30986.785484
560.0000      -30633.483584
564.0000      -30890.150028
568.0000      -30457.602829
572.0000      -30814.384067
576.0000      -31008.612879
580.0000      -30928.083785
584.0000      -30925.168739
588.0000      -30876.518342
592.0000      -30809.902885
596.0000      -30846.574429
600.0000      -30971.466107
604.0000      -30831.536634
608.0000      -30875.328040
612.0000      -30925.141697
616.0000      -30882.465372
620.0000      -31074.141711
624.0000      -30891.616349
628.0000      -31020.459101
632.0000      -31000.031561
636.0000      -30909.716524
640.0000      -30980.119388
644.0000      -30879.242941
648.0000      -31132.501837
652.0000      -31066.486944
656.0000      -31055.563660
660.0000      -30994.317774
664.0000      -30870.473016
668.0000      -30935.630395
672.0000      -30941.548679
676.0000      -31027.345770
680.0000      -30864.649418
684.0000      -30899.368549
688.0000      -30891.478742
692.0000      -30919.049149
696.0000      -30866.871436
700.0000      -30915.266256
704.0000      -30963.061837
708.0000      -30901.205789
712.0000      -30916.976617
716.0000      -30944.238573
720.0000      -30902.983823
724.0000      -30848.482305
728.0000      -30964.450869
732.0000      -30894.081556
736.0000      -31001.765972
740.0000      -30902.872930
744.0000      -30934.873708
748.0000      -30919.434307
752.0000      -31132.195023
756.0000      -30607.225598
760.0000      -31069.070545
764.0000      -30850.687670
768.0000      -30880.008129
772.0000      -30879.332564
776.0000      -30861.222970
780.0000      -30972.912584
784.0000      -31026.254174
788.0000      -30842.677790
792.0000      -30842.885978
796.0000      -30661.284551
800.0000      -30795.352904
804.0000      -30911.810070
808.0000      -30937.496852
812.0000      -30917.161700
816.0000      -30867.211639
820.0000      -30837.233776
824.0000      -30875.758311
828.0000      -30779.529960
832.0000      -30943.610963
836.0000      -30989.792327
840.0000      -30842.150402
844.0000      -30957.559760
848.0000      -30831.025926
852.0000      -31007.468306
856.0000      -30940.552214
860.0000      -30857.115029
864.0000      -30886.666673
868.0000      -31061.562043
872.0000      -30976.963503
876.0000      -30980.502787
880.0000      -30948.117566
884.0000      -30872.419745
888.0000      -31072.383315
892.0000      -30937.567155
896.0000      -31001.223784
900.0000      -30844.618195
904.0000      -30792.596730
908.0000      -30938.833169
912.0000      -30769.923944
916.0000      -30951.303173
920.0000      -30956.877847
924.0000      -30894.810344
928.0000      -30908.839441
932.0000      -30805.374162
936.0000      -30878.025483
940.0000      -30867.280477
944.0000      -30848.478561
948.0000      -30914.371953
952.0000      -31049.705320
956.0000      -30921.667163
960.0000      -31045.110935
964.0000      -31021.839637
968.0000      -31003.916401
972.0000      -30713.680170
976.0000      -30640.648889
980.0000      -30842.027727
984.0000      -30886.954052
988.0000      -31050.897833
992.0000      -30924.575823
996.0000      -31048.565006
1000.0000      -30969.082559
1004.0000      -31024.276232
1008.0000      -31156.320978
1012.0000      -31073.998781
1016.0000      -30888.206454
1020.0000      -30886.644435
1024.0000      -30853.926332
1028.0000      -30907.789549
1032.0000      -30754.547388
1036.0000      -30982.765265
1040.0000      -30868.606073
1044.0000      -30954.047128
1048.0000      -30923.675170
1052.0000      -31079.536051
1056.0000      -31060.688544
1060.0000      -30867.625462
1064.0000      -30894.110808
1068.0000      -30807.391930
1072.0000      -30841.455473
1076.0000      -30824.176246
1080.0000      -30951.995364
1084.0000      -30928.612087
1088.0000      -30927.601304
1092.0000      -31034.115619
1096.0000      -31022.578587
1100.0000      -30892.687753
1104.0000      -30776.392359
1108.0000      -30969.407279
1112.0000      -30958.663843
1116.0000      -31059.102474
1120.0000      -30839.918645
1124.0000      -30584.286731
1128.0000      -30877.764073
1132.0000      -30968.266408
1136.0000      -30978.639496
1140.0000      -30911.837936
1144.0000      -30916.449944
1148.0000      -31043.204215
1152.0000      -30957.233627
1156.0000      -30819.802422
1160.0000      -30551.753670
1164.0000      -31077.907236
1168.0000      -31067.464872
1172.0000      -30868.167687
1176.0000      -30986.048996
1180.0000      -30968.090410
1184.0000      -31037.113280
1188.0000      -30883.005477
1192.0000      -30765.824020
1196.0000      -30998.825556
1200.0000      -30924.512183
1204.0000      -30901.342746
1208.0000      -30898.964487
1212.0000      -30811.356581
1216.0000      -30890.213803
1220.0000      -30847.609136
1224.0000      -30964.744194
1228.0000      -30826.384435
1232.0000      -31001.022394
1236.0000      -31064.762477
1240.0000      -30821.884332
1244.0000      -30924.049134
1248.0000      -30812.134315
1252.0000      -30902.908640
1256.0000      -30940.295264
1260.0000      -30938.562261
1264.0000      -30730.540958
1268.0000      -30851.860100
1272.0000      -30796.097872
1276.0000      -30798.525425
1280.0000      -30896.201801
1284.0000      -30863.043519
1288.0000      -30834.085275
1292.0000      -30937.637996
1296.0000      -30884.879916
1300.0000      -30899.136288
1304.0000      -30947.777655
1308.0000      -30931.552677
1312.0000      -30894.900887
1316.0000      -30875.782710
1320.0000      -30848.498030
1324.0000      -30917.055675
1328.0000      -30937.838204
1332.0000      -30943.357011
1336.0000      -30951.292273
1340.0000      -30979.393712
1344.0000      -31011.212455
1348.0000      -30951.439609
1352.0000      -30829.009833
1356.0000      -30825.426651
1360.0000      -30939.949864
1364.0000      -30875.022832
1368.0000      -30985.657177
1372.0000      -30940.463256
1376.0000      -30991.509620
1380.0000      -30831.725690
1384.0000      -30863.582000
1388.0000      -30965.406472
1392.0000      -30733.753349
1396.0000      -30741.077294
1400.0000      -30884.937758
1404.0000      -30713.747602
1408.0000      -30820.718935
1412.0000      -30902.001143
1416.0000      -30928.393075
1420.0000      -30855.153971
1424.0000      -30967.635203
1428.0000      -30853.858379
1432.0000      -30762.328156
1436.0000      -30905.524515
1440.0000      -30870.013424
1444.0000      -30894.256926
1448.0000      -30894.993733
1452.0000      -30946.181101
1456.0000      -30941.527397
1460.0000      -30769.454247
1464.0000      -30972.687341
1468.0000      -31023.408538
1472.0000      -30950.182337
1476.0000      -30947.347727
1480.0000      -30969.258387
1484.0000      -31007.430145
1488.0000      -30925.593984
1492.0000      -30975.919297
1496.0000      -30781.446617
1500.0000      -30829.883685
1504.0000      -30878.890702
1508.0000      -30851.072008
1512.0000      -30822.212822
1516.0000      -30995.867553
1520.0000      -30953.528091
1524.0000      -30927.862003
1528.0000      -31073.539920
1532.0000      -30888.491043
1536.0000      -30947.881319
1540.0000      -30874.320169
1544.0000      -30850.302851
1548.0000      -30992.000727
1552.0000      -30928.685875
1556.0000      -31001.943691
1560.0000      -31057.912974
1564.0000      -30937.751296
1568.0000      -30811.575974
1572.0000      -30934.908022
1576.0000      -30777.148783
1580.0000      -30921.789040
1584.0000      -30877.656062
1588.0000      -30825.946320
1592.0000      -30879.665759
1596.0000      -30907.931837
1600.0000      -31128.987850
1604.0000      -30932.868398
1608.0000      -30897.969741
1612.0000      -31001.638583
1616.0000      -30989.256383
1620.0000      -30888.939477
1624.0000      -30966.812529
1628.0000      -30727.830319
1632.0000      -31177.589397
1636.0000      -31015.760998
1640.0000      -30903.173192
1644.0000      -30765.390926
1648.0000      -30906.039862
1652.0000      -30891.904288
1656.0000      -30889.444747
1660.0000      -30926.051938
1664.0000      -30962.597672
1668.0000      -30979.368909
1672.0000      -31017.492678
1676.0000      -30875.455694
1680.0000      -30924.470253
1684.0000      -30821.051865
1688.0000      -30936.738330
1692.0000      -30803.989695
1696.0000      -31012.916266
1700.0000      -30822.295489
1704.0000      -31046.963491
1708.0000      -30810.767528
1712.0000      -30945.557167
1716.0000      -31038.359597
1720.0000      -30948.719135
1724.0000      -30823.266658
1728.0000      -30990.325621
1732.0000      -30862.102787
1736.0000      -30798.556610
1740.0000      -30906.358173
1744.0000      -31009.251851
1748.0000      -31004.716870
1752.0000      -31054.816566
1756.0000      -30875.227316
1760.0000      -30871.537722
1764.0000      -31060.028160
1768.0000      -30913.021296
1772.0000      -29859.881555
1776.0000      -30992.037264
1780.0000      -30822.539171
1784.0000      -31079.641780
1788.0000      -30795.137677
1792.0000      -30971.515151
1796.0000      -30986.696985
1800.0000      -31028.582674
1804.0000      -30899.170140
1808.0000      -30801.091243
1812.0000      -30873.353211
1816.0000      -30908.619283
1820.0000      -31078.023183
1824.0000      -31066.880139
1828.0000      -30906.838617
1832.0000      -30951.628891
1836.0000      -31015.394487
1840.0000      -31039.709076
1844.0000      -30772.300350
1848.0000      -30835.991131
1852.0000      -31034.585521
1856.0000      -30898.095418
1860.0000      -30883.586715
1864.0000      -30854.972839
1868.0000      -30916.866386
1872.0000      -30845.173510
1876.0000      -30818.401804
1880.0000      -31046.037319
1884.0000      -30937.826367
1888.0000      -30912.453302
1892.0000      -30931.853529
1896.0000      -30845.523450
1900.0000      -30918.851540
1904.0000      -31018.674963
1908.0000      -30940.161261
1912.0000      -30741.052357
1916.0000      -30935.566597
1920.0000      -30725.740363
1924.0000      -30733.732931
1928.0000      -30726.495699
1932.0000      -30852.011425
1936.0000      -30819.924387
1940.0000      -30806.553647
1944.0000      -31072.806747
1948.0000      -30811.579292
1952.0000      -30741.200247
1956.0000      -30937.288902
1960.0000      -30979.216252
1964.0000      -30938.476199
1968.0000      -30984.335382
1972.0000      -30978.562462
1976.0000      -30863.939491
1980.0000      -30982.787371
1984.0000      -30699.853004
1988.0000      -30922.633290
1992.0000      -30803.598836
1996.0000      -30972.273500
2000.0000      -31037.891851
2004.0000      -30996.850825
2008.0000      -30913.378594
2012.0000      -30938.785841
2016.0000      -30756.755476
2020.0000      -30978.893338
2024.0000      -31037.372352
2028.0000      -30955.398857
2032.0000      -30782.705727
2036.0000      -30769.580298
2040.0000      -30829.776970
2044.0000      -30857.379785
2048.0000      -30572.446596
2052.0000      -31096.483328
2056.0000      -31095.526818
2060.0000      -30771.697534
2064.0000      -30920.253077
2068.0000      -30826.180078
2072.0000      -30936.139300
2076.0000      -30732.325435
2080.0000      -30767.588515
2084.0000      -30860.239502
2088.0000      -30865.614037
2092.0000      -30821.408616
2096.0000      -30881.229132
2100.0000      -30647.772213
2104.0000      -30848.932192
2108.0000      -31051.160957
2112.0000      -30833.804479
2116.0000      -31022.752693
2120.0000      -30910.967776
2124.0000      -30965.046406
2128.0000      -30892.410932
2132.0000      -30960.148665
2136.0000      -30673.588377
2140.0000      -30917.596353
2144.0000      -30868.128295
2148.0000      -30803.074064
2152.0000      -30985.318982
2156.0000      -30965.417524
2160.0000      -30906.573872
2164.0000      -31123.988754
2168.0000      -30887.798630
2172.0000      -30855.328558
2176.0000      -30957.535675
2180.0000      -30848.240390
2184.0000      -30798.090865
2188.0000      -30917.345253
2192.0000      -31038.834669
2196.0000      -30988.458729
2200.0000      -30780.401398
2204.0000      -30853.622495
2208.0000      -31000.997434
2212.0000      -30837.743482
2216.0000      -30970.121567
2220.0000      -30865.795126
2224.0000      -30960.050675
2228.0000      -30773.279884
2232.0000      -30840.022974
2236.0000      -30809.417185
2240.0000      -30826.346559
2244.0000      -30933.256062
2248.0000      -30963.337082
2252.0000      -30903.689054
2256.0000      -30955.802400
2260.0000      -30965.961037
2264.0000      -30966.257126
2268.0000      -30783.168140
2272.0000      -30912.918225
2276.0000      -30903.561408
2280.0000      -30880.979791
2284.0000      -31043.627954
2288.0000      -30897.892783
2292.0000      -30944.780662
2296.0000      -30963.970231
2300.0000      -31124.545814
2304.0000      -30860.224887
2308.0000      -31130.907688
2312.0000      -30881.577450
2316.0000      -30947.908646
2320.0000      -31001.263773
2324.0000      -30767.671702
2328.0000      -30894.068411
2332.0000      -31080.634326
2336.0000      -30920.594537
2340.0000      -30963.977688
2344.0000      -30876.477983
2348.0000      -30878.338332
2352.0000      -31012.662218
2356.0000      -30943.980411
2360.0000      -30920.707160
2364.0000      -30862.907979
2368.0000      -30917.833248
2372.0000      -30929.140546
2376.0000      -30967.271176
2380.0000      -30795.550271
2384.0000      -30861.196221
2388.0000      -30823.704349
2392.0000      -30903.018297
2396.0000      -31089.036877
2400.0000      -31121.154988
2404.0000      -30822.633453
2408.0000      -30906.989726
2412.0000      -30859.519468
2416.0000      -31020.203474
2420.0000      -30888.422462
2424.0000      -30952.419946
2428.0000      -31036.837428
2432.0000      -31021.290488
2436.0000      -30966.113904
2440.0000      -31122.707666
2444.0000      -30881.142990
2448.0000      -30948.001742
2452.0000      -30893.677615
2456.0000      -30862.719227
2460.0000      -30943.914713
2464.0000      -30981.642797
2468.0000      -30974.317163
2472.0000      -30798.524194
2476.0000      -30911.831080
2480.0000      -30859.271427
2484.0000      -30681.914803
2488.0000      -31045.895854
2492.0000      -30876.668441
2496.0000      -30981.820016
2500.0000      -30784.850508
2504.0000      -30847.862275
2508.0000      -30839.328520
2512.0000      -31085.354521
2516.0000      -31038.736122
2520.0000      -30911.913443
2524.0000      -30864.041103
2528.0000      -30960.011606
2532.0000      -30907.467054
2536.0000      -31000.883197
2540.0000      -31071.826396
2544.0000      -30882.295179
2548.0000      -30772.060849
2552.0000      -31024.422936
2556.0000      -30921.317914
2560.0000      -30992.687316
2564.0000      -30933.781997
2568.0000      -31016.271327
2572.0000      -30871.272934
2576.0000      -30946.355842
2580.0000      -30884.084132
2584.0000      -30940.342401
2588.0000      -30968.101392
2592.0000      -30871.764653
2596.0000      -30931.783338
2600.0000      -30984.486510
2604.0000      -31010.524594
2608.0000      -30979.581994
2612.0000      -31051.608691
2616.0000      -30922.135031
2620.0000      -31145.909048
2624.0000      -30899.789794
2628.0000      -30878.048722
2632.0000      -30886.228817
2636.0000      -30902.489850
2640.0000      -30889.852969
2644.0000      -30909.536277
2648.0000      -30721.667041
2652.0000      -31034.963578
2656.0000      -30853.043992
2660.0000      -30954.617128
2664.0000      -30920.125466
2668.0000      -30965.096335
2672.0000      -30735.220241
2676.0000      -30749.288793
2680.0000      -30069.292523
2684.0000      -30947.748246
2688.0000      -30906.115884
2692.0000      -30803.442123
2696.0000      -31035.810521
2700.0000      -30952.056144
2704.0000      -30914.746333
2708.0000      -30893.886015
2712.0000      -31005.771183
2716.0000      -31014.990820
2720.0000      -31035.136016
2724.0000      -29705.529641
2728.0000      -30957.109364
2732.0000      -30725.624236
2736.0000      -31080.314841
2740.0000      -30982.497322
2744.0000      -30935.868931
2748.0000      -30758.559567
2752.0000      -30897.091376
2756.0000      -31007.184305
2760.0000      -31063.780353
2764.0000      -30825.673509
2768.0000      -30899.320946
2772.0000      -30954.502900
2776.0000      -30757.012215
2780.0000      -30718.032039
2784.0000      -25688.546978
2788.0000      -30712.488695
2792.0000      -30948.963031
2796.0000      -30979.135570
2800.0000      -30516.902040
2804.0000      -30951.232945
2808.0000      -30851.238838
2812.0000      -31002.970868
2816.0000      -30975.055324
2820.0000      -31016.306638
2824.0000      -30912.206425
2828.0000      -30849.294371
2832.0000      -30932.957155
2836.0000      -30965.146521
2840.0000      -30827.146011
2844.0000      -30912.736414
2848.0000      -30858.576512
2852.0000      -31025.767642
2856.0000      -31005.577736
2860.0000      -30998.278098
2864.0000      -30800.442466
2868.0000      -30840.410595
2872.0000      -31080.119975
2876.0000      -30974.658282
2880.0000      -30836.780706
2884.0000      -30779.769059
2888.0000      -30825.906130
2892.0000      -30877.514039
2896.0000      -30856.081601
2900.0000      -30764.902130
2904.0000      -30998.770096
2908.0000      -30781.483122
2912.0000      -30929.150254
2916.0000      -30907.543353
2920.0000      -30963.749520
2924.0000      -30864.184300
2928.0000      -30837.686319
2932.0000      -30737.073998
2936.0000      -30971.900947
2940.0000      -30905.598994
2944.0000      -31063.291539
2948.0000      -30941.040387
2952.0000      -31001.411225
2956.0000      -31003.820147
2960.0000      -30981.057875
2964.0000      -30955.413325
2968.0000      -30995.636736
2972.0000      -30895.486006
2976.0000      -30925.089230
2980.0000      -30824.500434
2984.0000      -30720.565933
2988.0000      -30966.001971
2992.0000      -30856.116460
2996.0000      -30796.155686
3000.0000      -30722.502821
3004.0000      -30970.245178
3008.0000      -30813.701109
3012.0000      -31012.364827
3016.0000      -30736.046552
3020.0000      -30820.841546
3024.0000      -30956.508625
3028.0000      -30873.330143
3032.0000      -30861.951401
3036.0000      -30909.343338
3040.0000      -30950.868443
3044.0000      -30990.829642
3048.0000      -31037.376888
3052.0000      -31027.787959
3056.0000      -30830.715497
3060.0000      -30782.255676
3064.0000      -30674.451905
3068.0000      -30916.256910
3072.0000      -30757.359196
3076.0000      -30773.369485
3080.0000      -30731.693258
3084.0000      -30708.128478
3088.0000      -30847.869158
3092.0000      -30737.645607
3096.0000      -30923.183144
3100.0000      -30847.408980
3104.0000      -30797.561266
3108.0000      -30648.980391
3112.0000      -31024.043244
3116.0000      -30979.740130
3120.0000      -30634.943221
3124.0000      -30791.341994
3128.0000      -30848.681291
3132.0000      -30776.546776
3136.0000      -31084.014933
3140.0000      -30905.365767
3144.0000      -30864.546640
3148.0000      -30961.042224
3152.0000      -30835.023038
3156.0000      -30706.854509
3160.0000      -31047.227625
3164.0000      -30930.419400
3168.0000      -30854.358579
3172.0000      -30944.090407
3176.0000      -31003.099006
3180.0000      -31016.181519
3184.0000      -30901.197085
3188.0000      -31135.606166
3192.0000      -30730.734093
3196.0000      -31040.124447
3200.0000      -31001.836223
3204.0000      -30881.242839
3208.0000      -31021.624059
3212.0000      -30909.217667
3216.0000      -30989.455508
3220.0000      -31059.317702
3224.0000      -30877.475873
3228.0000      -30859.004357
3232.0000      -30986.872066
3236.0000      -30716.913100
3240.0000      -30774.843135
3244.0000      -30879.419271
3248.0000      -30865.941375
3252.0000      -30800.232919
3256.0000      -30738.125130
3260.0000      -30881.758518
3264.0000      -31024.145528
3268.0000      -30851.424828
3272.0000      -30807.195216
3276.0000      -30900.372071
3280.0000      -31024.599320
3284.0000      -31225.765311
3288.0000      -30915.791796
3292.0000      -31029.758056
3296.0000      -30927.954368
3300.0000      -30925.254173
3304.0000      -30899.581653
3308.0000      -31009.069537
3312.0000      -31099.364637
3316.0000      -30798.916447
3320.0000      -30947.177780
3324.0000      -30924.600203
3328.0000      -30929.472906
3332.0000      -30849.338018
3336.0000      -30973.416031
3340.0000      -30963.496321
3344.0000      -30952.088636
3348.0000      -30815.419125
3352.0000      -30847.621141
3356.0000      -30894.922577
3360.0000      -30686.731676
3364.0000      -31021.047702
3368.0000      -30806.510747
3372.0000      -30934.465659
3376.0000      -30779.628478
3380.0000      -30784.631760
3384.0000      -30916.937969
3388.0000      -31004.452193
3392.0000      -30954.309943
3396.0000      -30951.510199
3400.0000      -30775.008553
3404.0000      -31019.222467
3408.0000      -30874.523547
3412.0000      -30457.653429
3416.0000      -30803.984877
3420.0000      -30911.595814
3424.0000      -31010.405625
3428.0000      -30892.718513
3432.0000      -30986.935212
3436.0000      -31113.334290
3440.0000      -31045.942916
3444.0000      -31024.285776
3448.0000      -30922.844222
3452.0000      -30915.475158
3456.0000      -30471.682285
3460.0000      -30940.736927
3464.0000      -30869.974004
3468.0000      -30965.109832
3472.0000      -30918.984728
3476.0000      -31057.665670
3480.0000      -30982.095793
3484.0000      -30915.762961
3488.0000      -30854.260693
3492.0000      -30996.027792
3496.0000      -30924.423752
3500.0000      -30960.676166
3504.0000      -30788.614591
3508.0000      -30809.930433
3512.0000      -30926.482109
3516.0000      -30894.921336
3520.0000      -30915.272431
3524.0000      -31048.706220
3528.0000      -31122.138329
3532.0000      -31162.269494
3536.0000      -30891.976983
3540.0000      -30824.948540
3544.0000      -30872.336325
3548.0000      -30908.114306
3552.0000      -30952.149555
3556.0000      -31037.808825
3560.0000      -30915.491672
3564.0000      -30816.934333
3568.0000      -30859.225440
3572.0000      -30837.061719
3576.0000      -30837.341355
3580.0000      -30852.108194
3584.0000      -30801.013980
3588.0000      -30976.234624
3592.0000      -30906.055988
3596.0000      -30853.929344
3600.0000      -30822.707655
3604.0000      -30900.976503
3608.0000      -30694.891450
3612.0000      -30917.079172
3616.0000      -30726.936315
3620.0000      -30792.964804
3624.0000      -30915.303123
3628.0000      -30827.263548
3632.0000      -30941.698780
3636.0000      -31022.698723
3640.0000      -31013.085337
3644.0000      -30225.384043
3648.0000      -30794.460204
3652.0000      -30958.241541
3656.0000      -30802.247291
3660.0000      -30884.694435
3664.0000      -30949.624800
3668.0000      -30789.294991
3672.0000      -30812.411612
3676.0000      -30839.517084
3680.0000      -30998.387019
3684.0000      -30593.858884
3688.0000      -30908.910363
3692.0000      -30901.464368
3696.0000      -30994.004236
3700.0000      -31000.448055
3704.0000      -30882.372216
3708.0000      -31030.650531
3712.0000      -30992.918640
3716.0000      -30977.392898
3720.0000      -30907.400068
3724.0000      -30911.377435
3728.0000      -31057.719462
3732.0000      -30835.544130
3736.0000      -30780.868915
3740.0000      -30865.039992
3744.0000      -31047.661869
3748.0000      -30936.834825
3752.0000      -30954.496485
3756.0000      -30900.910655
3760.0000      -30960.483389
3764.0000      -30912.800025
3768.0000      -30944.217352
3772.0000      -30922.011614
3776.0000      -30847.337167
3780.0000      -30944.431814
3784.0000      -30965.292680
3788.0000      -29094.237080
3792.0000      -30851.418000
3796.0000      -30124.074373
3800.0000      -30957.592359
3804.0000      -31094.218335
3808.0000      -30967.351509
3812.0000      -30920.422484
3816.0000      -30782.747046
3820.0000      -30922.333504
3824.0000      -30866.152379
3828.0000      -30845.740831
3832.0000      -30986.540640
3836.0000      -31059.116537
3840.0000      -30883.832079
3844.0000      -30788.166116
3848.0000      -30815.965073
3852.0000      -30988.111770
3856.0000      -30779.771064
3860.0000      -30969.616771
3864.0000      -30845.769338
3868.0000      -30998.107107
3872.0000      -30819.626293
3876.0000      -30909.838549
3880.0000      -31053.218293
3884.0000      -31001.374128
3888.0000      -31119.512402
3892.0000      -30843.267277
3896.0000      -30904.204744
3900.0000      -30845.507650
3904.0000      -30825.993035
3908.0000      -30883.004477
3912.0000      -30885.793038
3916.0000      -31008.086177
3920.0000      -30848.161116
3924.0000      -31019.270719
3928.0000      -30896.160580
3932.0000      -30785.142789
3936.0000      -30930.353433
3940.0000      -31008.206485
3944.0000      -30895.030699
3948.0000      -30977.273139
3952.0000      -30760.566327
3956.0000      -30983.622395
3960.0000      -30878.052820
3964.0000      -30920.177918
3968.0000      -30870.875850
3972.0000      -30976.253049
3976.0000      -31039.727115
3980.0000      -31011.441031
3984.0000      -30921.719093
3988.0000      -30801.753829
3992.0000      -30855.387933
3996.0000      -30921.217615
4000.0000      -30875.457279
4004.0000      -30875.457279
