4.0000      -30781.808023
8.0000      -30978.655782
12.0000      -31054.472033
16.0000      -30931.787069
20.0000      -30959.174598
24.0000      -30876.352961
28.0000      -30982.655043
32.0000      -30891.615590
36.0000      -30865.733296
40.0000      -30884.476495
44.0000      -30882.802547
48.0000      -30841.760733
52.0000      -31033.433645
56.0000      -30985.676659
60.0000      -30903.346349
64.0000      -30960.587994
68.0000      -30728.251755
72.0000      -30914.304053
76.0000      -30771.218041
80.0000      -30917.148081
84.0000      -31062.250291
88.0000      -30892.209102
92.0000      -30988.088347
96.0000      -30760.194340
100.0000      -30824.105738
104.0000      -31045.656971
108.0000      -30814.573462
112.0000      -30902.762860
116.0000      -30826.189457
120.0000      -30999.416596
124.0000      -30883.159390
128.0000      -30949.116024
132.0000      -30843.624414
136.0000      -30859.927445
140.0000      -30820.002480
144.0000      -30999.987190
148.0000      -30821.152460
152.0000      -30891.841264
156.0000      -30867.053799
160.0000      -30942.797937
164.0000      -30901.936864
168.0000      -31018.620164
172.0000      -30920.087879
176.0000      -31054.051285
180.0000      -30872.602679
184.0000      -31052.328772
188.0000      -30712.202126
192.0000      -30987.099523
196.0000      -30853.384567
200.0000      -30934.320354
204.0000      -30945.295972
208.0000      -30959.549067
212.0000      -30767.229708
216.0000      -30894.254041
220.0000      -30889.885926
224.0000      -31009.496897
228.0000      -30913.026658
232.0000      -31054.832279
236.0000      -30893.059354
240.0000      -30824.222488
244.0000      -30830.905166
248.0000      -30879.291994
252.0000      -30777.915822
256.0000      -30853.642130
260.0000      -31000.705121
264.0000      -30821.936754
268.0000      -30895.387589
272.0000      -30917.862886
276.0000      -30960.423598
280.0000      -30754.186376
284.0000      -30957.757054
288.0000      -31015.126639
292.0000      -31054.680709
296.0000      -30923.925483
300.0000      -30960.964045
304.0000      -30963.394633
308.0000      -30804.120427
312.0000      -30886.750282
316.0000      -30808.105740
320.0000      -30753.943419
324.0000      -30717.040695
328.0000      -30756.004285
332.0000      -30986.375683
336.0000      -30899.504365
340.0000      -30838.917620
344.0000      -30904.677178
348.0000      -31027.049549
352.0000      -30980.495766
356.0000      -30892.855607
360.0000      -30846.450028
364.0000      -30792.027273
368.0000      -30878.173792
372.0000      -30891.409503
376.0000      -30877.101414
380.0000      -30844.229552
384.0000      -31166.755480
388.0000      -30948.589217
392.0000      -30845.138374
396.0000      -30815.438344
400.0000      -30863.250664
404.0000      -31040.347916
408.0000      -30980.921855
412.0000      -30886.569909
416.0000      -30776.402492
420.0000      -30956.835270
424.0000      -31012.420969
428.0000      -31099.560701
432.0000      -30851.685231
436.0000      -30865.601122
440.0000      -30855.192138
444.0000      -30831.578222
448.0000      -30912.859913
452.0000      -30907.722046
456.0000      -30942.398935
460.0000      -31002.821852
464.0000      -30892.375158
468.0000      -30818.552913
472.0000      -31006.452826
476.0000      -30906.195115
480.0000      -30836.915707
484.0000      -30834.062946
488.0000      -30983.331160
492.0000      -30835.349050
496.0000      -31084.843775
500.0000      -30955.197692
504.0000      -30939.363313
508.0000      -30868.709429
512.0000      -30673.417993
516.0000      -30860.849799
520.0000      -30804.516522
524.0000      -30863.007512
528.0000      -30920.946387
532.0000      -30860.976774
536.0000      -30820.294121
540.0000      -30786.408602
544.0000      -30834.053375
548.0000      -30953.286531
552.0000      -30924.459191
556.0000      -30847.965394
560.0000      -30862.248980
564.0000      -30889.597995
568.0000      -30818.465716
572.0000      -30845.231337
576.0000      -30938.016044
580.0000      -30999.915397
584.0000      -31068.962810
588.0000      -30899.243418
592.0000      -30840.704126
596.0000      -30957.428983
600.0000      -30763.495666
604.0000      -30966.033022
608.0000      -30785.330102
612.0000      -31072.522814
616.0000      -30833.730953
620.0000      -30853.500584
624.0000      -30945.697991
628.0000      -30987.731155
632.0000      -30966.714527
636.0000      -30910.291037
640.0000      -30867.181129
644.0000      -31007.778586
648.0000      -30971.323956
652.0000      -30905.580582
656.0000      -30961.574068
660.0000      -30987.357963
664.0000      -30908.661040
668.0000      -30912.067074
672.0000      -30913.104211
676.0000      -30924.223460
680.0000      -31001.052620
684.0000      -30862.754502
688.0000      -31013.729293
692.0000      -30881.979745
696.0000      -30840.453880
700.0000      -30886.639570
704.0000      -30781.337365
708.0000      -30855.058113
712.0000      -31048.086365
716.0000      -30905.391763
720.0000      -31075.419981
724.0000      -30801.302553
728.0000      -30944.139748
732.0000      -31022.999979
736.0000      -30870.469860
740.0000      -30977.629553
744.0000      -31068.689927
748.0000      -30877.486384
752.0000      -30774.634741
756.0000      -30841.042273
760.0000      -30926.048176
764.0000      -30895.725809
768.0000      -30944.824812
772.0000      -30854.799322
776.0000      -30754.896284
780.0000      -30981.828155
784.0000      -30900.365155
788.0000      -31019.216561
792.0000      -30856.845148
796.0000      -30949.656426
800.0000      -30879.884905
804.0000      -30945.877857
808.0000      -30831.196678
812.0000      -30938.338346
816.0000      -30632.204177
820.0000      -30883.565165
824.0000      -30848.906851
828.0000      -30799.347437
832.0000      -30898.758664
836.0000      -30908.389109
840.0000      -30947.251564
844.0000      -30808.979757
848.0000      -30943.844076
852.0000      -31013.358239
856.0000      -30933.110724
860.0000      -30885.211833
864.0000      -30910.743792
868.0000      -30924.120141
872.0000      -30961.642293
876.0000      -30975.935288
880.0000      -31060.651526
884.0000      -30889.320273
888.0000      -30990.174924
892.0000      -31010.172200
896.0000      -30930.418599
900.0000      -30987.073368
904.0000      -30897.336659
908.0000      -30894.628846
912.0000      -30846.541245
916.0000      -30801.679457
920.0000      -30911.590248
924.0000      -30890.519256
928.0000      -30894.713495
932.0000      -30896.332478
936.0000      -30990.376807
940.0000      -31083.465172
944.0000      -30891.737856
948.0000      -30828.802531
952.0000      -30897.986067
956.0000      -31017.405245
960.0000      -30948.369901
964.0000      -30867.868477
968.0000      -30898.282335
972.0000      -31032.391482
976.0000      -30750.487347
980.0000      -30959.002616
984.0000      -30860.059306
988.0000      -31116.629515
992.0000      -30899.711252
996.0000      -30848.301811
1000.0000      -30957.734835
1004.0000      -30792.322349
1008.0000      -30876.703132
1012.0000      -30859.081721
1016.0000      -30840.708209
1020.0000      -30903.991095
1024.0000      -30758.952444
1028.0000      -30812.017557
1032.0000      -30662.481670
1036.0000      -30922.892898
1040.0000      -30747.675625
1044.0000      -30812.909839
1048.0000      -30981.237295
1052.0000      -30919.104071
1056.0000      -30848.617697
1060.0000      -30715.648958
1064.0000      -30983.262049
1068.0000      -30848.122587
1072.0000      -30947.290959
1076.0000      -30822.720879
1080.0000      -30757.395815
1084.0000      -30941.525180
1088.0000      -30940.744906
1092.0000      -30949.749015
1096.0000      -30971.349135
1100.0000      -30993.634395
1104.0000      -31025.033103
1108.0000      -31000.756319
1112.0000      -31022.344424
1116.0000      -31101.350401
1120.0000      -31111.104544
1124.0000      -30982.712804
1128.0000      -31019.589134
1132.0000      -30989.317290
1136.0000      -31064.708452
1140.0000      -30992.464991
1144.0000      -30934.969518
1148.0000      -30979.846552
1152.0000      -31007.295532
1156.0000      -31005.627576
1160.0000      -30869.831020
1164.0000      -30934.753153
1168.0000      -30988.039114
1172.0000      -31045.098979
1176.0000      -31121.557678
1180.0000      -31099.022051
1184.0000      -30940.705661
1188.0000      -31073.079984
1192.0000      -30877.466067
1196.0000      -30783.577262
1200.0000      -30951.041996
1204.0000      -30863.326695
1208.0000      -30975.676247
1212.0000      -30921.651462
1216.0000      -30821.019410
1220.0000      -30956.468821
1224.0000      -30831.283612
1228.0000      -30882.385226
1232.0000      -30939.077448
1236.0000      -30848.896683
1240.0000      -31066.488578
1244.0000      -30695.413858
1248.0000      -30814.500897
1252.0000      -30913.123942
1256.0000      -30796.649934
1260.0000      -30876.528536
1264.0000      -30765.864958
1268.0000      -30858.986242
1272.0000      -30973.452984
1276.0000      -30894.677670
1280.0000      -30930.630605
1284.0000      -30831.411460
1288.0000      -31063.860625
1292.0000      -30845.281299
1296.0000      -31074.864964
1300.0000      -30902.588775
1304.0000      -30850.188980
1308.0000      -30860.172702
1312.0000      -31001.930967
1316.0000      -30907.910556
1320.0000      -30946.764998
1324.0000      -31089.987407
1328.0000      -30813.795914
1332.0000      -30749.526812
1336.0000      -30864.764680
1340.0000      -30977.366810
1344.0000      -30859.806224
1348.0000      -30860.677808
1352.0000      -31002.446184
1356.0000      -30853.358120
1360.0000      -30998.428709
1364.0000      -30687.150950
1368.0000      -30938.039800
1372.0000      -30803.622258
1376.0000      -31010.240543
1380.0000      -30996.642214
1384.0000      -30893.454636
1388.0000      -30818.295473
1392.0000      -30849.590882
1396.0000      -30914.331992
1400.0000      -30956.275705
1404.0000      -30939.184100
1408.0000      -30969.519239
1412.0000      -30751.341509
1416.0000      -30814.308719
1420.0000      -31061.916013
1424.0000      -30882.324559
1428.0000      -30840.266981
1432.0000      -30923.160025
1436.0000      -30869.963296
1440.0000      -30898.331732
1444.0000      -30911.174838
1448.0000      -30957.419209
1452.0000      -30956.948385
1456.0000      -30988.413098
1460.0000      -30957.838330
1464.0000      -30724.204851
1468.0000      -30944.685731
1472.0000      -30938.143555
1476.0000      -30918.749702
1480.0000      -31046.322338
1484.0000      -31100.296421
1488.0000      -31079.456353
1492.0000      -30876.449560
1496.0000      -30844.965117
1500.0000      -30737.050043
1504.0000      -30791.304951
1508.0000      -30916.235462
1512.0000      -31005.742550
1516.0000      -31029.363800
1520.0000      -30803.747836
1524.0000      -30840.559686
1528.0000      -30889.792826
1532.0000      -30901.993721
1536.0000      -30905.234288
1540.0000      -31025.646046
1544.0000      -30811.966524
1548.0000      -31023.030570
1552.0000      -30840.496714
1556.0000      -30792.959522
1560.0000      -30946.704413
1564.0000      -30881.973345
1568.0000      -30900.771313
1572.0000      -30810.089247
1576.0000      -30977.854918
1580.0000      -30837.510856
1584.0000      -30772.410748
1588.0000      -30871.421495
1592.0000      -30958.389247
1596.0000      -30976.911404
1600.0000      -31026.285246
1604.0000      -30837.978199
1608.0000      -30927.120334
1612.0000      -30921.268291
1616.0000      -30867.342764
1620.0000      -30968.465536
1624.0000      -31026.629040
1628.0000      -30877.868768
1632.0000      -30900.124269
1636.0000      -30972.099439
1640.0000      -31047.408665
1644.0000      -30831.905813
1648.0000      -30957.441760
1652.0000      -30998.073139
1656.0000      -30943.550818
1660.0000      -30830.342077
1664.0000      -30969.358168
1668.0000      -30722.720942
1672.0000      -30896.655593
1676.0000      -30871.423320
1680.0000      -30807.522539
1684.0000      -31011.509671
1688.0000      -30927.855171
1692.0000      -30923.191698
1696.0000      -30828.734325
1700.0000      -30948.809575
1704.0000      -30958.726517
1708.0000      -31089.325646
1712.0000      -30933.804245
1716.0000      -30765.807878
1720.0000      -30824.713118
1724.0000      -30863.694234
1728.0000      -30940.822263
1732.0000      -30792.669988
1736.0000      -30890.608404
1740.0000      -30927.183981
1744.0000      -30919.937670
1748.0000      -30867.075346
1752.0000      -30907.246851
1756.0000      -31009.462025
1760.0000      -30868.459040
1764.0000      -30928.189418
1768.0000      -30962.011878
1772.0000      -30790.433861
1776.0000      -30714.278693
1780.0000      -30811.590984
1784.0000      -30886.856337
1788.0000      -31131.640880
1792.0000      -30936.687905
1796.0000      -30944.149173
1800.0000      -30821.934867
1804.0000      -30887.905435
1808.0000      -30912.432934
1812.0000      -30905.960727
1816.0000      -30791.116131
1820.0000      -30849.848383
1824.0000      -30773.676196
1828.0000      -30772.222729
1832.0000      -30900.052490
1836.0000      -30779.746453
1840.0000      -30871.699939
1844.0000      -31039.819720
1848.0000      -31013.426598
1852.0000      -31038.534070
1856.0000      -30856.529773
1860.0000      -30957.344653
1864.0000      -30817.872488
1868.0000      -30863.696972
1872.0000      -31011.171071
1876.0000      -30880.750633
1880.0000      -30843.912829
1884.0000      -30915.443262
1888.0000      -30876.369686
1892.0000      -30828.943582
1896.0000      -30878.230683
1900.0000      -30812.330388
1904.0000      -30805.984348
1908.0000      -30786.883201
1912.0000      -30850.582748
1916.0000      -30951.335023
1920.0000      -31050.621323
1924.0000      -31067.535029
1928.0000      -31005.103253
1932.0000      -30825.914115
1936.0000      -30965.325634
1940.0000      -30734.608896
1944.0000      -30770.131182
1948.0000      -30665.082286
1952.0000      -30979.205820
1956.0000      -30813.846597
1960.0000      -30899.000934
1964.0000      -30837.115876
1968.0000      -30843.123507
1972.0000      -31092.784091
1976.0000      -30958.333590
1980.0000      -31119.688684
1984.0000      -30933.576297
1988.0000      -30865.242059
1992.0000      -30945.432820
1996.0000      -31032.949280
2000.0000      -30759.390103
2004.0000      -30820.507291
2008.0000      -31069.526388
2012.0000      -30914.227033
2016.0000      -30905.153506
2020.0000      -30954.416043
2024.0000      -30939.818228
2028.0000      -30878.985722
2032.0000      -30846.515090
2036.0000      -30921.470866
2040.0000      -30855.925211
2044.0000      -30880.161972
2048.0000      -30921.106493
2052.0000      -30817.626083
2056.0000      -30954.443290
2060.0000      -30869.796677
2064.0000      -30768.444291
2068.0000      -30927.602454
2072.0000      -30815.494674
2076.0000      -30786.884565
2080.0000      -30901.629257
2084.0000      -30829.323575
2088.0000      -30881.531989
2092.0000      -30905.112468
2096.0000      -30955.361493
2100.0000      -30867.880859
2104.0000      -30934.116218
2108.0000      -30952.700193
2112.0000      -30924.544704
2116.0000      -30753.038042
2120.0000      -30857.967368
2124.0000      -30785.501657
2128.0000      -30867.736282
2132.0000      -30789.014840
2136.0000      -30599.955658
2140.0000      -30874.949362
2144.0000      -30813.784608
2148.0000      -30957.673709
2152.0000      -30897.458559
2156.0000      -30793.391418
2160.0000      -30924.292445
2164.0000      -31084.586866
2168.0000      -30985.015134
2172.0000      -30937.918635
2176.0000      -30790.268207
2180.0000      -30920.563172
2184.0000      -30883.647195
2188.0000      -31017.241281
2192.0000      -30898.379862
2196.0000      -30915.037856
2200.0000      -31031.435752
2204.0000      -30972.292270
2208.0000      -31143.217681
2212.0000      -30962.368831
2216.0000      -31076.329737
2220.0000      -30868.478095
2224.0000      -30981.709149
2228.0000      -30880.890628
2232.0000      -31056.537968
2236.0000      -31166.718130
2240.0000      -30998.703351
2244.0000      -30910.132880
2248.0000      -30979.326975
2252.0000      -30861.139460
2256.0000      -30879.614974
2260.0000      -31108.632351
2264.0000      -30812.473842
2268.0000      -30908.072689
2272.0000      -31073.604324
2276.0000      -30827.657608
2280.0000      -30969.088603
2284.0000      -30918.680343
2288.0000      -30938.760398
2292.0000      -30840.964279
2296.0000      -31057.498549
2300.0000      -30957.394980
2304.0000      -30858.283975
2308.0000      -30867.714292
2312.0000      -30874.834246
2316.0000      -30818.111370
2320.0000      -30993.039157
2324.0000      -30944.758357
2328.0000      -30926.260703
2332.0000      -31028.571771
2336.0000      -30753.894903
2340.0000      -30690.233982
2344.0000      -30740.055577
2348.0000      -30851.262739
2352.0000      -30850.800062
2356.0000      -30817.317860
2360.0000      -30802.520435
2364.0000      -30929.062424
2368.0000      -31100.767188
2372.0000      -30874.069859
2376.0000      -30799.617536
2380.0000      -30869.397371
2384.0000      -30927.043490
2388.0000      -30844.209226
2392.0000      -30932.849368
2396.0000      -30791.094054
2400.0000      -30819.753472
2404.0000      -30994.708689
2408.0000      -30854.681151
2412.0000      -30889.463455
2416.0000      -30997.028020
2420.0000      -31027.982768
2424.0000      -31023.979963
2428.0000      -31049.747604
2432.0000      -30845.135534
2436.0000      -30741.916736
2440.0000      -31000.927123
2444.0000      -30847.371594
2448.0000      -30864.362173
2452.0000      -30848.042709
2456.0000      -30809.751348
2460.0000      -30835.264397
2464.0000      -30911.614757
2468.0000      -31021.025030
2472.0000      -30989.394691
2476.0000      -31082.237623
2480.0000      -30911.670280
2484.0000      -30914.174469
2488.0000      -30830.463028
2492.0000      -30798.651904
2496.0000      -30923.637678
2500.0000      -30998.783847
2504.0000      -30814.641612
2508.0000      -30806.335175
2512.0000      -30936.983901
2516.0000      -30881.057588
2520.0000      -30722.983746
2524.0000      -30790.650124
2528.0000      -30971.041914
2532.0000      -30997.182067
2536.0000      -30842.564495
2540.0000      -30755.290720
2544.0000      -30765.687050
2548.0000      -31055.456557
2552.0000      -31008.433341
2556.0000      -30817.552912
2560.0000      -30912.039283
2564.0000      -30993.673303
2568.0000      -31118.812378
2572.0000      -31026.256956
2576.0000      -30994.540914
2580.0000      -30964.887440
2584.0000      -30709.710018
2588.0000      -30905.232660
2592.0000      -30868.498012
2596.0000      -30668.190535
2600.0000      -30859.291035
2604.0000      -30887.967158
2608.0000      -30956.228837
2612.0000      -30832.443921
2616.0000      -30845.431734
2620.0000      -30957.055026
2624.0000      -31005.173770
2628.0000      -30874.664883
2632.0000      -30917.284004
2636.0000      -31021.456739
2640.0000      -31003.860514
2644.0000      -31045.595888
2648.0000      -30967.502911
2652.0000      -31055.492122
2656.0000      -30935.331934
2660.0000      -30898.899612
2664.0000      -30876.052152
2668.0000      -30793.096509
2672.0000      -30917.525433
2676.0000      -30985.872480
2680.0000      -30906.801787
2684.0000      -30877.144616
2688.0000      -30847.017776
2692.0000      -30772.610884
2696.0000      -30757.002931
2700.0000      -30826.288331
2704.0000      -30911.231397
2708.0000      -30946.414030
2712.0000      -30690.518505
2716.0000      -31000.516702
2720.0000      -30821.041007
2724.0000      -30822.556005
2728.0000      -30892.257722
2732.0000      -30741.237048
2736.0000      -30793.661734
2740.0000      -30894.931158
2744.0000      -30843.053802
2748.0000      -30960.730900
2752.0000      -30826.612984
2756.0000      -30797.081377
2760.0000      -30975.634048
2764.0000      -30735.974676
2768.0000      -30919.525352
2772.0000      -30863.854868
2776.0000      -30819.632567
2780.0000      -30904.849636
2784.0000      -30861.264410
2788.0000      -30791.385956
2792.0000      -31030.142331
2796.0000      -30758.739843
2800.0000      -30909.578631
2804.0000      -30840.314601
2808.0000      -30965.930032
2812.0000      -30771.487425
2816.0000      -30927.572886
2820.0000      -30971.081736
2824.0000      -30873.512752
2828.0000      -30763.444035
2832.0000      -30816.005807
2836.0000      -30821.043691
2840.0000      -30877.234192
2844.0000      -30870.885448
2848.0000      -30979.896000
2852.0000      -30948.449220
2856.0000      -30935.560684
2860.0000      -30915.146987
2864.0000      -31002.369818
2868.0000      -30982.813436
2872.0000      -30910.055809
2876.0000      -31008.832423
2880.0000      -30918.057845
2884.0000      -30926.332955
2888.0000      -30873.248022
2892.0000      -30985.090288
2896.0000      -30842.147346
2900.0000      -30960.531289
2904.0000      -30920.387794
2908.0000      -30801.292821
2912.0000      -30878.816415
2916.0000      -30876.411408
2920.0000      -30817.384467
2924.0000      -30976.837935
2928.0000      -30867.861997
2932.0000      -30889.946808
2936.0000      -31055.693536
2940.0000      -30889.027750
2944.0000      -30822.755578
2948.0000      -30947.700537
2952.0000      -30805.135444
2956.0000      -30770.337812
2960.0000      -30995.012394
2964.0000      -30973.935663
2968.0000      -30888.731561
2972.0000      -30944.116005
2976.0000      -30934.620305
2980.0000      -31020.320015
2984.0000      -30921.155449
2988.0000      -30998.446413
2992.0000      -30885.525052
2996.0000      -30765.973007
3000.0000      -31034.177663
3004.0000      -31068.003104
3008.0000      -30814.299720
3012.0000      -30786.772809
3016.0000      -30776.732563
3020.0000      -30845.706750
3024.0000      -30814.988032
3028.0000      -30960.682390
3032.0000      -31084.441479
3036.0000      -31151.201049
3040.0000      -30900.034123
3044.0000      -30934.108203
3048.0000      -31053.733213
3052.0000      -30798.524856
3056.0000      -30953.053896
3060.0000      -30841.307391
3064.0000      -31031.840342
3068.0000      -30823.622706
3072.0000      -30924.176243
3076.0000      -30805.313714
3080.0000      -30948.822912
3084.0000      -30874.681290
3088.0000      -30740.040942
3092.0000      -30887.954078
3096.0000      -30948.735005
3100.0000      -31122.651606
3104.0000      -30772.723579
3108.0000      -30949.416808
3112.0000      -30981.389124
3116.0000      -30877.770558
3120.0000      -30872.963023
3124.0000      -30986.964378
3128.0000      -30990.874194
3132.0000      -30873.398646
3136.0000      -30779.961414
3140.0000      -30974.795947
3144.0000      -31010.855702
3148.0000      -30932.492707
3152.0000      -30756.145804
3156.0000      -30956.758463
3160.0000      -30947.737343
3164.0000      -30843.306082
3168.0000      -30816.141331
3172.0000      -30926.779677
3176.0000      -30939.808488
3180.0000      -31001.074042
3184.0000      -30864.699579
3188.0000      -30755.171393
3192.0000      -31145.642619
3196.0000      -30948.037063
3200.0000      -30967.103995
3204.0000      -31113.778093
3208.0000      -31000.245872
3212.0000      -31049.176825
3216.0000      -30819.939367
3220.0000      -30955.542637
3224.0000      -31008.944191
3228.0000      -30895.959719
3232.0000      -30980.784172
3236.0000      -31044.608121
3240.0000      -30795.989746
3244.0000      -30714.648752
3248.0000      -30967.292433
3252.0000      -30863.277599
3256.0000      -30967.905470
3260.0000      -31008.832831
3264.0000      -31037.683605
3268.0000      -30901.764725
3272.0000      -30934.832276
3276.0000      -30845.899326
3280.0000      -31031.762027
3284.0000      -30966.227045
3288.0000      -30923.877563
3292.0000      -30913.823800
3296.0000      -30772.050104
3300.0000      -30936.494558
3304.0000      -31014.884885
3308.0000      -30687.114566
3312.0000      -30782.952354
3316.0000      -30902.966788
3320.0000      -30985.211597
3324.0000      -30930.512952
3328.0000      -30928.410456
3332.0000      -31010.628139
3336.0000      -30715.996383
3340.0000      -30947.782043
3344.0000      -30874.866280
3348.0000      -30742.948377
3352.0000      -30864.428270
3356.0000      -30889.398370
3360.0000      -30799.702444
3364.0000      -31012.352566
3368.0000      -30916.521266
3372.0000      -30859.559737
3376.0000      -30998.045957
3380.0000      -30940.698275
3384.0000      -30812.498403
3388.0000      -30950.651862
3392.0000      -30916.696120
3396.0000      -30864.279638
3400.0000      -30803.456109
3404.0000      -30858.558089
3408.0000      -30887.641527
3412.0000      -30833.954909
3416.0000      -30908.684012
3420.0000      -30937.139419
3424.0000      -30984.378074
3428.0000      -30986.516561
3432.0000      -30781.109043
3436.0000      -31093.781785
3440.0000      -31037.699338
3444.0000      -30797.772766
3448.0000      -30928.462699
3452.0000      -30941.961997
3456.0000      -30867.171834
3460.0000      -30922.340557
3464.0000      -30633.555494
3468.0000      -30699.523564
3472.0000      -30675.602668
3476.0000      -30742.175032
3480.0000      -30946.904902
3484.0000      -30843.557459
3488.0000      -30870.077197
3492.0000      -30699.071338
3496.0000      -30722.141464
3500.0000      -30925.133216
3504.0000      -30780.760743
3508.0000      -30883.518619
3512.0000      -30890.738593
3516.0000      -30952.528338
3520.0000      -30871.161649
3524.0000      -30854.147717
3528.0000      -30832.942730
3532.0000      -30864.764563
3536.0000      -30970.502063
3540.0000      -30925.270292
3544.0000      -31016.887693
3548.0000      -30972.434209
3552.0000      -30825.386866
3556.0000      -30887.449928
3560.0000      -30998.681206
3564.0000      -30914.215494
3568.0000      -30908.662810
3572.0000      -31048.605182
3576.0000      -30884.641876
3580.0000      -30908.045488
3584.0000      -31048.249309
3588.0000      -31142.242740
3592.0000      -30875.935180
3596.0000      -30710.063909
3600.0000      -30768.098546
3604.0000      -30879.668965
3608.0000      -30998.059461
3612.0000      -30980.406610
3616.0000      -31000.620286
3620.0000      -30978.071060
3624.0000      -30829.742559
3628.0000      -30857.337667
3632.0000      -30807.484710
3636.0000      -30808.492415
3640.0000      -30865.961593
3644.0000      -30880.228936
3648.0000      -30887.403425
3652.0000      -31006.429060
3656.0000      -30919.510879
3660.0000      -30940.607288
3664.0000      -30907.807240
3668.0000      -30819.387802
3672.0000      -31064.410662
3676.0000      -30922.346146
3680.0000      -31052.685158
3684.0000      -31008.709492
3688.0000      -30964.567669
3692.0000      -30975.944933
3696.0000      -30853.263637
3700.0000      -30846.039817
3704.0000      -31057.607063
3708.0000      -30991.301372
3712.0000      -31067.599187
3716.0000      -30880.806127
3720.0000      -30916.301311
3724.0000      -30887.294433
3728.0000      -30870.319050
3732.0000      -30956.327130
3736.0000      -30877.199077
3740.0000      -30853.775753
3744.0000      -30913.093505
3748.0000      -30962.790563
3752.0000      -30873.602601
3756.0000      -30847.916520
3760.0000      -30816.279259
3764.0000      -31113.386106
3768.0000      -30885.281108
3772.0000      -30808.600751
3776.0000      -30883.683681
3780.0000      -30561.495820
3784.0000      -30896.698212
3788.0000      -30851.313696
3792.0000      -30888.678016
3796.0000      -30936.666046
3800.0000      -30736.429551
3804.0000      -30677.172072
3808.0000      -30861.167236
3812.0000      -30836.298844
3816.0000      -30942.361874
3820.0000      -30903.357677
3824.0000      -30877.997269
3828.0000      -30921.529341
3832.0000      -31010.244950
3836.0000      -30900.718775
3840.0000      -31080.263160
3844.0000      -30762.133273
3848.0000      -30859.182679
3852.0000      -30936.407936
3856.0000      -30870.836128
3860.0000      -30843.560308
3864.0000      -30805.770204
3868.0000      -30745.232007
3872.0000      -30959.045955
3876.0000      -30947.519066
3880.0000      -30931.772112
3884.0000      -30926.275555
3888.0000      -30904.382974
3892.0000      -30829.217927
3896.0000      -30954.430701
3900.0000      -30871.541822
3904.0000      -30906.288320
3908.0000      -30935.332243
3912.0000      -30810.581260
3916.0000      -30821.680902
3920.0000      -30812.587704
3924.0000      -30857.622284
3928.0000      -31081.651761
3932.0000      -30916.411447
3936.0000      -31024.565602
3940.0000      -30905.676062
3944.0000      -30966.557116
3948.0000      -30750.526946
3952.0000      -30940.672984
3956.0000      -30846.485204
3960.0000      -30840.872039
3964.0000      -30905.809618
3968.0000      -30862.843498
3972.0000      -30850.938028
3976.0000      -30911.359816
3980.0000      -31049.622700
3984.0000      -30927.574430
3988.0000      -30962.111364
3992.0000      -30840.980491
3996.0000      -31003.564534
4000.0000      -30714.328954
4004.0000      -30714.328954
