4.0000      -30781.627253
8.0000      -30908.934762
12.0000      -30881.712390
16.0000      -30823.056786
20.0000      -30937.448660
24.0000      -30910.764745
28.0000      -30832.038358
32.0000      -30969.958606
36.0000      -30857.968357
40.0000      -30959.245869
44.0000      -30880.271093
48.0000      -31007.079814
52.0000      -31047.047766
56.0000      -30910.118071
60.0000      -31031.718773
64.0000      -31033.610661
68.0000      -30798.968474
72.0000      -30966.544636
76.0000      -30975.902962
80.0000      -30960.638478
84.0000      -30898.386317
88.0000      -30931.065256
92.0000      -31125.520455
96.0000      -30919.577671
100.0000      -30956.923899
104.0000      -31084.972187
108.0000      -30858.494649
112.0000      -30827.195692
116.0000      -30817.284617
120.0000      -30719.798836
124.0000      -30892.731042
128.0000      -30792.301959
132.0000      -30894.855213
136.0000      -30836.723623
140.0000      -30796.290452
144.0000      -30982.492157
148.0000      -30948.210256
152.0000      -30962.275862
156.0000      -30916.358770
160.0000      -30860.506144
164.0000      -30613.615306
168.0000      -30869.948162
172.0000      -30985.748065
176.0000      -30973.251319
180.0000      -31012.858494
184.0000      -30530.929367
188.0000      -30857.794490
192.0000      -31094.524947
196.0000      -30904.972496
200.0000      -30774.626630
204.0000      -31007.882628
208.0000      -30857.454533
212.0000      -31010.334770
216.0000      -30903.680587
220.0000      -30879.119864
224.0000      -30923.276121
228.0000      -30983.874746
232.0000      -30992.871582
236.0000      -30709.064525
240.0000      -30776.701938
244.0000      -30484.644923
248.0000      -31001.918799
252.0000      -30883.485325
256.0000      -30896.586685
260.0000      -30779.429291
264.0000      -30806.123145
268.0000      -30755.188246
272.0000      -30855.806608
276.0000      -30966.466815
280.0000      -30752.000472
284.0000      -30895.147462
288.0000      -31058.813071
292.0000      -30839.158910
296.0000      -30795.070958
300.0000      -30805.804611
304.0000      -30928.824262
308.0000      -30901.525941
312.0000      -30896.945813
316.0000      -30887.268076
320.0000      -30810.738823
324.0000      -30736.094469
328.0000      -30736.149457
332.0000      -30909.874415
336.0000      -30906.148384
340.0000      -30886.408941
344.0000      -30931.206928
348.0000      -30938.833292
352.0000      -31077.266248
356.0000      -30909.844075
360.0000      -30913.443434
364.0000      -31029.522453
368.0000      -30867.875690
372.0000      -30964.871628
376.0000      -30796.978677
380.0000      -30820.441447
384.0000      -30668.776149
388.0000      -30809.167610
392.0000      -30913.573219
396.0000      -30979.076662
400.0000      -30979.217793
404.0000      -30924.557269
408.0000      -30989.920750
412.0000      -30767.924671
416.0000      -30943.380758
420.0000      -31142.331078
424.0000      -30785.001350
428.0000      -31128.971013
432.0000      -30883.913337
436.0000      -30837.389682
440.0000      -30894.250087
444.0000      -31026.409551
448.0000      -30914.541226
452.0000      -30867.494265
456.0000      -30760.073012
460.0000      -30865.630851
464.0000      -30856.591542
468.0000      -30800.789635
472.0000      -30907.468223
476.0000      -30906.152638
480.0000      -30822.906949
484.0000      -31069.400456
488.0000      -30553.159202
492.0000      -30917.020923
496.0000      -31079.818204
500.0000      -30886.954568
504.0000      -30980.099082
508.0000      -30432.469897
512.0000      -30986.631757
516.0000      -30942.701102
520.0000      -30158.337319
524.0000      -30833.632851
528.0000      -30917.634751
532.0000      -30780.833502
536.0000      -30843.399701
540.0000      -30862.742641
544.0000      -31159.233095
548.0000      -30938.492761
552.0000      -30936.071521
556.0000      -30729.665281
560.0000      -30848.025730
564.0000      -30965.004719
568.0000      -30912.429682
572.0000      -30918.557030
576.0000      -31067.560245
580.0000      -30807.954080
584.0000      -30921.722003
588.0000      -30791.797468
592.0000      -30913.209418
596.0000      -30972.550919
600.0000      -31076.984114
604.0000      -30805.968647
608.0000      -30918.066900
612.0000      -30781.869913
616.0000      -30937.704353
620.0000      -30857.624856
624.0000      -31089.865520
628.0000      -30833.265252
632.0000      -30991.134670
636.0000      -30956.085707
640.0000      -30821.455573
644.0000      -31044.809301
648.0000      -30771.218891
652.0000      -30836.788776
656.0000      -31090.232556
660.0000      -30966.119306
664.0000      -30767.452620
668.0000      -30892.041867
672.0000      -30869.302156
676.0000      -31012.390470
680.0000      -30989.320258
684.0000      -30838.403074
688.0000      -30943.065857
692.0000      -30857.911003
696.0000      -30962.377073
700.0000      -30920.275100
704.0000      -30939.710265
708.0000      -30821.064563
712.0000      -30978.371017
716.0000      -30946.964105
720.0000      -30930.026208
724.0000      -30724.229594
728.0000      -30951.880828
732.0000      -30939.862420
736.0000      -30826.668555
740.0000      -30836.867892
744.0000      -30858.104416
748.0000      -30962.794663
752.0000      -30476.586537
756.0000      -30864.900974
760.0000      -30953.270807
764.0000      -30982.818314
768.0000      -30720.375848
772.0000      -31034.740008
776.0000      -30813.833461
780.0000      -30482.154033
784.0000      -30850.976513
788.0000      -30816.823996
792.0000      -30740.970835
796.0000      -30852.179753
800.0000      -30905.032110
804.0000      -30883.522600
808.0000      -30889.567561
812.0000      -30797.590952
816.0000      -30834.399113
820.0000      -30738.485145
824.0000      -30908.969472
828.0000      -30882.858713
832.0000      -30684.951104
836.0000      -30863.247839
840.0000      -31066.268557
844.0000      -30913.625905
848.0000      -30844.464503
852.0000      -30811.087332
856.0000      -31039.705585
860.0000      -30709.755637
864.0000      -30965.647314
868.0000      -30606.374958
872.0000      -30957.520843
876.0000      -30872.288242
880.0000      -30913.017499
884.0000      -30967.777094
888.0000      -31073.679441
892.0000      -30682.055468
896.0000      -30905.777465
900.0000      -30893.944455
904.0000      -30907.263137
908.0000      -30769.631243
912.0000      -30875.914503
916.0000      -30965.687665
920.0000      -31083.423662
924.0000      -30950.718894
928.0000      -30856.817455
932.0000      -31133.149564
936.0000      -30923.176152
940.0000      -30826.240944
944.0000      -30982.015084
948.0000      -30935.673670
952.0000      -30839.533759
956.0000      -30975.184473
960.0000      -30900.347543
964.0000      -30952.444485
968.0000      -30878.514021
972.0000      -30963.595328
976.0000      -31108.595674
980.0000      -30988.759272
984.0000      -30933.994344
988.0000      -31011.323511
992.0000      -31015.833808
996.0000      -30881.126426
1000.0000      -30944.233513
1004.0000      -30903.926326
1008.0000      -31072.877416
1012.0000      -30838.956781
1016.0000      -30947.519958
1020.0000      -30325.332047
1024.0000      -30771.701439
1028.0000      -31106.295473
1032.0000      -30952.900503
1036.0000      -30718.820127
1040.0000      -30955.629234
1044.0000      -30894.328104
1048.0000      -31028.894598
1052.0000      -31024.618978
1056.0000      -30759.406370
1060.0000      -31190.456109
1064.0000      -31037.228599
1068.0000      -31051.223785
1072.0000      -30879.610400
1076.0000      -30952.097352
1080.0000      -31015.386226
1084.0000      -30920.055886
1088.0000      -31124.148976
1092.0000      -30986.014456
1096.0000      -31025.621224
1100.0000      -30971.909529
1104.0000      -30928.736758
1108.0000      -30952.408422
1112.0000      -30893.271746
1116.0000      -30951.258614
1120.0000      -30808.015553
1124.0000      -30862.578383
1128.0000      -30967.440362
1132.0000      -30880.116886
1136.0000      -30926.374030
1140.0000      -30995.516489
1144.0000      -30816.488750
1148.0000      -30766.779969
1152.0000      -30656.139386
1156.0000      -30967.874465
1160.0000      -30944.350936
1164.0000      -31114.991485
1168.0000      -30883.813524
1172.0000      -30984.498464
1176.0000      -30810.214602
1180.0000      -30902.558249
1184.0000      -30943.131731
1188.0000      -31003.458446
1192.0000      -30773.014903
1196.0000      -31035.299549
1200.0000      -31088.172603
1204.0000      -30964.666126
1208.0000      -30836.215038
1212.0000      -30790.272100
1216.0000      -27606.700746
1220.0000      -30917.598716
1224.0000      -30884.935664
1228.0000      -30836.529432
1232.0000      -31036.801742
1236.0000      -30727.220732
1240.0000      -30935.437985
1244.0000      -30959.384840
1248.0000      -30642.096038
1252.0000      -30604.019738
1256.0000      -30942.298418
1260.0000      -30921.592105
1264.0000      -30872.857125
1268.0000      -30837.455882
1272.0000      -30800.705112
1276.0000      -31004.245653
1280.0000      -30935.013788
1284.0000      -30915.344230
1288.0000      -30871.712450
1292.0000      -31006.373954
1296.0000      -31076.930039
1300.0000      -30936.383889
1304.0000      -30988.364847
1308.0000      -30796.908628
1312.0000      -30847.980325
1316.0000      -31117.348506
1320.0000      -30511.040052
1324.0000      -30955.445830
1328.0000      -30752.613429
1332.0000      -30765.791629
1336.0000      -30973.273037
1340.0000      -30994.405306
1344.0000      -30903.213562
1348.0000      -30949.959141
1352.0000      -30747.939768
1356.0000      -30869.559155
1360.0000      -30951.709099
1364.0000      -30998.249656
1368.0000      -30980.917099
1372.0000      -30786.177283
1376.0000      -30733.172270
1380.0000      -30992.809556
1384.0000      -30926.074504
1388.0000      -30796.456691
1392.0000      -30933.679936
1396.0000      -30939.780191
1400.0000      -30950.869005
1404.0000      -30865.775068
1408.0000      -30870.010725
1412.0000      -30805.143766
1416.0000      -30877.902674
1420.0000      -30932.705619
1424.0000      -30858.685380
1428.0000      -30887.450288
1432.0000      -30840.747802
1436.0000      -30957.546441
1440.0000      -30700.266167
1444.0000      -31017.028485
1448.0000      -30975.492604
1452.0000      -30785.290205
1456.0000      -30831.105370
1460.0000      -30875.366867
1464.0000      -30894.622223
1468.0000      -30934.473715
1472.0000      -30821.650903
1476.0000      -30968.650108
1480.0000      -30950.415500
1484.0000      -30968.394406
1488.0000      -30720.982676
1492.0000      -30973.330707
1496.0000      -30857.016102
1500.0000      -30839.038044
1504.0000      -30862.842171
1508.0000      -30838.433380
1512.0000      -30849.506767
1516.0000      -30737.446508
1520.0000      -30876.086700
1524.0000      -30800.217763
1528.0000      -30900.367173
1532.0000      -30839.623952
1536.0000      -30859.992878
1540.0000      -30793.394906
1544.0000      -30750.105679
1548.0000      -30975.095025
1552.0000      -30298.444444
1556.0000      -30905.506813
1560.0000      -30892.659532
1564.0000      -31084.369443
1568.0000      -30959.156538
1572.0000      -31057.569063
1576.0000      -31191.707203
1580.0000      -30921.950809
1584.0000      -30884.149764
1588.0000      -30838.694132
1592.0000      -30819.326824
1596.0000      -31152.922208
1600.0000      -31013.304847
1604.0000      -30930.794661
1608.0000      -30708.808129
1612.0000      -29793.111213
1616.0000      -30705.918552
1620.0000      -30808.551829
1624.0000      -29799.133998
1628.0000      -30938.343811
1632.0000      -30823.435478
1636.0000      -31025.492362
1640.0000      -30901.805904
1644.0000      -30784.844674
1648.0000      -30936.668960
1652.0000      -30787.772731
1656.0000      -30844.396838
1660.0000      -30915.078492
1664.0000      -30815.013986
1668.0000      -30891.425090
1672.0000      -30801.778045
1676.0000      -30963.577267
1680.0000      -30986.396076
1684.0000      -31003.112853
1688.0000      -31007.666915
1692.0000      -30921.966669
1696.0000      -30841.840614
1700.0000      -30836.245110
1704.0000      -30905.267993
1708.0000      -25693.417605
1712.0000      -30775.226926
1716.0000      -30975.447491
1720.0000      -30885.508127
1724.0000      -30871.185131
1728.0000      -30865.432076
1732.0000      -30995.998147
1736.0000      -26101.258138
1740.0000      -30990.932530
1744.0000      -30858.572896
1748.0000      -30864.715403
1752.0000      -30919.833313
1756.0000      -31030.627383
1760.0000      -30950.596455
1764.0000      -30876.914592
1768.0000      -30993.669664
1772.0000      -30910.600137
1776.0000      -30897.114464
1780.0000      -31197.615529
1784.0000      -31011.502338
1788.0000      -30836.555851
1792.0000      -29913.187956
1796.0000      -30909.921611
1800.0000      -30956.727077
1804.0000      -30944.488747
1808.0000      -30845.727804
1812.0000      -30984.757171
1816.0000      -30957.319998
1820.0000      -31000.278536
1824.0000      -30866.632418
1828.0000      -30969.144106
1832.0000      -30993.524614
1836.0000      -30961.211417
1840.0000      -31109.014206
1844.0000      -30837.099539
1848.0000      -30976.337865
1852.0000      -30991.206489
1856.0000      -31027.692071
1860.0000      -30869.703445
1864.0000      -30731.811337
1868.0000      -30803.019977
1872.0000      -30894.284908
1876.0000      -30932.807116
1880.0000      -30803.759496
1884.0000      -31017.003560
1888.0000      -30942.695649
1892.0000      -30950.687143
1896.0000      -30948.380695
1900.0000      -30739.581021
1904.0000      -30730.231904
1908.0000      -30901.811333
1912.0000      -30979.419322
1916.0000      -30864.620184
1920.0000      -30986.440730
1924.0000      -31039.825155
1928.0000      -30720.166188
1932.0000      -31030.354789
1936.0000      -31029.101713
1940.0000      -30954.860577
1944.0000      -30909.899336
1948.0000      -30940.498666
1952.0000      -30947.656474
1956.0000      -31029.623495
1960.0000      -30848.124991
1964.0000      -30853.489672
1968.0000      -30889.894707
1972.0000      -30754.478541
1976.0000      -30697.578426
1980.0000      -30820.711934
1984.0000      -30911.936617
1988.0000      -30852.439473
1992.0000      -30853.385381
1996.0000      -30844.115246
2000.0000      -30940.311373
2004.0000      -30941.133398
2008.0000      -27606.785523
2012.0000      -30872.825542
2016.0000      -30852.971019
2020.0000      -30555.719156
2024.0000      -30843.072720
2028.0000      -31041.153797
2032.0000      -30717.472394
2036.0000      -30815.281522
2040.0000      -30888.424750
2044.0000      -30955.162494
2048.0000      -30967.123682
2052.0000      -30881.813742
2056.0000      -30941.692723
2060.0000      -30878.136908
2064.0000      -30853.397630
2068.0000      -30977.154257
2072.0000      -30848.119977
2076.0000      -30798.234125
2080.0000      -30855.138041
2084.0000      -30872.088070
2088.0000      -30991.393967
2092.0000      -30731.407249
2096.0000      -30855.784596
2100.0000      -30865.718863
2104.0000      -30854.946215
2108.0000      -30909.098061
2112.0000      -30957.029924
2116.0000      -30574.905257
2120.0000      -30995.204047
2124.0000      -30862.370060
2128.0000      -30825.338302
2132.0000      -30726.054709
2136.0000      -30832.482659
2140.0000      -30753.320805
2144.0000      -30856.812570
2148.0000      -30938.033186
2152.0000      -31035.021796
2156.0000      -30863.374065
2160.0000      -30942.868249
2164.0000      -30842.034010
2168.0000      -31132.004819
2172.0000      -30864.913848
2176.0000      -31049.042081
2180.0000      -30871.829324
2184.0000      -31027.264772
2188.0000      -30848.777064
2192.0000      -30889.661402
2196.0000      -30721.136593
2200.0000      -30661.707400
2204.0000      -30949.231578
2208.0000      -30129.616784
2212.0000      -30902.103223
2216.0000      -30605.028979
2220.0000      -30926.102498
2224.0000      -30725.572147
2228.0000      -30980.828249
2232.0000      -30849.277630
2236.0000      -30865.103359
2240.0000      -30800.090607
2244.0000      -30922.324206
2248.0000      -30939.951646
2252.0000      -30924.089838
2256.0000      -31005.283001
2260.0000      -30842.004422
2264.0000      -30697.454310
2268.0000      -30896.428693
2272.0000      -30875.414930
2276.0000      -31083.138630
2280.0000      -30988.911586
2284.0000      -30837.727589
2288.0000      -30740.631160
2292.0000      -30974.912041
2296.0000      -31020.032451
2300.0000      -30946.038010
2304.0000      -30620.020515
2308.0000      -30848.354767
2312.0000      -31001.795348
2316.0000      -30884.954276
2320.0000      -30803.356029
2324.0000      -30656.602824
2328.0000      -30834.224157
2332.0000      -30900.371195
2336.0000      -30903.552325
2340.0000      -30851.400463
2344.0000      -31002.532094
2348.0000      -30990.982178
2352.0000      -30971.055565
2356.0000      -30831.647264
2360.0000      -30906.316629
2364.0000      -30941.838675
2368.0000      -30810.785139
2372.0000      -30853.766319
2376.0000      -30857.973477
2380.0000      -30889.001249
2384.0000      -31035.952452
2388.0000      -31001.422815
2392.0000      -30794.775341
2396.0000      -30887.318719
2400.0000      -30843.255490
2404.0000      -30946.153115
2408.0000      -30930.615086
2412.0000      -30744.949936
2416.0000      -30692.772787
2420.0000      -30777.852448
2424.0000      -30927.182065
2428.0000      -30850.274731
2432.0000      -30877.837278
2436.0000      -30918.449146
2440.0000      -31097.196478
2444.0000      -30788.092903
2448.0000      -30832.045278
2452.0000      -30762.262110
2456.0000      -30864.967059
2460.0000      -30878.633328
2464.0000      -30892.372636
2468.0000      -30808.554977
2472.0000      -30924.043902
2476.0000      -30952.584270
2480.0000      -30816.243855
2484.0000      -30805.887103
2488.0000      -30933.057937
2492.0000      -30925.601028
2496.0000      -30887.954195
2500.0000      -30798.053161
2504.0000      -30899.723108
2508.0000      -30930.168999
2512.0000      -30914.929744
2516.0000      -31063.448727
2520.0000      -30828.075136
2524.0000      -30853.621284
2528.0000      -30987.293489
2532.0000      -30915.146691
2536.0000      -30783.454506
2540.0000      -30820.876053
2544.0000      -30968.219117
2548.0000      -30838.158488
2552.0000      -30900.502200
2556.0000      -30885.133489
2560.0000      -31220.603338
2564.0000      -30888.725957
2568.0000      -30547.585795
2572.0000      -31055.179154
2576.0000      -31028.139150
2580.0000      -30069.023896
2584.0000      -30796.879617
2588.0000      -30770.901853
2592.0000      -30872.819502
2596.0000      -30782.320201
2600.0000      -30897.858834
2604.0000      -31131.428113
2608.0000      -30956.226848
2612.0000      -30903.984897
2616.0000      -30994.233260
2620.0000      -30946.158793
2624.0000      -30157.558982
2628.0000      -30873.026757
2632.0000      -31071.127042
2636.0000      -31002.891066
2640.0000      -31008.840641
2644.0000      -30925.998876
2648.0000      -30949.607810
2652.0000      -30981.301998
2656.0000      -31003.782735
2660.0000      -31049.093208
2664.0000      -30964.289945
2668.0000      -30931.100156
2672.0000      -30822.290334
2676.0000      -30830.506004
2680.0000      -30547.995731
2684.0000      -30868.855054
2688.0000      -30910.351597
2692.0000      -30975.393271
2696.0000      -31016.674220
2700.0000      -30744.011271
2704.0000      -30944.147335
2708.0000      -30989.435262
2712.0000      -31031.512669
2716.0000      -30938.905795
2720.0000      -30945.646383
2724.0000      -30536.924891
2728.0000      -30788.819556
2732.0000      -30927.081349
2736.0000      -30921.913161
2740.0000      -30776.456139
2744.0000      -31050.337933
2748.0000      -30972.870839
2752.0000      -30896.382125
2756.0000      -30927.660741
2760.0000      -31104.759847
2764.0000      -30842.698807
2768.0000      -30998.306250
2772.0000      -30944.596109
2776.0000      -31002.181894
2780.0000      -30934.839559
2784.0000      -30859.891411
2788.0000      -30822.505229
2792.0000      -31006.666309
2796.0000      -31037.054773
2800.0000      -31047.923966
2804.0000      -31013.535042
2808.0000      -30969.186677
2812.0000      -30855.734051
2816.0000      -31069.954471
2820.0000      -30904.317719
2824.0000      -30783.838661
2828.0000      -30927.058231
2832.0000      -30897.724957
2836.0000      -30872.382412
2840.0000      -31033.889506
2844.0000      -30990.557592
2848.0000      -30775.937268
2852.0000      -21780.297520
2856.0000      -30819.319073
2860.0000      -30825.459377
2864.0000      -30828.857749
2868.0000      -30898.232557
2872.0000      -30789.929552
2876.0000      -30800.466559
2880.0000      -30990.563801
2884.0000      -30681.777716
2888.0000      -28943.234323
2892.0000      -30994.117593
2896.0000      -30676.639415
2900.0000      -30954.812960
2904.0000      -30891.477077
2908.0000      -30828.872845
2912.0000      -30804.840199
2916.0000      -30755.693223
2920.0000      -30986.149657
2924.0000      -30835.501353
2928.0000      -30959.102597
2932.0000      -30891.280306
2936.0000      -30775.168161
2940.0000      -30724.681608
2944.0000      -30874.784080
2948.0000      -30871.877388
2952.0000      -30729.846688
2956.0000      -30927.290729
2960.0000      -31013.275987
2964.0000      -30753.276473
2968.0000      -31128.820101
2972.0000      -30993.933825
2976.0000      -30853.114648
2980.0000      -30826.966369
2984.0000      -30928.959785
2988.0000      -30918.556192
2992.0000      -31038.623114
2996.0000      -31001.755527
3000.0000      -30947.583821
3004.0000      -30827.167293
3008.0000      -31059.679423
3012.0000      -30916.818947
3016.0000      -30872.056252
3020.0000      -30989.545230
3024.0000      -30931.768733
3028.0000      -30890.880092
3032.0000      -31010.613114
3036.0000      -31050.386545
3040.0000      -30819.443887
3044.0000      -30781.815686
3048.0000      -30906.979018
3052.0000      -30787.715742
3056.0000      -31068.017252
3060.0000      -30902.798180
3064.0000      -31047.106966
3068.0000      -30874.382361
3072.0000      -30823.204197
3076.0000      -30820.333736
3080.0000      -30973.787677
3084.0000      -30807.312591
3088.0000      -30833.560798
3092.0000      -30923.779128
3096.0000      -30632.971790
3100.0000      -30880.031112
3104.0000      -30878.090893
3108.0000      -31020.941341
3112.0000      -30916.951784
3116.0000      -30852.091908
3120.0000      -30847.618119
3124.0000      -30912.141560
3128.0000      -30923.741750
3132.0000      -30811.700484
3136.0000      -30723.194954
3140.0000      -30915.085597
3144.0000      -30981.057830
3148.0000      -30932.517747
3152.0000      -30884.152987
3156.0000      -30852.759576
3160.0000      -30985.197292
3164.0000      -30923.736165
3168.0000      -31000.713768
3172.0000      -30908.799596
3176.0000      -30928.610978
3180.0000      -31012.866539
3184.0000      -31061.047418
3188.0000      -30801.891438
3192.0000      -30860.486108
3196.0000      -30990.412332
3200.0000      -30833.193476
3204.0000      -30774.282875
3208.0000      -30984.174669
3212.0000      -30861.080044
3216.0000      -30822.122176
3220.0000      -30844.539076
3224.0000      -30537.354064
3228.0000      -30986.660765
3232.0000      -30959.105138
3236.0000      -30882.245316
3240.0000      -30840.604054
3244.0000      -30874.855173
3248.0000      -30856.274713
3252.0000      -30919.218666
3256.0000      -30964.233937
3260.0000      -30814.391543
3264.0000      -30847.191391
3268.0000      -30889.228482
3272.0000      -30962.543176
3276.0000      -30873.092835
3280.0000      -30943.668623
3284.0000      -30837.225784
3288.0000      -30696.506906
3292.0000      -30795.346662
3296.0000      -30939.484484
3300.0000      -31023.813335
3304.0000      -31009.209311
3308.0000      -30882.515680
3312.0000      -30799.997193
3316.0000      -31053.823382
3320.0000      -30931.457870
3324.0000      -30842.643739
3328.0000      -30810.113687
3332.0000      -30852.663972
3336.0000      -30637.559377
3340.0000      -30924.511312
3344.0000      -30950.515383
3348.0000      -30866.005194
3352.0000      -30998.243450
3356.0000      -31024.403487
3360.0000      -30903.531942
3364.0000      -30877.218350
3368.0000      -30966.466367
3372.0000      -30934.734882
3376.0000      -30957.346029
3380.0000      -30855.794475
3384.0000      -31168.950137
3388.0000      -30845.804161
3392.0000      -30909.857190
3396.0000      -30824.192410
3400.0000      -30681.072016
3404.0000      -30889.990644
3408.0000      -30682.363736
3412.0000      -30924.618008
3416.0000      -30864.931129
3420.0000      -31071.415700
3424.0000      -30809.112640
3428.0000      -30913.569092
3432.0000      -30655.720893
3436.0000      -30816.568783
3440.0000      -30875.280607
3444.0000      -30950.882919
3448.0000      -30853.386610
3452.0000      -30808.348522
3456.0000      -31003.700201
3460.0000      -31028.539589
3464.0000      -30963.753837
3468.0000      -30945.447913
3472.0000      -30927.420036
3476.0000      -30912.764219
3480.0000      -30980.851901
3484.0000      -31011.553148
3488.0000      -30923.612086
3492.0000      -30919.470732
3496.0000      -30932.494530
3500.0000      -30936.217017
3504.0000      -31048.643922
3508.0000      -30841.506834
3512.0000      -30906.143216
3516.0000      -30783.090105
3520.0000      -30904.016055
3524.0000      -30870.076328
3528.0000      -30822.550362
3532.0000      -30931.792058
3536.0000      -30750.592754
3540.0000      -30895.237813
3544.0000      -30891.759463
3548.0000      -30816.789127
3552.0000      -30660.516983
3556.0000      -31064.676471
3560.0000      -30391.557023
3564.0000      -30788.092722
3568.0000      -30970.196409
3572.0000      -30669.500825
3576.0000      -30876.181443
3580.0000      -30916.133672
3584.0000      -30765.391035
3588.0000      -30843.660820
3592.0000      -30816.301780
3596.0000      -31046.671362
3600.0000      -30932.983948
3604.0000      -30699.641897
3608.0000      -31023.539097
3612.0000      -30881.091435
3616.0000      -30984.124059
3620.0000      -30826.371063
3624.0000      -30789.193416
3628.0000      -31060.118856
3632.0000      -30700.431852
3636.0000      -30945.932769
3640.0000      -30968.405675
3644.0000      -30854.948893
3648.0000      -30314.556123
3652.0000      -30980.186384
3656.0000      -30870.989754
3660.0000      -30817.491405
3664.0000      -30484.541874
3668.0000      -30658.183103
3672.0000      -30836.670483
3676.0000      -30878.620074
3680.0000      -30978.698323
3684.0000      -30990.866530
3688.0000      -30825.895210
3692.0000      -30846.863821
3696.0000      -30981.552377
3700.0000      -30714.416485
3704.0000      -31062.540298
3708.0000      -30979.910480
3712.0000      -30969.372050
3716.0000      -31055.245023
3720.0000      -30698.874043
3724.0000      -30775.746418
3728.0000      -30751.871316
3732.0000      -30861.092894
3736.0000      -31072.974300
3740.0000      -30750.969631
3744.0000      -30849.824513
3748.0000      -30838.433064
3752.0000      -30885.992861
3756.0000      -30779.620104
3760.0000      -31051.384486
3764.0000      -30953.582109
3768.0000      -30995.095600
3772.0000      -30841.300224
3776.0000      -31122.642018
3780.0000      -30873.277981
3784.0000      -30998.278747
3788.0000      -30908.244112
3792.0000      -30810.313908
3796.0000      -30946.887100
3800.0000      -30920.177734
3804.0000      -30937.858162
3808.0000      -31030.735852
3812.0000      -30898.667504
3816.0000      -30925.559093
3820.0000      -30894.512240
3824.0000      -30895.668383
3828.0000      -30921.912848
3832.0000      -31104.688076
3836.0000      -30920.759562
3840.0000      -30819.286087
3844.0000      -31054.774854
3848.0000      -30953.669447
3852.0000      -30835.847494
3856.0000      -30812.393677
3860.0000      -30928.042891
3864.0000      -24265.652854
3868.0000      -30977.265373
3872.0000      -31044.177548
3876.0000      -30838.810335
3880.0000      -30884.798828
3884.0000      -30816.712445
3888.0000      -31001.858239
3892.0000      -30474.514552
3896.0000      -30579.625722
3900.0000      -30850.486600
3904.0000      -30868.825940
3908.0000      -30988.690985
3912.0000      -30859.373409
3916.0000      -30758.799816
3920.0000      -30960.563576
3924.0000      -31115.423546
3928.0000      -30895.134273
3932.0000      -30878.424778
3936.0000      -30912.863104
3940.0000      -30841.385725
3944.0000      -30858.820448
3948.0000      -30744.812408
3952.0000      -31002.402187
3956.0000      -30790.368984
3960.0000      -30950.534828
3964.0000      -30907.471587
3968.0000      -30736.872453
3972.0000      -30895.211866
3976.0000      -30819.756063
3980.0000      -30926.674686
3984.0000      -30908.189199
3988.0000      -30989.395035
3992.0000      -30889.230381
3996.0000      -30841.798659
4000.0000      -31097.005897
4004.0000      -31097.005897
