4.0000      -30709.051005
8.0000      -30784.925582
12.0000      -30823.202798
16.0000      -30821.469018
20.0000      -30908.936411
24.0000      -30917.058613
28.0000      -30964.065478
32.0000      -30698.781386
36.0000      -31033.225663
40.0000      -30740.487888
44.0000      -30891.993522
48.0000      -30808.057287
52.0000      -30853.208568
56.0000      -31056.387413
60.0000      -30931.238697
64.0000      -30886.602108
68.0000      -30904.755479
72.0000      -30949.939894
76.0000      -30879.695706
80.0000      -30935.419951
84.0000      -30821.801117
88.0000      -30686.913339
92.0000      -30834.923348
96.0000      -30782.141676
100.0000      -30781.472890
104.0000      -30968.989001
108.0000      -30938.030765
112.0000      -30748.170589
116.0000      -30855.990559
120.0000      -30899.364219
124.0000      -30792.230849
128.0000      -30981.191664
132.0000      -30881.628246
136.0000      -30654.802451
140.0000      -30840.721898
144.0000      -30872.455707
148.0000      -31005.561422
152.0000      -30910.535342
156.0000      -30842.721741
160.0000      -31002.386519
164.0000      -30976.551140
168.0000      -30848.276776
172.0000      -31079.150996
176.0000      -30868.538967
180.0000      -31000.406677
184.0000      -31137.802301
188.0000      -30879.347286
192.0000      -30908.176893
196.0000      -31072.314216
200.0000      -30979.270912
204.0000      -30921.250211
208.0000      -30959.054868
212.0000      -31059.886043
216.0000      -30832.595652
220.0000      -30928.651717
224.0000      -30976.167684
228.0000      -30960.792631
232.0000      -30914.633933
236.0000      -30800.579017
240.0000      -30821.528385
244.0000      -30984.854416
248.0000      -30896.614228
252.0000      -30963.195342
256.0000      -30892.358529
260.0000      -31065.490343
264.0000      -30894.292921
268.0000      -30820.775129
272.0000      -30886.698863
276.0000      -30968.739152
280.0000      -30909.714522
284.0000      -30747.570891
288.0000      -30863.885116
292.0000      -31001.039522
296.0000      -30972.847984
300.0000      -31009.306752
304.0000      -31057.284499
308.0000      -30854.139297
312.0000      -30889.790925
316.0000      -30826.513287
320.0000      -30700.671216
324.0000      -30914.606956
328.0000      -30730.520521
332.0000      -30783.449399
336.0000      -30852.792676
340.0000      -30938.214857
344.0000      -30998.278806
348.0000      -31069.884351
352.0000      -30785.347443
356.0000      -30938.272995
360.0000      -30911.390056
364.0000      -30826.045416
368.0000      -30946.327680
372.0000      -30884.447863
376.0000      -30935.047816
380.0000      -30815.060189
384.0000      -30878.411690
388.0000      -30976.675336
392.0000      -30825.631709
396.0000      -30803.788012
400.0000      -30723.855261
404.0000      -30937.622338
408.0000      -30954.704390
412.0000      -30943.931815
416.0000      -30872.644878
420.0000      -30911.930406
424.0000      -30944.956818
428.0000      -30979.897247
432.0000      -30850.168829
436.0000      -30762.166141
440.0000      -30838.654997
444.0000      -30974.282815
448.0000      -30767.168414
452.0000      -30885.285326
456.0000      -30865.367915
460.0000      -31006.735675
464.0000      -30916.421102
468.0000      -30999.536193
472.0000      -30903.875713
476.0000      -30915.903598
480.0000      -30815.630149
484.0000      -30861.238240
488.0000      -30881.255258
492.0000      -30926.065455
496.0000      -30847.003195
500.0000      -30934.637045
504.0000      -30878.520035
508.0000      -30884.850833
512.0000      -30978.904715
516.0000      -30833.285650
520.0000      -31018.580645
524.0000      -31026.898668
528.0000      -30994.351039
532.0000      -30897.497863
536.0000      -30932.094040
540.0000      -30859.277650
544.0000      -30934.169169
548.0000      -30850.604954
552.0000      -30912.949837
556.0000      -30814.493503
560.0000      -30983.128271
564.0000      -30944.231268
568.0000      -30865.088365
572.0000      -30915.125094
576.0000      -31039.337501
580.0000      -30864.059702
584.0000      -30886.791928
588.0000      -30924.549531
592.0000      -30980.842245
596.0000      -30887.368742
600.0000      -30803.795056
604.0000      -30889.397374
608.0000      -30922.611492
612.0000      -30954.931718
616.0000      -30935.456920
620.0000      -30809.770067
624.0000      -30975.009251
628.0000      -30853.306420
632.0000      -30882.368702
636.0000      -30939.201681
640.0000      -30891.623483
644.0000      -30899.796414
648.0000      -30958.676085
652.0000      -31084.714850
656.0000      -30958.151615
660.0000      -30892.815952
664.0000      -30897.418978
668.0000      -31161.005030
672.0000      -30882.159083
676.0000      -30960.557532
680.0000      -30898.906156
684.0000      -31126.569681
688.0000      -30952.701148
692.0000      -30890.422131
696.0000      -30921.196838
700.0000      -30925.715328
704.0000      -30989.831268
708.0000      -30938.458308
712.0000      -30908.752157
716.0000      -30704.684719
720.0000      -30901.374592
724.0000      -31130.527145
728.0000      -30912.987685
732.0000      -30860.214542
736.0000      -30896.344979
740.0000      -31067.075434
744.0000      -30863.875961
748.0000      -30888.580255
752.0000      -30784.941334
756.0000      -31033.225733
760.0000      -30914.249214
764.0000      -30793.271572
768.0000      -30682.459334
772.0000      -30893.321722
776.0000      -30787.546591
780.0000      -30923.003867
784.0000      -30963.967236
788.0000      -31041.435809
792.0000      -30966.242760
796.0000      -30818.130464
800.0000      -30756.493136
804.0000      -30883.464833
808.0000      -30997.492819
812.0000      -30956.983633
816.0000      -30973.298882
820.0000      -31072.866890
824.0000      -30948.942717
828.0000      -30834.785960
832.0000      -30998.261734
836.0000      -30849.838353
840.0000      -30969.083085
844.0000      -30928.298819
848.0000      -31035.890355
852.0000      -30895.571059
856.0000      -30928.844462
860.0000      -30841.281491
864.0000      -30991.224399
868.0000      -30791.660064
872.0000      -30862.525564
876.0000      -30794.728224
880.0000      -30886.808862
884.0000      -30812.035865
888.0000      -30775.828806
892.0000      -30916.765002
896.0000      -30930.328720
900.0000      -31033.637568
904.0000      -30888.152924
908.0000      -30930.367841
912.0000      -31180.332151
916.0000      -30919.113847
920.0000      -30992.777099
924.0000      -30909.124044
928.0000      -30987.979627
932.0000      -30990.596457
936.0000      -30836.467454
940.0000      -30791.998789
944.0000      -30920.601401
948.0000      -30919.904289
952.0000      -30925.581713
956.0000      -30969.087976
960.0000      -30819.461978
964.0000      -30848.968630
968.0000      -31051.428172
972.0000      -31022.301792
976.0000      -30879.188413
980.0000      -30738.397812
984.0000      -31045.153536
988.0000      -30869.022046
992.0000      -30853.130513
996.0000      -30901.489828
1000.0000      -30854.814812
1004.0000      -30765.553455
1008.0000      -30773.503545
1012.0000      -30927.349742
1016.0000      -30876.290999
1020.0000      -30849.305215
1024.0000      -30910.131015
1028.0000      -30890.059902
1032.0000      -31048.633551
1036.0000      -30829.599438
1040.0000      -30871.374017
1044.0000      -30897.000144
1048.0000      -30906.529754
1052.0000      -30962.444645
1056.0000      -30923.136848
1060.0000      -31132.284647
1064.0000      -30905.548069
1068.0000      -30923.214047
1072.0000      -31030.733529
1076.0000      -30959.932185
1080.0000      -31008.260195
1084.0000      -30923.340650
1088.0000      -30679.944259
1092.0000      -30865.096401
1096.0000      -30993.811640
1100.0000      -30907.395621
1104.0000      -30837.782419
1108.0000      -30940.234110
1112.0000      -30892.734692
1116.0000      -30716.762595
1120.0000      -30978.498603
1124.0000      -30822.978025
1128.0000      -30886.699170
1132.0000      -31110.017210
1136.0000      -30999.276333
1140.0000      -30980.344560
1144.0000      -30961.421613
1148.0000      -30952.870331
1152.0000      -31010.293402
1156.0000      -30833.156545
1160.0000      -30926.202706
1164.0000      -30980.077795
1168.0000      -30923.587951
1172.0000      -30737.445742
1176.0000      -30912.685168
1180.0000      -30819.532485
1184.0000      -30887.028828
1188.0000      -30779.496857
1192.0000      -30845.368929
1196.0000      -30787.315320
1200.0000      -30877.701662
1204.0000      -30958.475441
1208.0000      -30793.555213
1212.0000      -30922.959965
1216.0000      -30863.204078
1220.0000      -30844.680136
1224.0000      -30817.261986
1228.0000      -30906.629276
1232.0000      -31076.116847
1236.0000      -31103.940232
1240.0000      -30952.566548
1244.0000      -30900.126699
1248.0000      -30885.168087
1252.0000      -30799.241016
1256.0000      -30924.436693
1260.0000      -30927.572342
1264.0000      -30877.060644
1268.0000      -30751.716923
1272.0000      -30846.414732
1276.0000      -30935.439324
1280.0000      -30843.021482
1284.0000      -30916.341098
1288.0000      -30948.281665
1292.0000      -31017.137715
1296.0000      -30966.085434
1300.0000      -30973.497021
1304.0000      -30900.626384
1308.0000      -30930.811226
1312.0000      -30918.976467
1316.0000      -30842.950904
1320.0000      -30942.877079
1324.0000      -30898.611252
1328.0000      -30891.856653
1332.0000      -30936.313235
1336.0000      -30885.240342
1340.0000      -30916.813695
1344.0000      -30755.834989
1348.0000      -31031.816015
1352.0000      -31140.163808
1356.0000      -30858.386449
1360.0000      -30900.232891
1364.0000      -30934.988829
1368.0000      -30877.894158
1372.0000      -30809.813761
1376.0000      -30805.233575
1380.0000      -30762.688398
1384.0000      -30985.781489
1388.0000      -30943.326634
1392.0000      -31038.530267
1396.0000      -31088.797405
1400.0000      -31006.734622
1404.0000      -30921.471455
1408.0000      -30890.865678
1412.0000      -30814.719566
1416.0000      -30873.786193
1420.0000      -30751.362741
1424.0000      -30792.730610
1428.0000      -30901.221241
1432.0000      -30864.120631
1436.0000      -30955.200915
1440.0000      -30900.892286
1444.0000      -30863.622634
1448.0000      -31051.388308
1452.0000      -30880.365090
1456.0000      -30994.917242
1460.0000      -31030.707397
1464.0000      -30803.616822
1468.0000      -30850.840341
1472.0000      -30874.226591
1476.0000      -30937.467306
1480.0000      -30802.861062
1484.0000      -30845.641465
1488.0000      -30938.182286
1492.0000      -30945.308095
1496.0000      -30909.913590
1500.0000      -30879.025347
1504.0000      -30750.668685
1508.0000      -30980.135463
1512.0000      -30892.579180
1516.0000      -30829.043952
1520.0000      -30841.573767
1524.0000      -30892.341406
1528.0000      -30873.847060
1532.0000      -30886.498403
1536.0000      -30882.277580
1540.0000      -30881.274523
1544.0000      -30907.179701
1548.0000      -30918.751915
1552.0000      -30753.860227
1556.0000      -30983.301398
1560.0000      -30853.348418
1564.0000      -30864.157514
1568.0000      -30849.223950
1572.0000      -30970.939852
1576.0000      -31007.632699
1580.0000      -30830.496312
1584.0000      -30830.741411
1588.0000      -30841.835603
1592.0000      -30893.929635
1596.0000      -30952.492420
1600.0000      -30808.567068
1604.0000      -30923.031084
1608.0000      -30895.032021
1612.0000      -30955.861028
1616.0000      -30923.102462
1620.0000      -30884.548858
1624.0000      -31053.261603
1628.0000      -31061.592817
1632.0000      -30982.592012
1636.0000      -30950.939953
1640.0000      -30790.276041
1644.0000      -30851.496933
1648.0000      -30810.918520
1652.0000      -30941.693984
1656.0000      -30906.692820
1660.0000      -30959.445044
1664.0000      -30890.334545
1668.0000      -30908.319979
1672.0000      -30955.175212
1676.0000      -30780.385338
1680.0000      -30939.668484
1684.0000      -30845.185051
1688.0000      -30905.001883
1692.0000      -30955.113893
1696.0000      -30966.673710
1700.0000      -31007.730183
1704.0000      -31035.165862
1708.0000      -30879.696138
1712.0000      -31024.688554
1716.0000      -30781.613772
1720.0000      -30814.727493
1724.0000      -31024.977487
1728.0000      -30831.111177
1732.0000      -30980.301451
1736.0000      -30858.596829
1740.0000      -30921.619004
1744.0000      -30753.833376
1748.0000      -30931.015132
1752.0000      -30887.364027
1756.0000      -30981.615683
1760.0000      -30968.027985
1764.0000      -30872.185910
1768.0000      -30838.922108
1772.0000      -30932.522927
1776.0000      -30972.304934
1780.0000      -30800.463003
1784.0000      -30842.599996
1788.0000      -31110.143996
1792.0000      -30943.614930
1796.0000      -30909.810275
1800.0000      -30944.833068
1804.0000      -30782.218606
1808.0000      -30927.632349
1812.0000      -30961.943509
1816.0000      -30882.260624
1820.0000      -30912.836658
1824.0000      -30910.373042
1828.0000      -30864.379386
1832.0000      -30903.929638
1836.0000      -30863.057074
1840.0000      -30959.556031
1844.0000      -30944.485527
1848.0000      -30937.268359
1852.0000      -30771.424759
1856.0000      -30915.205109
1860.0000      -30905.045196
1864.0000      -30917.323089
1868.0000      -30947.340820
1872.0000      -30913.763807
1876.0000      -30886.380500
1880.0000      -30945.343081
1884.0000      -30822.571748
1888.0000      -30985.871859
1892.0000      -31042.345439
1896.0000      -30865.373990
1900.0000      -30938.653580
1904.0000      -30769.333128
1908.0000      -30937.252411
1912.0000      -30761.345258
1916.0000      -30878.347757
1920.0000      -30857.419911
1924.0000      -31023.113650
1928.0000      -30793.519079
1932.0000      -30872.317637
1936.0000      -30932.207310
1940.0000      -30864.062832
1944.0000      -30938.983549
1948.0000      -31036.343252
1952.0000      -30701.170149
1956.0000      -30905.114342
1960.0000      -30755.881844
1964.0000      -30886.477412
1968.0000      -30984.055364
1972.0000      -31112.416082
1976.0000      -30865.061246
1980.0000      -30815.295803
1984.0000      -30889.820724
1988.0000      -30978.854171
1992.0000      -30905.721337
1996.0000      -30983.197359
2000.0000      -30926.487371
2004.0000      -30790.605111
2008.0000      -30999.130165
2012.0000      -31014.215284
2016.0000      -31003.657477
2020.0000      -30996.279040
2024.0000      -30931.613883
2028.0000      -30916.874470
2032.0000      -30895.148942
2036.0000      -31017.418266
2040.0000      -30781.106864
2044.0000      -30893.908923
2048.0000      -30782.859237
2052.0000      -30794.216742
2056.0000      -30957.103374
2060.0000      -30889.762123
2064.0000      -30862.259196
2068.0000      -30980.090576
2072.0000      -30816.478571
2076.0000      -30943.268089
2080.0000      -30970.682295
2084.0000      -30939.801569
2088.0000      -30994.835640
2092.0000      -30893.062281
2096.0000      -30924.436699
2100.0000      -30891.314795
2104.0000      -30924.945173
2108.0000      -30938.162503
2112.0000      -30923.111349
2116.0000      -30991.509826
2120.0000      -30797.696673
2124.0000      -30932.378315
2128.0000      -30799.353373
2132.0000      -30909.107674
2136.0000      -30798.510729
2140.0000      -30915.678379
2144.0000      -31098.488568
2148.0000      -30938.581613
2152.0000      -30793.518075
2156.0000      -30882.695203
2160.0000      -31036.417759
2164.0000      -31001.943363
2168.0000      -30756.437893
2172.0000      -30747.289472
2176.0000      -30808.506232
2180.0000      -30848.949952
2184.0000      -30749.560301
2188.0000      -30841.115086
2192.0000      -30911.295365
2196.0000      -30976.611756
2200.0000      -30947.755807
2204.0000      -30940.534281
2208.0000      -30928.585113
2212.0000      -30905.600674
2216.0000      -31078.794314
2220.0000      -30859.871829
2224.0000      -30794.356564
2228.0000      -31014.697944
2232.0000      -30808.109261
2236.0000      -30964.905019
2240.0000      -30865.404219
2244.0000      -30765.299710
2248.0000      -30871.682208
2252.0000      -30774.647138
2256.0000      -30874.334223
2260.0000      -30965.438031
2264.0000      -30762.794083
2268.0000      -30893.230593
2272.0000      -30900.847500
2276.0000      -31086.182264
2280.0000      -30836.688258
2284.0000      -30903.717228
2288.0000      -30791.489069
2292.0000      -31084.335730
2296.0000      -31089.788384
2300.0000      -30904.816428
2304.0000      -30846.673856
2308.0000      -30872.541605
2312.0000      -30757.807469
2316.0000      -30843.987480
2320.0000      -30904.583428
2324.0000      -30940.787536
2328.0000      -30905.514494
2332.0000      -30899.162251
2336.0000      -30794.892140
2340.0000      -30876.108356
2344.0000      -31031.410003
2348.0000      -30945.128321
2352.0000      -31054.994571
2356.0000      -30826.281408
2360.0000      -30876.489142
2364.0000      -30992.688722
2368.0000      -30726.887677
2372.0000      -30924.932963
2376.0000      -31005.838072
2380.0000      -30991.738118
2384.0000      -30814.024746
2388.0000      -30882.700153
2392.0000      -30935.842921
2396.0000      -30995.755429
2400.0000      -30785.398131
2404.0000      -30679.299697
2408.0000      -30779.138527
2412.0000      -31025.704317
2416.0000      -30972.793763
2420.0000      -30842.214134
2424.0000      -30941.270842
2428.0000      -30836.370440
2432.0000      -30978.608894
2436.0000      -31116.808276
2440.0000      -30817.922224
2444.0000      -31007.372674
2448.0000      -31098.099257
2452.0000      -30917.756566
2456.0000      -30911.641265
2460.0000      -30886.858742
2464.0000      -30932.391450
2468.0000      -31013.065382
2472.0000      -30968.688192
2476.0000      -31109.348499
2480.0000      -30907.028621
2484.0000      -30959.932572
2488.0000      -30887.946808
2492.0000      -30858.517882
2496.0000      -30804.111155
2500.0000      -30998.123131
2504.0000      -30954.116669
2508.0000      -30983.286832
2512.0000      -30834.775984
2516.0000      -30819.467999
2520.0000      -30736.186383
2524.0000      -30830.319160
2528.0000      -30810.813106
2532.0000      -30950.342535
2536.0000      -30781.566159
2540.0000      -30786.781925
2544.0000      -30887.741605
2548.0000      -31037.339013
2552.0000      -30889.923836
2556.0000      -30789.598544
2560.0000      -30881.643033
2564.0000      -31032.909570
2568.0000      -30907.972242
2572.0000      -30781.910064
2576.0000      -30848.303208
2580.0000      -30917.195680
2584.0000      -30782.810287
2588.0000      -30888.515144
2592.0000      -30962.822030
2596.0000      -30978.071220
2600.0000      -30841.561550
2604.0000      -30990.084691
2608.0000      -30833.050806
2612.0000      -31112.831779
2616.0000      -30717.458817
2620.0000      -30798.886508
2624.0000      -30882.459828
2628.0000      -30935.739598
2632.0000      -30990.873318
2636.0000      -31046.592066
2640.0000      -30917.420225
2644.0000      -30707.938843
2648.0000      -30966.161434
2652.0000      -30835.810197
2656.0000      -30815.268344
2660.0000      -30761.039073
2664.0000      -30818.136006
2668.0000      -30760.354628
2672.0000      -31123.036510
2676.0000      -31048.063052
2680.0000      -31135.975566
2684.0000      -30910.514771
2688.0000      -31044.525120
2692.0000      -31024.216784
2696.0000      -30841.431340
2700.0000      -30902.769620
2704.0000      -30911.896368
2708.0000      -30908.740154
2712.0000      -30815.628620
2716.0000      -30774.229736
2720.0000      -30901.438838
2724.0000      -30832.977009
2728.0000      -30774.293052
2732.0000      -30785.691064
2736.0000      -30891.735681
2740.0000      -30953.150946
2744.0000      -30818.954436
2748.0000      -30889.583686
2752.0000      -30759.032066
2756.0000      -30873.197498
2760.0000      -31005.300116
2764.0000      -30777.034853
2768.0000      -31027.146095
2772.0000      -30965.984679
2776.0000      -30714.081201
2780.0000      -30904.729962
2784.0000      -30861.754364
2788.0000      -30852.485428
2792.0000      -30910.158130
2796.0000      -30863.646254
2800.0000      -30962.285096
2804.0000      -30852.019119
2808.0000      -30783.507828
2812.0000      -30834.087613
2816.0000      -30696.623717
2820.0000      -30946.695774
2824.0000      -30898.438883
2828.0000      -30789.724480
2832.0000      -30852.499813
2836.0000      -30937.960029
2840.0000      -31032.889567
2844.0000      -30975.964257
2848.0000      -30726.365502
2852.0000      -30944.953971
2856.0000      -30879.716336
2860.0000      -30840.292057
2864.0000      -30780.220946
2868.0000      -30881.827352
2872.0000      -30795.895781
2876.0000      -30962.175680
2880.0000      -30822.283674
2884.0000      -30965.260559
2888.0000      -30970.739058
2892.0000      -30965.108599
2896.0000      -30743.264535
2900.0000      -30748.832120
2904.0000      -30949.833377
2908.0000      -30655.030528
2912.0000      -31003.074599
2916.0000      -30789.358857
2920.0000      -30892.339304
2924.0000      -30808.936812
2928.0000      -30974.357435
2932.0000      -30772.736278
2936.0000      -30849.470211
2940.0000      -30802.605765
2944.0000      -30869.880149
2948.0000      -30720.168681
2952.0000      -30860.199380
2956.0000      -31069.457841
2960.0000      -30897.827751
2964.0000      -30705.710838
2968.0000      -30858.664540
2972.0000      -30776.506400
2976.0000      -30919.719369
2980.0000      -30940.318688
2984.0000      -30798.534573
2988.0000      -30858.394416
2992.0000      -30914.546434
2996.0000      -30821.353438
3000.0000      -31061.748283
3004.0000      -30973.629844
3008.0000      -30913.897445
3012.0000      -30938.685314
3016.0000      -30901.850250
3020.0000      -30954.627175
3024.0000      -30989.632438
3028.0000      -31038.463759
3032.0000      -30919.665286
3036.0000      -30905.158709
3040.0000      -30838.359061
3044.0000      -30953.977942
3048.0000      -30997.724943
3052.0000      -30891.910262
3056.0000      -30905.682546
3060.0000      -30971.238510
3064.0000      -30726.137207
3068.0000      -30988.897837
3072.0000      -31212.936210
3076.0000      -30954.421579
3080.0000      -30788.884942
3084.0000      -30906.256088
3088.0000      -31049.922156
3092.0000      -30831.885943
3096.0000      -30913.663477
3100.0000      -30964.722827
3104.0000      -30892.280106
3108.0000      -30639.551748
3112.0000      -30860.763255
3116.0000      -30722.543536
3120.0000      -30706.292752
3124.0000      -30851.117833
3128.0000      -30941.917539
3132.0000      -30943.672741
3136.0000      -31065.132872
3140.0000      -30858.595399
3144.0000      -30945.833212
3148.0000      -30899.081474
3152.0000      -30951.640776
3156.0000      -30954.038914
3160.0000      -30915.873370
3164.0000      -30751.684056
3168.0000      -30948.223234
3172.0000      -30694.274772
3176.0000      -30869.953909
3180.0000      -30877.317632
3184.0000      -30850.534011
3188.0000      -30966.317896
3192.0000      -30885.028778
3196.0000      -30988.477331
3200.0000      -30851.419129
3204.0000      -31007.955178
3208.0000      -30823.038893
3212.0000      -30932.586039
3216.0000      -30977.787469
3220.0000      -30944.629010
3224.0000      -30867.948509
3228.0000      -30747.153002
3232.0000      -30935.776007
3236.0000      -31061.602435
3240.0000      -31008.460914
3244.0000      -30886.463343
3248.0000      -30979.707530
3252.0000      -31034.215253
3256.0000      -30861.627459
3260.0000      -30972.227923
3264.0000      -30960.190423
3268.0000      -31042.586158
3272.0000      -30797.121892
3276.0000      -30876.478992
3280.0000      -30888.904851
3284.0000      -31067.426416
3288.0000      -30833.499495
3292.0000      -30848.000823
3296.0000      -30929.846304
3300.0000      -30642.338100
3304.0000      -30805.963036
3308.0000      -31003.304589
3312.0000      -31068.179947
3316.0000      -30885.979330
3320.0000      -30831.013364
3324.0000      -31054.720371
3328.0000      -30947.000058
3332.0000      -30909.140228
3336.0000      -30977.459188
3340.0000      -30973.695329
3344.0000      -31009.478513
3348.0000      -30842.203322
3352.0000      -30989.785492
3356.0000      -30907.885425
3360.0000      -31110.293429
3364.0000      -30982.144329
3368.0000      -30800.975479
3372.0000      -30962.608825
3376.0000      -30770.044677
3380.0000      -30910.723280
3384.0000      -30719.799191
3388.0000      -30716.715990
3392.0000      -30878.135334
3396.0000      -30722.180217
3400.0000      -30861.610746
3404.0000      -30961.416323
3408.0000      -30818.809961
3412.0000      -30855.384589
3416.0000      -30798.190408
3420.0000      -30973.697260
3424.0000      -30828.617819
3428.0000      -30893.177265
3432.0000      -30757.315852
3436.0000      -30616.621999
3440.0000      -30829.133468
3444.0000      -30997.359597
3448.0000      -30797.723301
3452.0000      -30886.005586
3456.0000      -30997.321952
3460.0000      -30904.286372
3464.0000      -30935.773470
3468.0000      -31011.179248
3472.0000      -30798.200934
3476.0000      -30894.854370
3480.0000      -30948.800872
3484.0000      -30869.553145
3488.0000      -30900.952063
3492.0000      -30900.077846
3496.0000      -30875.596298
3500.0000      -30882.511803
3504.0000      -30847.074033
3508.0000      -31047.600541
3512.0000      -30944.307613
3516.0000      -31034.655960
3520.0000      -30964.532621
3524.0000      -30965.435266
3528.0000      -30688.279116
3532.0000      -30816.525404
3536.0000      -30922.658147
3540.0000      -30906.360342
3544.0000      -31014.539222
3548.0000      -30940.936273
3552.0000      -30846.756373
3556.0000      -30879.491569
3560.0000      -30883.798997
3564.0000      -31009.534446
3568.0000      -30926.632410
3572.0000      -30838.371339
3576.0000      -30973.072562
3580.0000      -30972.333634
3584.0000      -31106.110676
3588.0000      -30984.351288
3592.0000      -30837.581683
3596.0000      -30933.766083
3600.0000      -30864.007543
3604.0000      -30865.985919
3608.0000      -31024.371366
3612.0000      -30993.968697
3616.0000      -30962.854577
3620.0000      -30939.399923
3624.0000      -30928.408213
3628.0000      -30921.970789
3632.0000      -30828.894678
3636.0000      -30822.977083
3640.0000      -30879.444651
3644.0000      -30956.472333
3648.0000      -31051.694400
3652.0000      -30833.958938
3656.0000      -31064.573874
3660.0000      -30850.805702
3664.0000      -30803.059187
3668.0000      -30839.183112
3672.0000      -31044.653574
3676.0000      -30796.242871
3680.0000      -30833.279948
3684.0000      -30955.922718
3688.0000      -31071.794829
3692.0000      -30757.867237
3696.0000      -30802.966806
3700.0000      -30951.984343
3704.0000      -30910.483254
3708.0000      -30887.030806
3712.0000      -30921.367048
3716.0000      -31173.072460
3720.0000      -30968.918657
3724.0000      -31027.857247
3728.0000      -30932.131628
3732.0000      -31005.535100
3736.0000      -30981.410463
3740.0000      -30796.208878
3744.0000      -30811.736208
3748.0000      -30906.317127
3752.0000      -30913.370300
3756.0000      -30768.373569
3760.0000      -30798.503392
3764.0000      -30827.525297
3768.0000      -30794.500975
3772.0000      -30795.365404
3776.0000      -30951.925785
3780.0000      -30820.056595
3784.0000      -30830.343590
3788.0000      -30858.657697
3792.0000      -30761.264123
3796.0000      -30955.026014
3800.0000      -30830.561960
3804.0000      -30928.301251
3808.0000      -31007.711578
3812.0000      -30891.762884
3816.0000      -30938.231390
3820.0000      -30685.586994
3824.0000      -30812.707240
3828.0000      -30868.858210
3832.0000      -30932.953792
3836.0000      -30869.552755
3840.0000      -30944.085609
3844.0000      -30956.142890
3848.0000      -30976.497608
3852.0000      -30980.883819
3856.0000      -30847.753466
3860.0000      -30834.904329
3864.0000      -30740.665658
3868.0000      -30774.995604
3872.0000      -30846.011379
3876.0000      -30773.592548
3880.0000      -30991.675802
3884.0000      -30875.472535
3888.0000      -30827.983685
3892.0000      -30685.093481
3896.0000      -30794.674932
3900.0000      -30886.154147
3904.0000      -30961.858129
3908.0000      -30864.705950
3912.0000      -30968.235991
3916.0000      -30844.136289
3920.0000      -30908.904248
3924.0000      -30951.321014
3928.0000      -31011.514120
3932.0000      -30973.443053
3936.0000      -30798.159678
3940.0000      -30872.951344
3944.0000      -30936.592499
3948.0000      -30851.617873
3952.0000      -30943.217090
3956.0000      -30918.198814
3960.0000      -30952.242826
3964.0000      -30886.088286
3968.0000      -30918.184108
3972.0000      -31078.246727
3976.0000      -30996.760285
3980.0000      -30824.116763
3984.0000      -30788.693711
3988.0000      -30829.489850
3992.0000      -30883.396938
3996.0000      -30841.965980
4000.0000      -30722.536166
4004.0000      -30722.536166
