4.0000      -30728.713363
8.0000      -30780.948724
12.0000      -30529.168158
16.0000      -30814.832753
20.0000      -25401.635313
24.0000      -30930.373751
28.0000      -30979.989502
32.0000      -30725.026685
36.0000      -31033.301859
40.0000      -30756.924633
44.0000      -30785.538652
48.0000      -29435.468212
52.0000      -30877.134724
56.0000      -31039.572868
60.0000      -30166.944210
64.0000      -30883.626398
68.0000      -30551.803656
72.0000      -30974.956199
76.0000      -30791.084010
80.0000      -30952.798064
84.0000      -30846.242025
88.0000      -30706.600105
92.0000      -30857.748677
96.0000      -30804.618722
100.0000      -30807.712639
104.0000      -30953.610436
108.0000      -30928.037863
112.0000      -30366.934469
116.0000      -30838.280493
120.0000      -30924.292375
124.0000      -30508.695761
128.0000      -30982.991765
132.0000      -30895.904518
136.0000      -30675.846208
140.0000      -24025.222713
144.0000      -30815.123320
148.0000      -31028.920668
152.0000      -30936.170815
156.0000      -30858.583647
160.0000      -30556.084388
164.0000      -30912.613839
168.0000      -30860.375179
172.0000      -31033.069289
176.0000      -30863.465746
180.0000      -31026.362086
184.0000      -31140.039702
188.0000      -30902.945563
192.0000      -30764.939362
196.0000      -31034.753824
200.0000      -30989.341919
204.0000      -30941.580419
208.0000      -30978.808429
212.0000      -31079.327933
216.0000      -30673.406935
220.0000      -30926.247460
224.0000      -30981.564198
228.0000      -30982.119351
232.0000      -30922.261753
236.0000      -30815.025759
240.0000       18181.940721
244.0000      -30981.623572
248.0000      -30918.859050
252.0000      -30876.441929
256.0000      -30903.647371
260.0000      -31082.815773
264.0000      -30881.703813
268.0000      -30845.475649
272.0000      -30897.899283
276.0000      -30897.876429
280.0000       61419.972976
284.0000      -30480.623063
288.0000      -30887.469252
292.0000      -31018.418085
296.0000      -30986.820111
300.0000      -31030.153131
304.0000      -31039.432651
308.0000      -30825.018696
312.0000      -30904.692955
316.0000      -30841.192890
320.0000      -30654.366200
324.0000      -30934.834337
328.0000      -30730.032993
332.0000      -30759.839227
336.0000      -30864.273434
340.0000      -30945.209316
344.0000      -31015.324991
348.0000      -31085.640916
352.0000      -29915.496509
356.0000      -30953.085668
360.0000      -30932.108447
364.0000      -30819.956235
368.0000      -30954.548250
372.0000      -30909.329906
376.0000      -30956.521113
380.0000      -30839.259024
384.0000      -30901.769561
388.0000      -31002.656784
392.0000      -30840.914939
396.0000      -30821.271973
400.0000      -30746.438372
404.0000      -30961.273306
408.0000      -30981.086589
412.0000      -30874.959705
416.0000      -30883.047633
420.0000      -30847.815957
424.0000      -30937.350314
428.0000      -30978.668861
432.0000      -30867.558866
436.0000      -10565.195831
440.0000      -30860.068437
444.0000      -30988.796391
448.0000      -30779.058029
452.0000      -30909.460610
456.0000      -30880.104491
460.0000      -31025.567101
464.0000      -30888.723685
468.0000      -18666.613727
472.0000      -30898.150277
476.0000      -30937.035363
480.0000      -30581.059899
484.0000      -30818.532717
488.0000      -30884.670787
492.0000      -29692.948655
496.0000      -30874.750619
500.0000      -30225.332745
504.0000      -30882.387608
508.0000      -30899.221610
512.0000      -29051.632573
516.0000      -30852.831251
520.0000      -31005.118427
524.0000      -31036.195625
528.0000      -31020.433466
532.0000      -30926.279707
536.0000      -30845.221149
540.0000      -30872.231709
544.0000      -30948.359362
548.0000      -30814.836006
552.0000      -30925.876268
556.0000      -30731.293322
560.0000      -31007.910660
564.0000      -30698.781920
568.0000      -30888.273029
572.0000      -30939.356110
576.0000      -31058.903745
580.0000      -30881.925784
584.0000      -30851.199002
588.0000      -30928.786670
592.0000      -31007.364790
596.0000      -30903.511899
600.0000      -30812.586512
604.0000      -30875.965376
608.0000      -30834.444198
612.0000      -30963.149988
616.0000      -30949.005612
620.0000      -30820.411993
624.0000      -30973.753679
628.0000      -30813.986814
632.0000      -30874.471627
636.0000      -30931.097179
640.0000      -30904.681014
644.0000      -30476.510529
648.0000      -30985.923271
652.0000      -30911.652379
656.0000      -30897.647018
660.0000      -30865.260884
664.0000      -30867.433715
668.0000      -31187.261181
672.0000      -29024.473819
676.0000      -30979.044792
680.0000      -30915.450413
684.0000      -31130.132285
688.0000      -30978.648957
692.0000      -30887.125631
696.0000      -30938.728856
700.0000      -30952.533505
704.0000      -31015.884690
708.0000      -30964.023552
712.0000      -30907.897627
716.0000      -30708.479853
720.0000      -30872.840486
724.0000      -31151.404963
728.0000      -30113.566711
732.0000      -30833.423857
736.0000      -30915.332134
740.0000      -31062.182124
744.0000      -30884.745809
748.0000      -30896.938688
752.0000      -30784.463610
756.0000      -31054.156850
760.0000      -30937.404480
764.0000      -30822.380421
768.0000      -30648.389358
772.0000      -30842.181423
776.0000      -30762.481443
780.0000      -30933.068603
784.0000      -30991.928412
788.0000      -31042.294017
792.0000      -30984.982892
796.0000      -30797.412061
800.0000      -30713.830922
804.0000      -30858.584767
808.0000      -31022.947243
812.0000      -30962.195849
816.0000      -31000.795277
820.0000      -31011.659881
824.0000      -30944.845590
828.0000      -30773.797108
832.0000      -31020.486421
836.0000      -30871.604600
840.0000      -30889.616747
844.0000      -30923.204780
848.0000      -30197.113254
852.0000      -30913.132614
856.0000      -30875.948428
860.0000      -30860.896439
864.0000      -30999.985458
868.0000      -30748.619978
872.0000      -30834.995537
876.0000      -30634.312890
880.0000      -30915.039181
884.0000      -30822.287566
888.0000      -30622.070397
892.0000      -30925.194843
896.0000      -30949.422320
900.0000      -31047.460515
904.0000      -30915.449263
908.0000      -30907.623290
912.0000      -31166.877640
916.0000      -30928.210104
920.0000      -30821.996994
924.0000      -29405.018041
928.0000      -31015.455804
932.0000      -30985.031309
936.0000      -30761.569324
940.0000      -30815.730248
944.0000      -30903.977160
948.0000      -30929.587868
952.0000      -30941.913289
956.0000      -30977.393735
960.0000      -30839.995734
964.0000      -30870.935116
968.0000      -31023.377229
972.0000      -30989.541734
976.0000      -30519.434377
980.0000      -30754.315992
984.0000      -31036.070267
988.0000      -30794.268875
992.0000      -30820.382007
996.0000      -30924.704612
1000.0000      -30827.345138
1004.0000      -30785.420443
1008.0000      -30782.246543
1012.0000      -30862.060886
1016.0000      -30872.016542
1020.0000      -30873.773397
1024.0000      -30881.271334
1028.0000      -30676.854233
1032.0000      -31071.456912
1036.0000      -30738.920634
1040.0000      -30875.983234
1044.0000      -30921.879222
1048.0000      -30920.448098
1052.0000      -30979.457534
1056.0000      -30801.215967
1060.0000      -30209.602637
1064.0000      -30896.436946
1068.0000      -30945.901474
1072.0000      -30787.214101
1076.0000      -30972.102360
1080.0000      -31002.309496
1084.0000      -30922.489261
1088.0000      -30699.236410
1092.0000      -30788.407632
1096.0000      -30843.212757
1100.0000      -30917.538148
1104.0000      -30294.597036
1108.0000      -30841.144602
1112.0000      -30860.357796
1116.0000      -30703.959595
1120.0000      -30972.006310
1124.0000      -30214.489390
1128.0000      -30641.840670
1132.0000      -31129.585030
1136.0000      -30957.052408
1140.0000      -31003.543063
1144.0000      -30776.247967
1148.0000      -30978.207029
1152.0000      -30998.281304
1156.0000      -30848.287244
1160.0000      -30943.957655
1164.0000      -30976.222602
1168.0000      -30928.293671
1172.0000      -30691.898984
1176.0000      -30889.370829
1180.0000      -30841.509277
1184.0000      -30891.172561
1188.0000      -30803.638362
1192.0000      -30847.365531
1196.0000      -30808.541421
1200.0000      -30892.689302
1204.0000      -30978.042374
1208.0000      -30818.180250
1212.0000      -30773.168273
1216.0000      -30329.625688
1220.0000      -30744.549650
1224.0000      -30837.406780
1228.0000      -30929.301120
1232.0000      -12337.214505
1236.0000      -31109.404971
1240.0000      -30973.310357
1244.0000      -30925.278400
1248.0000      -29846.177163
1252.0000      -30824.474762
1256.0000      -30891.771070
1260.0000      -30920.188208
1264.0000      -30895.940952
1268.0000      -30778.386849
1272.0000      -30702.506055
1276.0000      -30948.402422
1280.0000      -30833.073499
1284.0000      -30940.163914
1288.0000      -30966.372629
1292.0000      -31032.134620
1296.0000      -30973.757076
1300.0000      -30997.948723
1304.0000      -30911.693250
1308.0000      -30884.495023
1312.0000      -30943.406768
1316.0000      -30770.513621
1320.0000      -30965.314408
1324.0000      -30922.801007
1328.0000      -30897.376602
1332.0000      -30958.951824
1336.0000      -29137.330822
1340.0000      -30881.550626
1344.0000      -30758.230813
1348.0000      -31059.031505
1352.0000      -31155.938557
1356.0000      -30872.836425
1360.0000      -30918.144190
1364.0000      -30944.450500
1368.0000      -30853.652007
1372.0000      -30781.203832
1376.0000      -30445.023252
1380.0000      -11905.038800
1384.0000      -31009.495632
1388.0000      -30927.218137
1392.0000      -30596.899971
1396.0000      -31110.119733
1400.0000      -31014.420426
1404.0000      -30760.323415
1408.0000      -30901.114839
1412.0000      -30829.336299
1416.0000      -30899.134899
1420.0000      -30763.711379
1424.0000      -30326.447691
1428.0000      -30907.232660
1432.0000      -30850.068065
1436.0000      -30953.668825
1440.0000      -30906.583430
1444.0000      -30868.783494
1448.0000      -31056.649545
1452.0000      -30817.409766
1456.0000      -31018.952905
1460.0000      -31054.454761
1464.0000      -27933.616823
1468.0000      -30873.416907
1472.0000      -28006.373004
1476.0000      -30950.921057
1480.0000      -30745.042669
1484.0000      -30651.891501
1488.0000      -30948.080172
1492.0000      -30967.651111
1496.0000      -30900.991414
1500.0000      -30889.738737
1504.0000      -20158.697766
1508.0000      -30994.977101
1512.0000      -30780.037860
1516.0000      -30853.589119
1520.0000      -30827.945159
1524.0000      -30586.708449
1528.0000      -30860.266546
1532.0000      -30894.680484
1536.0000      -30905.830906
1540.0000      -30896.432021
1544.0000      -30922.096653
1548.0000      -30932.240498
1552.0000      -29367.169881
1556.0000      -30341.078448
1560.0000      -30849.796458
1564.0000      -30332.225821
1568.0000      -13320.932473
1572.0000      -30986.548046
1576.0000      -31013.039510
1580.0000      -30846.898206
1584.0000      -30852.544670
1588.0000      -30868.913621
1592.0000      -30914.694291
1596.0000      -30978.430863
1600.0000      -30813.257313
1604.0000      -30932.086877
1608.0000      -30911.225703
1612.0000      -30959.990632
1616.0000      -30866.091960
1620.0000      -30900.264613
1624.0000      -31056.143825
1628.0000      -31071.165122
1632.0000      -31004.809650
1636.0000      -30970.445280
1640.0000      -30810.234606
1644.0000      -30852.987915
1648.0000      -30820.726045
1652.0000      -30927.728459
1656.0000      -30914.464454
1660.0000      -30969.173441
1664.0000      -30861.704396
1668.0000      -30924.747285
1672.0000      -30940.158794
1676.0000      -30806.561540
1680.0000      -30952.868926
1684.0000      -30829.165397
1688.0000      -30888.225090
1692.0000      -30913.531021
1696.0000      -30796.370814
1700.0000     1569237.483227
1704.0000      -31034.288486
1708.0000      -30895.057725
1712.0000      -30881.199729
1716.0000      -30805.213143
1720.0000      -30651.385340
1724.0000      -30616.081400
1728.0000      -30856.551309
1732.0000      -30977.459709
1736.0000      -30881.018085
1740.0000      -30941.149168
1744.0000      -30760.774928
1748.0000      -30908.285060
1752.0000      -30856.496236
1756.0000      -30848.020863
1760.0000      -30921.125058
1764.0000      -30894.263058
1768.0000      -30601.242216
1772.0000      -30828.352280
1776.0000      -30935.403494
1780.0000      -30649.986640
1784.0000      -29992.079573
1788.0000      -31050.059106
1792.0000      -30963.822083
1796.0000      -30936.173153
1800.0000      -30964.522377
1804.0000      -30719.751569
1808.0000      -30943.132353
1812.0000      -30988.301453
1816.0000      -30885.999705
1820.0000      -30934.792467
1824.0000      -30930.700805
1828.0000      -30860.613534
1832.0000      -30912.995193
1836.0000      -30862.321428
1840.0000      -30939.553862
1844.0000      -30925.079910
1848.0000      -30575.392289
1852.0000      -30217.576452
1856.0000      -30937.291992
1860.0000      -30926.349065
1864.0000      -30935.193321
1868.0000      -28833.420037
1872.0000      -30929.916116
1876.0000      -30909.750036
1880.0000      -30939.916419
1884.0000      -30847.982127
1888.0000      -31010.778494
1892.0000      -31061.347927
1896.0000      -30867.294395
1900.0000      -30951.747306
1904.0000      -30568.830245
1908.0000      -30960.841997
1912.0000      -30767.084636
1916.0000      -30769.061742
1920.0000      -30737.918290
1924.0000      -31044.107646
1928.0000      -30782.384305
1932.0000      -30661.824739
1936.0000      -30945.788710
1940.0000      -30824.845201
1944.0000      -30954.430222
1948.0000      -31043.050034
1952.0000      -30725.361763
1956.0000      -30929.421090
1960.0000      -30682.797181
1964.0000      -30876.728032
1968.0000      -30998.970735
1972.0000      -31131.601596
1976.0000      -30841.432612
1980.0000      -30777.672083
1984.0000      -30910.729093
1988.0000      -30983.561869
1992.0000      -30926.343760
1996.0000      -30816.447722
2000.0000      -30948.073439
2004.0000      -30759.639179
2008.0000      -31021.457771
2012.0000      -31027.146997
2016.0000      -31009.013608
2020.0000      -30817.970621
2024.0000      -30863.354013
2028.0000      -30938.512208
2032.0000      -30850.224857
2036.0000      -30972.992582
2040.0000      -30803.472264
2044.0000      -30915.631116
2048.0000      -30806.784057
2052.0000      -30802.360911
2056.0000      -30978.347116
2060.0000      -30912.777757
2064.0000      -30885.994227
2068.0000      -30901.959224
2072.0000      -30842.640777
2076.0000      -30945.325830
2080.0000      -30996.378476
2084.0000      -30926.671429
2088.0000      -30794.646632
2092.0000      -30905.413028
2096.0000      -30943.096845
2100.0000      194666.886981
2104.0000      -30944.548595
2108.0000      -30285.204387
2112.0000      -30693.940787
2116.0000      -31015.792323
2120.0000      -30813.763883
2124.0000      -30938.561432
2128.0000      -29478.942005
2132.0000      -30854.072862
2136.0000       -7974.727045
2140.0000      -30934.024871
2144.0000      -31110.022442
2148.0000      -30124.336725
2152.0000      -30791.395126
2156.0000      -30886.068094
2160.0000      -31040.526918
2164.0000      -30992.702634
2168.0000      -30776.099283
2172.0000      -30736.350886
2176.0000      -30786.409295
2180.0000      -30853.957256
2184.0000      -30768.874976
2188.0000      -30855.124435
2192.0000      -30931.940993
2196.0000      -30978.450025
2200.0000      -30972.094203
2204.0000      -30778.313257
2208.0000      -30934.942832
2212.0000      -29906.679313
2216.0000      -31097.535633
2220.0000      -30766.637730
2224.0000      -30798.328339
2228.0000      -31037.741506
2232.0000      -30828.811072
2236.0000      -30950.841137
2240.0000      -30782.829814
2244.0000      -30770.878593
2248.0000      -30854.763993
2252.0000      -30797.042239
2256.0000      -30772.742357
2260.0000      -30970.868966
2264.0000      -30772.494127
2268.0000      -30908.970443
2272.0000      -30916.693735
2276.0000      -31105.559028
2280.0000      -30863.139003
2284.0000      -30692.272472
2288.0000      -30812.475280
2292.0000      -31096.980778
2296.0000      -31028.539436
2300.0000      -30933.234415
2304.0000      -30795.698061
2308.0000      -30867.205007
2312.0000      -30497.970515
2316.0000      -30082.370502
2320.0000      -30923.823865
2324.0000      -30020.358003
2328.0000      -30911.640100
2332.0000      -30854.054767
2336.0000      -29411.489980
2340.0000      -30896.281977
2344.0000      -30384.179746
2348.0000      -30955.424776
2352.0000      -31024.775732
2356.0000      -30378.877941
2360.0000      -30900.289187
2364.0000      -30977.825203
2368.0000      -30756.115175
2372.0000      -30945.612814
2376.0000      -31033.598594
2380.0000      -31009.185747
2384.0000      -30824.552637
2388.0000      -30598.338588
2392.0000      -30960.813970
2396.0000      -31016.738416
2400.0000      -30801.951529
2404.0000      -30702.320175
2408.0000      -30614.552785
2412.0000      -31015.096966
2416.0000      -30741.447048
2420.0000      -30854.026771
2424.0000      -30780.068139
2428.0000      -30849.620799
2432.0000      -30996.491484
2436.0000      -31133.495505
2440.0000      -30807.855778
2444.0000      -30704.259225
2448.0000      -31112.837072
2452.0000      -30944.075895
2456.0000      -30757.091333
2460.0000      -30892.945865
2464.0000      -30949.872783
2468.0000      -31035.272338
2472.0000      -30985.630742
2476.0000      -24361.456100
2480.0000      -30870.003196
2484.0000      -30973.683462
2488.0000      -30413.204108
2492.0000      -30842.871519
2496.0000      -30827.896440
2500.0000      -31019.817457
2504.0000      -30942.335348
2508.0000      -30906.617547
2512.0000      -30814.280101
2516.0000      -30815.397394
2520.0000      -30761.058150
2524.0000      -30849.810351
2528.0000      -30543.164867
2532.0000      -30885.241972
2536.0000      -30801.906621
2540.0000      -30782.660461
2544.0000      -30887.324253
2548.0000      -30944.660995
2552.0000      -30911.452874
2556.0000      -30803.125098
2560.0000      -30812.715759
2564.0000      -30521.193869
2568.0000      -30915.329123
2572.0000      -30812.189999
2576.0000      -30838.010434
2580.0000      -30942.328835
2584.0000      -30799.348108
2588.0000      -30841.584343
2592.0000      -30901.858681
2596.0000      -30934.494774
2600.0000      -30855.387238
2604.0000      -30990.925909
2608.0000      -30859.080914
2612.0000      -31131.723669
2616.0000      -30476.304870
2620.0000      -30825.041204
2624.0000      -30276.413929
2628.0000      -30759.053189
2632.0000      -30873.775954
2636.0000      -31046.147934
2640.0000      -30941.456854
2644.0000      -30736.373833
2648.0000      -30983.723677
2652.0000      -30795.813298
2656.0000      -30162.912505
2660.0000      -18941.846964
2664.0000      -30806.571051
2668.0000      -30769.600708
2672.0000      -31012.060428
2676.0000      -31061.087578
2680.0000      -31145.008247
2684.0000      -30933.562021
2688.0000      -31057.842482
2692.0000      -30889.913011
2696.0000      -30870.789824
2700.0000      -30619.745651
2704.0000      -30933.123777
2708.0000      -30928.326856
2712.0000      -30450.502746
2716.0000       12087.042825
2720.0000      -30923.575371
2724.0000      -30833.214557
2728.0000      -30782.127818
2732.0000      -30672.878522
2736.0000      -30906.150255
2740.0000      -30975.106816
2744.0000      -30823.136447
2748.0000      -30899.062111
2752.0000      -30785.100804
2756.0000       -2493.129326
2760.0000      -30933.562185
2764.0000      -30766.192012
2768.0000      -31010.721348
2772.0000      -30805.412024
2776.0000      -30577.922724
2780.0000      -30913.301873
2784.0000      -30880.393069
2788.0000      -30854.661743
2792.0000      -30715.223249
2796.0000      -30815.713928
2800.0000      -30962.704836
2804.0000      -30883.137681
2808.0000      -30804.075265
2812.0000      -30812.573919
2816.0000      -30431.829878
2820.0000      -30943.575132
2824.0000      -30922.660391
2828.0000      -30807.891336
2832.0000      -30797.905975
2836.0000      -30946.503790
2840.0000      -30331.381686
2844.0000      -31001.938910
2848.0000      -30732.752710
2852.0000      -30967.676760
2856.0000      -30881.862144
2860.0000      -30856.441671
2864.0000      -30806.847063
2868.0000      -30836.329071
2872.0000      -30495.566966
2876.0000      -30978.235970
2880.0000      -30837.834626
2884.0000      -30987.067074
2888.0000      -30982.805801
2892.0000      -30984.032235
2896.0000      -30749.506942
2900.0000      -30724.230260
2904.0000      -30951.553699
2908.0000      -30671.615743
2912.0000      -31002.028266
2916.0000      -30699.861929
2920.0000      -30917.654567
2924.0000      -30525.006233
2928.0000      -30123.620234
2932.0000      -30765.933010
2936.0000      -30501.850215
2940.0000      -30819.545096
2944.0000       30309.187326
2948.0000      -30429.663881
2952.0000      -30870.552350
2956.0000      -30754.230488
2960.0000      -30922.170440
2964.0000      -30727.079809
2968.0000      -30877.521083
2972.0000      -30801.466882
2976.0000      -30946.313084
2980.0000      -30956.447980
2984.0000      -30738.265587
2988.0000      -30864.514736
2992.0000      -30870.313486
2996.0000      -30826.287388
3000.0000      -31059.806994
3004.0000      -30988.271969
3008.0000      -30909.239391
3012.0000      -30922.718988
3016.0000      -30920.853388
3020.0000      -30961.497632
3024.0000      -30961.650877
3028.0000      -31057.101277
3032.0000      -30910.672843
3036.0000      -30906.010808
3040.0000      -30496.368703
3044.0000      -30978.434881
3048.0000      -31023.325312
3052.0000      -30874.121025
3056.0000      -30928.518981
3060.0000      -30973.679051
3064.0000      -30672.629862
3068.0000      -30962.171374
3072.0000      -31211.240056
3076.0000      -30974.476361
3080.0000      -30816.331787
3084.0000      -30820.936522
3088.0000      -31015.771723
3092.0000      -30854.045671
3096.0000      -30829.914823
3100.0000      -30927.236785
3104.0000      -30738.449187
3108.0000      -30636.711985
3112.0000      -30875.624114
3116.0000      -30751.566957
3120.0000      -30722.046207
3124.0000      -30767.506086
3128.0000      -30888.287009
3132.0000      -30928.004272
3136.0000      -31087.510911
3140.0000      -30855.505972
3144.0000      -30965.131067
3148.0000      -30911.309985
3152.0000      -30967.173756
3156.0000      -30830.202772
3160.0000      -30889.660199
3164.0000      -30689.681555
3168.0000      -30902.653278
3172.0000      -30617.941836
3176.0000      -30891.715802
3180.0000      -30723.951121
3184.0000      -30860.652645
3188.0000      -30953.398650
3192.0000      -30794.827234
3196.0000      -30925.386215
3200.0000      -30846.082950
3204.0000      -31015.740098
3208.0000      -30836.545067
3212.0000      -30946.508607
3216.0000      -30981.441954
3220.0000      -30958.736156
3224.0000      -30760.758184
3228.0000      -30760.262908
3232.0000      -28802.806633
3236.0000      -30281.689972
3240.0000      -30989.338748
3244.0000      -30902.880422
3248.0000      -31001.837847
3252.0000      -31060.922222
3256.0000      -30883.031672
3260.0000      -30767.513003
3264.0000      -30958.336299
3268.0000      -31056.215062
3272.0000       92654.966236
3276.0000      -30891.302636
3280.0000      -30435.311794
3284.0000      -31087.669151
3288.0000      -30854.930687
3292.0000      -30783.741805
3296.0000      -30947.100412
3300.0000      -30647.344993
3304.0000      -30776.225450
3308.0000      -31020.611373
3312.0000      -31076.047224
3316.0000      -30907.183908
3320.0000      -30820.524551
3324.0000      -31036.482624
3328.0000      -30913.721417
3332.0000      -30931.788391
3336.0000      -31004.059269
3340.0000      -30998.731828
3344.0000      -30760.985424
3348.0000      -30812.188858
3352.0000      -31012.825581
3356.0000      -30909.767419
3360.0000      -31081.608463
3364.0000      -31005.122996
3368.0000      -30820.842066
3372.0000      -30910.516787
3376.0000      -30698.394459
3380.0000      -30720.023396
3384.0000      -30743.327807
3388.0000      -30645.142530
3392.0000      -30862.575920
3396.0000      -30732.919756
3400.0000      -30875.273824
3404.0000      -30979.933318
3408.0000      -18104.709457
3412.0000      -30876.744312
3416.0000      -30807.905347
3420.0000      -30998.183159
3424.0000      -30855.247795
3428.0000      -30866.136794
3432.0000      -30774.733778
3436.0000      -29833.094965
3440.0000      -30854.718996
3444.0000      -30949.136314
3448.0000      -30667.706995
3452.0000      -30872.298689
3456.0000      -30988.039521
3460.0000      -30921.106118
3464.0000      -30952.244675
3468.0000      -31030.168546
3472.0000      -30810.500268
3476.0000      -30477.608972
3480.0000      -30975.776900
3484.0000      -30888.419453
3488.0000      -30921.207577
3492.0000      -30909.668958
3496.0000      -30893.361572
3500.0000      -30902.056376
3504.0000      -30834.215342
3508.0000      -31042.947410
3512.0000      -30968.186495
3516.0000      -31016.302344
3520.0000      -30807.113713
3524.0000      -30968.525243
3528.0000      -30708.333884
3532.0000      -30845.412716
3536.0000      -30905.088145
3540.0000      -30882.570106
3544.0000      -30995.096199
3548.0000      -30941.180389
3552.0000      -30777.783486
3556.0000      -30870.121367
3560.0000      -30904.047192
3564.0000      -31034.545042
3568.0000      -30955.308674
3572.0000      -30794.372646
3576.0000      -30999.295198
3580.0000      -30981.989509
3584.0000      -30424.391297
3588.0000      -31004.852974
3592.0000      -30675.840334
3596.0000      -30959.714708
3600.0000       12090.623250
3604.0000      -30809.830701
3608.0000      -31038.523982
3612.0000      -31015.636386
3616.0000      -30983.576002
3620.0000      -30964.624003
3624.0000      -30949.856832
3628.0000      -30947.645183
3632.0000      -30833.921349
3636.0000      -30839.063251
3640.0000      -29831.925304
3644.0000      -30819.676307
3648.0000      -30973.072692
3652.0000      -30827.132620
3656.0000      -30998.136277
3660.0000      -30666.534681
3664.0000      -30793.453686
3668.0000      -30859.625475
3672.0000      -31066.475474
3676.0000      -30787.720995
3680.0000      -30585.347123
3684.0000      -30050.887801
3688.0000      -31099.992242
3692.0000      -30710.936049
3696.0000      -30782.664920
3700.0000      -30913.459863
3704.0000      -30925.313939
3708.0000      -30903.568792
3712.0000      -30937.029311
3716.0000      -31180.935326
3720.0000      -30995.236067
3724.0000      -30886.823821
3728.0000      -30914.006210
3732.0000      -31029.577841
3736.0000      -30316.115312
3740.0000      -30820.456248
3744.0000      -30834.337950
3748.0000      -30925.217652
3752.0000      -30855.940235
3756.0000      -30750.213087
3760.0000      -30822.892343
3764.0000      -30852.314295
3768.0000      -30688.218491
3772.0000      -27773.334591
3776.0000      -30960.097828
3780.0000      -30825.214330
3784.0000      -30443.720107
3788.0000      -30881.049657
3792.0000      -30746.297311
3796.0000      -30720.826984
3800.0000      -30845.525012
3804.0000      -30942.533960
3808.0000      -30993.252212
3812.0000      -30841.195005
3816.0000      -30940.206766
3820.0000      -30701.234536
3824.0000      -30840.994274
3828.0000      -30886.047612
3832.0000      -30955.905301
3836.0000      -30856.291783
3840.0000      -30968.541087
3844.0000      -30975.610245
3848.0000      -30988.642363
3852.0000      -30813.118713
3856.0000      -30671.488719
3860.0000      -30860.808228
3864.0000      -30767.085647
3868.0000      -30770.120199
3872.0000      -30853.914560
3876.0000      -30790.951213
3880.0000      -31018.548555
3884.0000      -30884.019002
3888.0000      -30826.556545
3892.0000      -30693.344538
3896.0000      -30790.318893
3900.0000      -27476.255528
3904.0000      -30989.880842
3908.0000      -30827.524978
3912.0000      -30951.919821
3916.0000      -30842.925470
3920.0000      -30917.664419
3924.0000      -30955.076276
3928.0000      -30779.658981
3932.0000      -30971.961903
3936.0000      -30816.517512
3940.0000      -30897.547880
3944.0000      -30799.191457
3948.0000      -30832.168411
3952.0000      -30943.491895
3956.0000      -30924.861879
3960.0000      -30912.499011
3964.0000      -30901.232525
3968.0000      -30925.363116
3972.0000      -31059.969952
3976.0000      -31000.141273
3980.0000      -30750.072274
3984.0000      -28621.555442
3988.0000      -30830.223383
3992.0000      -30895.821913
3996.0000      -30790.530303
4000.0000      165635.455443
4004.0000      165635.455443
