4.0000      -30920.900797
8.0000      -30890.360658
12.0000      -30947.346927
16.0000      -30881.010455
20.0000      -30804.549314
24.0000      -30705.983704
28.0000      -30762.928331
32.0000      -30824.875917
36.0000      -30845.490086
40.0000      -30834.034566
44.0000      -30894.711088
48.0000      -30719.908547
52.0000      -30797.974033
56.0000      -30781.851149
60.0000      -30890.174611
64.0000      -30871.499803
68.0000      -30840.487201
72.0000      -30817.320279
76.0000      -30801.133371
80.0000      -30534.200966
84.0000      -30924.667448
88.0000      -30824.598450
92.0000      -30767.514723
96.0000      -30764.957967
100.0000      -30733.816722
104.0000      -30783.470068
108.0000      -30787.687042
112.0000      -30744.392095
116.0000      -30804.566616
120.0000      -30757.042280
124.0000      -30741.334562
128.0000      -30747.313651
132.0000      -30848.500477
136.0000      -30932.541425
140.0000      -30711.416138
144.0000      -30909.706781
148.0000      -30772.472557
152.0000      -30889.347523
156.0000      -30879.805787
160.0000      -30861.025268
164.0000      -31004.634617
168.0000      -30828.125433
172.0000      -30692.621285
176.0000      -30847.469725
180.0000      -30739.152728
184.0000      -30801.765031
188.0000      -30884.750624
192.0000      -31005.867421
196.0000      -30789.711009
200.0000      -30840.200142
204.0000      -30805.463561
208.0000      -30719.055501
212.0000      -30829.532439
216.0000      -30879.937223
220.0000      -30939.051743
224.0000      -30976.154084
228.0000      -30920.216390
232.0000      -30806.838391
236.0000      -30879.185781
240.0000      -30788.875081
244.0000      -30764.733408
248.0000      -30738.314042
252.0000      -31233.276980
256.0000      -30746.887638
260.0000      -30770.756729
264.0000      -30565.298603
268.0000      -30681.682141
272.0000      -30853.131776
276.0000      -30710.600975
280.0000      -30836.607580
284.0000      -30929.980328
288.0000      -30835.327228
292.0000      -30801.748205
296.0000      -30678.313838
300.0000      -30845.410010
304.0000      -30911.401044
308.0000      -30974.568433
312.0000      -30882.984245
316.0000      -30873.214552
320.0000      -30756.303687
324.0000      -30872.029661
328.0000      -30619.275795
332.0000      -30791.564556
336.0000      -30806.630132
340.0000      -30796.642508
344.0000      -30851.260852
348.0000      -30710.645595
352.0000      -30916.952392
356.0000      -30932.623230
360.0000      -30968.045898
364.0000      -30871.641635
368.0000      -30886.206132
372.0000      -30878.877282
376.0000      -30712.393633
380.0000      -30691.860928
384.0000      -30788.413654
388.0000      -30739.971276
392.0000      -30677.371419
396.0000      -30847.101661
400.0000      -30747.769759
404.0000      -30857.177419
408.0000      -30787.267423
412.0000      -30766.421873
416.0000      -30860.446249
420.0000      -30891.417895
424.0000      -30915.811174
428.0000      -30829.285575
432.0000      -30826.655013
436.0000      -30865.696769
440.0000      -30779.266817
444.0000      -30835.072872
448.0000      -30885.687802
452.0000      -30822.071488
456.0000      -30845.056433
460.0000      -30793.399498
464.0000      -30686.685234
468.0000      -30847.982857
472.0000      -30766.568831
476.0000      -30974.404506
480.0000      -30796.745600
484.0000      -30934.031871
488.0000      -30863.809153
492.0000      -30871.604492
496.0000      -30893.361081
500.0000      -30833.753387
504.0000      -30683.210152
508.0000      -30817.972910
512.0000      -30880.033294
516.0000      -30878.793586
520.0000      -30757.871867
524.0000      -30826.345774
528.0000      -30964.232525
532.0000      -30370.082044
536.0000      -30826.276053
540.0000      -30653.543432
544.0000      -30799.329062
548.0000      -30948.898476
552.0000      -30939.959762
556.0000      -31036.470005
560.0000      -30834.821863
564.0000      -30820.457202
568.0000      -30835.015093
572.0000      -30781.679846
576.0000      -30838.361303
580.0000      -30801.538088
584.0000      -30935.807316
588.0000      -30750.635853
592.0000      -30978.784311
596.0000      -30840.801486
600.0000      -30776.902666
604.0000      -30871.076470
608.0000      -30949.665079
612.0000      -30832.171596
616.0000      -30971.170076
620.0000      -30817.996681
624.0000      -30959.646295
628.0000      -30885.405410
632.0000      -30858.302333
636.0000      -30996.786997
640.0000      -30700.840518
644.0000      -30764.458901
648.0000      -30959.572657
652.0000      -30878.356080
656.0000      -30851.680305
660.0000      -30937.181327
664.0000      -30848.970042
668.0000      -30978.636551
672.0000      -30863.700767
676.0000      -30877.134746
680.0000      -30734.577399
684.0000      -30627.750169
688.0000      -30860.265588
692.0000      -30726.452426
696.0000      -30720.000257
700.0000      -31001.977607
704.0000      -30922.113304
708.0000      -30923.067985
712.0000      -31005.363078
716.0000      -30918.761940
720.0000      -30958.463110
724.0000      -30938.442808
728.0000      -30791.033968
732.0000      -31185.213943
736.0000      -30716.238562
740.0000      -30907.418362
744.0000      -30821.504082
748.0000      -30686.750897
752.0000      -30914.741473
756.0000      -30839.525545
760.0000      -30785.931970
764.0000      -30806.886523
768.0000      -30898.312196
772.0000      -30799.018911
776.0000      -30887.853082
780.0000      -30817.737751
784.0000      -30911.425166
788.0000      -30955.360073
792.0000      -30759.421345
796.0000      -30893.676893
800.0000      -30795.283255
804.0000      -30911.237547
808.0000      -31081.093329
812.0000      -30883.049267
816.0000      -30815.397146
820.0000      -30902.764842
824.0000      -30619.760440
828.0000      -30879.764320
832.0000      -30831.576411
836.0000      -30842.524499
840.0000      -30787.541487
844.0000      -30962.301212
848.0000      -30935.136871
852.0000      -30866.290959
856.0000      -30940.549012
860.0000      -30838.316515
864.0000      -30801.758377
868.0000      -30698.527835
872.0000      -30873.163021
876.0000      -30924.242748
880.0000      -31003.185531
884.0000      -30820.675585
888.0000      -30756.247132
892.0000      -30929.166949
896.0000      -30897.101220
900.0000      -30719.882207
904.0000      -30899.447973
908.0000      -30784.339791
912.0000      -30846.868043
916.0000      -30776.359616
920.0000      -30831.805511
924.0000      -30877.646550
928.0000      -30813.522764
932.0000      -30985.898515
936.0000      -30885.826737
940.0000      -30834.269758
944.0000      -30849.127244
948.0000      -30710.798303
952.0000      -30823.319454
956.0000      -30918.489000
960.0000      -30832.924442
964.0000      -30791.592408
968.0000      -30971.064256
972.0000      -30958.437405
976.0000      -30895.495852
980.0000      -30680.797240
984.0000      -30910.038818
988.0000      -30741.815030
992.0000      -30797.259701
996.0000      -30928.925789
1000.0000      -30711.471431
1004.0000      -30920.529426
1008.0000      -30847.041664
1012.0000      -31008.705902
1016.0000      -30700.427135
1020.0000      -30888.686226
1024.0000      -30691.778167
1028.0000      -30663.136355
1032.0000      -30745.704887
1036.0000      -30901.170574
1040.0000      -30819.591697
1044.0000      -30649.382005
1048.0000      -30791.073576
1052.0000      -30959.651926
1056.0000      -30649.174962
1060.0000      -30846.290158
1064.0000      -30781.667613
1068.0000      -30893.373984
1072.0000      -30753.192896
1076.0000      -30809.378477
1080.0000      -30778.205037
1084.0000      -30892.004809
1088.0000      -30658.861416
1092.0000      -30809.096185
1096.0000      -30719.064231
1100.0000      -30898.806082
1104.0000      -30931.696097
1108.0000      -30927.275208
1112.0000      -30878.282791
1116.0000      -31007.572123
1120.0000      -30569.389450
1124.0000      -31000.544888
1128.0000      -30837.879596
1132.0000      -30931.412321
1136.0000      -30766.238624
1140.0000      -30828.783426
1144.0000      -30860.139278
1148.0000      -30884.962341
1152.0000      -30699.698513
1156.0000      -30820.677531
1160.0000      -30713.813411
1164.0000      -30928.141168
1168.0000      -30910.209062
1172.0000      -30868.214399
1176.0000      -30856.352777
1180.0000      -30895.363975
1184.0000      -30985.512081
1188.0000      -30730.666197
1192.0000      -30968.380408
1196.0000      -30772.624215
1200.0000      -30784.070276
1204.0000      -30860.106868
1208.0000      -30763.626843
1212.0000      -30952.219020
1216.0000      -30865.102169
1220.0000      -31020.667428
1224.0000      -30837.808314
1228.0000      -30898.286519
1232.0000      -30826.286560
1236.0000      -30867.827617
1240.0000      -30897.784930
1244.0000      -30902.286259
1248.0000      -30908.940014
1252.0000      -31040.998701
1256.0000      -30764.544986
1260.0000      -30842.842195
1264.0000      -30867.133001
1268.0000      -30792.558937
1272.0000      -31052.024559
1276.0000      -30853.708013
1280.0000      -31002.988519
1284.0000      -30968.578855
1288.0000      -30786.392184
1292.0000      -30894.149008
1296.0000      -30884.030293
1300.0000      -30809.090390
1304.0000      -30923.691493
1308.0000      -30797.789022
1312.0000      -30870.191338
1316.0000      -30808.623503
1320.0000      -30843.171123
1324.0000      -30754.851515
1328.0000      -30691.139862
1332.0000      -30839.389350
1336.0000      -30819.416534
1340.0000      -30828.510214
1344.0000      -30783.875220
1348.0000      -30779.720406
1352.0000      -30814.269352
1356.0000      -30801.167705
1360.0000      -30850.712839
1364.0000      -30785.182903
1368.0000      -30962.831724
1372.0000      -30886.839165
1376.0000      -30620.679112
1380.0000      -30985.040496
1384.0000      -30846.935571
1388.0000      -30767.477558
1392.0000      -30743.611892
1396.0000      -30795.432605
1400.0000      -30818.896351
1404.0000      -30674.088219
1408.0000      -30825.588890
1412.0000      -31015.706275
1416.0000      -30968.691042
1420.0000      -30874.125565
1424.0000      -30706.623152
1428.0000      -30840.786222
1432.0000      -30808.351579
1436.0000      -30876.860379
1440.0000      -30963.536396
1444.0000      -30503.722600
1448.0000      -30764.561196
1452.0000      -30898.840362
1456.0000      -30923.474526
1460.0000      -30672.129727
1464.0000      -30883.167730
1468.0000      -30844.026222
1472.0000      -30805.813979
1476.0000      -30876.288425
1480.0000      -30879.499665
1484.0000      -30778.731861
1488.0000      -30774.222625
1492.0000      -30738.465246
1496.0000      -30641.081789
1500.0000      -30692.244494
1504.0000      -30877.475477
1508.0000      -30649.542202
1512.0000      -30691.722828
1516.0000      -30950.063877
1520.0000      -30894.081996
1524.0000      -30796.979104
1528.0000      -30575.666470
1532.0000      -30696.680066
1536.0000      -30870.666046
1540.0000      -30804.943817
1544.0000      -30826.408956
1548.0000      -30904.619220
1552.0000      -30956.225954
1556.0000      -30893.878725
1560.0000      -30674.661133
1564.0000      -30974.589195
1568.0000      -30725.271944
1572.0000      -30836.928343
1576.0000      -30801.755760
1580.0000      -30863.378117
1584.0000      -31001.597134
1588.0000      -30673.476756
1592.0000      -30701.527540
1596.0000      -30847.731306
1600.0000      -30753.391255
1604.0000      -30798.498015
1608.0000      -30991.913756
1612.0000      -30811.745898
1616.0000      -30769.638591
1620.0000      -31099.249900
1624.0000      -30733.237962
1628.0000      -30926.257794
1632.0000      -30971.394180
1636.0000      -30904.245490
1640.0000      -30838.981152
1644.0000      -30619.891257
1648.0000      -30721.955896
1652.0000      -30779.021728
1656.0000      -30813.728522
1660.0000      -30709.672362
1664.0000      -30700.479942
1668.0000      -30798.751127
1672.0000      -30874.405490
1676.0000      -30658.893699
1680.0000      -30729.897126
1684.0000      -30871.459147
1688.0000      -30857.045091
1692.0000      -30955.022492
1696.0000      -30780.032969
1700.0000      -30740.877845
1704.0000      -30875.490478
1708.0000      -30777.084679
1712.0000      -30837.290935
1716.0000      -30947.166763
1720.0000      -30438.792848
1724.0000      -30620.947885
1728.0000      -30819.181689
1732.0000      -30924.539955
1736.0000      -30886.629834
1740.0000      -30886.712692
1744.0000      -30952.102067
1748.0000      -30814.267077
1752.0000      -30780.698456
1756.0000      -30855.337091
1760.0000      -30875.851512
1764.0000      -30869.985368
1768.0000      -30973.049657
1772.0000      -30815.369938
1776.0000      -30680.376849
1780.0000      -30724.735929
1784.0000      -30758.933495
1788.0000      -30557.266894
1792.0000      -30867.490095
1796.0000      -30927.861456
1800.0000      -30973.535647
1804.0000      -30940.694812
1808.0000      -30786.009907
1812.0000      -30519.375441
1816.0000      -30581.900331
1820.0000      -30905.868385
1824.0000      -30736.274954
1828.0000      -30805.322764
1832.0000      -30621.054261
1836.0000      -30923.889326
1840.0000      -30733.057722
1844.0000      -30423.625504
1848.0000      -30812.677902
1852.0000      -30821.303967
1856.0000      -30559.537194
1860.0000      -30787.412321
1864.0000      -30900.396865
1868.0000      -30902.628074
1872.0000      -30765.133690
1876.0000      -30962.405366
1880.0000      -30976.285372
1884.0000      -30807.786706
1888.0000      -30712.494219
1892.0000      -30827.468938
1896.0000      -30954.088599
1900.0000      -30820.513358
1904.0000      -30794.165883
1908.0000      -30780.107504
1912.0000      -30790.626104
1916.0000      -30760.807872
1920.0000      -30899.709419
1924.0000      -30850.767910
1928.0000      -30778.084711
1932.0000      -30730.255689
1936.0000      -30837.713196
1940.0000      -30702.092956
1944.0000      -30687.786547
1948.0000      -30617.667352
1952.0000      -30901.976828
1956.0000      -30780.716434
1960.0000      -30780.912517
1964.0000      -30593.187663
1968.0000      -30885.020819
1972.0000      -30677.599985
1976.0000      -30821.687376
1980.0000      -30881.509663
1984.0000      -30831.299229
1988.0000      -30849.738439
1992.0000      -30685.739927
1996.0000      -30736.987800
2000.0000      -30806.140535
2004.0000      -30861.278725
2008.0000      -30980.813761
2012.0000      -30888.848195
2016.0000      -30999.552755
2020.0000      -30870.194492
2024.0000      -30832.063060
2028.0000      -30786.094014
2032.0000      -30920.540619
2036.0000      -30949.589838
2040.0000      -30953.918836
2044.0000      -30817.786159
2048.0000      -30800.590306
2052.0000      -30882.278111
2056.0000      -30980.974111
2060.0000      -30875.731779
2064.0000      -30907.663292
2068.0000      -30795.497440
2072.0000      -30636.661237
2076.0000      -30689.382554
2080.0000      -30881.517092
2084.0000      -30769.078910
2088.0000      -30813.810036
2092.0000      -30684.195916
2096.0000      -30746.138406
2100.0000      -30682.890329
2104.0000      -30758.672321
2108.0000      -30903.269295
2112.0000      -30825.718657
2116.0000      -30619.672426
2120.0000      -30834.937458
2124.0000      -30850.573671
2128.0000      -30876.594497
2132.0000      -30656.253632
2136.0000      -30748.239898
2140.0000      -30904.041363
2144.0000      -30860.741377
2148.0000      -30757.121965
2152.0000      -30768.692284
2156.0000      -30740.973374
2160.0000      -30900.559632
2164.0000      -30898.243516
2168.0000      -30897.331337
2172.0000      -30878.323264
2176.0000      -30821.647220
2180.0000      -30938.925028
2184.0000      -30927.287189
2188.0000      -30886.809273
2192.0000      -30924.158451
2196.0000      -31061.918708
2200.0000      -30809.008105
2204.0000      -30779.301786
2208.0000      -30724.416594
2212.0000      -30860.026098
2216.0000      -30827.699522
2220.0000      -30911.678808
2224.0000      -30918.956904
2228.0000      -30741.638437
2232.0000      -30871.928079
2236.0000      -30646.261425
2240.0000      -31055.007754
2244.0000      -30921.940053
2248.0000      -30628.337808
2252.0000      -30805.899814
2256.0000      -30826.982429
2260.0000      -30837.567998
2264.0000      -30835.059854
2268.0000      -30900.991028
2272.0000      -31038.829253
2276.0000      -30988.988119
2280.0000      -30949.805770
2284.0000      -30833.178469
2288.0000      -30805.655306
2292.0000      -30780.248808
2296.0000      -30881.181224
2300.0000      -30738.933211
2304.0000      -31078.782039
2308.0000      -30824.815438
2312.0000      -30883.646086
2316.0000      -30883.249673
2320.0000      -30868.652423
2324.0000      -30940.745648
2328.0000      -30751.125357
2332.0000      -30777.965851
2336.0000      -30890.386936
2340.0000      -30686.087370
2344.0000      -30806.847884
2348.0000      -30986.533210
2352.0000      -30868.091183
2356.0000      -30919.446987
2360.0000      -30778.783479
2364.0000      -30930.303347
2368.0000      -30843.136087
2372.0000      -30847.949485
2376.0000      -30788.741472
2380.0000      -30760.802623
2384.0000      -30714.457787
2388.0000      -30878.019241
2392.0000      -30848.362032
2396.0000      -30843.590710
2400.0000      -30959.252667
2404.0000      -30820.740595
2408.0000      -30804.033448
2412.0000      -30896.035822
2416.0000      -30803.616369
2420.0000      -30869.162862
2424.0000      -30868.439895
2428.0000      -31079.391680
2432.0000      -30775.664037
2436.0000      -30896.348073
2440.0000      -30920.149341
2444.0000      -30877.034162
2448.0000      -30907.306878
2452.0000      -30857.946746
2456.0000      -30841.534640
2460.0000      -30845.544229
2464.0000      -30865.364034
2468.0000      -30815.459678
2472.0000      -30770.871261
2476.0000      -30824.864509
2480.0000      -30887.170432
2484.0000      -30795.419491
2488.0000      -31036.010913
2492.0000      -30884.482044
2496.0000      -30832.012690
2500.0000      -30803.072084
2504.0000      -30827.843738
2508.0000      -30747.624182
2512.0000      -31071.316293
2516.0000      -30903.228932
2520.0000      -30910.619533
2524.0000      -30892.271557
2528.0000      -30868.643073
2532.0000      -30899.238598
2536.0000      -30732.462213
2540.0000      -31014.000332
2544.0000      -30926.647771
2548.0000      -30771.730063
2552.0000      -30925.988842
2556.0000      -30835.833321
2560.0000      -30917.490226
2564.0000      -30963.662244
2568.0000      -30738.880073
2572.0000      -30613.476388
2576.0000      -30869.841046
2580.0000      -30703.869009
2584.0000      -30680.341373
2588.0000      -30655.354392
2592.0000      -30894.773802
2596.0000      -30756.841495
2600.0000      -30870.949502
2604.0000      -30832.304427
2608.0000      -30907.044852
2612.0000      -30680.087047
2616.0000      -30589.172597
2620.0000      -30894.226409
2624.0000      -30904.730841
2628.0000      -31035.216942
2632.0000      -30860.416200
2636.0000      -30906.679508
2640.0000      -30771.896785
2644.0000      -30915.067700
2648.0000      -30926.176924
2652.0000      -30730.189895
2656.0000      -30718.638704
2660.0000      -30702.882214
2664.0000      -30894.461266
2668.0000      -30799.536983
2672.0000      -30867.761012
2676.0000      -30852.009544
2680.0000      -30907.676080
2684.0000      -30837.513229
2688.0000      -30943.273183
2692.0000      -30898.978356
2696.0000      -30779.359663
2700.0000      -30505.829219
2704.0000      -30834.961946
2708.0000      -30818.495993
2712.0000      -30769.135489
2716.0000      -30773.532519
2720.0000      -30559.264368
2724.0000      -30675.838837
2728.0000      -30805.910104
2732.0000      -30674.978551
2736.0000      -30727.392977
2740.0000      -30790.358239
2744.0000      -30757.828666
2748.0000      -30782.796001
2752.0000      -30677.056208
2756.0000      -30924.061663
2760.0000      -30912.186318
2764.0000      -30810.445163
2768.0000      -30714.145542
2772.0000      -30765.493102
2776.0000      -30657.646606
2780.0000      -30925.461756
2784.0000      -30811.929904
2788.0000      -30798.192567
2792.0000      -30874.451340
2796.0000      -30949.087831
2800.0000      -30969.291151
2804.0000      -30740.032197
2808.0000      -30893.087438
2812.0000      -30723.799430
2816.0000      -30780.557719
2820.0000      -30906.375214
2824.0000      -30866.314050
2828.0000      -30902.825543
2832.0000      -30750.814008
2836.0000      -30849.496067
2840.0000      -30651.926708
2844.0000      -30816.470062
2848.0000      -30580.398630
2852.0000      -30774.807112
2856.0000      -30867.607979
2860.0000      -30588.529750
2864.0000      -30820.721278
2868.0000      -30994.229668
2872.0000      -30778.323262
2876.0000      -30810.468857
2880.0000      -30613.916206
2884.0000      -31021.381016
2888.0000      -30888.134432
2892.0000      -30838.064667
2896.0000      -30811.615102
2900.0000      -30847.796279
2904.0000      -30879.599218
2908.0000      -30587.318683
2912.0000      -30821.038877
2916.0000      -30757.951934
2920.0000      -30624.419434
2924.0000      -30865.605540
2928.0000      -30966.639074
2932.0000      -30942.221723
2936.0000      -30792.294155
2940.0000      -30743.025772
2944.0000      -30852.273615
2948.0000      -30852.814253
2952.0000      -30783.894201
2956.0000      -30824.791650
2960.0000      -30701.036363
2964.0000      -30901.902134
2968.0000      -30688.234625
2972.0000      -30757.968471
2976.0000      -30606.969161
2980.0000      -30762.371026
2984.0000      -30668.197105
2988.0000      -30887.270282
2992.0000      -30726.282930
2996.0000      -30829.964249
3000.0000      -30886.011025
3004.0000      -30995.191307
3008.0000      -30917.600687
3012.0000      -30790.448407
3016.0000      -30898.708912
3020.0000      -30773.408877
3024.0000      -30623.620823
3028.0000      -30759.722843
3032.0000      -30948.151743
3036.0000      -31002.312752
3040.0000      -30845.673648
3044.0000      -30753.586165
3048.0000      -30679.903458
3052.0000      -30859.277339
3056.0000      -30880.198122
3060.0000      -30941.299841
3064.0000      -30710.325974
3068.0000      -30676.696652
3072.0000      -30819.918208
3076.0000      -30883.096873
3080.0000      -30786.044185
3084.0000      -30930.323299
3088.0000      -30870.902527
3092.0000      -30675.631132
3096.0000      -30908.000007
3100.0000      -30936.220896
3104.0000      -30692.353641
3108.0000      -30893.084576
3112.0000      -30951.263663
3116.0000      -30835.933414
3120.0000      -30887.714599
3124.0000      -30918.963918
3128.0000      -30729.258308
3132.0000      -30808.840025
3136.0000      -30796.720722
3140.0000      -30889.389450
3144.0000      -30907.298059
3148.0000      -30855.857157
3152.0000      -30792.242812
3156.0000      -30952.355781
3160.0000      -30677.965573
3164.0000      -30790.872373
3168.0000      -30627.062739
3172.0000      -30929.597788
3176.0000      -30719.683417
3180.0000      -30862.519742
3184.0000      -30676.598767
3188.0000      -30790.298441
3192.0000      -30777.255120
3196.0000      -30875.413731
3200.0000      -30893.315565
3204.0000      -30857.051582
3208.0000      -30765.646684
3212.0000      -30810.413643
3216.0000      -30821.453148
3220.0000      -30768.773837
3224.0000      -30754.830265
3228.0000      -30730.124157
3232.0000      -30925.504010
3236.0000      -30860.087279
3240.0000      -30830.414524
3244.0000      -30629.290783
3248.0000      -30737.990456
3252.0000      -30958.506287
3256.0000      -30758.013020
3260.0000      -30944.787780
3264.0000      -30779.215874
3268.0000      -30777.150292
3272.0000      -30805.797531
3276.0000      -30919.696302
3280.0000      -30799.527642
3284.0000      -30861.410501
3288.0000      -30847.952366
3292.0000      -30836.168793
3296.0000      -30748.242876
3300.0000      -30735.268494
3304.0000      -30835.502932
3308.0000      -30737.954594
3312.0000      -30896.777253
3316.0000      -30723.028340
3320.0000      -30701.694748
3324.0000      -30601.356790
3328.0000      -30820.087191
3332.0000      -30752.023638
3336.0000      -30760.447336
3340.0000      -30777.936521
3344.0000      -30918.533777
3348.0000      -30864.774758
3352.0000      -30815.800342
3356.0000      -30917.250478
3360.0000      -30777.337173
3364.0000      -30845.515150
3368.0000      -30939.936759
3372.0000      -30815.393575
3376.0000      -30889.471805
3380.0000      -30948.756956
3384.0000      -30819.778077
3388.0000      -30918.204150
3392.0000      -30993.069092
3396.0000      -30938.817496
3400.0000      -31075.823389
3404.0000      -30870.668205
3408.0000      -30835.414559
3412.0000      -30971.449871
3416.0000      -30848.991768
3420.0000      -31030.137771
3424.0000      -30909.347549
3428.0000      -30932.613411
3432.0000      -30850.711773
3436.0000      -30810.812724
3440.0000      -30780.372627
3444.0000      -30780.933468
3448.0000      -30806.505527
3452.0000      -30733.202854
3456.0000      -30944.577184
3460.0000      -30884.278666
3464.0000      -30985.411038
3468.0000      -30829.985611
3472.0000      -30855.929840
3476.0000      -30962.313646
3480.0000      -30847.621751
3484.0000      -30872.570945
3488.0000      -30708.733525
3492.0000      -30709.751456
3496.0000      -30873.705055
3500.0000      -30918.782215
3504.0000      -30535.805170
3508.0000      -30981.717373
3512.0000      -30820.572567
3516.0000      -30881.454683
3520.0000      -30709.794870
3524.0000      -30541.484400
3528.0000      -30810.783843
3532.0000      -30988.420191
3536.0000      -30786.216727
3540.0000      -30897.101615
3544.0000      -30796.508201
3548.0000      -30950.313434
3552.0000      -30695.876187
3556.0000      -30878.488252
3560.0000      -30664.033977
3564.0000      -30626.731455
3568.0000      -30791.466134
3572.0000      -30773.300932
3576.0000      -30840.894705
3580.0000      -30860.414790
3584.0000      -30748.099820
3588.0000      -30844.106858
3592.0000      -30766.597634
3596.0000      -30797.399710
3600.0000      -30555.897141
3604.0000      -30733.044933
3608.0000      -30898.325136
3612.0000      -30665.351644
3616.0000      -30768.266364
3620.0000      -30773.798840
3624.0000      -30896.061302
3628.0000      -30836.815773
3632.0000      -30741.746698
3636.0000      -30836.365782
3640.0000      -30816.322625
3644.0000      -30766.193351
3648.0000      -30575.938495
3652.0000      -30911.788128
3656.0000      -30852.463230
3660.0000      -30785.330599
3664.0000      -30696.730421
3668.0000      -30975.166645
3672.0000      -30989.491688
3676.0000      -30952.960742
3680.0000      -30832.383586
3684.0000      -30906.027085
3688.0000      -30859.593621
3692.0000      -30715.173472
3696.0000      -30940.061483
3700.0000      -30976.128907
3704.0000      -30833.375679
3708.0000      -30832.927565
3712.0000      -30760.867623
3716.0000      -30695.392275
3720.0000      -30879.573943
3724.0000      -30888.539460
3728.0000      -30847.989508
3732.0000      -30828.875170
3736.0000      -30735.800769
3740.0000      -30772.633482
3744.0000      -30937.268746
3748.0000      -30759.629373
3752.0000      -31000.224250
3756.0000      -30829.727326
3760.0000      -30783.322009
3764.0000      -30868.232688
3768.0000      -30851.135919
3772.0000      -30877.155846
3776.0000      -30590.400995
3780.0000      -30721.329617
3784.0000      -30879.937949
3788.0000      -30843.804026
3792.0000      -30900.895412
3796.0000      -30902.932135
3800.0000      -30840.409947
3804.0000      -31020.685264
3808.0000      -30872.539822
3812.0000      -30808.393779
3816.0000      -30616.490731
3820.0000      -30773.087244
3824.0000      -30861.838050
3828.0000      -30776.681588
3832.0000      -30809.775824
3836.0000      -30961.276035
3840.0000      -30919.819787
3844.0000      -30837.311618
3848.0000      -30936.059091
3852.0000      -30856.828017
3856.0000      -30922.649135
3860.0000      -30895.875736
3864.0000      -30769.712595
3868.0000      -30898.882635
3872.0000      -30761.877304
3876.0000      -30885.976998
3880.0000      -30812.982924
3884.0000      -30846.007838
3888.0000      -30783.447858
3892.0000      -30742.150535
3896.0000      -30795.681712
3900.0000      -30816.888826
3904.0000      -30831.922744
3908.0000      -30756.283438
3912.0000      -30974.039220
3916.0000      -30894.084234
3920.0000      -30794.828460
3924.0000      -30832.614740
3928.0000      -30827.153679
3932.0000      -30851.917981
3936.0000      -31008.673009
3940.0000      -30792.293694
3944.0000      -30820.901129
3948.0000      -30858.712381
3952.0000      -30785.059877
3956.0000      -30856.528825
3960.0000      -30673.169499
3964.0000      -30834.112007
3968.0000      -30752.556161
3972.0000      -30707.483375
3976.0000      -30843.397916
3980.0000      -31094.122520
3984.0000      -30831.811721
3988.0000      -30791.712602
3992.0000      -30963.834832
3996.0000      -30950.783635
4000.0000      -30890.049693
4004.0000      -30890.049693
