4.0000      -30931.284209
8.0000      -30668.918650
12.0000      -30843.224465
16.0000      -30739.246367
20.0000      -30330.240687
24.0000      -30744.731218
28.0000      -30597.049254
32.0000      -30918.457870
36.0000      -30792.023366
40.0000      -30654.445550
44.0000      -30838.549197
48.0000      -31037.863590
52.0000      -30845.944281
56.0000      -30643.990850
60.0000      -30650.488747
64.0000      -30863.255020
68.0000      -30939.763977
72.0000      -30774.302687
76.0000      -30819.374628
80.0000      -30847.815672
84.0000      -29380.924505
88.0000      -30523.933372
92.0000      -30848.630122
96.0000      -30871.614277
100.0000      -30237.005227
104.0000      -30889.110984
108.0000      -30769.149854
112.0000      -30511.442053
116.0000      -30626.540445
120.0000      -29244.621858
124.0000      -31017.966464
128.0000      -30665.162133
132.0000      -30676.806908
136.0000      -30778.182049
140.0000      -30933.112024
144.0000      -30718.812548
148.0000      -30534.937796
152.0000      -30982.090637
156.0000      -30748.717142
160.0000      -30903.278641
164.0000      -30973.229597
168.0000      -30783.638017
172.0000      -30828.987864
176.0000      -30728.220538
180.0000      -30793.851922
184.0000      -30791.400683
188.0000      -30925.346010
192.0000      -30635.744511
196.0000      -30939.527433
200.0000      -30876.601835
204.0000      -30859.036263
208.0000      -30624.044021
212.0000      -30530.135353
216.0000      -30672.546449
220.0000      -30727.251673
224.0000      -30692.428426
228.0000      -30668.104994
232.0000      -30554.845208
236.0000      -30448.880966
240.0000      -30830.185935
244.0000      -30687.367691
248.0000      -29324.561774
252.0000      -30775.471062
256.0000      -30751.817896
260.0000      -30836.818739
264.0000      -30809.823741
268.0000      -30778.539619
272.0000      -30799.171648
276.0000      -30871.687236
280.0000      -31004.359667
284.0000      -30818.366953
288.0000      -30643.455828
292.0000      -30939.194973
296.0000      -30790.960088
300.0000      -30320.456656
304.0000      -30965.529718
308.0000      -30853.273129
312.0000      -30839.675744
316.0000      -30700.172717
320.0000      -30679.236798
324.0000      -30704.241087
328.0000      -30164.721839
332.0000      -30659.619935
336.0000      -30695.088447
340.0000      -30842.850882
344.0000      -30774.697748
348.0000      -30822.424210
352.0000      -30771.108784
356.0000      -30794.095951
360.0000      -30990.002820
364.0000      -30993.798078
368.0000      -30740.583551
372.0000      -30585.325514
376.0000      -30817.590333
380.0000      -30754.850177
384.0000      -30749.301361
388.0000      -30867.954134
392.0000      -30887.578985
396.0000      -30942.744034
400.0000      -30747.805635
404.0000      -30570.724715
408.0000      -30821.953259
412.0000      -30812.209103
416.0000      -29833.882293
420.0000      -31033.278129
424.0000      -30737.040768
428.0000      -30691.228494
432.0000      -30770.493198
436.0000      -30968.865710
440.0000      -30842.688870
444.0000      -30834.625759
448.0000      -30870.365037
452.0000      -30810.760168
456.0000      -30713.102682
460.0000      -30758.829480
464.0000      -30529.348776
468.0000      -30764.473706
472.0000      -30791.528673
476.0000      -30828.035792
480.0000      -30740.184010
484.0000      -30725.461216
488.0000      -30612.434763
492.0000      -30791.569945
496.0000      -30392.641714
500.0000      -30996.603887
504.0000      -28830.301343
508.0000      -30233.819622
512.0000      -30884.112250
516.0000      -30593.875097
520.0000      -30586.320212
524.0000      -30903.759608
528.0000      -30673.852738
532.0000      -30869.395879
536.0000      -30772.119348
540.0000      -30490.913702
544.0000      -30542.473259
548.0000      -29241.862955
552.0000      -30913.319306
556.0000      -30776.062006
560.0000      -30777.122174
564.0000      -30689.112481
568.0000      -30445.039768
572.0000      -30771.705485
576.0000      -30718.612590
580.0000      -30825.826639
584.0000      -30913.516058
588.0000      -30706.700695
592.0000      -30663.796342
596.0000      -30254.160674
600.0000      -30677.203513
604.0000      -30871.148314
608.0000      -30824.455878
612.0000      -30949.376712
616.0000      -30946.852359
620.0000      -30835.046879
624.0000      -30941.596275
628.0000      -30929.950769
632.0000      -30805.885219
636.0000      -30775.936566
640.0000      -30773.452966
644.0000      -30829.921272
648.0000      -30804.035530
652.0000      -30843.394479
656.0000      -30622.020544
660.0000      -30863.892384
664.0000      -30976.132021
668.0000      -30997.253807
672.0000      -31128.932306
676.0000      -30928.114040
680.0000      -31035.651589
684.0000      -30952.930569
688.0000      -30843.072834
692.0000      -30788.376387
696.0000      -31018.427833
700.0000      -30838.229635
704.0000      -30790.011129
708.0000      -30938.346959
712.0000      -31054.605525
716.0000      -30712.093682
720.0000      -30831.228724
724.0000      -30818.812976
728.0000      -30842.801115
732.0000      -30864.702024
736.0000      -30744.311084
740.0000      -30955.695810
744.0000      -30868.125336
748.0000      -30676.068474
752.0000      -30836.724615
756.0000      -30688.563636
760.0000      -30887.827025
764.0000      -30685.827024
768.0000      -30942.996553
772.0000      -30737.510752
776.0000      -30884.726884
780.0000      -30656.162704
784.0000      -30877.329588
788.0000      -30882.486735
792.0000      -30768.852786
796.0000      -30667.882212
800.0000      -30822.783919
804.0000      -30671.010296
808.0000      -30802.046048
812.0000      -30782.882950
816.0000      -30820.504497
820.0000      -30932.395321
824.0000      -31063.903401
828.0000      -30744.573791
832.0000      -30850.047676
836.0000      -30801.764332
840.0000      -30451.263083
844.0000      -30801.164325
848.0000      -30594.647957
852.0000      -29349.873635
856.0000      -30537.469424
860.0000      -30905.594070
864.0000      -30785.260010
868.0000      -30768.300921
872.0000      -30869.031553
876.0000      -30548.852401
880.0000      -30896.594436
884.0000      -30826.087705
888.0000      -30734.089360
892.0000      -30686.756553
896.0000      -30651.465325
900.0000      -30923.662915
904.0000      -30685.562310
908.0000      -29541.250797
912.0000      -30983.731344
916.0000      -30815.632925
920.0000      -30527.961577
924.0000      -30691.937442
928.0000      -30824.333739
932.0000      -30416.154362
936.0000      -30481.181660
940.0000      -30891.107587
944.0000      -30734.262253
948.0000      -30911.311403
952.0000      -30927.025458
956.0000      -30956.445657
960.0000      -30930.313330
964.0000      -30823.546262
968.0000      -30349.207693
972.0000      -30882.905437
976.0000      -30832.605716
980.0000      -30892.612180
984.0000      -30838.360449
988.0000      -30727.070465
992.0000      -30908.627596
996.0000      -30289.854202
1000.0000      -30888.133779
1004.0000      -30820.627242
1008.0000      -30997.149931
1012.0000      -30737.792196
1016.0000      -30742.631783
1020.0000      -30800.631040
1024.0000      -30222.134424
1028.0000      -30793.458822
1032.0000      -30821.979894
1036.0000      -30801.783140
1040.0000      -31064.841124
1044.0000      -30931.364721
1048.0000      -30729.507905
1052.0000      -30997.836422
1056.0000      -30705.245351
1060.0000      -30793.927398
1064.0000      -30802.923222
1068.0000      -30677.370324
1072.0000      -30750.545467
1076.0000      -30875.171760
1080.0000      -30638.432289
1084.0000      -29716.360080
1088.0000      -30807.919821
1092.0000      -30544.526114
1096.0000      -30913.264508
1100.0000      -30889.733958
1104.0000      -30137.765006
1108.0000      -30683.031436
1112.0000      -30914.238124
1116.0000      -30797.158537
1120.0000      -31098.765665
1124.0000      -30834.665978
1128.0000      -30923.160995
1132.0000      -30896.761776
1136.0000      -30846.559840
1140.0000      -30678.398330
1144.0000      -30476.814177
1148.0000      -29976.267198
1152.0000      -30685.825291
1156.0000      -30740.080224
1160.0000      -30781.198386
1164.0000      -30838.936233
1168.0000      -30779.235457
1172.0000      -30774.109508
1176.0000      -30754.242420
1180.0000      -30980.105544
1184.0000      -30955.035708
1188.0000      -30692.605435
1192.0000      -29900.218520
1196.0000      -30626.124848
1200.0000      -30659.108816
1204.0000      -30903.725574
1208.0000      -30860.347791
1212.0000      -30804.286464
1216.0000      -30850.181322
1220.0000      -30975.219217
1224.0000      -30672.943446
1228.0000      -30780.720744
1232.0000      -30880.095082
1236.0000      -30588.218423
1240.0000      -30738.319976
1244.0000      -30770.479347
1248.0000      -30602.545534
1252.0000      -30766.691736
1256.0000      -30759.539971
1260.0000      -30843.215718
1264.0000      -30929.141495
1268.0000      -30847.365059
1272.0000      -30566.321243
1276.0000      -30722.889328
1280.0000      -30962.990751
1284.0000      -30807.766764
1288.0000      -30856.936318
1292.0000      -30698.332084
1296.0000      -30843.227387
1300.0000      -30858.706204
1304.0000      -30734.551093
1308.0000      -30641.761024
1312.0000      -30823.516098
1316.0000      -30972.216977
1320.0000      -30822.029911
1324.0000      -30696.648081
1328.0000      -31058.183472
1332.0000      -30866.272649
1336.0000      -30808.247700
1340.0000      -30610.397845
1344.0000      -30766.796855
1348.0000      -30740.331529
1352.0000      -30700.744518
1356.0000      -30847.950943
1360.0000      -30663.906776
1364.0000      -30747.824427
1368.0000      -30661.135182
1372.0000      -30826.246958
1376.0000      -30833.711589
1380.0000      -30703.821706
1384.0000      -30817.480218
1388.0000      -30831.178911
1392.0000      -30846.323815
1396.0000      -30668.002109
1400.0000      -30739.674181
1404.0000      -30820.206732
1408.0000      -30756.062547
1412.0000      -30765.245222
1416.0000      -30734.020850
1420.0000      -30749.542005
1424.0000      -30897.410419
1428.0000      -30722.856700
1432.0000      -30802.326851
1436.0000      -30720.854457
1440.0000      -30347.862523
1444.0000      -30894.687178
1448.0000      -30711.257402
1452.0000      -30674.879148
1456.0000      -30634.153990
1460.0000      -30244.672957
1464.0000      -30763.537965
1468.0000      -30961.856449
1472.0000      -30972.684856
1476.0000      -30779.604631
1480.0000      -30844.880205
1484.0000      -30972.011111
1488.0000      -30795.360539
1492.0000      -30929.659269
1496.0000      -30743.098663
1500.0000      -30743.879425
1504.0000      -30795.466736
1508.0000      -30808.016294
1512.0000      -30664.280462
1516.0000      -30249.493545
1520.0000      -30677.559015
1524.0000      -30861.249150
1528.0000      -29472.794721
1532.0000      -30831.229287
1536.0000      -30997.429270
1540.0000      -30644.269248
1544.0000      -30699.480569
1548.0000      -30765.679269
1552.0000      -30872.439644
1556.0000      -30920.695681
1560.0000      -30877.027511
1564.0000      -30795.264714
1568.0000      -30858.004768
1572.0000      -30749.128477
1576.0000      -30832.924643
1580.0000      -30782.821550
1584.0000      -30735.024634
1588.0000      -30700.358368
1592.0000      -30891.520078
1596.0000      -30974.241055
1600.0000      -30762.505688
1604.0000      -30715.468089
1608.0000      -30722.647542
1612.0000      -30827.457780
1616.0000      -30814.560219
1620.0000      -30854.974964
1624.0000      -30648.514492
1628.0000      -30766.208646
1632.0000      -30775.017081
1636.0000      -30883.550778
1640.0000      -30815.407272
1644.0000      -30913.028574
1648.0000      -30823.061071
1652.0000      -30929.099231
1656.0000      -30983.560068
1660.0000      -30594.917722
1664.0000      -30791.182598
1668.0000      -30968.851363
1672.0000      -30748.454727
1676.0000      -29445.930428
1680.0000      -30789.695161
1684.0000      -30882.819143
1688.0000      -30895.522468
1692.0000      -30791.402904
1696.0000      -30836.653235
1700.0000      -30638.625419
1704.0000      -30645.361012
1708.0000      -30732.063840
1712.0000      -30643.968607
1716.0000      -30676.280124
1720.0000      -30859.972428
1724.0000      -30852.489192
1728.0000      -30602.230096
1732.0000      -30776.105871
1736.0000      -30200.496093
1740.0000      -30597.776922
1744.0000      -30980.614615
1748.0000      -30852.340686
1752.0000      -30748.404750
1756.0000      -30807.786624
1760.0000      -30848.270021
1764.0000      -30747.623168
1768.0000      -30464.169407
1772.0000      -30823.526714
1776.0000      -30890.158098
1780.0000      -30637.917780
1784.0000      -30638.401534
1788.0000      -30808.260119
1792.0000      -30721.167578
1796.0000      -30789.150589
1800.0000      -30912.121843
1804.0000      -30860.876551
1808.0000      -30792.462236
1812.0000      -30740.997222
1816.0000      -30786.596080
1820.0000      -30628.538443
1824.0000      -30691.195231
1828.0000      -30913.999061
1832.0000      -30794.146319
1836.0000      -30796.885358
1840.0000      -30865.761574
1844.0000      -30812.552967
1848.0000      -30811.386086
1852.0000      -30960.360171
1856.0000      -30817.727958
1860.0000      -30075.283032
1864.0000      -30852.731935
1868.0000      -31020.275423
1872.0000      -30864.130858
1876.0000      -30855.140670
1880.0000      -30894.932114
1884.0000      -30804.963140
1888.0000      -30613.387704
1892.0000      -30766.547836
1896.0000      -30841.274874
1900.0000      -28548.117040
1904.0000      -30845.721386
1908.0000      -30733.987197
1912.0000      -30844.931838
1916.0000      -30956.855100
1920.0000      -31000.716004
1924.0000      -30817.681876
1928.0000      -30982.406887
1932.0000      -30777.288640
1936.0000      -30990.368884
1940.0000      -30256.618996
1944.0000      -30801.322690
1948.0000      -30819.834479
1952.0000      -30708.336108
1956.0000      -30894.372729
1960.0000      -30793.850810
1964.0000      -30924.308260
1968.0000      -30779.389678
1972.0000      -30802.070317
1976.0000      -30773.485247
1980.0000      -29001.634845
1984.0000      -30935.247274
1988.0000      -30929.915814
1992.0000      -30945.844728
1996.0000      -30756.261550
2000.0000      -30877.151692
2004.0000      -30775.856900
2008.0000      -30678.545336
2012.0000      -30837.695814
2016.0000      -30530.113549
2020.0000      -30572.522550
2024.0000      -30769.398414
2028.0000      -29385.396630
2032.0000      -30771.435613
2036.0000      -30877.511726
2040.0000      -30970.427025
2044.0000      -31000.010112
2048.0000      -30892.514515
2052.0000      -30777.184885
2056.0000      -30688.627492
2060.0000      -30784.166372
2064.0000      -30799.928572
2068.0000      -30831.474100
2072.0000      -30565.318682
2076.0000      -30943.601614
2080.0000      -30760.477863
2084.0000      -30869.360064
2088.0000      -30651.313990
2092.0000      -30752.288627
2096.0000      -30684.994024
2100.0000      -30662.311722
2104.0000      -30797.415626
2108.0000      -30637.043922
2112.0000      -30012.768169
2116.0000      -30699.252700
2120.0000      -30888.487755
2124.0000      -30342.667079
2128.0000      -30916.417699
2132.0000      -30880.869939
2136.0000      -30767.080363
2140.0000      -30772.374059
2144.0000      -30998.216366
2148.0000      -30846.762836
2152.0000      -30828.291967
2156.0000      -30675.389543
2160.0000      -30873.858484
2164.0000      -30755.535339
2168.0000      -30708.873460
2172.0000      -30731.047845
2176.0000      -30946.835952
2180.0000      -30826.299249
2184.0000      -30927.164509
2188.0000      -30642.235563
2192.0000      -30809.220857
2196.0000      -30927.564803
2200.0000      -30262.786535
2204.0000      -30878.444224
2208.0000      -30843.185892
2212.0000      -30841.559947
2216.0000      -30493.828542
2220.0000      -30848.591687
2224.0000      -30881.121095
2228.0000      -30652.214765
2232.0000      -30727.499809
2236.0000      -30562.267978
2240.0000      -30804.673418
2244.0000      -30833.309804
2248.0000      -30963.357972
2252.0000      -30763.817453
2256.0000      -30493.650885
2260.0000      -30811.848104
2264.0000      -30539.203843
2268.0000      -30559.528045
2272.0000      -30686.822568
2276.0000      -30797.745062
2280.0000      -30629.226174
2284.0000      -30821.563390
2288.0000      -30777.865037
2292.0000      -30842.351173
2296.0000      -30721.677454
2300.0000      -30760.161225
2304.0000      -30781.714512
2308.0000      -30836.499896
2312.0000      -30702.321324
2316.0000      -30735.362415
2320.0000      -30660.403645
2324.0000      -30942.964460
2328.0000      -30775.248873
2332.0000      -30838.742045
2336.0000      -30801.223553
2340.0000      -30688.414377
2344.0000      -30790.615414
2348.0000      -30424.528735
2352.0000      -30831.980016
2356.0000      -30815.848047
2360.0000      -30750.730599
2364.0000      -30790.955750
2368.0000      -30810.411065
2372.0000      -30778.834430
2376.0000      -30725.835744
2380.0000      -30782.244964
2384.0000      -31015.910546
2388.0000      -30835.783644
2392.0000      -30791.160505
2396.0000      -30631.636312
2400.0000      -30665.364609
2404.0000      -30839.853559
2408.0000      -30795.174303
2412.0000      -30727.739618
2416.0000      -30906.950756
2420.0000      -30828.303167
2424.0000      -30851.308378
2428.0000      -30248.803056
2432.0000      -30815.426123
2436.0000      -30693.039401
2440.0000      -30882.941789
2444.0000      -30911.170657
2448.0000      -30978.701347
2452.0000      -30776.805650
2456.0000      -30787.630392
2460.0000      -30512.778977
2464.0000      -30694.455000
2468.0000      -30817.711195
2472.0000      -30982.318114
2476.0000      -30868.935436
2480.0000      -29224.306807
2484.0000      -30904.708986
2488.0000      -30900.996614
2492.0000      -30627.348492
2496.0000      -30758.621463
2500.0000      -29880.375803
2504.0000      -30673.954066
2508.0000      -30562.080127
2512.0000      -30651.909392
2516.0000      -30579.227748
2520.0000      -30820.151781
2524.0000      -30551.474581
2528.0000      -30696.190777
2532.0000      -30590.323590
2536.0000      -30680.919185
2540.0000      -30864.598732
2544.0000      -30827.701397
2548.0000      -30701.328621
2552.0000      -30912.786446
2556.0000      -30776.294788
2560.0000      -30982.477442
2564.0000      -30921.309239
2568.0000      -30803.767193
2572.0000      -30782.412333
2576.0000      -30871.612101
2580.0000      -30763.066349
2584.0000      -30533.545387
2588.0000      -30889.146349
2592.0000      -30542.648172
2596.0000      -30677.230159
2600.0000      -30786.518845
2604.0000      -30789.145869
2608.0000      -30843.026571
2612.0000      -30697.316925
2616.0000      -30771.270702
2620.0000      -30382.186928
2624.0000      -30768.095354
2628.0000      -30913.822712
2632.0000      -30973.646353
2636.0000      -30843.229405
2640.0000      -30550.825842
2644.0000      -30905.603765
2648.0000      -30962.917278
2652.0000      -30645.482916
2656.0000      -30936.918750
2660.0000      -30420.902206
2664.0000      -31043.504390
2668.0000      -30849.878431
2672.0000      -30901.213001
2676.0000      -30810.686245
2680.0000      -30771.019163
2684.0000      -29741.575793
2688.0000      -30719.965539
2692.0000      -30889.783714
2696.0000      -30829.946048
2700.0000      -30783.367284
2704.0000      -30339.396783
2708.0000      -30810.720883
2712.0000      -30769.053308
2716.0000      -30944.823007
2720.0000      -30619.969506
2724.0000      -30795.120932
2728.0000      -30741.935197
2732.0000      -30951.137996
2736.0000      -30621.097072
2740.0000      -30444.222242
2744.0000      -30749.265924
2748.0000      -30864.507251
2752.0000      -30940.410164
2756.0000      -30747.467170
2760.0000      -30870.433181
2764.0000      -30698.668886
2768.0000      -30785.020546
2772.0000      -30905.373835
2776.0000      -30944.343915
2780.0000      -30780.346312
2784.0000      -30651.659905
2788.0000      -30673.892309
2792.0000      -30769.780233
2796.0000      -30978.135553
2800.0000      -30857.008976
2804.0000      -30743.713745
2808.0000      -30917.104381
2812.0000      -30856.796064
2816.0000      -30942.547143
2820.0000      -30799.456494
2824.0000      -30844.393974
2828.0000      -30831.240846
2832.0000      -30786.620750
2836.0000      -30977.454205
2840.0000      -30644.396781
2844.0000      -30894.573057
2848.0000      -30692.941052
2852.0000      -30571.019631
2856.0000      -30805.305833
2860.0000      -30966.358390
2864.0000      -30838.153759
2868.0000      -30345.673171
2872.0000      -30894.566133
2876.0000      -30923.022943
2880.0000      -30873.750136
2884.0000      -31008.003192
2888.0000      -30889.872821
2892.0000      -30942.178463
2896.0000      -30707.160773
2900.0000      -30932.386033
2904.0000      -30870.458635
2908.0000      -30437.593279
2912.0000      -30745.042353
2916.0000      -30692.901254
2920.0000      -30699.554859
2924.0000      -30039.930337
2928.0000      -30736.661528
2932.0000      -30957.244740
2936.0000      -30694.513326
2940.0000      -30858.503878
2944.0000      -30892.376555
2948.0000      -30461.966769
2952.0000      -30736.776934
2956.0000      -30739.906375
2960.0000      -30530.016406
2964.0000      -30571.004955
2968.0000      -30483.750932
2972.0000      -30840.440999
2976.0000      -30861.000261
2980.0000      -30768.068312
2984.0000      -30711.711602
2988.0000      -31065.405297
2992.0000      -30802.142733
2996.0000      -29779.889229
3000.0000      -30698.649958
3004.0000      -30786.627167
3008.0000      -30723.607350
3012.0000      -30934.386891
3016.0000      -30756.461522
3020.0000      -30745.920789
3024.0000      -30721.326914
3028.0000      -30725.113415
3032.0000      -30883.824901
3036.0000      -30764.847231
3040.0000      -30801.309062
3044.0000      -30944.989219
3048.0000      -29739.718678
3052.0000      -30901.472082
3056.0000      -31141.090861
3060.0000      -30864.066881
3064.0000      -30891.683248
3068.0000      -30666.120629
3072.0000      -30642.967821
3076.0000      -30796.297375
3080.0000      -30671.164104
3084.0000      -30867.958819
3088.0000      -30818.712271
3092.0000      -30728.469584
3096.0000      -31067.340210
3100.0000      -30849.406219
3104.0000      -29574.152070
3108.0000      -30824.184502
3112.0000      -30768.788554
3116.0000      -30696.438229
3120.0000      -30829.686449
3124.0000      -30189.303689
3128.0000      -30690.545210
3132.0000      -30821.665105
3136.0000      -30805.175817
3140.0000      -30654.513538
3144.0000      -30889.225581
3148.0000      -30797.726604
3152.0000      -30978.127929
3156.0000      -30912.696466
3160.0000      -30708.474678
3164.0000      -30575.643531
3168.0000      -30964.343959
3172.0000      -30733.566891
3176.0000      -30872.722803
3180.0000      -30744.166839
3184.0000      -30762.719353
3188.0000      -30075.132862
3192.0000      -30402.631667
3196.0000      -30859.372226
3200.0000      -30698.586300
3204.0000      -30835.102083
3208.0000      -30865.010871
3212.0000      -30960.189209
3216.0000      -30813.463495
3220.0000      -30812.090946
3224.0000      -30760.921652
3228.0000      -30811.038964
3232.0000      -30823.358646
3236.0000      -30740.690998
3240.0000      -30836.295554
3244.0000      -30744.974025
3248.0000      -30860.796942
3252.0000      -30801.484516
3256.0000      -30590.495306
3260.0000      -30862.307015
3264.0000      -30827.958464
3268.0000      -30841.792551
3272.0000      -30246.833131
3276.0000      -30542.930404
3280.0000      -30403.949702
3284.0000      -29870.676524
3288.0000      -30575.480419
3292.0000      -30743.931738
3296.0000      -30753.266859
3300.0000      -30730.078699
3304.0000      -30751.184717
3308.0000      -30775.882827
3312.0000      -30714.714240
3316.0000      -30924.367667
3320.0000      -31023.848437
3324.0000      -30909.063351
3328.0000      -30774.060524
3332.0000      -30843.090236
3336.0000      -30909.420734
3340.0000      -30208.756189
3344.0000      -30866.541040
3348.0000      -30768.466356
3352.0000      -30708.268497
3356.0000      -30698.876814
3360.0000      -30736.715553
3364.0000      -30814.718101
3368.0000      -30902.829849
3372.0000      -30323.050925
3376.0000      -30774.352510
3380.0000      -30749.044023
3384.0000      -30694.934084
3388.0000      -30978.117554
3392.0000      -30961.747915
3396.0000      -30949.281977
3400.0000      -30967.337448
3404.0000      -30888.206884
3408.0000      -31081.145421
3412.0000      -30703.851013
3416.0000      -30711.964866
3420.0000      -30651.013926
3424.0000      -31099.626156
3428.0000      -30875.765942
3432.0000      -30675.874562
3436.0000      -30904.966423
3440.0000      -30880.913538
3444.0000      -30793.792248
3448.0000      -30851.394678
3452.0000      -30896.437688
3456.0000      -30840.626122
3460.0000      -30864.910547
3464.0000      -30778.819805
3468.0000      -30883.277200
3472.0000      -30780.528313
3476.0000      -30772.939296
3480.0000      -30488.436162
3484.0000      -30770.706583
3488.0000      -30784.193455
3492.0000      -30754.580795
3496.0000      -30921.693038
3500.0000      -30824.260816
3504.0000      -31044.035586
3508.0000      -30790.360910
3512.0000      -30748.934152
3516.0000      -30677.115855
3520.0000      -30438.440527
3524.0000      -30782.489427
3528.0000      -30930.638757
3532.0000      -30716.398690
3536.0000      -30838.829953
3540.0000      -30858.926083
3544.0000      -30704.045374
3548.0000      -30874.312749
3552.0000      -30711.254203
3556.0000      -30984.648659
3560.0000      -30784.506309
3564.0000      -30883.093428
3568.0000      -30681.196802
3572.0000      -30861.604898
3576.0000      -30869.117826
3580.0000      -30710.281431
3584.0000      -30975.778148
3588.0000      -30828.344396
3592.0000      -30894.136730
3596.0000      -30901.465322
3600.0000      -30783.142034
3604.0000      -30901.543397
3608.0000      -30830.952882
3612.0000      -30751.796552
3616.0000      -30728.343955
3620.0000      -30842.210823
3624.0000      -30749.211713
3628.0000      -30754.222672
3632.0000      -30885.485457
3636.0000      -30737.204316
3640.0000      -30796.010180
3644.0000      -30106.856672
3648.0000      -30748.786112
3652.0000      -30747.672994
3656.0000      -30474.225234
3660.0000      -30839.042201
3664.0000      -30763.826706
3668.0000      -30729.314243
3672.0000      -30864.118453
3676.0000      -30237.655621
3680.0000      -30746.921876
3684.0000      -30551.606278
3688.0000      -30802.968637
3692.0000      -30748.991350
3696.0000      -30737.241019
3700.0000      -30221.282641
3704.0000      -30765.124581
3708.0000      -30881.746036
3712.0000      -30852.068936
3716.0000      -29718.114305
3720.0000      -30706.836524
3724.0000      -30821.584363
3728.0000      -30782.183084
3732.0000      -30684.523726
3736.0000      -30909.392308
3740.0000      -30353.035742
3744.0000      -30875.113507
3748.0000      -30952.022767
3752.0000      -30659.396398
3756.0000      -30779.122034
3760.0000      -30829.279220
3764.0000      -30821.504227
3768.0000      -30868.031349
3772.0000      -29572.569847
3776.0000      -30741.558304
3780.0000      -30805.065944
3784.0000      -30697.231983
3788.0000      -30774.059421
3792.0000      -30778.538668
3796.0000      -30854.390605
3800.0000      -30837.002363
3804.0000      -30840.375967
3808.0000      -30826.410221
3812.0000      -30933.240998
3816.0000      -30691.736970
3820.0000      -30704.373462
3824.0000      -30682.218599
3828.0000      -30909.389822
3832.0000      -30771.061749
3836.0000      -30943.005985
3840.0000      -30910.989871
3844.0000      -30831.762434
3848.0000      -30811.578348
3852.0000      -31039.171499
3856.0000      -30533.128670
3860.0000      -30888.317712
3864.0000      -30932.366050
3868.0000      -30950.636404
3872.0000      -31050.380727
3876.0000      -30607.092752
3880.0000      -30865.808712
3884.0000      -30694.607524
3888.0000      -31000.223288
3892.0000      -30787.564396
3896.0000      -30857.549501
3900.0000      -30839.393414
3904.0000      -30910.179470
3908.0000      -31013.291005
3912.0000      -30364.012979
3916.0000      -30864.124221
3920.0000      -30886.712643
3924.0000      -30723.256788
3928.0000      -30678.132510
3932.0000      -30848.961806
3936.0000      -30992.315335
3940.0000      -30701.255065
3944.0000      -30630.275510
3948.0000      -30816.475868
3952.0000      -30828.593240
3956.0000      -30815.313988
3960.0000      -30845.425012
3964.0000      -30728.226560
3968.0000      -30141.913623
3972.0000      -30505.916938
3976.0000      -30797.427073
3980.0000      -30527.193844
3984.0000      -30088.134193
3988.0000      -30687.749615
3992.0000      -30922.122814
3996.0000      -29928.825046
4000.0000      -30796.423029
4004.0000      -30796.423029
