4.0000      -31038.821928
8.0000      -30951.810623
12.0000      -31009.086820
16.0000      -30950.420095
20.0000      -30894.677207
24.0000      -30883.074055
28.0000      -30844.717791
32.0000      -30960.023796
36.0000      -30926.999548
40.0000      -30912.373390
44.0000      -30968.384386
48.0000      -30786.882295
52.0000      -30953.418089
56.0000      -30928.413814
60.0000      -30978.647936
64.0000      -30932.409041
68.0000      -30934.981015
72.0000      -30884.189826
76.0000      -30906.790264
80.0000      -30602.650011
84.0000      -30989.555016
88.0000      -30929.908959
92.0000      -30849.988200
96.0000      -30850.084242
100.0000      -30816.151653
104.0000      -30851.749013
108.0000      -30848.281507
112.0000      -30808.532430
116.0000      -30865.124221
120.0000      -30823.262287
124.0000      -30837.727629
128.0000      -30933.275396
132.0000      -30911.907425
136.0000      -30997.042647
140.0000      -30785.874039
144.0000      -30971.369666
148.0000      -30855.562217
152.0000      -30957.378622
156.0000      -30944.145358
160.0000      -30929.319212
164.0000      -31097.528249
168.0000      -30886.284425
172.0000      -30886.495603
176.0000      -30909.973793
180.0000      -30893.596402
184.0000      -30897.112520
188.0000      -30980.921357
192.0000      -31072.633367
196.0000      -30908.577225
200.0000      -30906.102291
204.0000      -30900.378251
208.0000      -30860.003611
212.0000      -30886.594211
216.0000      -30942.981134
220.0000      -31018.161649
224.0000      -31032.407861
228.0000      -30971.182495
232.0000      -30860.848962
236.0000      -30943.102923
240.0000      -30858.070811
244.0000      -30888.768196
248.0000      -30813.478641
252.0000      -31320.963240
256.0000      -30816.163888
260.0000      -30865.560336
264.0000      -30632.944875
268.0000      -30886.276080
272.0000      -30948.665234
276.0000      -30803.423845
280.0000      -30892.744800
284.0000      -31008.584995
288.0000      -30891.659425
292.0000      -30891.167514
296.0000      -30749.251624
300.0000      -30943.049617
304.0000      -30996.015615
308.0000      -31132.452191
312.0000      -30958.034912
316.0000      -30949.984327
320.0000      -30846.506904
324.0000      -30934.341175
328.0000      -30882.241544
332.0000      -30856.991771
336.0000      -30870.190748
340.0000      -30867.650188
344.0000      -30912.754112
348.0000      -30851.115206
352.0000      -31008.599869
356.0000      -31001.935055
360.0000      -31083.037983
364.0000      -30933.305301
368.0000      -30991.420488
372.0000      -30954.327823
376.0000      -30781.047402
380.0000      -30791.796500
384.0000      -30853.852230
388.0000      -30835.241109
392.0000      -30764.668383
396.0000      -30986.075678
400.0000      -30843.605136
404.0000      -30926.859774
408.0000      -30875.824091
412.0000      -30873.108277
416.0000      -30966.710545
420.0000      -30957.581564
424.0000      -30998.666906
428.0000      -30910.005591
432.0000      -30882.444834
436.0000      -30930.873439
440.0000      -30894.593651
444.0000      -30903.376269
448.0000      -30951.158090
452.0000      -30878.388350
456.0000      -30910.728459
460.0000      -30906.631497
464.0000      -30874.199763
468.0000      -30946.091592
472.0000      -30828.532845
476.0000      -31063.904617
480.0000      -30857.188363
484.0000      -31036.302274
488.0000      -30953.880531
492.0000      -30931.965736
496.0000      -30981.264636
500.0000      -30907.260846
504.0000      -30763.139292
508.0000      -30893.998724
512.0000      -30956.367014
516.0000      -31082.651188
520.0000      -30851.693855
524.0000      -30894.264359
528.0000      -31039.902068
532.0000      -30701.009722
536.0000      -30908.108513
540.0000      -30818.802114
544.0000      -30887.005572
548.0000      -31030.896702
552.0000      -31018.077908
556.0000      -31100.743680
560.0000      -30915.199114
564.0000      -30927.416614
568.0000      -30893.860120
572.0000      -30906.453367
576.0000      -30890.396101
580.0000      -30872.181726
584.0000      -31008.985108
588.0000      -30834.791189
592.0000      -31044.998435
596.0000      -30909.581625
600.0000      -30860.694045
604.0000      -30951.992322
608.0000      -31040.892807
612.0000      -30905.117831
616.0000      -31045.466563
620.0000      -30874.671594
624.0000      -31015.390721
628.0000      -30970.566047
632.0000      -30913.397615
636.0000      -31070.896567
640.0000      -30808.142746
644.0000      -30915.630166
648.0000      -31031.662606
652.0000      -30940.713168
656.0000      -30938.998477
660.0000      -31000.907699
664.0000      -30907.890374
668.0000      -31049.556902
672.0000      -31004.999486
676.0000      -30968.526276
680.0000      -30790.610677
684.0000      -30886.035588
688.0000      -30920.744184
692.0000      -30799.826331
696.0000      -30798.433504
700.0000      -31085.997426
704.0000      -30997.526147
708.0000      -30984.170990
712.0000      -31069.317498
716.0000      -30970.616873
720.0000      -31021.050568
724.0000      -31015.895148
728.0000      -30978.106384
732.0000      -31251.320411
736.0000      -30792.160939
740.0000      -31005.939894
744.0000      -30905.944493
748.0000      -30793.065791
752.0000      -30996.791118
756.0000      -30907.653967
760.0000      -30847.606889
764.0000      -30876.478906
768.0000      -30971.987200
772.0000      -30882.273413
776.0000      -30955.334230
780.0000      -30889.823630
784.0000      -30972.460928
788.0000      -31009.785714
792.0000      -30819.788028
796.0000      -30969.999352
800.0000      -30928.630766
804.0000      -30985.600150
808.0000      -31157.014472
812.0000      -30956.937825
816.0000      -30906.756205
820.0000      -30982.068252
824.0000      -30710.200669
828.0000      -30937.365985
832.0000      -30907.155786
836.0000      -30905.940826
840.0000      -30842.624758
844.0000      -31043.566861
848.0000      -31023.778947
852.0000      -30926.753228
856.0000      -31013.787102
860.0000      -30900.549838
864.0000      -30887.284013
868.0000      -30815.302650
872.0000      -30942.945585
876.0000      -30992.022055
880.0000      -31066.383741
884.0000      -30886.562881
888.0000      -30819.324566
892.0000      -30987.937671
896.0000      -30988.019561
900.0000      -30996.247827
904.0000      -30984.334439
908.0000      -30854.880754
912.0000      -30911.404155
916.0000      -30886.728482
920.0000      -30994.842145
924.0000      -30948.877204
928.0000      -30883.831206
932.0000      -31057.878650
936.0000      -30977.609612
940.0000      -30895.286220
944.0000      -30916.606311
948.0000      -30805.586484
952.0000      -30871.755013
956.0000      -31003.391893
960.0000      -30904.837794
964.0000      -31039.689546
968.0000      -31047.626603
972.0000      -31034.287710
976.0000      -31028.962614
980.0000      -30784.439823
984.0000      -30971.104710
988.0000      -30808.916011
992.0000      -30861.846905
996.0000      -30991.698022
1000.0000      -31047.103699
1004.0000      -30991.831586
1008.0000      -30941.600264
1012.0000      -31076.318030
1016.0000      -30769.418847
1020.0000      -30974.803572
1024.0000      -30773.204782
1028.0000      -30801.466213
1032.0000      -30848.719395
1036.0000      -30982.342573
1040.0000      -30889.992389
1044.0000      -30948.911949
1048.0000      -30929.291618
1052.0000      -31019.658814
1056.0000      -30781.574355
1060.0000      -30909.875275
1064.0000      -30849.289589
1068.0000      -30965.801055
1072.0000      -30932.778138
1076.0000      -30873.887503
1080.0000      -30866.735607
1084.0000      -30963.976878
1088.0000      -30900.296343
1092.0000      -30882.197311
1096.0000      -30822.003107
1100.0000      -30983.557264
1104.0000      -31015.443173
1108.0000      -30986.086363
1112.0000      -30951.347937
1116.0000      -31072.419797
1120.0000      -30639.915804
1124.0000      -31111.591945
1128.0000      -30898.491754
1132.0000      -31007.276491
1136.0000      -30837.431007
1140.0000      -30935.302867
1144.0000      -30923.616949
1148.0000      -30964.629981
1152.0000      -30808.232490
1156.0000      -30904.187964
1160.0000      -30833.863470
1164.0000      -31004.812725
1168.0000      -31023.470998
1172.0000      -31093.415460
1176.0000      -30924.740018
1180.0000      -30973.942915
1184.0000      -31041.999225
1188.0000      -30861.918481
1192.0000      -31079.213088
1196.0000      -30845.924317
1200.0000      -30854.653548
1204.0000      -30946.277478
1208.0000      -30958.286819
1212.0000      -31063.379603
1216.0000      -30951.697770
1220.0000      -31082.527168
1224.0000      -30983.903920
1228.0000      -30983.877520
1232.0000      -30898.612920
1236.0000      -31061.923296
1240.0000      -30971.545194
1244.0000      -30976.772005
1248.0000      -30972.368496
1252.0000      -31126.689126
1256.0000      -30836.540875
1260.0000      -30956.705102
1264.0000      -30997.738764
1268.0000      -30890.396190
1272.0000      -31131.628925
1276.0000      -30936.184050
1280.0000      -31068.364938
1284.0000      -31070.358072
1288.0000      -30866.219957
1292.0000      -30972.716679
1296.0000      -30984.468102
1300.0000      -30884.347106
1304.0000      -30998.648247
1308.0000      -30861.547349
1312.0000      -31001.976787
1316.0000      -30879.805500
1320.0000      -30932.016270
1324.0000      -30843.198974
1328.0000      -30846.143043
1332.0000      -30889.035445
1336.0000      -30890.768236
1340.0000      -30901.047348
1344.0000      -30870.341807
1348.0000      -30845.052668
1352.0000      -30891.343030
1356.0000      -30866.453179
1360.0000      -30912.952296
1364.0000      -30943.507722
1368.0000      -31028.286345
1372.0000      -30945.242411
1376.0000      -30859.210491
1380.0000      -31047.346210
1384.0000      -30909.080291
1388.0000      -30836.967987
1392.0000      -30832.489761
1396.0000      -30927.549375
1400.0000      -30891.822387
1404.0000      -30842.826462
1408.0000      -30916.567746
1412.0000      -31082.086342
1416.0000      -31027.037988
1420.0000      -30943.062428
1424.0000      -30779.882863
1428.0000      -30951.224692
1432.0000      -30905.892961
1436.0000      -30987.302842
1440.0000      -31032.482028
1444.0000      -30776.155296
1448.0000      -30912.789164
1452.0000      -30973.608680
1456.0000      -31010.255349
1460.0000      -30938.367410
1464.0000      -30955.634376
1468.0000      -30909.110064
1472.0000      -30893.870632
1476.0000      -30982.626657
1480.0000      -30962.977416
1484.0000      -30861.216745
1488.0000      -30871.837807
1492.0000      -30922.858373
1496.0000      -30977.015004
1500.0000      -30801.286932
1504.0000      -30953.864932
1508.0000      -30839.399493
1512.0000      -30759.985668
1516.0000      -31023.908968
1520.0000      -30979.738082
1524.0000      -30862.805369
1528.0000      -30692.423362
1532.0000      -30765.192963
1536.0000      -31015.466235
1540.0000      -30930.859384
1544.0000      -30968.158201
1548.0000      -30967.582172
1552.0000      -31032.628094
1556.0000      -30970.162558
1560.0000      -30752.920393
1564.0000      -31056.191626
1568.0000      -30815.529692
1572.0000      -30898.234074
1576.0000      -30878.624645
1580.0000      -30943.719114
1584.0000      -31069.609354
1588.0000      -30735.175250
1592.0000      -30783.590793
1596.0000      -30919.724517
1600.0000      -30829.186657
1604.0000      -30898.226822
1608.0000      -31076.857094
1612.0000      -30879.925722
1616.0000      -30856.149963
1620.0000      -31177.472518
1624.0000      -30790.280359
1628.0000      -30999.731637
1632.0000      -31040.795590
1636.0000      -30967.397806
1640.0000      -30936.488610
1644.0000      -30857.110124
1648.0000      -30791.467477
1652.0000      -30854.226599
1656.0000      -30878.200050
1660.0000      -30778.110385
1664.0000      -30770.226386
1668.0000      -30934.199222
1672.0000      -30951.318600
1676.0000      -30741.402394
1680.0000      -30823.609487
1684.0000      -30963.686909
1688.0000      -30982.618154
1692.0000      -31019.879381
1696.0000      -30915.382898
1700.0000      -30818.589162
1704.0000      -30964.803319
1708.0000      -30890.317172
1712.0000      -30935.489684
1716.0000      -31011.777633
1720.0000      -30806.993275
1724.0000      -30865.945906
1728.0000      -30882.455517
1732.0000      -30994.633320
1736.0000      -30967.906255
1740.0000      -30983.220478
1744.0000      -31012.588282
1748.0000      -30885.114254
1752.0000      -30876.091137
1756.0000      -30978.451825
1760.0000      -30946.541058
1764.0000      -30933.076203
1768.0000      -31032.085856
1772.0000      -30875.721643
1776.0000      -30776.128015
1780.0000      -30797.374552
1784.0000      -30820.688998
1788.0000      -30917.780994
1792.0000      -30941.456087
1796.0000      -31008.452264
1800.0000      -31040.900914
1804.0000      -31010.143763
1808.0000      -30843.983191
1812.0000      -30829.921714
1816.0000      -30661.470941
1820.0000      -30968.030324
1824.0000      -30829.346387
1828.0000      -30866.978383
1832.0000      -30799.510194
1836.0000      -30990.837911
1840.0000      -30812.900387
1844.0000      -30706.078862
1848.0000      -30881.464507
1852.0000      -30940.900444
1856.0000      -30873.649271
1860.0000      -30859.035414
1864.0000      -30964.009268
1868.0000      -31049.875358
1872.0000      -30866.184792
1876.0000      -31027.048260
1880.0000      -31063.037074
1884.0000      -30903.180591
1888.0000      -30801.564168
1892.0000      -30927.830808
1896.0000      -31014.933234
1900.0000      -30890.811404
1904.0000      -30873.711277
1908.0000      -30931.765866
1912.0000      -30893.671372
1916.0000      -30820.352239
1920.0000      -30967.379390
1924.0000      -30908.622738
1928.0000      -30897.163775
1932.0000      -30792.003592
1936.0000      -30910.051050
1940.0000      -30825.336571
1944.0000      -30774.356971
1948.0000      -30744.287552
1952.0000      -30965.012866
1956.0000      -30862.462613
1960.0000      -30908.228103
1964.0000      -30767.083394
1968.0000      -30970.610332
1972.0000      -30764.868176
1976.0000      -30878.400421
1980.0000      -30992.802983
1984.0000      -30930.066963
1988.0000      -30978.992721
1992.0000      -30760.677173
1996.0000      -30822.553568
2000.0000      -30865.647456
2004.0000      -30919.015331
2008.0000      -31054.718620
2012.0000      -30973.531028
2016.0000      -31069.183962
2020.0000      -30940.923215
2024.0000      -30900.836663
2028.0000      -30867.202352
2032.0000      -31032.017958
2036.0000      -31050.532867
2040.0000      -31079.456940
2044.0000      -30897.895033
2048.0000      -30892.344723
2052.0000      -30961.116577
2056.0000      -31066.662274
2060.0000      -30971.683733
2064.0000      -31019.087406
2068.0000      -30883.267420
2072.0000      -30838.359473
2076.0000      -30822.312110
2080.0000      -30962.115665
2084.0000      -30851.541879
2088.0000      -30893.624300
2092.0000      -30822.237988
2096.0000      -30803.984863
2100.0000      -30897.827871
2104.0000      -30829.304353
2108.0000      -30989.496082
2112.0000      -30909.899903
2116.0000      -30726.840161
2120.0000      -30926.160915
2124.0000      -30984.978655
2128.0000      -30935.534111
2132.0000      -30756.555573
2136.0000      -30819.224592
2140.0000      -31027.813385
2144.0000      -30918.785647
2148.0000      -30910.081179
2152.0000      -30940.750267
2156.0000      -30995.841837
2160.0000      -30968.029329
2164.0000      -30960.077636
2168.0000      -31006.283245
2172.0000      -30938.193024
2176.0000      -30938.615738
2180.0000      -31011.045302
2184.0000      -31026.162552
2188.0000      -30953.431456
2192.0000      -31013.270615
2196.0000      -31126.567551
2200.0000      -30870.042185
2204.0000      -30855.566253
2208.0000      -30886.280165
2212.0000      -30938.649981
2216.0000      -30933.437409
2220.0000      -30996.566094
2224.0000      -30984.079900
2228.0000      -30872.250486
2232.0000      -30968.644232
2236.0000      -30848.537517
2240.0000      -31155.287750
2244.0000      -31014.508694
2248.0000      -30820.482836
2252.0000      -30894.964035
2256.0000      -30903.520773
2260.0000      -30936.375402
2264.0000      -30893.594797
2268.0000      -30983.364100
2272.0000      -31114.703717
2276.0000      -31057.902476
2280.0000      -31041.730423
2284.0000      -30918.222789
2288.0000      -30877.305950
2292.0000      -30863.474150
2296.0000      -30953.111212
2300.0000      -30818.166960
2304.0000      -31152.385078
2308.0000      -30901.763620
2312.0000      -30978.545736
2316.0000      -30967.414171
2320.0000      -30938.382181
2324.0000      -30996.875916
2328.0000      -30833.082401
2332.0000      -30854.272473
2336.0000      -31022.909853
2340.0000      -30790.913338
2344.0000      -31088.134812
2348.0000      -31079.629200
2352.0000      -31018.223158
2356.0000      -30999.239433
2360.0000      -30849.820301
2364.0000      -31079.742904
2368.0000      -30917.122262
2372.0000      -30967.364058
2376.0000      -30857.669904
2380.0000      -30871.400253
2384.0000      -30793.566131
2388.0000      -30945.180588
2392.0000      -30928.675467
2396.0000      -30936.247020
2400.0000      -31024.400224
2404.0000      -30957.870645
2408.0000      -30903.488991
2412.0000      -30969.533080
2416.0000      -30995.786504
2420.0000      -30960.042640
2424.0000      -30937.587822
2428.0000      -31190.712611
2432.0000      -30842.729991
2436.0000      -30977.226992
2440.0000      -31038.450887
2444.0000      -30940.897649
2448.0000      -30975.296707
2452.0000      -30941.808511
2456.0000      -30949.199220
2460.0000      -30920.481525
2464.0000      -30939.039939
2468.0000      -30890.862158
2472.0000      -30920.945950
2476.0000      -30894.429245
2480.0000      -30960.174390
2484.0000      -30864.286811
2488.0000      -31113.528287
2492.0000      -30981.778334
2496.0000      -30925.642832
2500.0000      -30880.477699
2504.0000      -30898.482981
2508.0000      -30850.097964
2512.0000      -31157.446571
2516.0000      -31009.212683
2520.0000      -30988.914507
2524.0000      -30951.829964
2528.0000      -30959.598147
2532.0000      -31031.434825
2536.0000      -30897.192818
2540.0000      -31088.991221
2544.0000      -30988.102231
2548.0000      -30844.048224
2552.0000      -31026.243015
2556.0000      -30902.247682
2560.0000      -31008.827385
2564.0000      -31064.851414
2568.0000      -30802.561674
2572.0000      -30877.230427
2576.0000      -30941.768040
2580.0000      -30783.615053
2584.0000      -30830.169667
2588.0000      -30810.679423
2592.0000      -30968.546652
2596.0000      -30845.960745
2600.0000      -30963.525324
2604.0000      -30901.376229
2608.0000      -30990.188797
2612.0000      -30750.016371
2616.0000      -30744.336752
2620.0000      -30969.113724
2624.0000      -30987.901487
2628.0000      -31122.396810
2632.0000      -30932.853200
2636.0000      -31053.811577
2640.0000      -30844.922862
2644.0000      -30993.857742
2648.0000      -31023.828384
2652.0000      -30895.433334
2656.0000      -30823.786598
2660.0000      -30771.900255
2664.0000      -31004.963733
2668.0000      -30905.912620
2672.0000      -30935.659807
2676.0000      -30921.940717
2680.0000      -30972.464629
2684.0000      -30925.148607
2688.0000      -31011.674994
2692.0000      -30959.000533
2696.0000      -31004.233743
2700.0000      -30801.950587
2704.0000      -30908.351479
2708.0000      -30907.609890
2712.0000      -30828.540409
2716.0000      -30856.784251
2720.0000      -30952.276527
2724.0000      -30769.095781
2728.0000      -30920.338480
2732.0000      -30770.393243
2736.0000      -30847.664638
2740.0000      -30893.035561
2744.0000      -30871.367404
2748.0000      -30848.821772
2752.0000      -30875.652123
2756.0000      -30992.542413
2760.0000      -31004.049474
2764.0000      -30891.358470
2768.0000      -30792.017730
2772.0000      -30832.004605
2776.0000      -30851.139383
2780.0000      -30993.395859
2784.0000      -30900.910720
2788.0000      -30907.760689
2792.0000      -30963.380000
2796.0000      -31013.859999
2800.0000      -31036.120268
2804.0000      -30822.503079
2808.0000      -31090.168428
2812.0000      -30786.333799
2816.0000      -30907.324601
2820.0000      -30977.849389
2824.0000      -31002.065422
2828.0000      -31086.143166
2832.0000      -30822.879176
2836.0000      -30931.411234
2840.0000      -30726.350329
2844.0000      -30920.393283
2848.0000      -30856.722987
2852.0000      -30836.910492
2856.0000      -30938.098551
2860.0000      -30667.269550
2864.0000      -30914.698131
2868.0000      -31061.830315
2872.0000      -30851.964047
2876.0000      -30898.209941
2880.0000      -30935.089255
2884.0000      -31102.880203
2888.0000      -30984.061027
2892.0000      -30908.371690
2896.0000      -30921.614396
2900.0000      -30960.039799
2904.0000      -30954.795067
2908.0000      -30893.267999
2912.0000      -30894.276996
2916.0000      -30827.421760
2920.0000      -30702.275785
2924.0000      -30948.236818
2928.0000      -31053.535869
2932.0000      -31015.643916
2936.0000      -30901.461258
2940.0000      -30815.605480
2944.0000      -30949.596874
2948.0000      -30922.941875
2952.0000      -30843.451383
2956.0000      -30891.775812
2960.0000      -30866.299188
2964.0000      -30955.677707
2968.0000      -30763.956930
2972.0000      -30831.475908
2976.0000      -30693.092040
2980.0000      -30872.322361
2984.0000      -30876.906333
2988.0000      -30987.361015
2992.0000      -30871.967269
2996.0000      -30895.052188
3000.0000      -30959.929716
3004.0000      -31077.856199
3008.0000      -30985.224538
3012.0000      -30887.231509
3016.0000      -30967.487391
3020.0000      -30843.910302
3024.0000      -30741.343752
3028.0000      -30826.985189
3032.0000      -31026.294327
3036.0000      -31104.624878
3040.0000      -30918.848867
3044.0000      -30856.666535
3048.0000      -30816.725638
3052.0000      -30947.570675
3056.0000      -30982.948301
3060.0000      -31007.982665
3064.0000      -30817.992552
3068.0000      -30823.903571
3072.0000      -30889.484407
3076.0000      -30941.552905
3080.0000      -30916.465228
3084.0000      -30991.367059
3088.0000      -30936.549968
3092.0000      -30925.837307
3096.0000      -30982.443750
3100.0000      -31027.564095
3104.0000      -30782.025912
3108.0000      -30960.978255
3112.0000      -31045.000981
3116.0000      -30918.026291
3120.0000      -30962.188564
3124.0000      -31035.047227
3128.0000      -30798.496111
3132.0000      -30960.339661
3136.0000      -30890.814387
3140.0000      -30977.220769
3144.0000      -31038.971896
3148.0000      -30935.256067
3152.0000      -30908.645316
3156.0000      -31021.957123
3160.0000      -30869.447009
3164.0000      -30873.258144
3168.0000      -31047.873583
3172.0000      -31002.452326
3176.0000      -30824.232710
3180.0000      -30959.971161
3184.0000      -30748.535531
3188.0000      -30882.482560
3192.0000      -30893.391415
3196.0000      -30941.885553
3200.0000      -30962.656266
3204.0000      -30922.139933
3208.0000      -30912.897100
3212.0000      -30899.467547
3216.0000      -30909.410442
3220.0000      -30827.599807
3224.0000      -30931.833156
3228.0000      -30958.859769
3232.0000      -30995.247114
3236.0000      -30926.115901
3240.0000      -30934.387013
3244.0000      -30749.278784
3248.0000      -30825.968290
3252.0000      -31037.991546
3256.0000      -30880.392012
3260.0000      -31014.954031
3264.0000      -30849.162319
3268.0000      -30861.144349
3272.0000      -30913.397436
3276.0000      -31020.249774
3280.0000      -30857.630261
3284.0000      -30945.104387
3288.0000      -30962.898872
3292.0000      -30948.534726
3296.0000      -30831.110118
3300.0000      -30861.159217
3304.0000      -30915.141820
3308.0000      -30802.156955
3312.0000      -30976.577024
3316.0000      -30833.645665
3320.0000      -30767.142003
3324.0000      -30768.277705
3328.0000      -30907.534458
3332.0000      -30839.927971
3336.0000      -30894.453320
3340.0000      -30872.653904
3344.0000      -31007.153568
3348.0000      -30957.905102
3352.0000      -30896.374425
3356.0000      -30992.094183
3360.0000      -30903.499977
3364.0000      -30914.999590
3368.0000      -31015.655401
3372.0000      -30874.585926
3376.0000      -30951.668816
3380.0000      -31060.744292
3384.0000      -30908.545782
3388.0000      -31003.306172
3392.0000      -31074.859096
3396.0000      -31016.863627
3400.0000      -31130.125775
3404.0000      -30933.188554
3408.0000      -30942.582369
3412.0000      -31043.145728
3416.0000      -30926.233603
3420.0000      -31105.845692
3424.0000      -30984.594030
3428.0000      -31005.908523
3432.0000      -31016.359533
3436.0000      -30881.474409
3440.0000      -30845.340201
3444.0000      -30881.806541
3448.0000      -30891.951296
3452.0000      -30823.630820
3456.0000      -31021.390227
3460.0000      -30961.473593
3464.0000      -31067.622075
3468.0000      -30949.881744
3472.0000      -30932.918622
3476.0000      -31038.584429
3480.0000      -30934.803555
3484.0000      -30967.908910
3488.0000      -30770.280205
3492.0000      -30796.265566
3496.0000      -30962.158110
3500.0000      -30994.165289
3504.0000      -30858.516389
3508.0000      -31081.540400
3512.0000      -30913.376045
3516.0000      -30982.275138
3520.0000      -30777.614305
3524.0000      -30853.477564
3528.0000      -30898.736211
3532.0000      -31082.249204
3536.0000      -30872.669517
3540.0000      -30965.246718
3544.0000      -31067.684665
3548.0000      -31018.884776
3552.0000      -30766.791338
3556.0000      -30947.839926
3560.0000      -30753.415374
3564.0000      -30712.524646
3568.0000      -30865.166789
3572.0000      -30886.021348
3576.0000      -30906.968444
3580.0000      -30950.851181
3584.0000      -30836.556990
3588.0000      -30906.897203
3592.0000      -30890.601829
3596.0000      -30869.764680
3600.0000      -30752.184274
3604.0000      -30831.483637
3608.0000      -30978.297041
3612.0000      -30746.547344
3616.0000      -30887.086751
3620.0000      -30896.061671
3624.0000      -30970.827966
3628.0000      -30919.154289
3632.0000      -30834.627037
3636.0000      -30906.325728
3640.0000      -30886.184552
3644.0000      -30863.408496
3648.0000      -30680.996832
3652.0000      -30997.068351
3656.0000      -30922.571598
3660.0000      -30887.886238
3664.0000      -30798.037470
3668.0000      -31039.183656
3672.0000      -31057.795726
3676.0000      -31098.745388
3680.0000      -30901.000488
3684.0000      -30964.429073
3688.0000      -30975.768294
3692.0000      -30827.083230
3696.0000      -31022.787823
3700.0000      -31040.900830
3704.0000      -30914.483101
3708.0000      -30908.343935
3712.0000      -30828.409033
3716.0000      -30754.399353
3720.0000      -30953.266057
3724.0000      -30962.382783
3728.0000      -30950.799998
3732.0000      -30912.406496
3736.0000      -30834.688294
3740.0000      -30845.451916
3744.0000      -31008.500020
3748.0000      -30828.601258
3752.0000      -31085.620843
3756.0000      -30927.694882
3760.0000      -30858.088468
3764.0000      -30952.814625
3768.0000      -30920.866988
3772.0000      -30939.889854
3776.0000      -30734.423554
3780.0000      -30881.422102
3784.0000      -30958.358752
3788.0000      -30915.769920
3792.0000      -30992.130985
3796.0000      -30961.393633
3800.0000      -30935.032219
3804.0000      -31122.074439
3808.0000      -30966.935812
3812.0000      -30877.534509
3816.0000      -30889.265607
3820.0000      -30850.191373
3824.0000      -30954.706441
3828.0000      -30836.517252
3832.0000      -30879.416864
3836.0000      -31026.163551
3840.0000      -30996.933232
3844.0000      -31002.943542
3848.0000      -30996.982041
3852.0000      -30953.844062
3856.0000      -30991.929864
3860.0000      -30963.586419
3864.0000      -30861.905730
3868.0000      -30956.996400
3872.0000      -30932.173799
3876.0000      -31001.918980
3880.0000      -30911.801608
3884.0000      -30936.788650
3888.0000      -30901.946144
3892.0000      -30859.822404
3896.0000      -30873.343703
3900.0000      -30904.547688
3904.0000      -30945.077452
3908.0000      -30835.460985
3912.0000      -31041.092928
3916.0000      -30996.018480
3920.0000      -30872.607811
3924.0000      -30927.095320
3928.0000      -30915.820606
3932.0000      -31018.311139
3936.0000      -31077.574234
3940.0000      -30885.556525
3944.0000      -30922.116748
3948.0000      -30927.833544
3952.0000      -30939.627173
3956.0000      -30962.188673
3960.0000      -30849.955874
3964.0000      -30904.642972
3968.0000      -30871.960727
3972.0000      -30839.097674
3976.0000      -31029.453678
3980.0000      -31156.194021
3984.0000      -30932.394402
3988.0000      -30868.563766
3992.0000      -31050.276043
3996.0000      -31019.827028
4000.0000      -31032.530987
4004.0000      -31032.530987
