4.0000      -30699.826281
8.0000      -30775.843619
12.0000      -30815.154354
16.0000      -30813.570069
20.0000      -30900.849649
24.0000      -30908.380802
28.0000      -30953.819980
32.0000      -30689.105725
36.0000      -31024.256034
40.0000      -30731.764617
44.0000      -30886.381759
48.0000      -30799.606921
52.0000      -30843.818384
56.0000      -31048.754756
60.0000      -30923.649891
64.0000      -30877.717792
68.0000      -30896.717741
72.0000      -30940.328628
76.0000      -30870.917037
80.0000      -30926.495930
84.0000      -30813.008424
88.0000      -30677.931432
92.0000      -30825.149168
96.0000      -30771.879018
100.0000      -30770.786781
104.0000      -30959.811427
108.0000      -30928.460355
112.0000      -30739.461084
116.0000      -30846.093828
120.0000      -30889.813852
124.0000      -30781.575017
128.0000      -30973.119477
132.0000      -30873.155779
136.0000      -30645.781637
140.0000      -30837.884411
144.0000      -30864.341099
148.0000      -30995.852271
152.0000      -30900.596549
156.0000      -30834.015026
160.0000      -30997.038924
164.0000      -30970.207035
168.0000      -30839.687406
172.0000      -31069.971727
176.0000      -30858.472079
180.0000      -30990.280859
184.0000      -31129.218257
188.0000      -30869.330617
192.0000      -30898.749759
196.0000      -31062.926205
200.0000      -30970.783075
204.0000      -30912.180287
208.0000      -30949.308690
212.0000      -31049.603440
216.0000      -30824.775621
220.0000      -30919.957620
224.0000      -30966.715021
228.0000      -30951.682078
232.0000      -30906.532407
236.0000      -30792.122986
240.0000      -30819.186071
244.0000      -30974.715597
248.0000      -30885.846610
252.0000      -30955.984637
256.0000      -30884.019386
260.0000      -31056.554943
264.0000      -30886.060139
268.0000      -30811.345720
272.0000      -30878.097494
276.0000      -30962.223700
280.0000      -30901.265453
284.0000      -30739.312350
288.0000      -30852.796277
292.0000      -30992.616259
296.0000      -30963.551098
300.0000      -31000.202004
304.0000      -31049.180736
308.0000      -30844.662676
312.0000      -30878.434749
316.0000      -30817.694348
320.0000      -30691.657482
324.0000      -30905.068790
328.0000      -30721.836899
332.0000      -30775.312580
336.0000      -30842.986997
340.0000      -30929.072996
344.0000      -30988.728956
348.0000      -31060.703151
352.0000      -30775.687118
356.0000      -30928.314305
360.0000      -30901.752084
364.0000      -30815.860238
368.0000      -30937.633642
372.0000      -30874.168273
376.0000      -30925.749966
380.0000      -30805.882380
384.0000      -30867.115167
388.0000      -30966.444341
392.0000      -30816.135984
396.0000      -30793.911387
400.0000      -30714.393819
404.0000      -30926.782292
408.0000      -30944.310174
412.0000      -30935.861351
416.0000      -30865.512018
420.0000      -30904.602229
424.0000      -30935.501103
428.0000      -30971.309341
432.0000      -30840.456639
436.0000      -30755.217293
440.0000      -30829.620364
444.0000      -30965.532269
448.0000      -30758.348188
452.0000      -30874.379719
456.0000      -30855.633259
460.0000      -30995.873094
464.0000      -30908.684351
468.0000      -30993.132475
472.0000      -30893.236330
476.0000      -30905.189410
480.0000      -30807.344200
484.0000      -30852.726500
488.0000      -30872.380252
492.0000      -30918.933321
496.0000      -30837.155736
500.0000      -30928.156228
504.0000      -30870.171189
508.0000      -30875.560508
512.0000      -30972.793689
516.0000      -30823.930291
520.0000      -31011.736086
524.0000      -31017.996334
528.0000      -30982.011731
532.0000      -30886.262766
536.0000      -30923.255460
540.0000      -30848.019298
544.0000      -30924.684894
548.0000      -30842.381647
552.0000      -30903.566249
556.0000      -30807.743638
560.0000      -30972.311918
564.0000      -30937.271144
568.0000      -30854.905513
572.0000      -30904.452577
576.0000      -31030.613037
580.0000      -30854.637393
584.0000      -30878.323083
588.0000      -30915.187089
592.0000      -30970.293070
596.0000      -30878.042277
600.0000      -30795.091642
604.0000      -30879.673115
608.0000      -30914.491095
612.0000      -30946.204497
616.0000      -30926.843444
620.0000      -30800.555773
624.0000      -30967.042051
628.0000      -30846.178502
632.0000      -30872.384703
636.0000      -30931.646361
640.0000      -30880.892932
644.0000      -30893.025203
648.0000      -30947.535097
652.0000      -31078.015999
656.0000      -30950.392459
660.0000      -30883.041667
664.0000      -30889.263394
668.0000      -31150.962716
672.0000      -30875.947956
676.0000      -30951.148549
680.0000      -30890.380522
684.0000      -31117.047030
688.0000      -30942.103504
692.0000      -30879.974543
696.0000      -30912.092876
700.0000      -30914.968504
704.0000      -30980.137508
708.0000      -30927.740310
712.0000      -30899.295658
716.0000      -30697.162021
720.0000      -30893.136775
724.0000      -31120.592509
728.0000      -30903.569050
732.0000      -30850.021387
736.0000      -30887.567776
740.0000      -31059.716283
744.0000      -30854.527444
748.0000      -30879.451285
752.0000      -30774.988989
756.0000      -31024.622795
760.0000      -30903.864184
764.0000      -30782.051692
768.0000      -30675.089596
772.0000      -30884.096409
776.0000      -30779.264512
780.0000      -30913.783692
784.0000      -30953.288920
788.0000      -31032.978994
792.0000      -30956.930569
796.0000      -30810.370327
800.0000      -30747.973302
804.0000      -30874.683919
808.0000      -30987.187438
812.0000      -30947.175902
816.0000      -30962.567380
820.0000      -31064.664156
824.0000      -30938.673496
828.0000      -30827.668674
832.0000      -30987.851770
836.0000      -30839.892552
840.0000      -30959.961868
844.0000      -30920.200161
848.0000      -31028.576019
852.0000      -30886.010928
856.0000      -30920.478860
860.0000      -30830.664976
864.0000      -30983.005016
868.0000      -30781.429096
872.0000      -30853.108270
876.0000      -30786.023483
880.0000      -30876.103805
884.0000      -30803.569270
888.0000      -30767.421363
892.0000      -30907.210912
896.0000      -30919.432837
900.0000      -31024.176062
904.0000      -30877.800375
908.0000      -30923.322715
912.0000      -31170.235247
916.0000      -30911.830422
920.0000      -30985.269029
924.0000      -30902.027437
928.0000      -30976.627919
932.0000      -30980.663366
936.0000      -30826.084432
940.0000      -30781.729383
944.0000      -30911.551486
948.0000      -30911.357466
952.0000      -30915.006801
956.0000      -30957.819087
960.0000      -30811.172575
964.0000      -30839.156393
968.0000      -31042.452738
972.0000      -31013.789168
976.0000      -30870.912652
980.0000      -30727.649302
984.0000      -31036.643118
988.0000      -30863.008830
992.0000      -30843.016772
996.0000      -30890.170306
1000.0000      -30846.756594
1004.0000      -30756.167281
1008.0000      -30764.168203
1012.0000      -30919.788036
1016.0000      -30867.240801
1020.0000      -30839.902589
1024.0000      -30899.846027
1028.0000      -30880.746049
1032.0000      -31039.278217
1036.0000      -30821.784314
1040.0000      -30861.595495
1044.0000      -30887.783817
1048.0000      -30897.154174
1052.0000      -30953.240603
1056.0000      -30914.902089
1060.0000      -31124.989345
1064.0000      -30896.739723
1068.0000      -30913.924675
1072.0000      -31023.158672
1076.0000      -30950.027526
1080.0000      -30998.635735
1084.0000      -30913.522562
1088.0000      -30669.900830
1092.0000      -30856.411873
1096.0000      -30984.756859
1100.0000      -30899.123864
1104.0000      -30832.123405
1108.0000      -30932.968854
1112.0000      -30883.552147
1116.0000      -30708.790704
1120.0000      -30968.758079
1124.0000      -30817.526584
1128.0000      -30878.373116
1132.0000      -31099.979207
1136.0000      -30990.948239
1140.0000      -30970.313306
1144.0000      -30953.448605
1148.0000      -30943.075613
1152.0000      -31001.849928
1156.0000      -30822.401408
1160.0000      -30918.202453
1164.0000      -30971.732477
1168.0000      -30913.053753
1172.0000      -30728.760544
1176.0000      -30903.581462
1180.0000      -30808.649256
1184.0000      -30879.873677
1188.0000      -30768.705398
1192.0000      -30836.757256
1196.0000      -30777.044766
1200.0000      -30867.799490
1204.0000      -30948.004989
1208.0000      -30783.034822
1212.0000      -30916.932827
1216.0000      -30855.949594
1220.0000      -30837.393884
1224.0000      -30809.088663
1228.0000      -30896.779041
1232.0000      -31071.894620
1236.0000      -31095.231456
1240.0000      -30943.555105
1244.0000      -30889.071256
1248.0000      -30876.420829
1252.0000      -30789.649186
1256.0000      -30915.794358
1260.0000      -30918.420090
1264.0000      -30867.542220
1268.0000      -30739.499288
1272.0000      -30838.038765
1276.0000      -30926.180922
1280.0000      -30835.457284
1284.0000      -30906.032140
1288.0000      -30939.619405
1292.0000      -31007.893049
1296.0000      -30957.968283
1300.0000      -30962.583071
1304.0000      -30890.653749
1308.0000      -30923.533749
1312.0000      -30908.772256
1316.0000      -30834.591990
1320.0000      -30931.680201
1324.0000      -30889.197812
1328.0000      -30882.538647
1332.0000      -30926.011265
1336.0000      -30877.840086
1340.0000      -30907.747956
1344.0000      -30745.859205
1348.0000      -31020.686833
1352.0000      -31131.780052
1356.0000      -30848.479131
1360.0000      -30890.047591
1364.0000      -30926.330230
1368.0000      -30869.296331
1372.0000      -30800.887933
1376.0000      -30798.772541
1380.0000      -30757.463111
1384.0000      -30975.514370
1388.0000      -30934.299861
1392.0000      -31031.618311
1396.0000      -31078.073295
1400.0000      -30997.998902
1404.0000      -30913.832519
1408.0000      -30882.411658
1412.0000      -30806.184079
1416.0000      -30862.807949
1420.0000      -30740.308612
1424.0000      -30784.453502
1428.0000      -30892.305907
1432.0000      -30856.296526
1436.0000      -30946.199862
1440.0000      -30892.688995
1444.0000      -30855.887074
1448.0000      -31043.564106
1452.0000      -30872.022145
1456.0000      -30984.636904
1460.0000      -31020.170249
1464.0000      -30796.893894
1468.0000      -30841.258681
1472.0000      -30868.760861
1476.0000      -30929.481963
1480.0000      -30792.975355
1484.0000      -30838.322706
1488.0000      -30928.915656
1492.0000      -30935.655759
1496.0000      -30900.805860
1500.0000      -30869.539564
1504.0000      -30741.178512
1508.0000      -30971.935294
1512.0000      -30882.720153
1516.0000      -30819.166676
1520.0000      -30831.563041
1524.0000      -30886.751906
1528.0000      -30864.047842
1532.0000      -30876.544313
1536.0000      -30872.160712
1540.0000      -30872.354249
1544.0000      -30897.589824
1548.0000      -30909.657929
1552.0000      -30751.394932
1556.0000      -30976.717093
1560.0000      -30844.498030
1564.0000      -30854.782288
1568.0000      -30848.479015
1572.0000      -30960.491123
1576.0000      -30997.425367
1580.0000      -30821.167394
1584.0000      -30820.035481
1588.0000      -30831.188997
1592.0000      -30885.416854
1596.0000      -30943.268469
1600.0000      -30800.432494
1604.0000      -30913.813471
1608.0000      -30885.858398
1612.0000      -30945.765366
1616.0000      -30913.362551
1620.0000      -30874.004820
1624.0000      -31044.969302
1628.0000      -31053.478730
1632.0000      -30974.089333
1636.0000      -30940.513781
1640.0000      -30781.221915
1644.0000      -30842.762868
1648.0000      -30801.281066
1652.0000      -30933.157220
1656.0000      -30896.526804
1660.0000      -30950.562157
1664.0000      -30882.252744
1668.0000      -30898.598439
1672.0000      -30946.843816
1676.0000      -30770.350367
1680.0000      -30929.047969
1684.0000      -30835.600608
1688.0000      -30895.792102
1692.0000      -30947.213567
1696.0000      -30957.323230
1700.0000      -31003.330791
1704.0000      -31026.336854
1708.0000      -30868.950088
1712.0000      -31017.571860
1716.0000      -30772.059531
1720.0000      -30806.881427
1724.0000      -31017.288698
1728.0000      -30822.146610
1732.0000      -30971.214625
1736.0000      -30848.618420
1740.0000      -30912.212295
1744.0000      -30744.262740
1748.0000      -30921.855839
1752.0000      -30878.176574
1756.0000      -30973.438939
1760.0000      -30959.231251
1764.0000      -30861.630357
1768.0000      -30830.414373
1772.0000      -30924.184287
1776.0000      -30964.500679
1780.0000      -30791.243214
1784.0000      -30839.018030
1788.0000      -31102.426980
1792.0000      -30934.181908
1796.0000      -30900.013465
1800.0000      -30935.093033
1804.0000      -30773.103972
1808.0000      -30919.036147
1812.0000      -30951.621129
1816.0000      -30872.776171
1820.0000      -30902.708615
1824.0000      -30900.658834
1828.0000      -30854.884317
1832.0000      -30894.118689
1836.0000      -30855.097339
1840.0000      -30950.295585
1844.0000      -30933.504624
1848.0000      -30928.602198
1852.0000      -30762.892700
1856.0000      -30903.845412
1860.0000      -30895.654020
1864.0000      -30906.964416
1868.0000      -30940.140865
1872.0000      -30905.194319
1876.0000      -30875.775382
1880.0000      -30934.798074
1884.0000      -30811.283783
1888.0000      -30976.763802
1892.0000      -31032.882677
1896.0000      -30856.299479
1900.0000      -30928.535396
1904.0000      -30761.513474
1908.0000      -30927.622995
1912.0000      -30750.543679
1916.0000      -30870.389016
1920.0000      -30848.452985
1924.0000      -31013.528826
1928.0000      -30786.554227
1932.0000      -30865.055919
1936.0000      -30922.343623
1940.0000      -30855.686610
1944.0000      -30930.182174
1948.0000      -31026.888763
1952.0000      -30691.516395
1956.0000      -30894.526078
1960.0000      -30747.368165
1964.0000      -30877.175755
1968.0000      -30974.751393
1972.0000      -31102.693080
1976.0000      -30855.990981
1980.0000      -30807.097687
1984.0000      -30879.138643
1988.0000      -30970.586799
1992.0000      -30897.164067
1996.0000      -30974.374576
2000.0000      -30917.129388
2004.0000      -30780.117477
2008.0000      -30988.177386
2012.0000      -31004.755499
2016.0000      -30993.320326
2020.0000      -30989.607319
2024.0000      -30924.711754
2028.0000      -30906.049433
2032.0000      -30886.255855
2036.0000      -31009.667236
2040.0000      -30771.323631
2044.0000      -30885.197195
2048.0000      -30774.484974
2052.0000      -30784.837712
2056.0000      -30948.585329
2060.0000      -30878.476828
2064.0000      -30852.879762
2068.0000      -30970.526113
2072.0000      -30805.650303
2076.0000      -30932.756254
2080.0000      -30960.686360
2084.0000      -30932.254321
2088.0000      -30986.631046
2092.0000      -30884.887483
2096.0000      -30915.082517
2100.0000      -30886.734310
2104.0000      -30914.798608
2108.0000      -30929.368973
2112.0000      -30917.394583
2116.0000      -30980.628596
2120.0000      -30789.287420
2124.0000      -30924.631031
2128.0000      -30793.755649
2132.0000      -30900.221661
2136.0000      -30789.698130
2140.0000      -30906.621584
2144.0000      -31089.866394
2148.0000      -30932.429034
2152.0000      -30785.768404
2156.0000      -30873.951602
2160.0000      -31027.171711
2164.0000      -30991.509396
2168.0000      -30746.802985
2172.0000      -30738.222947
2176.0000      -30800.625056
2180.0000      -30840.964857
2184.0000      -30740.282508
2188.0000      -30832.458709
2192.0000      -30901.703678
2196.0000      -30969.137920
2200.0000      -30936.779095
2204.0000      -30931.446720
2208.0000      -30920.391483
2212.0000      -30898.151170
2216.0000      -31068.639917
2220.0000      -30853.797833
2224.0000      -30785.529975
2228.0000      -31005.316119
2232.0000      -30798.002102
2236.0000      -30955.952020
2240.0000      -30859.044381
2244.0000      -30756.227846
2248.0000      -30862.191400
2252.0000      -30764.783108
2256.0000      -30865.672643
2260.0000      -30957.464274
2264.0000      -30755.475294
2268.0000      -30884.974393
2272.0000      -30891.706611
2276.0000      -31076.201156
2280.0000      -30823.920748
2284.0000      -30895.478540
2288.0000      -30781.920721
2292.0000      -31076.406407
2296.0000      -31081.943831
2300.0000      -30893.423247
2304.0000      -30838.309542
2308.0000      -30864.276110
2312.0000      -30751.108567
2316.0000      -30835.344637
2320.0000      -30896.819607
2324.0000      -30932.354572
2328.0000      -30896.708268
2332.0000      -30890.309474
2336.0000      -30788.147486
2340.0000      -30867.395346
2344.0000      -31022.857611
2348.0000      -30935.724945
2352.0000      -31046.737401
2356.0000      -30817.685610
2360.0000      -30866.641177
2364.0000      -30983.713682
2368.0000      -30716.621927
2372.0000      -30915.496974
2376.0000      -30994.848656
2380.0000      -30982.818639
2384.0000      -30805.293057
2388.0000      -30874.930603
2392.0000      -30926.007472
2396.0000      -30985.828658
2400.0000      -30775.452612
2404.0000      -30668.989485
2408.0000      -30771.126416
2412.0000      -31017.961762
2416.0000      -30965.231824
2420.0000      -30833.139689
2424.0000      -30931.993774
2428.0000      -30826.619216
2432.0000      -30969.768256
2436.0000      -31108.421877
2440.0000      -30808.931422
2444.0000      -31000.152145
2448.0000      -31088.167545
2452.0000      -30908.415610
2456.0000      -30903.161618
2460.0000      -30876.918956
2464.0000      -30924.277330
2468.0000      -31004.109785
2472.0000      -30959.621670
2476.0000      -31098.796607
2480.0000      -30898.865460
2484.0000      -30950.269744
2488.0000      -30880.675408
2492.0000      -30850.736192
2496.0000      -30795.213643
2500.0000      -30989.082417
2504.0000      -30945.415598
2508.0000      -30974.749484
2512.0000      -30824.493370
2516.0000      -30810.042639
2520.0000      -30725.632024
2524.0000      -30822.165975
2528.0000      -30805.529312
2532.0000      -30942.371633
2536.0000      -30771.474331
2540.0000      -30778.355249
2544.0000      -30878.406025
2548.0000      -31028.648675
2552.0000      -30879.891286
2556.0000      -30779.606683
2560.0000      -30872.031837
2564.0000      -31025.616146
2568.0000      -30899.526125
2572.0000      -30769.768288
2576.0000      -30839.143756
2580.0000      -30906.732771
2584.0000      -30773.770575
2588.0000      -30881.013276
2592.0000      -30954.183854
2596.0000      -30970.034692
2600.0000      -30832.599899
2604.0000      -30980.531957
2608.0000      -30823.613192
2612.0000      -31103.343620
2616.0000      -30708.501556
2620.0000      -30788.507268
2624.0000      -30876.909609
2628.0000      -30926.571291
2632.0000      -30981.179931
2636.0000      -31037.330807
2640.0000      -30907.275493
2644.0000      -30696.908646
2648.0000      -30957.107431
2652.0000      -30826.807291
2656.0000      -30805.461167
2660.0000      -30753.195129
2664.0000      -30807.504830
2668.0000      -30751.330649
2672.0000      -31113.782371
2676.0000      -31038.849642
2680.0000      -31125.177499
2684.0000      -30900.688057
2688.0000      -31034.514596
2692.0000      -31017.964819
2696.0000      -30830.257878
2700.0000      -30892.829166
2704.0000      -30901.678570
2708.0000      -30898.706428
2712.0000      -30807.635111
2716.0000      -30771.773849
2720.0000      -30892.258817
2724.0000      -30820.662433
2728.0000      -30764.868331
2732.0000      -30778.020084
2736.0000      -30883.724946
2740.0000      -30942.978947
2744.0000      -30808.710323
2748.0000      -30881.662225
2752.0000      -30747.626787
2756.0000      -30865.654295
2760.0000      -30995.831521
2764.0000      -30769.571993
2768.0000      -31018.018953
2772.0000      -30957.788493
2776.0000      -30706.311489
2780.0000      -30895.736319
2784.0000      -30852.520964
2788.0000      -30843.093284
2792.0000      -30900.926364
2796.0000      -30855.405335
2800.0000      -30953.259755
2804.0000      -30840.759394
2808.0000      -30774.366901
2812.0000      -30825.208274
2816.0000      -30686.844851
2820.0000      -30938.636349
2824.0000      -30887.444405
2828.0000      -30781.046047
2832.0000      -30843.538124
2836.0000      -30928.089891
2840.0000      -31025.015125
2844.0000      -30967.038649
2848.0000      -30717.029751
2852.0000      -30934.516966
2856.0000      -30871.035656
2860.0000      -30829.977439
2864.0000      -30769.113615
2868.0000      -30874.075225
2872.0000      -30787.754020
2876.0000      -30953.136858
2880.0000      -30813.386646
2884.0000      -30954.470024
2888.0000      -30963.022230
2892.0000      -30955.525871
2896.0000      -30734.142892
2900.0000      -30739.790439
2904.0000      -30940.991982
2908.0000      -30645.233155
2912.0000      -30994.707087
2916.0000      -30781.924111
2920.0000      -30883.549423
2924.0000      -30798.916038
2928.0000      -30965.776976
2932.0000      -30766.288708
2936.0000      -30842.576208
2940.0000      -30794.433873
2944.0000      -30863.407892
2948.0000      -30712.360996
2952.0000      -30850.858565
2956.0000      -31063.771557
2960.0000      -30888.076473
2964.0000      -30694.700661
2968.0000      -30848.909789
2972.0000      -30766.153432
2976.0000      -30909.477869
2980.0000      -30930.060914
2984.0000      -30789.824110
2988.0000      -30849.304897
2992.0000      -30905.227984
2996.0000      -30810.193460
3000.0000      -31052.229570
3004.0000      -30964.142429
3008.0000      -30904.633320
3012.0000      -30930.071318
3016.0000      -30892.474066
3020.0000      -30944.827089
3024.0000      -30980.307051
3028.0000      -31030.025478
3032.0000      -30910.780161
3036.0000      -30895.780429
3040.0000      -30830.345965
3044.0000      -30943.568392
3048.0000      -30986.816421
3052.0000      -30881.589729
3056.0000      -30896.692541
3060.0000      -30963.278850
3064.0000      -30718.211121
3068.0000      -30980.604282
3072.0000      -31203.915921
3076.0000      -30945.036317
3080.0000      -30779.272897
3084.0000      -30899.175875
3088.0000      -31040.456832
3092.0000      -30822.437603
3096.0000      -30905.974766
3100.0000      -30955.128662
3104.0000      -30883.532115
3108.0000      -30631.289237
3112.0000      -30851.573488
3116.0000      -30711.280718
3120.0000      -30697.661545
3124.0000      -30841.669299
3128.0000      -30930.763255
3132.0000      -30935.680183
3136.0000      -31055.629393
3140.0000      -30849.463110
3144.0000      -30935.823721
3148.0000      -30889.269376
3152.0000      -30942.867129
3156.0000      -30945.486034
3160.0000      -30906.392054
3164.0000      -30743.621525
3168.0000      -30940.938732
3172.0000      -30686.897579
3176.0000      -30860.378531
3180.0000      -30867.767207
3184.0000      -30841.990429
3188.0000      -30957.551139
3192.0000      -30875.258304
3196.0000      -30979.795327
3200.0000      -30841.922758
3204.0000      -30997.707353
3208.0000      -30815.354551
3212.0000      -30924.162641
3216.0000      -30970.293384
3220.0000      -30935.520322
3224.0000      -30859.432876
3228.0000      -30737.308852
3232.0000      -30929.568882
3236.0000      -31053.074902
3240.0000      -30999.706959
3244.0000      -30876.200773
3248.0000      -30970.177939
3252.0000      -31023.260722
3256.0000      -30851.275077
3260.0000      -30964.191319
3264.0000      -30951.502903
3268.0000      -31033.532912
3272.0000      -30791.336459
3276.0000      -30868.030541
3280.0000      -30881.486853
3284.0000      -31058.282696
3288.0000      -30823.769675
3292.0000      -30839.020443
3296.0000      -30921.497865
3300.0000      -30631.304795
3304.0000      -30795.640201
3308.0000      -30991.917754
3312.0000      -31059.628446
3316.0000      -30876.491937
3320.0000      -30822.302298
3324.0000      -31044.645452
3328.0000      -30936.756750
3332.0000      -30900.028757
3336.0000      -30966.573460
3340.0000      -30963.279471
3344.0000      -31004.982382
3348.0000      -30833.523922
3352.0000      -30981.281666
3356.0000      -30898.747643
3360.0000      -31102.103532
3364.0000      -30972.344903
3368.0000      -30791.880940
3372.0000      -30954.733821
3376.0000      -30761.582948
3380.0000      -30903.220405
3384.0000      -30710.506833
3388.0000      -30708.846329
3392.0000      -30871.591732
3396.0000      -30713.745121
3400.0000      -30854.032409
3404.0000      -30951.807211
3408.0000      -30814.015677
3412.0000      -30845.052897
3416.0000      -30790.353242
3420.0000      -30962.669682
3424.0000      -30817.501748
3428.0000      -30884.264898
3432.0000      -30747.348972
3436.0000      -30606.615596
3440.0000      -30818.601924
3444.0000      -30990.605188
3448.0000      -30789.192512
3452.0000      -30877.585413
3456.0000      -30989.325238
3460.0000      -30893.982584
3464.0000      -30925.496939
3468.0000      -31001.306600
3472.0000      -30788.544667
3476.0000      -30886.074883
3480.0000      -30939.153626
3484.0000      -30861.012191
3488.0000      -30891.354791
3492.0000      -30891.501771
3496.0000      -30866.241873
3500.0000      -30873.711566
3504.0000      -30839.261473
3508.0000      -31038.094536
3512.0000      -30935.397501
3516.0000      -31025.198252
3520.0000      -30956.428978
3524.0000      -30957.079497
3528.0000      -30679.617841
3532.0000      -30805.606545
3536.0000      -30913.782576
3540.0000      -30897.850048
3544.0000      -31005.577728
3548.0000      -30931.613419
3552.0000      -30839.569820
3556.0000      -30870.478055
3560.0000      -30874.493635
3564.0000      -30999.505572
3568.0000      -30915.731425
3572.0000      -30830.772313
3576.0000      -30962.020945
3580.0000      -30962.167258
3584.0000      -31096.549964
3588.0000      -30974.550369
3592.0000      -30828.017362
3596.0000      -30923.535609
3600.0000      -30856.698864
3604.0000      -30856.756608
3608.0000      -31015.423760
3612.0000      -30984.448965
3616.0000      -30954.441759
3620.0000      -30929.899866
3624.0000      -30918.054069
3628.0000      -30910.350783
3632.0000      -30818.413050
3636.0000      -30813.143745
3640.0000      -30874.847234
3644.0000      -30945.822426
3648.0000      -31042.805148
3652.0000      -30824.061665
3656.0000      -31056.406184
3660.0000      -30844.533143
3664.0000      -30794.890143
3668.0000      -30830.413899
3672.0000      -31035.362877
3676.0000      -30787.870208
3680.0000      -30826.047096
3684.0000      -30950.071572
3688.0000      -31059.845165
3692.0000      -30748.914861
3696.0000      -30794.298806
3700.0000      -30944.531802
3704.0000      -30901.149177
3708.0000      -30876.280265
3712.0000      -30912.687873
3716.0000      -31164.174409
3720.0000      -30958.945109
3724.0000      -31018.329857
3728.0000      -30925.058989
3732.0000      -30995.578332
3736.0000      -30974.409955
3740.0000      -30786.539055
3744.0000      -30800.974272
3748.0000      -30896.785460
3752.0000      -30905.264324
3756.0000      -30759.209128
3760.0000      -30787.533296
3764.0000      -30818.352082
3768.0000      -30786.322355
3772.0000      -30788.777619
3776.0000      -30942.890363
3780.0000      -30810.852947
3784.0000      -30820.311062
3788.0000      -30850.186476
3792.0000      -30751.503744
3796.0000      -30945.595267
3800.0000      -30820.307868
3804.0000      -30919.741338
3808.0000      -31000.347102
3812.0000      -30882.906145
3816.0000      -30928.527283
3820.0000      -30676.065732
3824.0000      -30801.613179
3828.0000      -30858.785008
3832.0000      -30923.491747
3836.0000      -30861.350256
3840.0000      -30933.648792
3844.0000      -30945.783807
3848.0000      -30968.416161
3852.0000      -30973.297290
3856.0000      -30837.533467
3860.0000      -30823.065951
3864.0000      -30730.575293
3868.0000      -30766.996886
3872.0000      -30836.818278
3876.0000      -30764.105055
3880.0000      -30980.715060
3884.0000      -30867.169594
3888.0000      -30820.375979
3892.0000      -30674.870823
3896.0000      -30786.049806
3900.0000      -30878.815096
3904.0000      -30951.487062
3908.0000      -30854.743580
3912.0000      -30959.575730
3916.0000      -30833.656682
3920.0000      -30899.976156
3924.0000      -30941.593429
3928.0000      -31003.174857
3932.0000      -30965.078550
3936.0000      -30787.357960
3940.0000      -30862.160028
3944.0000      -30929.247252
3948.0000      -30841.968306
3952.0000      -30934.525621
3956.0000      -30908.993067
3960.0000      -30943.511192
3964.0000      -30876.930713
3968.0000      -30907.734535
3972.0000      -31069.623399
3976.0000      -30986.734032
3980.0000      -30815.084004
3984.0000      -30778.870558
3988.0000      -30819.403064
3992.0000      -30872.986413
3996.0000      -30832.364363
4000.0000      -30714.177837
4004.0000      -30714.177837
