4.0000      -31098.824103
8.0000      -30794.957998
12.0000      -30923.934178
16.0000      -30906.507114
20.0000      -30841.898246
24.0000      -30942.595338
28.0000      -30945.560132
32.0000      -30855.968719
36.0000      -31086.830366
40.0000      -30986.905503
44.0000      -30893.283749
48.0000      -30887.496939
52.0000      -30652.265286
56.0000      -31003.463898
60.0000      -30917.595027
64.0000      -30878.905225
68.0000      -30823.220882
72.0000      -30933.514828
76.0000      -30892.233533
80.0000      -30822.928994
84.0000      -30979.894643
88.0000      -30887.747384
92.0000      -30932.971394
96.0000      -31061.232055
100.0000      -31086.483420
104.0000      -30976.449592
108.0000      -30956.583101
112.0000      -30961.479606
116.0000      -31139.552588
120.0000      -30940.649794
124.0000      -30919.533400
128.0000      -30985.494355
132.0000      -31046.332729
136.0000      -30859.520436
140.0000      -30970.241488
144.0000      -31060.731366
148.0000      -31100.676724
152.0000      -31034.086699
156.0000      -30959.796481
160.0000      -31079.478550
164.0000      -31001.079368
168.0000      -30851.987244
172.0000      -30705.417381
176.0000      -30882.987953
180.0000      -30895.681242
184.0000      -30953.665692
188.0000      -31026.046587
192.0000      -31017.898151
196.0000      -30898.561152
200.0000      -31020.011514
204.0000      -30864.226313
208.0000      -30937.649006
212.0000      -30888.719896
216.0000      -30856.615117
220.0000      -31027.743950
224.0000      -30818.884848
228.0000      -30931.109648
232.0000      -30789.967256
236.0000      -30955.884069
240.0000      -30821.386607
244.0000      -30877.656933
248.0000      -30883.439647
252.0000      -30780.692205
256.0000      -30977.837034
260.0000      -30984.367297
264.0000      -31014.082276
268.0000      -30959.919745
272.0000      -31039.907309
276.0000      -30914.819536
280.0000      -31033.172335
284.0000      -30767.776531
288.0000      -30892.153154
292.0000      -30924.204432
296.0000      -30972.518111
300.0000      -30770.603562
304.0000      -30922.737594
308.0000      -31047.310604
312.0000      -30997.630957
316.0000      -30921.885616
320.0000      -30719.101008
324.0000      -30870.504120
328.0000      -30823.639510
332.0000      -30960.516223
336.0000      -31058.864691
340.0000      -30799.032483
344.0000      -31088.193598
348.0000      -30896.294000
352.0000      -30825.314360
356.0000      -30886.183331
360.0000      -30795.818537
364.0000      -31019.063179
368.0000      -30879.724470
372.0000      -30863.323541
376.0000      -30908.826014
380.0000      -30967.511467
384.0000      -30856.291611
388.0000      -30810.755567
392.0000      -30924.354909
396.0000      -30777.411998
400.0000      -30917.234959
404.0000      -30886.234717
408.0000      -30816.076462
412.0000      -30968.667890
416.0000      -30979.337020
420.0000      -30963.022815
424.0000      -30944.706182
428.0000      -30859.962664
432.0000      -30860.272879
436.0000      -30859.289624
440.0000      -30852.876904
444.0000      -30911.460573
448.0000      -31040.775618
452.0000      -30984.861779
456.0000      -30802.233897
460.0000      -30833.943041
464.0000      -30937.052457
468.0000      -30857.849487
472.0000      -31045.729007
476.0000      -30903.991554
480.0000      -30812.535762
484.0000      -30929.801513
488.0000      -30904.935151
492.0000      -30747.292766
496.0000      -30789.888618
500.0000      -31109.634272
504.0000      -30975.543791
508.0000      -30754.173780
512.0000      -30893.884780
516.0000      -30826.724668
520.0000      -30810.083922
524.0000      -30827.407624
528.0000      -30847.141512
532.0000      -30776.054623
536.0000      -30854.061143
540.0000      -30860.127008
544.0000      -31093.224921
548.0000      -31002.898784
552.0000      -30959.970952
556.0000      -30846.136495
560.0000      -30952.962875
564.0000      -30870.618433
568.0000      -30926.698848
572.0000      -30968.358330
576.0000      -30948.579695
580.0000      -30850.498888
584.0000      -30871.343867
588.0000      -30839.477998
592.0000      -30900.954347
596.0000      -30960.178413
600.0000      -30962.888394
604.0000      -30897.262647
608.0000      -30876.447806
612.0000      -30851.880444
616.0000      -30931.299302
620.0000      -30916.479148
624.0000      -31054.832738
628.0000      -30855.903833
632.0000      -30917.026438
636.0000      -30941.576340
640.0000      -30904.735369
644.0000      -30961.066426
648.0000      -30960.847646
652.0000      -30957.470127
656.0000      -30922.714836
660.0000      -30858.757450
664.0000      -30882.600110
668.0000      -30995.870246
672.0000      -31032.825296
676.0000      -30968.918885
680.0000      -30863.243767
684.0000      -30893.396778
688.0000      -30958.625140
692.0000      -30866.503828
696.0000      -30857.719595
700.0000      -30758.789668
704.0000      -30791.163761
708.0000      -30887.531543
712.0000      -30688.936885
716.0000      -30786.949334
720.0000      -30808.655527
724.0000      -30768.484046
728.0000      -30965.999530
732.0000      -30963.077732
736.0000      -30915.176728
740.0000      -30881.280557
744.0000      -30877.654575
748.0000      -30810.326530
752.0000      -30801.168355
756.0000      -30997.457822
760.0000      -30804.560558
764.0000      -30721.942704
768.0000      -30794.413687
772.0000      -30864.015949
776.0000      -31000.195478
780.0000      -31057.395349
784.0000      -30951.401678
788.0000      -30978.893816
792.0000      -30800.422420
796.0000      -31041.251944
800.0000      -31093.073349
804.0000      -30731.698566
808.0000      -30852.678135
812.0000      -30934.857788
816.0000      -30910.532419
820.0000      -30987.889088
824.0000      -30910.318866
828.0000      -31036.112621
832.0000      -31180.866029
836.0000      -30991.830172
840.0000      -30889.010792
844.0000      -30923.248595
848.0000      -30902.938417
852.0000      -30809.453152
856.0000      -30897.637485
860.0000      -30719.644105
864.0000      -30819.791824
868.0000      -30828.788256
872.0000      -31099.336797
876.0000      -30938.360513
880.0000      -30938.626172
884.0000      -30974.549082
888.0000      -30868.997801
892.0000      -30733.482318
896.0000      -30906.694443
900.0000      -30820.937161
904.0000      -30754.719721
908.0000      -30910.411738
912.0000      -30974.016232
916.0000      -30725.814878
920.0000      -30919.858220
924.0000      -30950.331890
928.0000      -30977.356178
932.0000      -31012.953191
936.0000      -30860.810057
940.0000      -30948.249574
944.0000      -30873.122580
948.0000      -30955.471421
952.0000      -30971.634628
956.0000      -31028.662942
960.0000      -30908.432779
964.0000      -30697.813879
968.0000      -30793.480885
972.0000      -30804.283332
976.0000      -31068.771324
980.0000      -30892.416687
984.0000      -30865.353864
988.0000      -30775.611442
992.0000      -30966.673229
996.0000      -30910.651162
1000.0000      -31031.515189
1004.0000      -30895.179649
1008.0000      -30870.234723
1012.0000      -30693.644472
1016.0000      -31019.906014
1020.0000      -30864.639258
1024.0000      -30962.229877
1028.0000      -30871.135861
1032.0000      -30993.099538
1036.0000      -31033.926514
1040.0000      -30950.189816
1044.0000      -31000.156883
1048.0000      -30881.643090
1052.0000      -30825.728937
1056.0000      -30979.083017
1060.0000      -31070.678901
1064.0000      -30989.186613
1068.0000      -30880.428394
1072.0000      -30822.639750
1076.0000      -30818.734245
1080.0000      -30981.240469
1084.0000      -30911.713549
1088.0000      -30864.025382
1092.0000      -31086.966098
1096.0000      -30867.060567
1100.0000      -30906.973818
1104.0000      -30792.514843
1108.0000      -30881.828413
1112.0000      -30913.324294
1116.0000      -30970.948256
1120.0000      -31022.662099
1124.0000      -30842.542091
1128.0000      -30893.917412
1132.0000      -31038.642842
1136.0000      -31029.440927
1140.0000      -31002.229558
1144.0000      -30933.161726
1148.0000      -30834.832022
1152.0000      -30819.242126
1156.0000      -30678.616106
1160.0000      -30865.035888
1164.0000      -30838.006408
1168.0000      -30961.643022
1172.0000      -30897.632683
1176.0000      -30875.585943
1180.0000      -30862.947229
1184.0000      -30733.430562
1188.0000      -31093.022385
1192.0000      -30896.034747
1196.0000      -30983.702041
1200.0000      -30962.670311
1204.0000      -31003.355695
1208.0000      -30801.932711
1212.0000      -30989.196819
1216.0000      -30920.956235
1220.0000      -30712.401942
1224.0000      -30790.179859
1228.0000      -30979.806653
1232.0000      -31061.330879
1236.0000      -30849.027301
1240.0000      -31004.597821
1244.0000      -31000.833680
1248.0000      -30964.424206
1252.0000      -30951.099035
1256.0000      -30821.938696
1260.0000      -30871.086689
1264.0000      -30945.994090
1268.0000      -30954.264511
1272.0000      -31030.269466
1276.0000      -30864.339958
1280.0000      -30819.990329
1284.0000      -30921.240271
1288.0000      -30955.244756
1292.0000      -30872.452182
1296.0000      -31100.580234
1300.0000      -30903.431617
1304.0000      -30851.974461
1308.0000      -31006.286423
1312.0000      -31059.978310
1316.0000      -30737.370184
1320.0000      -30867.672472
1324.0000      -30959.886413
1328.0000      -30907.576430
1332.0000      -30986.777547
1336.0000      -30758.852933
1340.0000      -30965.991085
1344.0000      -30931.217677
1348.0000      -30703.977503
1352.0000      -30864.117767
1356.0000      -30853.340516
1360.0000      -30974.003554
1364.0000      -30931.465232
1368.0000      -30898.763178
1372.0000      -30944.929576
1376.0000      -30924.123318
1380.0000      -30904.268798
1384.0000      -30831.542343
1388.0000      -30889.063267
1392.0000      -30902.246727
1396.0000      -31026.934563
1400.0000      -30887.783519
1404.0000      -31021.968377
1408.0000      -30980.527620
1412.0000      -30839.391692
1416.0000      -30832.929015
1420.0000      -30901.923134
1424.0000      -30927.501054
1428.0000      -31012.159346
1432.0000      -31032.794127
1436.0000      -30973.344966
1440.0000      -30957.536825
1444.0000      -30922.505200
1448.0000      -30738.609136
1452.0000      -31043.441877
1456.0000      -30930.108653
1460.0000      -31033.136792
1464.0000      -30909.092494
1468.0000      -30833.959275
1472.0000      -30878.362831
1476.0000      -30880.150320
1480.0000      -30670.041205
1484.0000      -30869.250396
1488.0000      -30912.212675
1492.0000      -30987.981486
1496.0000      -30837.919667
1500.0000      -30910.523765
1504.0000      -30974.730099
1508.0000      -31051.138310
1512.0000      -31035.979022
1516.0000      -30790.424084
1520.0000      -30794.839444
1524.0000      -30907.012688
1528.0000      -30957.251925
1532.0000      -31033.852500
1536.0000      -30889.607268
1540.0000      -30953.496399
1544.0000      -30893.641058
1548.0000      -30926.525885
1552.0000      -30992.397167
1556.0000      -30891.025634
1560.0000      -30948.327183
1564.0000      -31086.151034
1568.0000      -30916.344650
1572.0000      -30920.571794
1576.0000      -30914.160159
1580.0000      -31088.685175
1584.0000      -30860.387369
1588.0000      -30971.001625
1592.0000      -30954.745370
1596.0000      -30986.739012
1600.0000      -30784.307400
1604.0000      -31063.586162
1608.0000      -30983.594904
1612.0000      -30919.646882
1616.0000      -30775.438367
1620.0000      -30895.358372
1624.0000      -30892.403870
1628.0000      -30867.468492
1632.0000      -31033.665297
1636.0000      -30940.090022
1640.0000      -31156.253126
1644.0000      -30953.322228
1648.0000      -30997.128788
1652.0000      -31047.811972
1656.0000      -30789.652373
1660.0000      -30987.629834
1664.0000      -31008.297591
1668.0000      -30888.731809
1672.0000      -30874.890560
1676.0000      -30935.188272
1680.0000      -30824.108065
1684.0000      -30912.171339
1688.0000      -31054.183670
1692.0000      -30834.191762
1696.0000      -30765.351798
1700.0000      -30999.537077
1704.0000      -31041.417014
1708.0000      -30897.004925
1712.0000      -30821.576349
1716.0000      -30837.777220
1720.0000      -30810.821582
1724.0000      -30880.002159
1728.0000      -31083.140664
1732.0000      -30948.137740
1736.0000      -30804.146479
1740.0000      -30956.035706
1744.0000      -30957.662456
1748.0000      -30878.336047
1752.0000      -30878.853248
1756.0000      -31211.638723
1760.0000      -30837.893168
1764.0000      -30854.050793
1768.0000      -30928.567173
1772.0000      -30889.200072
1776.0000      -30740.860113
1780.0000      -31030.410166
1784.0000      -31070.619702
1788.0000      -30852.324619
1792.0000      -30914.883951
1796.0000      -30815.119950
1800.0000      -30957.602478
1804.0000      -30845.818175
1808.0000      -31133.766955
1812.0000      -30975.026805
1816.0000      -30823.322534
1820.0000      -30792.163163
1824.0000      -30804.225531
1828.0000      -30954.596377
1832.0000      -30808.958680
1836.0000      -30968.676410
1840.0000      -30963.484215
1844.0000      -30870.078304
1848.0000      -30983.685949
1852.0000      -30915.513222
1856.0000      -30896.705643
1860.0000      -30907.054267
1864.0000      -30846.666216
1868.0000      -30974.791403
1872.0000      -30880.109592
1876.0000      -30959.534983
1880.0000      -31060.331773
1884.0000      -30937.101251
1888.0000      -30909.156602
1892.0000      -30969.601456
1896.0000      -30971.308781
1900.0000      -30823.096318
1904.0000      -30865.815035
1908.0000      -30835.155042
1912.0000      -30897.087612
1916.0000      -30847.579852
1920.0000      -30955.134448
1924.0000      -30867.614314
1928.0000      -30876.231070
1932.0000      -30888.742228
1936.0000      -30995.608150
1940.0000      -31139.352718
1944.0000      -30840.391135
1948.0000      -30927.631452
1952.0000      -30923.137371
1956.0000      -31086.607659
1960.0000      -31048.983279
1964.0000      -31009.438161
1968.0000      -30950.393026
1972.0000      -30835.020926
1976.0000      -30994.960258
1980.0000      -30986.360897
1984.0000      -30856.471141
1988.0000      -31021.853345
1992.0000      -30859.952315
1996.0000      -30802.111476
2000.0000      -30811.527227
2004.0000      -30934.297055
2008.0000      -30901.084365
2012.0000      -30882.807423
2016.0000      -30923.507723
2020.0000      -30952.152891
2024.0000      -30846.271066
2028.0000      -30921.286660
2032.0000      -30961.366160
2036.0000      -30830.306444
2040.0000      -30947.536896
2044.0000      -30895.782197
2048.0000      -30844.585940
2052.0000      -30923.431107
2056.0000      -30935.338409
2060.0000      -30818.476003
2064.0000      -30964.135221
2068.0000      -30942.568323
2072.0000      -30784.709714
2076.0000      -30759.193139
2080.0000      -30859.052735
2084.0000      -30924.555678
2088.0000      -30937.439559
2092.0000      -30870.993509
2096.0000      -30954.869857
2100.0000      -30897.544756
2104.0000      -30980.946169
2108.0000      -30764.044048
2112.0000      -31034.355280
2116.0000      -30972.900085
2120.0000      -30932.302331
2124.0000      -30919.224649
2128.0000      -30880.586523
2132.0000      -30819.701302
2136.0000      -31063.538242
2140.0000      -30821.416711
2144.0000      -30834.687817
2148.0000      -30937.509432
2152.0000      -30900.772275
2156.0000      -31029.612678
2160.0000      -30897.675018
2164.0000      -30921.991969
2168.0000      -30822.765370
2172.0000      -31008.419389
2176.0000      -30958.599475
2180.0000      -31008.103378
2184.0000      -30903.883464
2188.0000      -30867.738205
2192.0000      -30962.502489
2196.0000      -30989.695241
2200.0000      -30873.099170
2204.0000      -30944.107261
2208.0000      -30749.723744
2212.0000      -31107.274966
2216.0000      -30757.467728
2220.0000      -30893.643341
2224.0000      -30751.292534
2228.0000      -30985.147511
2232.0000      -30990.486340
2236.0000      -31033.600867
2240.0000      -30826.271611
2244.0000      -30916.790243
2248.0000      -30844.053955
2252.0000      -30712.211380
2256.0000      -30910.013574
2260.0000      -31033.299555
2264.0000      -30728.730976
2268.0000      -31043.087621
2272.0000      -31187.417046
2276.0000      -31034.774228
2280.0000      -30918.297880
2284.0000      -30857.692263
2288.0000      -30944.353273
2292.0000      -30807.007974
2296.0000      -31001.357079
2300.0000      -30872.449749
2304.0000      -30979.941666
2308.0000      -30984.551986
2312.0000      -30895.280540
2316.0000      -30948.971106
2320.0000      -31013.055673
2324.0000      -30974.435210
2328.0000      -30989.207477
2332.0000      -31030.306158
2336.0000      -30972.952084
2340.0000      -30989.127247
2344.0000      -31097.761894
2348.0000      -30865.228791
2352.0000      -30870.070052
2356.0000      -30922.526259
2360.0000      -31048.121317
2364.0000      -30743.356771
2368.0000      -31109.609420
2372.0000      -30763.383677
2376.0000      -30870.605835
2380.0000      -30766.106784
2384.0000      -31056.160774
2388.0000      -30834.809925
2392.0000      -30945.546860
2396.0000      -31068.239931
2400.0000      -31067.495637
2404.0000      -30900.265240
2408.0000      -30715.215937
2412.0000      -30988.103867
2416.0000      -30994.739308
2420.0000      -30810.809205
2424.0000      -30846.979591
2428.0000      -30887.067540
2432.0000      -30900.096404
2436.0000      -30894.745742
2440.0000      -30994.960292
2444.0000      -30953.579959
2448.0000      -30899.319181
2452.0000      -30862.445623
2456.0000      -31013.096100
2460.0000      -30969.512904
2464.0000      -30968.713598
2468.0000      -31012.830091
2472.0000      -30834.362644
2476.0000      -31036.042657
2480.0000      -30943.370453
2484.0000      -30992.099924
2488.0000      -30959.148346
2492.0000      -30962.097257
2496.0000      -30901.464973
2500.0000      -30853.044026
2504.0000      -30912.742362
2508.0000      -30987.113588
2512.0000      -30825.642842
2516.0000      -30902.099641
2520.0000      -30974.357135
2524.0000      -30983.226380
2528.0000      -30810.862846
2532.0000      -30940.522781
2536.0000      -31056.701586
2540.0000      -30940.779459
2544.0000      -30857.317855
2548.0000      -30844.615158
2552.0000      -30892.857800
2556.0000      -30862.407402
2560.0000      -30840.777880
2564.0000      -30908.163911
2568.0000      -30827.008278
2572.0000      -30996.618910
2576.0000      -30955.169043
2580.0000      -31109.493513
2584.0000      -30898.860695
2588.0000      -30906.359967
2592.0000      -30726.172657
2596.0000      -30865.535513
2600.0000      -30869.945280
2604.0000      -30969.025145
2608.0000      -30953.298429
2612.0000      -30879.390449
2616.0000      -31024.376774
2620.0000      -30973.917760
2624.0000      -30954.450820
2628.0000      -30867.838133
2632.0000      -30942.079188
2636.0000      -30886.577449
2640.0000      -30865.758864
2644.0000      -30944.555888
2648.0000      -30894.668907
2652.0000      -30826.478286
2656.0000      -30636.117495
2660.0000      -30795.041280
2664.0000      -30923.806121
2668.0000      -31084.667329
2672.0000      -30889.468218
2676.0000      -30759.377887
2680.0000      -30774.580265
2684.0000      -30870.641561
2688.0000      -30876.263562
2692.0000      -31062.085559
2696.0000      -31009.075525
2700.0000      -31006.705924
2704.0000      -30752.005239
2708.0000      -30852.027142
2712.0000      -30857.157841
2716.0000      -30929.480554
2720.0000      -30942.682819
2724.0000      -30839.985660
2728.0000      -31173.932452
2732.0000      -30751.694471
2736.0000      -30904.759509
2740.0000      -30872.431425
2744.0000      -30942.308835
2748.0000      -30798.982723
2752.0000      -30862.617721
2756.0000      -30805.530903
2760.0000      -30975.955278
2764.0000      -30960.711591
2768.0000      -31004.786803
2772.0000      -30917.046720
2776.0000      -30921.169757
2780.0000      -30885.565087
2784.0000      -31058.161183
2788.0000      -30900.716610
2792.0000      -31156.822696
2796.0000      -31010.417761
2800.0000      -30819.914674
2804.0000      -30904.678789
2808.0000      -30929.096964
2812.0000      -30963.154638
2816.0000      -31029.163385
2820.0000      -30939.961408
2824.0000      -30874.170798
2828.0000      -30923.469422
2832.0000      -30659.675495
2836.0000      -30930.046970
2840.0000      -30900.613052
2844.0000      -30922.109199
2848.0000      -30861.847596
2852.0000      -30903.247228
2856.0000      -30961.290558
2860.0000      -30867.071327
2864.0000      -30908.466226
2868.0000      -30752.552651
2872.0000      -31034.210510
2876.0000      -30977.014140
2880.0000      -31004.827649
2884.0000      -30931.881348
2888.0000      -30963.893512
2892.0000      -31043.977620
2896.0000      -30937.369710
2900.0000      -30886.433765
2904.0000      -31022.858045
2908.0000      -31032.580489
2912.0000      -30956.359052
2916.0000      -30944.873882
2920.0000      -30896.508082
2924.0000      -30962.150619
2928.0000      -30910.472314
2932.0000      -30969.180164
2936.0000      -30932.887499
2940.0000      -30878.512815
2944.0000      -30890.200389
2948.0000      -30906.732280
2952.0000      -31006.242946
2956.0000      -30841.943470
2960.0000      -31042.806400
2964.0000      -30836.462920
2968.0000      -31096.508840
2972.0000      -30926.919441
2976.0000      -30949.386918
2980.0000      -30964.380236
2984.0000      -30905.651975
2988.0000      -30773.064717
2992.0000      -30860.732772
2996.0000      -30891.545670
3000.0000      -30949.495815
3004.0000      -30971.532595
3008.0000      -30919.156522
3012.0000      -30956.334436
3016.0000      -30941.650644
3020.0000      -30981.316027
3024.0000      -30939.545897
3028.0000      -31051.880658
3032.0000      -30751.222111
3036.0000      -30833.322984
3040.0000      -30786.243925
3044.0000      -30767.725809
3048.0000      -30920.239434
3052.0000      -30926.903530
3056.0000      -30946.714698
3060.0000      -30772.716900
3064.0000      -30930.367637
3068.0000      -30971.603185
3072.0000      -30962.086237
3076.0000      -30790.730515
3080.0000      -30997.339618
3084.0000      -30892.813512
3088.0000      -30898.005544
3092.0000      -31069.399412
3096.0000      -30887.622402
3100.0000      -30941.861239
3104.0000      -30974.644604
3108.0000      -31015.969415
3112.0000      -31011.055145
3116.0000      -30992.511890
3120.0000      -30769.694235
3124.0000      -30980.464447
3128.0000      -30784.026696
3132.0000      -30833.036388
3136.0000      -30833.805657
3140.0000      -31029.236274
3144.0000      -30998.359435
3148.0000      -30853.838940
3152.0000      -31021.252684
3156.0000      -31030.301876
3160.0000      -30948.278321
3164.0000      -31034.757754
3168.0000      -31033.664807
3172.0000      -31002.716221
3176.0000      -30929.500872
3180.0000      -30874.994837
3184.0000      -31018.648479
3188.0000      -30862.639053
3192.0000      -30746.989029
3196.0000      -30954.632166
3200.0000      -30865.588912
3204.0000      -30775.485347
3208.0000      -30904.492872
3212.0000      -30986.174729
3216.0000      -30944.267713
3220.0000      -31003.720810
3224.0000      -30974.829949
3228.0000      -30885.500064
3232.0000      -30972.897959
3236.0000      -30999.007456
3240.0000      -31059.719325
3244.0000      -30814.437352
3248.0000      -30863.576081
3252.0000      -30940.734749
3256.0000      -30967.822860
3260.0000      -30746.960196
3264.0000      -30883.283842
3268.0000      -31086.973334
3272.0000      -30792.279878
3276.0000      -30679.062537
3280.0000      -30908.408087
3284.0000      -30934.097417
3288.0000      -30841.564657
3292.0000      -31100.774511
3296.0000      -30897.094004
3300.0000      -31082.167299
3304.0000      -31038.709602
3308.0000      -31015.183458
3312.0000      -30850.120935
3316.0000      -30873.132827
3320.0000      -30840.838734
3324.0000      -30878.630497
3328.0000      -30866.671558
3332.0000      -30718.938541
3336.0000      -30787.112564
3340.0000      -30916.070298
3344.0000      -30826.008078
3348.0000      -30990.548752
3352.0000      -30977.687514
3356.0000      -30888.979176
3360.0000      -30990.458695
3364.0000      -30916.294447
3368.0000      -30931.646919
3372.0000      -30924.352505
3376.0000      -30937.015770
3380.0000      -30862.068187
3384.0000      -30777.954602
3388.0000      -30901.969449
3392.0000      -31004.285690
3396.0000      -30979.015049
3400.0000      -30910.010207
3404.0000      -30871.762602
3408.0000      -30754.748057
3412.0000      -30687.255930
3416.0000      -30795.080886
3420.0000      -30748.271914
3424.0000      -30977.612112
3428.0000      -30962.866992
3432.0000      -31003.960285
3436.0000      -30909.114532
3440.0000      -30995.314655
3444.0000      -30878.662042
3448.0000      -31034.377635
3452.0000      -31010.789840
3456.0000      -30959.428622
3460.0000      -30778.510333
3464.0000      -30875.048322
3468.0000      -30955.291115
3472.0000      -30822.879263
3476.0000      -30852.564195
3480.0000      -30765.002521
3484.0000      -30951.305283
3488.0000      -30958.130409
3492.0000      -30930.716275
3496.0000      -30966.168242
3500.0000      -30929.493227
3504.0000      -31013.157623
3508.0000      -30789.439815
3512.0000      -31013.211093
3516.0000      -30831.087059
3520.0000      -31043.242959
3524.0000      -30905.497849
3528.0000      -30976.833547
3532.0000      -30897.529761
3536.0000      -30843.580341
3540.0000      -30886.203541
3544.0000      -30970.508059
3548.0000      -31109.822101
3552.0000      -31149.307624
3556.0000      -30877.070050
3560.0000      -30906.289002
3564.0000      -30851.445216
3568.0000      -30847.129437
3572.0000      -31019.921751
3576.0000      -31071.416671
3580.0000      -31027.677732
3584.0000      -30936.087962
3588.0000      -30852.937544
3592.0000      -30823.372092
3596.0000      -30907.243038
3600.0000      -30917.980249
3604.0000      -30935.159998
3608.0000      -30965.187918
3612.0000      -31070.473232
3616.0000      -30917.751058
3620.0000      -30899.356210
3624.0000      -30929.111182
3628.0000      -30940.164261
3632.0000      -30775.681362
3636.0000      -30710.377443
3640.0000      -30899.835325
3644.0000      -30700.568781
3648.0000      -30952.337793
3652.0000      -30986.549860
3656.0000      -31070.469144
3660.0000      -30850.263114
3664.0000      -30833.477397
3668.0000      -31024.878201
3672.0000      -30798.984979
3676.0000      -30992.993672
3680.0000      -30952.109938
3684.0000      -31027.609594
3688.0000      -30941.785656
3692.0000      -31067.195961
3696.0000      -30879.502648
3700.0000      -30871.669297
3704.0000      -30736.840321
3708.0000      -30954.053057
3712.0000      -30993.240988
3716.0000      -31051.062042
3720.0000      -30907.768397
3724.0000      -30997.730033
3728.0000      -30939.075709
3732.0000      -30735.403218
3736.0000      -30845.143922
3740.0000      -30898.095647
3744.0000      -30832.884533
3748.0000      -30911.737095
3752.0000      -30644.917171
3756.0000      -31127.743334
3760.0000      -30875.637669
3764.0000      -30926.898617
3768.0000      -30884.830740
3772.0000      -30957.736587
3776.0000      -30884.690337
3780.0000      -30818.113641
3784.0000      -30691.408410
3788.0000      -30895.038864
3792.0000      -30838.178519
3796.0000      -30775.466920
3800.0000      -30929.796513
3804.0000      -30920.857395
3808.0000      -30884.023589
3812.0000      -30952.713710
3816.0000      -31040.434779
3820.0000      -30795.621961
3824.0000      -31022.245195
3828.0000      -30747.855621
3832.0000      -30825.080087
3836.0000      -30929.603534
3840.0000      -30964.589886
3844.0000      -31020.042574
3848.0000      -30950.121904
3852.0000      -30973.558766
3856.0000      -30860.422820
3860.0000      -30851.855779
3864.0000      -31021.261817
3868.0000      -30959.745302
3872.0000      -30932.280391
3876.0000      -30875.975311
3880.0000      -30915.277856
3884.0000      -31100.123736
3888.0000      -30855.307371
3892.0000      -30830.137990
3896.0000      -31029.445243
3900.0000      -30932.288160
3904.0000      -30895.031875
3908.0000      -30861.638812
3912.0000      -30794.229138
3916.0000      -30773.376877
3920.0000      -30767.292231
3924.0000      -31004.899334
3928.0000      -31033.805967
3932.0000      -31108.585472
3936.0000      -30851.417129
3940.0000      -31004.722832
3944.0000      -30861.662783
3948.0000      -30741.445522
3952.0000      -30964.624445
3956.0000      -30914.252685
3960.0000      -30878.175405
3964.0000      -30946.109173
3968.0000      -31000.308004
3972.0000      -30915.039120
3976.0000      -30923.300748
3980.0000      -30761.646800
3984.0000      -30872.353655
3988.0000      -30924.370059
3992.0000      -30929.462190
3996.0000      -30926.024662
4000.0000      -30904.113569
4004.0000      -30904.113569
