4.0000      -30947.352166
8.0000      -30804.800124
12.0000      -30936.275012
16.0000      -30764.739952
20.0000      -30770.815935
24.0000      -30775.606300
28.0000      -30725.274574
32.0000      -30936.869537
36.0000      -30824.312258
40.0000      -30723.404442
44.0000      -30853.864153
48.0000      -31062.394374
52.0000      -30875.368770
56.0000      -30814.566962
60.0000      -30893.325379
64.0000      -30897.947381
68.0000      -30951.635092
72.0000      -30884.234069
76.0000      -30832.334950
80.0000      -30890.512576
84.0000      -30801.490398
88.0000      -30787.351407
92.0000      -30867.427099
96.0000      -30888.578269
100.0000      -30710.390360
104.0000      -30914.541814
108.0000      -30785.009813
112.0000      -30815.904120
116.0000      -30642.867269
120.0000      -30859.148267
124.0000      -31047.898829
128.0000      -30884.489910
132.0000      -30768.073562
136.0000      -30792.271029
140.0000      -30972.566831
144.0000      -30741.778424
148.0000      -30709.111300
152.0000      -31083.921387
156.0000      -30796.825627
160.0000      -30926.639253
164.0000      -30985.937316
168.0000      -30795.213279
172.0000      -30915.555750
176.0000      -30768.563231
180.0000      -30831.474743
184.0000      -30819.990908
188.0000      -30956.562703
192.0000      -30844.229866
196.0000      -30965.234949
200.0000      -30895.087259
204.0000      -30942.897814
208.0000      -30708.108505
212.0000      -30765.134543
216.0000      -30693.718238
220.0000      -30787.783738
224.0000      -30731.703440
228.0000      -30749.664657
232.0000      -30811.435215
236.0000      -30654.278057
240.0000      -30870.491677
244.0000      -30707.205312
248.0000      -30619.408150
252.0000      -30817.341796
256.0000      -30801.355338
260.0000      -30863.937625
264.0000      -30847.457353
268.0000      -30805.264197
272.0000      -30911.358632
276.0000      -30906.117284
280.0000      -31031.905048
284.0000      -30871.119330
288.0000      -30764.414075
292.0000      -30956.689670
296.0000      -30806.512148
300.0000      -30766.081418
304.0000      -30991.333673
308.0000      -30870.150159
312.0000      -30986.175503
316.0000      -30870.055490
320.0000      -30727.141615
324.0000      -30780.234937
328.0000      -30829.754934
332.0000      -30814.452203
336.0000      -30920.169286
340.0000      -30930.274608
344.0000      -30849.964651
348.0000      -30848.378152
352.0000      -30898.784318
356.0000      -30821.787577
360.0000      -31007.186744
364.0000      -31008.498296
368.0000      -30767.710087
372.0000      -30758.433085
376.0000      -30831.485754
380.0000      -30791.255710
384.0000      -30796.675327
388.0000      -30902.240353
392.0000      -30973.748110
396.0000      -30965.626549
400.0000      -30799.572269
404.0000      -30864.716095
408.0000      -30979.771040
412.0000      -30840.301775
416.0000      -30769.487212
420.0000      -31050.070542
424.0000      -30835.192798
428.0000      -30870.465354
432.0000      -30801.204274
436.0000      -31004.689945
440.0000      -30867.247094
444.0000      -30966.995070
448.0000      -30888.482171
452.0000      -30836.147428
456.0000      -30800.118824
460.0000      -30782.813034
464.0000      -30765.131870
468.0000      -30834.800172
472.0000      -30810.549071
476.0000      -30880.259814
480.0000      -30777.461817
484.0000      -30754.643677
488.0000      -30894.088510
492.0000      -30806.229562
496.0000      -30743.367069
500.0000      -31018.066115
504.0000      -30760.339847
508.0000      -30901.852707
512.0000      -30910.910128
516.0000      -30741.594096
520.0000      -30881.657540
524.0000      -30919.647147
528.0000      -30832.786809
532.0000      -30904.670006
536.0000      -30889.178854
540.0000      -30857.850986
544.0000      -30849.431234
548.0000      -30589.653242
552.0000      -30932.608819
556.0000      -30826.319602
560.0000      -30796.291309
564.0000      -30756.783110
568.0000      -30654.157142
572.0000      -30811.516910
576.0000      -30767.193025
580.0000      -30863.421336
584.0000      -30939.134328
588.0000      -30747.945279
592.0000      -30703.035557
596.0000      -30815.456980
600.0000      -30711.126616
604.0000      -30889.676004
608.0000      -30861.507393
612.0000      -30961.866850
616.0000      -30958.634804
620.0000      -30863.289554
624.0000      -30997.882259
628.0000      -30947.125357
632.0000      -30876.150972
636.0000      -30799.327887
640.0000      -30896.655524
644.0000      -30846.780068
648.0000      -30833.580079
652.0000      -30953.261407
656.0000      -30711.239966
660.0000      -30878.124781
664.0000      -31010.165417
668.0000      -31018.315695
672.0000      -31162.431639
676.0000      -30947.169442
680.0000      -31055.977031
684.0000      -30964.372416
688.0000      -30877.309204
692.0000      -30922.735718
696.0000      -31033.186248
700.0000      -30883.190830
704.0000      -30806.512515
708.0000      -30955.276252
712.0000      -31075.353523
716.0000      -30731.395769
720.0000      -30948.397277
724.0000      -30867.949614
728.0000      -30860.251783
732.0000      -30924.605248
736.0000      -30775.231445
740.0000      -30982.602078
744.0000      -30881.251987
748.0000      -30723.259702
752.0000      -30859.442851
756.0000      -30742.211800
760.0000      -30917.449832
764.0000      -30741.408137
768.0000      -30962.992930
772.0000      -30774.577682
776.0000      -30898.530015
780.0000      -30758.779644
784.0000      -30898.262684
788.0000      -30898.277377
792.0000      -30785.489380
796.0000      -30846.610641
800.0000      -30901.872323
804.0000      -30688.228148
808.0000      -30830.568581
812.0000      -30816.617060
816.0000      -30845.949312
820.0000      -30978.202950
824.0000      -31084.952661
828.0000      -30948.426226
832.0000      -30873.120314
836.0000      -30822.823017
840.0000      -30743.392689
844.0000      -30813.558104
848.0000      -30828.826472
852.0000      -30873.233208
856.0000      -30805.552034
860.0000      -30922.456408
864.0000      -30835.306000
868.0000      -30796.436672
872.0000      -30956.335099
876.0000      -30646.160356
880.0000      -30922.024159
884.0000      -30905.828018
888.0000      -30750.206327
892.0000      -30701.607113
896.0000      -30679.937918
900.0000      -30951.528006
904.0000      -30779.209467
908.0000      -30781.094328
912.0000      -31002.769116
916.0000      -30882.981007
920.0000      -30803.753959
924.0000      -30775.055566
928.0000      -30891.970715
932.0000      -30908.142824
936.0000      -30933.903253
940.0000      -30909.902076
944.0000      -30795.456393
948.0000      -30932.103003
952.0000      -30938.617034
956.0000      -30977.138859
960.0000      -30952.475911
964.0000      -30892.541374
968.0000      -30910.579435
972.0000      -30957.643595
976.0000      -30849.120796
980.0000      -30907.521296
984.0000      -30861.212851
988.0000      -30748.721074
992.0000      -30927.827818
996.0000      -30737.179809
1000.0000      -30931.906736
1004.0000      -30855.160654
1008.0000      -31014.253956
1012.0000      -30799.243397
1016.0000      -30856.069053
1020.0000      -30974.177812
1024.0000      -30767.223033
1028.0000      -30981.800357
1032.0000      -30865.914774
1036.0000      -30861.734329
1040.0000      -31087.314325
1044.0000      -30944.418243
1048.0000      -30740.810040
1052.0000      -31011.248949
1056.0000      -30719.412895
1060.0000      -30899.505763
1064.0000      -30831.003051
1068.0000      -30778.394943
1072.0000      -30791.980602
1076.0000      -30904.654804
1080.0000      -30706.392948
1084.0000      -30768.151272
1088.0000      -30822.604454
1092.0000      -30614.809399
1096.0000      -30929.633340
1100.0000      -30927.550347
1104.0000      -30794.128130
1108.0000      -30903.570172
1112.0000      -30928.516318
1116.0000      -30814.127994
1120.0000      -31146.285355
1124.0000      -30848.358071
1128.0000      -30945.499310
1132.0000      -30942.783814
1136.0000      -30882.276152
1140.0000      -30795.480611
1144.0000      -30708.341340
1148.0000      -30722.775399
1152.0000      -30723.206737
1156.0000      -30770.749378
1160.0000      -30840.177942
1164.0000      -30884.502824
1168.0000      -30808.495133
1172.0000      -30809.687475
1176.0000      -30812.360144
1180.0000      -31010.252249
1184.0000      -30972.217655
1188.0000      -30794.626702
1192.0000      -30704.918569
1196.0000      -30728.456388
1200.0000      -30857.194259
1204.0000      -30920.967944
1208.0000      -30887.008859
1212.0000      -30826.725807
1216.0000      -30879.648204
1220.0000      -31000.963295
1224.0000      -30741.334489
1228.0000      -30831.386091
1232.0000      -30903.358546
1236.0000      -30741.239816
1240.0000      -30759.618594
1244.0000      -30807.493554
1248.0000      -30756.530966
1252.0000      -30888.960274
1256.0000      -30918.552326
1260.0000      -30927.494762
1264.0000      -30952.534896
1268.0000      -30876.038342
1272.0000      -30656.688580
1276.0000      -30833.629751
1280.0000      -30992.482172
1284.0000      -30974.482581
1288.0000      -30917.845014
1292.0000      -30838.109837
1296.0000      -30868.620299
1300.0000      -30887.652772
1304.0000      -30745.468480
1308.0000      -30721.994341
1312.0000      -30893.460641
1316.0000      -30987.653719
1320.0000      -30933.621355
1324.0000      -30813.977064
1328.0000      -31151.990461
1332.0000      -30902.660230
1336.0000      -30836.824529
1340.0000      -30637.389194
1344.0000      -30822.748431
1348.0000      -30756.315621
1352.0000      -30754.771198
1356.0000      -30859.526355
1360.0000      -30693.634610
1364.0000      -30772.046176
1368.0000      -30789.659102
1372.0000      -30884.163851
1376.0000      -30885.180089
1380.0000      -30815.638598
1384.0000      -30840.294427
1388.0000      -30885.701001
1392.0000      -30870.003472
1396.0000      -30682.509542
1400.0000      -30803.068769
1404.0000      -30877.559853
1408.0000      -30777.766559
1412.0000      -30789.708853
1416.0000      -30771.444390
1420.0000      -30770.977564
1424.0000      -30912.382354
1428.0000      -30740.760105
1432.0000      -30900.874350
1436.0000      -30865.361279
1440.0000      -30691.613563
1444.0000      -30910.179960
1448.0000      -30769.653950
1452.0000      -30830.344519
1456.0000      -30678.951326
1460.0000      -30727.762579
1464.0000      -30884.424257
1468.0000      -31004.895000
1472.0000      -30995.814818
1476.0000      -30828.068312
1480.0000      -30891.126226
1484.0000      -31028.425119
1488.0000      -30808.592178
1492.0000      -30953.255185
1496.0000      -30773.445356
1500.0000      -30769.196949
1504.0000      -30825.931555
1508.0000      -30822.455357
1512.0000      -30680.670315
1516.0000      -30824.370097
1520.0000      -30776.100312
1524.0000      -30891.877018
1528.0000      -30781.531681
1532.0000      -30867.045751
1536.0000      -31029.775547
1540.0000      -30988.519397
1544.0000      -30755.721809
1548.0000      -30822.706814
1552.0000      -30887.700672
1556.0000      -30937.717770
1560.0000      -30888.763000
1564.0000      -30844.284317
1568.0000      -30913.716238
1572.0000      -30865.608296
1576.0000      -30882.700860
1580.0000      -30836.317959
1584.0000      -30860.958543
1588.0000      -30718.448635
1592.0000      -30912.017517
1596.0000      -31008.523684
1600.0000      -30780.764590
1604.0000      -30733.778775
1608.0000      -30756.868637
1612.0000      -30854.382309
1616.0000      -30829.564449
1620.0000      -30868.704053
1624.0000      -30692.536189
1628.0000      -30858.906408
1632.0000      -30803.395992
1636.0000      -30903.714157
1640.0000      -30851.942390
1644.0000      -30973.736987
1648.0000      -30927.959913
1652.0000      -30978.072477
1656.0000      -31008.004727
1660.0000      -30748.639048
1664.0000      -30866.911892
1668.0000      -30983.965846
1672.0000      -30775.116554
1676.0000      -30684.309961
1680.0000      -30805.388060
1684.0000      -30907.943122
1688.0000      -30906.548393
1692.0000      -30884.216480
1696.0000      -30853.811546
1700.0000      -30817.315817
1704.0000      -30661.155598
1708.0000      -30849.776133
1712.0000      -30837.249329
1716.0000      -30833.750976
1720.0000      -30891.584726
1724.0000      -30863.433912
1728.0000      -30619.837488
1732.0000      -30814.675230
1736.0000      -30756.168883
1740.0000      -30729.762478
1744.0000      -30998.760490
1748.0000      -30902.599766
1752.0000      -30769.189384
1756.0000      -30840.284063
1760.0000      -30881.045955
1764.0000      -30814.764691
1768.0000      -30766.784760
1772.0000      -30857.413457
1776.0000      -30954.247575
1780.0000      -30804.749687
1784.0000      -30828.060307
1788.0000      -30855.016653
1792.0000      -30799.326621
1796.0000      -30805.879721
1800.0000      -30931.486999
1804.0000      -30881.953063
1808.0000      -30811.413051
1812.0000      -30794.358202
1816.0000      -30828.681068
1820.0000      -30771.431833
1824.0000      -30706.785154
1828.0000      -30933.166019
1832.0000      -30901.182175
1836.0000      -30812.364949
1840.0000      -30926.751492
1844.0000      -30829.645481
1848.0000      -30942.676902
1852.0000      -30995.897542
1856.0000      -30848.053251
1860.0000      -30731.073548
1864.0000      -30918.656610
1868.0000      -31064.344352
1872.0000      -30939.752984
1876.0000      -30872.282641
1880.0000      -30962.552519
1884.0000      -30818.692353
1888.0000      -30711.022234
1892.0000      -30873.764500
1896.0000      -30878.148651
1900.0000      -30694.692942
1904.0000      -30947.958070
1908.0000      -30769.467731
1912.0000      -30880.733117
1916.0000      -30979.517575
1920.0000      -31016.200997
1924.0000      -30902.600095
1928.0000      -31029.131694
1932.0000      -30793.757072
1936.0000      -31005.163819
1940.0000      -30682.988363
1944.0000      -30861.699698
1948.0000      -30845.183733
1952.0000      -30731.583435
1956.0000      -30929.436440
1960.0000      -30860.953786
1964.0000      -30942.613931
1968.0000      -30805.743506
1972.0000      -30814.416068
1976.0000      -30793.742321
1980.0000      -30793.124859
1984.0000      -30955.746109
1988.0000      -30969.208434
1992.0000      -30967.120359
1996.0000      -30778.511074
2000.0000      -30898.416368
2004.0000      -30793.350292
2008.0000      -30771.172426
2012.0000      -30882.507843
2016.0000      -30758.971574
2020.0000      -30892.883927
2024.0000      -30909.095808
2028.0000      -30723.244304
2032.0000      -30842.643696
2036.0000      -31008.380695
2040.0000      -30984.462442
2044.0000      -31016.651707
2048.0000      -30914.111807
2052.0000      -30829.506794
2056.0000      -30734.267603
2060.0000      -30820.782522
2064.0000      -30823.906445
2068.0000      -30860.085064
2072.0000      -30823.751464
2076.0000      -30968.851067
2080.0000      -30853.975714
2084.0000      -30900.743118
2088.0000      -30806.866544
2092.0000      -30906.499996
2096.0000      -30760.471829
2100.0000      -30826.915650
2104.0000      -30817.723826
2108.0000      -30679.348765
2112.0000      -30701.076622
2116.0000      -30788.912341
2120.0000      -30908.942649
2124.0000      -30833.242316
2128.0000      -30936.089640
2132.0000      -30908.014203
2136.0000      -30796.848861
2140.0000      -30799.590165
2144.0000      -31021.194360
2148.0000      -30899.039709
2152.0000      -30899.534555
2156.0000      -30715.626667
2160.0000      -30937.451241
2164.0000      -30833.508605
2168.0000      -30812.223271
2172.0000      -30805.978492
2176.0000      -30979.911223
2180.0000      -30841.056308
2184.0000      -30972.798635
2188.0000      -30934.535970
2192.0000      -30929.272831
2196.0000      -30942.364444
2200.0000      -31019.328821
2204.0000      -30889.569886
2208.0000      -30887.755714
2212.0000      -30904.152240
2216.0000      -30621.847175
2220.0000      -30907.186338
2224.0000      -30895.688204
2228.0000      -30692.560731
2232.0000      -31080.721738
2236.0000      -30846.388602
2240.0000      -30823.617700
2244.0000      -30869.679377
2248.0000      -30977.698249
2252.0000      -30788.614498
2256.0000      -30535.295782
2260.0000      -30913.821504
2264.0000      -30660.771996
2268.0000      -30843.842981
2272.0000      -30845.100033
2276.0000      -30821.045386
2280.0000      -30689.716137
2284.0000      -30944.454073
2288.0000      -30877.877088
2292.0000      -30880.249292
2296.0000      -30884.325274
2300.0000      -30854.168540
2304.0000      -30900.523075
2308.0000      -30888.410372
2312.0000      -30788.969178
2316.0000      -30756.402944
2320.0000      -30673.082746
2324.0000      -30964.576686
2328.0000      -30824.809906
2332.0000      -30894.070498
2336.0000      -30863.632067
2340.0000      -30846.002832
2344.0000      -30935.647923
2348.0000      -30784.161607
2352.0000      -30843.650306
2356.0000      -30831.580673
2360.0000      -30769.305757
2364.0000      -30827.455713
2368.0000      -30886.320335
2372.0000      -30849.542029
2376.0000      -30739.909697
2380.0000      -30797.239281
2384.0000      -31027.057078
2388.0000      -30885.007737
2392.0000      -30817.010254
2396.0000      -30675.876867
2400.0000      -30886.794456
2404.0000      -30863.917404
2408.0000      -30834.712492
2412.0000      -30808.976111
2416.0000      -30934.864955
2420.0000      -30839.981416
2424.0000      -30890.746354
2428.0000      -30752.227094
2432.0000      -30830.799229
2436.0000      -30847.311524
2440.0000      -30930.588281
2444.0000      -30940.453921
2448.0000      -30988.807833
2452.0000      -31008.742942
2456.0000      -30873.452136
2460.0000      -30679.225027
2464.0000      -30844.394751
2468.0000      -30844.775830
2472.0000      -31008.162671
2476.0000      -30946.695049
2480.0000      -30848.036820
2484.0000      -30926.184633
2488.0000      -30912.094078
2492.0000      -30933.946195
2496.0000      -30776.790301
2500.0000      -30710.342047
2504.0000      -30687.668816
2508.0000      -30914.178199
2512.0000      -30668.336005
2516.0000      -30743.834124
2520.0000      -30877.438949
2524.0000      -30765.974803
2528.0000      -30744.798146
2532.0000      -30617.466294
2536.0000      -30727.020769
2540.0000      -30906.686031
2544.0000      -30839.276215
2548.0000      -30738.767667
2552.0000      -30931.804770
2556.0000      -30805.538282
2560.0000      -31005.526744
2564.0000      -30934.932943
2568.0000      -30834.671272
2572.0000      -30826.707221
2576.0000      -30888.635302
2580.0000      -30780.512839
2584.0000      -30697.360351
2588.0000      -30904.265535
2592.0000      -30775.493628
2596.0000      -30801.002292
2600.0000      -30805.122643
2604.0000      -30833.784273
2608.0000      -30856.683160
2612.0000      -30737.101875
2616.0000      -30796.847831
2620.0000      -30871.049275
2624.0000      -30781.255598
2628.0000      -30988.649042
2632.0000      -30988.802855
2636.0000      -30886.540143
2640.0000      -30769.465474
2644.0000      -30919.767478
2648.0000      -30976.849701
2652.0000      -30705.848647
2656.0000      -30999.403156
2660.0000      -30714.857836
2664.0000      -31059.493395
2668.0000      -30900.388996
2672.0000      -30963.760711
2676.0000      -30831.628612
2680.0000      -30857.694788
2684.0000      -30851.163857
2688.0000      -30862.661510
2692.0000      -31080.040221
2696.0000      -30909.694826
2700.0000      -30797.225846
2704.0000      -30877.926076
2708.0000      -30858.631673
2712.0000      -30809.287218
2716.0000      -30958.330188
2720.0000      -30676.517505
2724.0000      -30896.670093
2728.0000      -30762.498122
2732.0000      -30971.630469
2736.0000      -30700.392016
2740.0000      -30739.150011
2744.0000      -30777.045589
2748.0000      -30877.948603
2752.0000      -30960.876290
2756.0000      -30848.549227
2760.0000      -30897.319843
2764.0000      -30753.286106
2768.0000      -30798.452113
2772.0000      -30927.193002
2776.0000      -30981.199311
2780.0000      -30817.972659
2784.0000      -30721.818682
2788.0000      -30691.662974
2792.0000      -30796.271257
2796.0000      -31009.712169
2800.0000      -30886.008717
2804.0000      -30792.649697
2808.0000      -30928.649634
2812.0000      -30869.745008
2816.0000      -30961.875018
2820.0000      -30831.567079
2824.0000      -30859.138624
2828.0000      -30848.905430
2832.0000      -30861.476811
2836.0000      -30991.698312
2840.0000      -30920.949770
2844.0000      -30965.821353
2848.0000      -30741.165738
2852.0000      -30738.871883
2856.0000      -30832.169867
2860.0000      -31008.557490
2864.0000      -30861.875736
2868.0000      -30855.412432
2872.0000      -30969.537440
2876.0000      -30948.282045
2880.0000      -30932.744573
2884.0000      -31025.208539
2888.0000      -30951.428586
2892.0000      -30992.676379
2896.0000      -30746.937190
2900.0000      -30949.509476
2904.0000      -30908.922490
2908.0000      -30930.664236
2912.0000      -30786.903464
2916.0000      -30759.490552
2920.0000      -30835.463239
2924.0000      -30788.423404
2928.0000      -30750.940816
2932.0000      -30971.781609
2936.0000      -30715.306788
2940.0000      -30892.931512
2944.0000      -30910.015799
2948.0000      -30659.920612
2952.0000      -30794.006276
2956.0000      -30778.573504
2960.0000      -30861.983111
2964.0000      -30625.371407
2968.0000      -30672.843669
2972.0000      -30917.195270
2976.0000      -30888.843111
2980.0000      -30891.771753
2984.0000      -30923.714480
2988.0000      -31079.009870
2992.0000      -30847.135246
2996.0000      -30856.954538
3000.0000      -30723.177987
3004.0000      -30843.909021
3008.0000      -30773.164535
3012.0000      -30998.047439
3016.0000      -30770.405822
3020.0000      -30857.099925
3024.0000      -30737.856857
3028.0000      -30754.312584
3032.0000      -30900.012016
3036.0000      -30782.184588
3040.0000      -30867.522752
3044.0000      -30981.641004
3048.0000      -30749.485836
3052.0000      -30926.025198
3056.0000      -31161.421072
3060.0000      -30881.976948
3064.0000      -30946.825895
3068.0000      -30850.568962
3072.0000      -30721.459100
3076.0000      -30850.593113
3080.0000      -30897.780686
3084.0000      -30919.114117
3088.0000      -30858.870471
3092.0000      -30767.277376
3096.0000      -31101.456076
3100.0000      -30881.577790
3104.0000      -30700.517524
3108.0000      -30884.200702
3112.0000      -30840.483895
3116.0000      -30743.191118
3120.0000      -30848.332335
3124.0000      -30866.943559
3128.0000      -30803.770100
3132.0000      -30844.221567
3136.0000      -30862.946016
3140.0000      -30870.688466
3144.0000      -30908.345629
3148.0000      -30871.036788
3152.0000      -30996.399767
3156.0000      -30933.969666
3160.0000      -30736.417802
3164.0000      -30788.243245
3168.0000      -31046.951637
3172.0000      -30748.993215
3176.0000      -30890.321322
3180.0000      -30784.339707
3184.0000      -30788.055668
3188.0000      -30848.400643
3192.0000      -30810.812755
3196.0000      -30882.164105
3200.0000      -30856.760089
3204.0000      -30912.188670
3208.0000      -30890.365398
3212.0000      -30977.033122
3216.0000      -30895.498116
3220.0000      -30909.702115
3224.0000      -30843.178114
3228.0000      -30837.448225
3232.0000      -30975.731110
3236.0000      -30832.569043
3240.0000      -30873.905101
3244.0000      -30857.209277
3248.0000      -30875.993865
3252.0000      -30867.856027
3256.0000      -30633.549789
3260.0000      -30884.338768
3264.0000      -30858.812117
3268.0000      -30858.243995
3272.0000      -30681.784674
3276.0000      -30642.809335
3280.0000      -30791.596869
3284.0000      -30772.893619
3288.0000      -30739.030059
3292.0000      -30781.624188
3296.0000      -30788.769730
3300.0000      -30778.993020
3304.0000      -30784.377512
3308.0000      -30817.852684
3312.0000      -30742.708003
3316.0000      -30954.565051
3320.0000      -31053.481829
3324.0000      -30929.391263
3328.0000      -30787.128981
3332.0000      -30868.578986
3336.0000      -30935.962590
3340.0000      -30725.095187
3344.0000      -30890.518968
3348.0000      -30862.293087
3352.0000      -30732.079143
3356.0000      -30749.890688
3360.0000      -30754.123659
3364.0000      -30844.454189
3368.0000      -30966.998580
3372.0000      -30634.633863
3376.0000      -30884.926267
3380.0000      -30843.347564
3384.0000      -30736.251141
3388.0000      -31052.173251
3392.0000      -31004.637469
3396.0000      -31023.952085
3400.0000      -30999.871593
3404.0000      -30901.408446
3408.0000      -31095.005125
3412.0000      -30755.411272
3416.0000      -30727.452605
3420.0000      -30909.417466
3424.0000      -31124.887108
3428.0000      -30910.478735
3432.0000      -30723.737017
3436.0000      -30919.136808
3440.0000      -30912.628622
3444.0000      -30836.882530
3448.0000      -30923.014689
3452.0000      -30913.475624
3456.0000      -30898.830136
3460.0000      -30901.158691
3464.0000      -30812.754632
3468.0000      -30903.768540
3472.0000      -30799.138465
3476.0000      -30826.179750
3480.0000      -30709.432590
3484.0000      -30785.039827
3488.0000      -30798.449286
3492.0000      -30787.368510
3496.0000      -30984.318961
3500.0000      -30882.705786
3504.0000      -31070.553564
3508.0000      -30817.440477
3512.0000      -30764.596813
3516.0000      -30751.466825
3520.0000      -30771.861182
3524.0000      -30821.326857
3528.0000      -30942.487387
3532.0000      -30784.951415
3536.0000      -30867.532290
3540.0000      -30901.212227
3544.0000      -30744.474884
3548.0000      -30918.369641
3552.0000      -30749.199377
3556.0000      -31006.718791
3560.0000      -30824.932709
3564.0000      -30898.771207
3568.0000      -30739.363217
3572.0000      -30911.003657
3576.0000      -30919.997207
3580.0000      -30875.041322
3584.0000      -30991.921858
3588.0000      -30842.424218
3592.0000      -30907.866873
3596.0000      -30976.093333
3600.0000      -30816.216890
3604.0000      -30914.378331
3608.0000      -30909.390434
3612.0000      -30789.658307
3616.0000      -30744.090985
3620.0000      -30856.385944
3624.0000      -30850.687047
3628.0000      -30780.715271
3632.0000      -30921.659996
3636.0000      -30785.295301
3640.0000      -30885.337122
3644.0000      -30934.420396
3648.0000      -30803.068724
3652.0000      -30795.689850
3656.0000      -30750.886003
3660.0000      -30875.132803
3664.0000      -30791.342618
3668.0000      -30784.899745
3672.0000      -30883.657003
3676.0000      -30794.337305
3680.0000      -30764.143975
3684.0000      -30761.477098
3688.0000      -30861.313045
3692.0000      -30804.190286
3696.0000      -30830.405636
3700.0000      -30663.460062
3704.0000      -30779.588583
3708.0000      -30972.686638
3712.0000      -30867.739178
3716.0000      -30815.091313
3720.0000      -30782.257455
3724.0000      -30838.674433
3728.0000      -30880.059619
3732.0000      -30794.420528
3736.0000      -30923.267742
3740.0000      -30777.413984
3744.0000      -30899.604156
3748.0000      -30981.373889
3752.0000      -30675.082550
3756.0000      -30906.734159
3760.0000      -30852.606470
3764.0000      -30835.495992
3768.0000      -30897.687007
3772.0000      -30734.163855
3776.0000      -30771.292276
3780.0000      -30828.410173
3784.0000      -30744.463400
3788.0000      -30809.053142
3792.0000      -30831.383829
3796.0000      -30928.173858
3800.0000      -30881.902409
3804.0000      -30868.597133
3808.0000      -30895.502026
3812.0000      -30963.524982
3816.0000      -30761.589675
3820.0000      -30892.330755
3824.0000      -30733.008780
3828.0000      -30964.436928
3832.0000      -30785.399308
3836.0000      -30991.857339
3840.0000      -30924.714075
3844.0000      -30843.672075
3848.0000      -30862.061628
3852.0000      -31057.040567
3856.0000      -30738.774012
3860.0000      -30912.673837
3864.0000      -30958.862228
3868.0000      -30966.452978
3872.0000      -31062.098677
3876.0000      -30778.945222
3880.0000      -30915.769082
3884.0000      -30746.624290
3888.0000      -31053.878213
3892.0000      -30843.838089
3896.0000      -30870.834679
3900.0000      -30886.476670
3904.0000      -31003.302527
3908.0000      -31051.795860
3912.0000      -30944.480410
3916.0000      -30886.402646
3920.0000      -30902.334905
3924.0000      -30743.974786
3928.0000      -30720.738095
3932.0000      -30876.443864
3936.0000      -31014.198316
3940.0000      -30944.311681
3944.0000      -30850.265870
3948.0000      -30856.245406
3952.0000      -30844.511391
3956.0000      -30831.748311
3960.0000      -30870.349650
3964.0000      -30755.827217
3968.0000      -30790.126818
3972.0000      -30760.381140
3976.0000      -30834.844582
3980.0000      -30854.527148
3984.0000      -30908.616998
3988.0000      -30711.174772
3992.0000      -30938.806058
3996.0000      -30767.945473
4000.0000      -30811.954972
4004.0000      -30811.954972
