4.0000      -31102.869808
8.0000      -30798.649865
12.0000      -30927.633339
16.0000      -30909.628345
20.0000      -30845.331361
24.0000      -30941.606278
28.0000      -30947.742382
32.0000      -30859.120372
36.0000      -31090.591126
40.0000      -30990.998283
44.0000      -30895.291725
48.0000      -30891.775618
52.0000      -30656.778401
56.0000      -31007.513363
60.0000      -30919.746478
64.0000      -30882.234666
68.0000      -30826.919659
72.0000      -30937.099945
76.0000      -30895.331945
80.0000      -30827.074547
84.0000      -30980.309833
88.0000      -30889.726201
92.0000      -30935.827555
96.0000      -31063.185246
100.0000      -31091.299686
104.0000      -30978.132395
108.0000      -30960.382290
112.0000      -30963.990516
116.0000      -31143.259905
120.0000      -30944.577465
124.0000      -30923.368583
128.0000      -30986.793033
132.0000      -31050.604647
136.0000      -30863.406933
140.0000      -30973.418469
144.0000      -31063.540459
148.0000      -31105.036180
152.0000      -31036.602910
156.0000      -30963.152286
160.0000      -31082.575383
164.0000      -31003.125248
168.0000      -30855.107370
172.0000      -30708.916895
176.0000      -30883.730091
180.0000      -30898.718301
184.0000      -30957.838760
188.0000      -31029.898539
192.0000      -31021.642881
196.0000      -30900.423787
200.0000      -31024.068427
204.0000      -30867.972086
208.0000      -30940.922071
212.0000      -30892.407683
216.0000      -30859.523480
220.0000      -31031.038640
224.0000      -30819.635927
228.0000      -30935.506028
232.0000      -30789.870640
236.0000      -30957.492540
240.0000      -30825.384686
244.0000      -30880.424563
248.0000      -30887.166487
252.0000      -30784.985032
256.0000      -30982.065160
260.0000      -30987.315696
264.0000      -31017.440550
268.0000      -30962.770236
272.0000      -31044.446092
276.0000      -30915.948201
280.0000      -31036.253485
284.0000      -30772.536561
288.0000      -30896.558543
292.0000      -30928.314266
296.0000      -30975.942114
300.0000      -30775.162207
304.0000      -30925.961355
308.0000      -31051.628103
312.0000      -31001.343006
316.0000      -30923.047091
320.0000      -30721.619453
324.0000      -30872.623338
328.0000      -30824.992942
332.0000      -30963.188904
336.0000      -31061.803060
340.0000      -30801.107707
344.0000      -31092.525013
348.0000      -30896.523370
352.0000      -30828.880110
356.0000      -30889.494023
360.0000      -30799.723040
364.0000      -31022.868305
368.0000      -30882.920639
372.0000      -30864.124931
376.0000      -30912.679003
380.0000      -30971.117274
384.0000      -30860.077662
388.0000      -30814.053186
392.0000      -30926.123551
396.0000      -30779.693142
400.0000      -30921.377663
404.0000      -30889.933472
408.0000      -30820.035575
412.0000      -30970.860767
416.0000      -30981.398015
420.0000      -30967.522507
424.0000      -30945.271583
428.0000      -30862.932281
432.0000      -30863.628962
436.0000      -30863.479497
440.0000      -30856.500972
444.0000      -30916.053951
448.0000      -31044.635121
452.0000      -30988.547892
456.0000      -30805.702923
460.0000      -30837.736764
464.0000      -30940.905251
468.0000      -30861.645415
472.0000      -31049.925743
476.0000      -30906.649531
480.0000      -30816.747062
484.0000      -30933.776812
488.0000      -30909.766382
492.0000      -30751.184730
496.0000      -30790.036463
500.0000      -31113.865584
504.0000      -30978.721930
508.0000      -30758.484582
512.0000      -30894.957856
516.0000      -30830.006590
520.0000      -30814.374402
524.0000      -30829.176630
528.0000      -30851.560351
532.0000      -30778.823269
536.0000      -30853.730764
540.0000      -30863.944522
544.0000      -31098.300323
548.0000      -31000.625571
552.0000      -30963.215461
556.0000      -30850.789124
560.0000      -30956.959909
564.0000      -30874.724910
568.0000      -30931.473159
572.0000      -30970.272973
576.0000      -30951.283243
580.0000      -30852.965034
584.0000      -30875.006786
588.0000      -30843.845632
592.0000      -30904.137237
596.0000      -30962.917641
600.0000      -30967.547449
604.0000      -30902.228503
608.0000      -30878.977574
612.0000      -30855.901829
616.0000      -30934.353773
620.0000      -30919.524895
624.0000      -31058.387749
628.0000      -30859.502334
632.0000      -30919.796727
636.0000      -30945.718806
640.0000      -30904.914173
644.0000      -30965.065201
648.0000      -30963.737246
652.0000      -30961.238158
656.0000      -30926.697552
660.0000      -30859.038063
664.0000      -30883.799881
668.0000      -30998.788224
672.0000      -31037.193757
676.0000      -30973.292417
680.0000      -30867.145644
684.0000      -30897.452559
688.0000      -30963.057740
692.0000      -30869.284948
696.0000      -30858.533550
700.0000      -30762.056997
704.0000      -30795.380565
708.0000      -30890.674689
712.0000      -30693.730256
716.0000      -30791.220587
720.0000      -30811.810479
724.0000      -30770.825199
728.0000      -30969.540889
732.0000      -30964.221005
736.0000      -30911.475766
740.0000      -30884.387473
744.0000      -30881.783032
748.0000      -30811.072323
752.0000      -30805.100100
756.0000      -30999.872657
760.0000      -30807.358141
764.0000      -30725.361703
768.0000      -30797.741566
772.0000      -30866.546340
776.0000      -31004.000145
780.0000      -31062.011585
784.0000      -30955.018995
788.0000      -30980.241574
792.0000      -30803.278740
796.0000      -31045.801451
800.0000      -31096.270198
804.0000      -30735.301339
808.0000      -30856.381376
812.0000      -30935.433394
816.0000      -30913.476204
820.0000      -30991.839290
824.0000      -30913.841209
828.0000      -31037.645379
832.0000      -31184.412543
836.0000      -30995.292227
840.0000      -30891.863961
844.0000      -30926.402658
848.0000      -30905.753503
852.0000      -30810.964156
856.0000      -30900.846683
860.0000      -30723.424874
864.0000      -30822.828939
868.0000      -30832.127179
872.0000      -31102.915735
876.0000      -30938.189233
880.0000      -30941.611175
884.0000      -30978.486463
888.0000      -30872.151118
892.0000      -30737.667202
896.0000      -30910.189357
900.0000      -30822.530682
904.0000      -30758.089432
908.0000      -30913.155143
912.0000      -30975.908067
916.0000      -30730.209227
920.0000      -30923.272919
924.0000      -30951.814676
928.0000      -30981.750223
932.0000      -31015.579737
936.0000      -30864.813916
940.0000      -30951.848692
944.0000      -30875.488351
948.0000      -30959.663283
952.0000      -30975.173383
956.0000      -31032.599279
960.0000      -30912.505329
964.0000      -30701.291211
968.0000      -30797.311174
972.0000      -30804.495237
976.0000      -31072.477073
980.0000      -30895.785183
984.0000      -30869.104127
988.0000      -30778.991644
992.0000      -30970.858414
996.0000      -30914.900495
1000.0000      -31033.354679
1004.0000      -30899.148539
1008.0000      -30873.701909
1012.0000      -30697.342921
1016.0000      -31023.794103
1020.0000      -30860.132627
1024.0000      -30965.236950
1028.0000      -30874.536942
1032.0000      -30997.048492
1036.0000      -31037.772839
1040.0000      -30953.277756
1044.0000      -31001.889510
1048.0000      -30885.841057
1052.0000      -30829.663662
1056.0000      -30982.519305
1060.0000      -31073.744643
1064.0000      -30993.136958
1068.0000      -30883.890920
1072.0000      -30826.342097
1076.0000      -30822.838791
1080.0000      -30981.508855
1084.0000      -30915.776006
1088.0000      -30863.517108
1092.0000      -31087.349525
1096.0000      -30870.640746
1100.0000      -30909.739167
1104.0000      -30796.127936
1108.0000      -30884.728079
1112.0000      -30917.310948
1116.0000      -30973.216828
1120.0000      -31024.332679
1124.0000      -30846.523299
1128.0000      -30896.993487
1132.0000      -31040.288246
1136.0000      -31032.263591
1140.0000      -31005.958834
1144.0000      -30936.254820
1148.0000      -30836.906402
1152.0000      -30823.284254
1156.0000      -30682.023443
1160.0000      -30867.923662
1164.0000      -30841.426050
1168.0000      -30964.723771
1172.0000      -30901.708675
1176.0000      -30879.124518
1180.0000      -30865.880847
1184.0000      -30737.029351
1188.0000      -31096.502606
1192.0000      -30897.960839
1196.0000      -30986.766110
1200.0000      -30965.960604
1204.0000      -31004.485344
1208.0000      -30805.239117
1212.0000      -30992.433184
1216.0000      -30924.663184
1220.0000      -30714.276757
1224.0000      -30793.128262
1228.0000      -30983.843287
1232.0000      -31065.622351
1236.0000      -30853.317943
1240.0000      -31008.907596
1244.0000      -31004.501520
1248.0000      -30968.232648
1252.0000      -30952.804240
1256.0000      -30824.311018
1260.0000      -30868.044521
1264.0000      -30949.988152
1268.0000      -30958.361973
1272.0000      -31033.146720
1276.0000      -30867.173054
1280.0000      -30820.464859
1284.0000      -30924.347297
1288.0000      -30958.612813
1292.0000      -30876.157812
1296.0000      -31104.644832
1300.0000      -30907.208730
1304.0000      -30856.324701
1308.0000      -31007.115673
1312.0000      -31060.846985
1316.0000      -30740.540090
1320.0000      -30870.996749
1324.0000      -30963.246684
1328.0000      -30912.334158
1332.0000      -30990.808931
1336.0000      -30762.696714
1340.0000      -30968.544803
1344.0000      -30935.010924
1348.0000      -30706.970873
1352.0000      -30866.928443
1356.0000      -30857.709943
1360.0000      -30978.334384
1364.0000      -30934.967382
1368.0000      -30902.485845
1372.0000      -30948.856306
1376.0000      -30927.983882
1380.0000      -30907.825084
1384.0000      -30835.116519
1388.0000      -30893.333663
1392.0000      -30905.633812
1396.0000      -31030.773220
1400.0000      -30891.871264
1404.0000      -31023.693747
1408.0000      -30984.237073
1412.0000      -30843.045111
1416.0000      -30837.289046
1420.0000      -30906.347645
1424.0000      -30928.864865
1428.0000      -31015.347472
1432.0000      -31036.684270
1436.0000      -30977.353957
1440.0000      -30961.394592
1444.0000      -30925.571895
1448.0000      -30742.126186
1452.0000      -31046.145873
1456.0000      -30928.535220
1460.0000      -31036.727511
1464.0000      -30912.315792
1468.0000      -30836.489689
1472.0000      -30882.404841
1476.0000      -30884.514554
1480.0000      -30673.696470
1484.0000      -30873.269077
1488.0000      -30915.981673
1492.0000      -30991.831848
1496.0000      -30840.760984
1500.0000      -30912.609311
1504.0000      -30977.716184
1508.0000      -31055.143759
1512.0000      -31039.037802
1516.0000      -30794.015047
1520.0000      -30796.241863
1524.0000      -30910.565430
1528.0000      -30961.555318
1532.0000      -31033.940576
1536.0000      -30893.666114
1540.0000      -30955.625686
1544.0000      -30897.140525
1548.0000      -30928.263892
1552.0000      -30996.461149
1556.0000      -30894.550415
1560.0000      -30952.160058
1564.0000      -31089.502748
1568.0000      -30920.837406
1572.0000      -30923.688757
1576.0000      -30918.717412
1580.0000      -31092.426296
1584.0000      -30864.220594
1588.0000      -30974.356622
1592.0000      -30958.260169
1596.0000      -30990.554140
1600.0000      -30784.298895
1604.0000      -31066.760225
1608.0000      -30987.441984
1612.0000      -30922.657499
1616.0000      -30778.467068
1620.0000      -30897.403969
1624.0000      -30896.423875
1628.0000      -30870.163301
1632.0000      -31036.932958
1636.0000      -30943.887416
1640.0000      -31159.959796
1644.0000      -30955.770186
1648.0000      -30999.867773
1652.0000      -31051.614598
1656.0000      -30783.701938
1660.0000      -30991.709947
1664.0000      -31012.176218
1668.0000      -30892.711681
1672.0000      -30878.436180
1676.0000      -30939.324024
1680.0000      -30826.476945
1684.0000      -30916.169009
1688.0000      -31056.890940
1692.0000      -30833.773261
1696.0000      -30768.608689
1700.0000      -31004.004053
1704.0000      -31046.187557
1708.0000      -30901.320174
1712.0000      -30823.272260
1716.0000      -30842.151965
1720.0000      -30814.765754
1724.0000      -30883.931927
1728.0000      -31086.778566
1732.0000      -30951.576027
1736.0000      -30808.890769
1740.0000      -30959.972725
1744.0000      -30959.146748
1748.0000      -30882.430926
1752.0000      -30882.210249
1756.0000      -31214.273345
1760.0000      -30842.409350
1764.0000      -30857.583993
1768.0000      -30931.534491
1772.0000      -30893.678691
1776.0000      -30744.347150
1780.0000      -31033.821932
1784.0000      -31073.990687
1788.0000      -30855.873323
1792.0000      -30918.529639
1796.0000      -30819.359921
1800.0000      -30961.649853
1804.0000      -30849.761472
1808.0000      -31135.599410
1812.0000      -30978.386185
1816.0000      -30826.533223
1820.0000      -30796.055754
1824.0000      -30805.919392
1828.0000      -30958.244106
1832.0000      -30812.797522
1836.0000      -30973.289651
1840.0000      -30967.850789
1844.0000      -30871.963658
1848.0000      -30987.440721
1852.0000      -30917.537057
1856.0000      -30901.092908
1860.0000      -30910.741550
1864.0000      -30849.586697
1868.0000      -30978.725565
1872.0000      -30884.384131
1876.0000      -30962.947035
1880.0000      -31063.585702
1884.0000      -30938.897527
1888.0000      -30912.929644
1892.0000      -30973.433901
1896.0000      -30975.064456
1900.0000      -30826.957903
1904.0000      -30868.776709
1908.0000      -30839.066784
1912.0000      -30900.536349
1916.0000      -30848.733142
1920.0000      -30954.878913
1924.0000      -30871.006224
1928.0000      -30879.856500
1932.0000      -30890.714114
1936.0000      -30998.084946
1940.0000      -31143.427008
1944.0000      -30843.958564
1948.0000      -30930.037570
1952.0000      -30927.669118
1956.0000      -31090.174397
1960.0000      -31052.033453
1964.0000      -31012.728859
1968.0000      -30953.244089
1972.0000      -30839.226374
1976.0000      -30997.857279
1980.0000      -30989.347521
1984.0000      -30860.421710
1988.0000      -31025.305099
1992.0000      -30862.303459
1996.0000      -30804.966801
2000.0000      -30813.915176
2004.0000      -30936.372772
2008.0000      -30904.977046
2012.0000      -30882.112139
2016.0000      -30926.460503
2020.0000      -30955.059658
2024.0000      -30850.088246
2028.0000      -30924.736844
2032.0000      -30965.213536
2036.0000      -30833.736915
2040.0000      -30951.667874
2044.0000      -30899.611344
2048.0000      -30848.465011
2052.0000      -30925.883855
2056.0000      -30939.773836
2060.0000      -30821.686914
2064.0000      -30967.876596
2068.0000      -30946.197034
2072.0000      -30788.521037
2076.0000      -30763.324175
2080.0000      -30862.837954
2084.0000      -30928.219627
2088.0000      -30940.433288
2092.0000      -30872.102393
2096.0000      -30959.394340
2100.0000      -30900.301844
2104.0000      -30984.642048
2108.0000      -30767.532669
2112.0000      -31037.843917
2116.0000      -30975.960291
2120.0000      -30936.033567
2124.0000      -30923.250389
2128.0000      -30883.532295
2132.0000      -30823.528077
2136.0000      -31066.649788
2140.0000      -30823.646847
2144.0000      -30838.388834
2148.0000      -30941.675752
2152.0000      -30903.072418
2156.0000      -31033.556246
2160.0000      -30901.381566
2164.0000      -30925.728154
2168.0000      -30824.542382
2172.0000      -31012.584973
2176.0000      -30962.367250
2180.0000      -31010.282537
2184.0000      -30907.008800
2188.0000      -30872.081157
2192.0000      -30964.893705
2196.0000      -30993.601581
2200.0000      -30875.606994
2204.0000      -30947.926063
2208.0000      -30753.421521
2212.0000      -31110.963581
2216.0000      -30761.591771
2220.0000      -30898.255650
2224.0000      -30755.095081
2228.0000      -30989.196752
2232.0000      -30992.911324
2236.0000      -31036.506920
2240.0000      -30830.205454
2244.0000      -30920.284490
2248.0000      -30846.464457
2252.0000      -30712.946388
2256.0000      -30914.457385
2260.0000      -31036.119828
2264.0000      -30732.057672
2268.0000      -31046.778974
2272.0000      -31187.005607
2276.0000      -31037.437930
2280.0000      -30921.083461
2284.0000      -30860.229447
2288.0000      -30947.880352
2292.0000      -30810.515696
2296.0000      -31005.563566
2300.0000      -30873.832241
2304.0000      -30982.546455
2308.0000      -30988.575218
2312.0000      -30899.010328
2316.0000      -30952.288640
2320.0000      -31017.231689
2324.0000      -30977.497848
2328.0000      -30992.650886
2332.0000      -31034.058428
2336.0000      -30976.712250
2340.0000      -30993.024796
2344.0000      -31101.404655
2348.0000      -30868.905239
2352.0000      -30873.689154
2356.0000      -30923.958859
2360.0000      -31051.393276
2364.0000      -30746.545188
2368.0000      -31113.355899
2372.0000      -30767.206282
2376.0000      -30872.493957
2380.0000      -30770.282418
2384.0000      -31057.871977
2388.0000      -30838.784489
2392.0000      -30951.069034
2396.0000      -31072.149778
2400.0000      -31071.229836
2404.0000      -30903.784122
2408.0000      -30718.760003
2412.0000      -30990.545653
2416.0000      -30998.311587
2420.0000      -30812.981468
2424.0000      -30851.108859
2428.0000      -30890.002559
2432.0000      -30902.790372
2436.0000      -30898.584285
2440.0000      -30992.262394
2444.0000      -30957.017682
2448.0000      -30902.204518
2452.0000      -30864.595482
2456.0000      -31014.183075
2460.0000      -30970.354429
2464.0000      -30969.445030
2468.0000      -31014.372342
2472.0000      -30836.012196
2476.0000      -31038.408454
2480.0000      -30945.978341
2484.0000      -30995.982414
2488.0000      -30963.123213
2492.0000      -30966.157152
2496.0000      -30906.000045
2500.0000      -30855.447496
2504.0000      -30915.722651
2508.0000      -30991.040069
2512.0000      -30830.125540
2516.0000      -30905.438486
2520.0000      -30978.248145
2524.0000      -30987.182889
2528.0000      -30814.843064
2532.0000      -30942.604556
2536.0000      -31058.291299
2540.0000      -30944.455046
2544.0000      -30861.501882
2548.0000      -30848.815138
2552.0000      -30896.087247
2556.0000      -30866.967536
2560.0000      -30844.938061
2564.0000      -30905.636750
2568.0000      -30831.254950
2572.0000      -30999.867177
2576.0000      -30958.459735
2580.0000      -31112.796012
2584.0000      -30903.082878
2588.0000      -30909.511712
2592.0000      -30729.309618
2596.0000      -30865.235432
2600.0000      -30871.563177
2604.0000      -30972.143058
2608.0000      -30958.011617
2612.0000      -30881.625599
2616.0000      -31026.831891
2620.0000      -30976.360895
2624.0000      -30957.756470
2628.0000      -30871.083006
2632.0000      -30944.417364
2636.0000      -30889.123610
2640.0000      -30869.264900
2644.0000      -30949.484866
2648.0000      -30899.047267
2652.0000      -30829.315428
2656.0000      -30640.278277
2660.0000      -30798.521834
2664.0000      -30926.589592
2668.0000      -31088.752662
2672.0000      -30893.834589
2676.0000      -30764.347852
2680.0000      -30776.038160
2684.0000      -30873.285684
2688.0000      -30880.657586
2692.0000      -31065.409272
2696.0000      -31001.930882
2700.0000      -31009.797600
2704.0000      -30755.695268
2708.0000      -30855.602107
2712.0000      -30860.878770
2716.0000      -30933.471540
2720.0000      -30946.483065
2724.0000      -30842.506452
2728.0000      -31175.827704
2732.0000      -30755.002489
2736.0000      -30907.676919
2740.0000      -30876.544840
2744.0000      -30945.293189
2748.0000      -30802.126588
2752.0000      -30864.478480
2756.0000      -30808.281420
2760.0000      -30977.995471
2764.0000      -30963.456968
2768.0000      -31007.896101
2772.0000      -30920.226273
2776.0000      -30923.935356
2780.0000      -30889.651098
2784.0000      -31062.182285
2788.0000      -30903.855377
2792.0000      -31160.843333
2796.0000      -31014.303175
2800.0000      -30824.054226
2804.0000      -30907.657708
2808.0000      -30925.639156
2812.0000      -30966.635273
2816.0000      -31033.498891
2820.0000      -30943.368416
2824.0000      -30877.513850
2828.0000      -30925.710677
2832.0000      -30664.157131
2836.0000      -30933.884074
2840.0000      -30904.057362
2844.0000      -30923.414822
2848.0000      -30865.654589
2852.0000      -30906.718097
2856.0000      -30965.535742
2860.0000      -30871.041494
2864.0000      -30911.343040
2868.0000      -30755.607165
2872.0000      -31038.041879
2876.0000      -30980.493744
2880.0000      -31008.521114
2884.0000      -30935.910369
2888.0000      -30967.387420
2892.0000      -31047.006263
2896.0000      -30940.620875
2900.0000      -30889.642331
2904.0000      -31024.201263
2908.0000      -31036.722065
2912.0000      -30960.478200
2916.0000      -30948.179984
2920.0000      -30900.892328
2924.0000      -30966.208636
2928.0000      -30913.384067
2932.0000      -30973.479950
2936.0000      -30935.310327
2940.0000      -30883.217415
2944.0000      -30894.242130
2948.0000      -30911.096215
2952.0000      -31008.456703
2956.0000      -30845.318470
2960.0000      -31046.052556
2964.0000      -30839.542059
2968.0000      -31098.537330
2972.0000      -30931.170721
2976.0000      -30953.541043
2980.0000      -30967.952295
2984.0000      -30909.678069
2988.0000      -30777.129174
2992.0000      -30864.123341
2996.0000      -30895.245015
3000.0000      -30952.486697
3004.0000      -30974.750641
3008.0000      -30922.094424
3012.0000      -30961.074826
3016.0000      -30945.666381
3020.0000      -30985.475637
3024.0000      -30943.440824
3028.0000      -31054.748454
3032.0000      -30755.408746
3036.0000      -30836.807246
3040.0000      -30790.240460
3044.0000      -30768.844866
3048.0000      -30923.811129
3052.0000      -30930.606124
3056.0000      -30950.706934
3060.0000      -30776.606459
3064.0000      -30934.124538
3068.0000      -30972.705823
3072.0000      -30964.518330
3076.0000      -30791.405466
3080.0000      -30998.702000
3084.0000      -30897.015300
3088.0000      -30897.919577
3092.0000      -31072.109667
3096.0000      -30891.392899
3100.0000      -30935.187034
3104.0000      -30978.901481
3108.0000      -31019.303980
3112.0000      -31014.624221
3116.0000      -30996.417394
3120.0000      -30773.754044
3124.0000      -30983.921302
3128.0000      -30787.332639
3132.0000      -30836.628285
3136.0000      -30836.516808
3140.0000      -31032.279219
3144.0000      -31001.521724
3148.0000      -30857.985219
3152.0000      -31025.276733
3156.0000      -31032.576475
3160.0000      -30952.562782
3164.0000      -31037.496368
3168.0000      -31038.403390
3172.0000      -31007.129459
3176.0000      -30931.753530
3180.0000      -30878.597296
3184.0000      -31022.532593
3188.0000      -30865.972016
3192.0000      -30749.742810
3196.0000      -30958.147023
3200.0000      -30869.533645
3204.0000      -30778.269457
3208.0000      -30906.793930
3212.0000      -30989.040085
3216.0000      -30948.896102
3220.0000      -31006.905799
3224.0000      -30978.626401
3228.0000      -30887.669557
3232.0000      -30976.368770
3236.0000      -31002.942455
3240.0000      -31063.609888
3244.0000      -30818.494665
3248.0000      -30866.600415
3252.0000      -30944.703485
3256.0000      -30971.440345
3260.0000      -30750.165862
3264.0000      -30887.496680
3268.0000      -31089.907465
3272.0000      -30795.530726
3276.0000      -30682.686244
3280.0000      -30913.123269
3284.0000      -30936.914092
3288.0000      -30842.185448
3292.0000      -31104.177392
3296.0000      -30886.268196
3300.0000      -31085.701072
3304.0000      -31042.647903
3308.0000      -31018.859127
3312.0000      -30852.329858
3316.0000      -30875.907586
3320.0000      -30845.463745
3324.0000      -30882.025923
3328.0000      -30870.823892
3332.0000      -30721.836958
3336.0000      -30791.342702
3340.0000      -30917.263772
3344.0000      -30830.196387
3348.0000      -30993.189396
3352.0000      -30981.668815
3356.0000      -30890.607853
3360.0000      -30994.427777
3364.0000      -30918.937255
3368.0000      -30936.385789
3372.0000      -30928.047822
3376.0000      -30941.175978
3380.0000      -30865.192436
3384.0000      -30775.948283
3388.0000      -30905.755172
3392.0000      -31008.464661
3396.0000      -30983.105916
3400.0000      -30911.307125
3404.0000      -30873.050842
3408.0000      -30758.430085
3412.0000      -30691.018080
3416.0000      -30799.073856
3420.0000      -30752.143043
3424.0000      -30980.695363
3428.0000      -30965.650679
3432.0000      -31007.652847
3436.0000      -30912.644988
3440.0000      -30999.161368
3444.0000      -30882.300345
3448.0000      -31038.436536
3452.0000      -31014.906219
3456.0000      -30961.204946
3460.0000      -30780.702340
3464.0000      -30873.043437
3468.0000      -30956.186925
3472.0000      -30826.757120
3476.0000      -30856.298235
3480.0000      -30768.039116
3484.0000      -30954.132367
3488.0000      -30959.794925
3492.0000      -30934.504747
3496.0000      -30969.667224
3500.0000      -30932.501923
3504.0000      -31016.401884
3508.0000      -30792.496864
3512.0000      -31017.367929
3516.0000      -30834.352361
3520.0000      -31046.786402
3524.0000      -30909.098237
3528.0000      -30980.775055
3532.0000      -30900.761814
3536.0000      -30846.817556
3540.0000      -30890.440939
3544.0000      -30973.493701
3548.0000      -31110.875417
3552.0000      -31153.153938
3556.0000      -30879.965248
3560.0000      -30909.522090
3564.0000      -30854.790298
3568.0000      -30846.730518
3572.0000      -31024.718326
3576.0000      -31075.052940
3580.0000      -31031.002226
3584.0000      -30937.508695
3588.0000      -30857.039468
3592.0000      -30826.744546
3596.0000      -30911.108051
3600.0000      -30920.219287
3604.0000      -30938.294642
3608.0000      -30968.547205
3612.0000      -31073.643046
3616.0000      -30920.673812
3620.0000      -30901.281081
3624.0000      -30932.328728
3628.0000      -30944.267921
3632.0000      -30780.084604
3636.0000      -30713.749295
3640.0000      -30903.203669
3644.0000      -30702.700162
3648.0000      -30955.621450
3652.0000      -30989.328221
3656.0000      -31073.751105
3660.0000      -30851.618860
3664.0000      -30836.899479
3668.0000      -31028.360872
3672.0000      -30800.307576
3676.0000      -30996.368290
3680.0000      -30955.173898
3684.0000      -31030.797225
3688.0000      -30945.081277
3692.0000      -31071.036980
3696.0000      -30881.870758
3700.0000      -30874.249764
3704.0000      -30740.283369
3708.0000      -30956.716545
3712.0000      -30997.629632
3716.0000      -31054.316481
3720.0000      -30911.449879
3724.0000      -31000.524026
3728.0000      -30941.944565
3732.0000      -30739.491122
3736.0000      -30847.846605
3740.0000      -30900.095382
3744.0000      -30836.042875
3748.0000      -30915.102925
3752.0000      -30648.000920
3756.0000      -31131.994538
3760.0000      -30879.478474
3764.0000      -30930.789575
3768.0000      -30888.851373
3772.0000      -30960.565729
3776.0000      -30889.173158
3780.0000      -30821.399692
3784.0000      -30694.611948
3788.0000      -30898.769600
3792.0000      -30841.307555
3796.0000      -30778.584537
3800.0000      -30928.382632
3804.0000      -30924.373601
3808.0000      -30887.597411
3812.0000      -30956.031915
3816.0000      -31044.433521
3820.0000      -30799.161328
3824.0000      -31025.873819
3828.0000      -30751.803763
3832.0000      -30829.003560
3836.0000      -30933.400840
3840.0000      -30968.452901
3844.0000      -31022.107395
3848.0000      -30952.990746
3852.0000      -30975.301678
3856.0000      -30844.751335
3860.0000      -30855.213247
3864.0000      -31024.267647
3868.0000      -30963.610284
3872.0000      -30935.906340
3876.0000      -30879.769451
3880.0000      -30918.746955
3884.0000      -31103.645154
3888.0000      -30858.851455
3892.0000      -30832.474828
3896.0000      -31031.725855
3900.0000      -30936.318631
3904.0000      -30896.467693
3908.0000      -30865.919509
3912.0000      -30797.016163
3916.0000      -30775.251068
3920.0000      -30767.865425
3924.0000      -31007.923383
3928.0000      -31035.785243
3932.0000      -31112.386116
3936.0000      -30854.666121
3940.0000      -31008.647781
3944.0000      -30865.572765
3948.0000      -30744.550552
3952.0000      -30966.519401
3956.0000      -30918.405362
3960.0000      -30882.275754
3964.0000      -30941.930176
3968.0000      -31002.117636
3972.0000      -30916.494398
3976.0000      -30923.895707
3980.0000      -30764.585926
3984.0000      -30875.861863
3988.0000      -30917.491038
3992.0000      -30933.325689
3996.0000      -30929.363622
4000.0000      -30909.046412
4004.0000      -30909.046412
