4.0000      -31086.788746
8.0000      -30783.730615
12.0000      -30912.122012
16.0000      -30895.955521
20.0000      -30829.599744
24.0000      -30934.927860
28.0000      -30936.431535
32.0000      -30844.553961
36.0000      -31074.730239
40.0000      -30974.562604
44.0000      -30884.239775
48.0000      -30874.686836
52.0000      -30639.186167
56.0000      -30991.157091
60.0000      -30908.291400
64.0000      -30867.789088
68.0000      -30811.458229
72.0000      -30922.283992
76.0000      -30880.740645
80.0000      -30809.676981
84.0000      -30971.102011
88.0000      -30878.631193
92.0000      -30923.182436
96.0000      -31050.974793
100.0000      -31072.824362
104.0000      -30967.421075
108.0000      -30944.504773
112.0000      -30951.758777
116.0000      -31127.641707
120.0000      -30928.644223
124.0000      -30907.776345
128.0000      -30976.418313
132.0000      -31033.517105
136.0000      -30847.598878
140.0000      -30959.721407
144.0000      -31049.673639
148.0000      -31087.529765
152.0000      -31023.987511
156.0000      -30947.691285
160.0000      -31069.121009
164.0000      -30991.145318
168.0000      -30841.517939
172.0000      -30693.865997
176.0000      -30874.399194
180.0000      -30885.461231
184.0000      -30941.443564
188.0000      -31013.940324
192.0000      -31005.993020
196.0000      -30890.250250
200.0000      -31006.738025
204.0000      -30852.256891
208.0000      -30926.106053
212.0000      -30876.211030
216.0000      -30846.555791
220.0000      -31016.954257
224.0000      -30810.798665
228.0000      -30917.646767
232.0000      -30783.134399
236.0000      -30947.137303
240.0000      -30809.331587
244.0000      -30867.212209
248.0000      -30871.643936
252.0000      -30767.685539
256.0000      -30965.282239
260.0000      -30972.831667
264.0000      -31003.570678
268.0000      -30949.066259
272.0000      -31026.630385
276.0000      -30905.962641
280.0000      -31021.418271
284.0000      -30754.379749
288.0000      -30879.443546
292.0000      -30912.494588
296.0000      -30961.270516
300.0000      -30757.111150
304.0000      -30911.583740
308.0000      -31034.290675
312.0000      -30986.078716
316.0000      -30913.575880
320.0000      -30709.206712
324.0000      -30861.118751
328.0000      -30812.637615
332.0000      -30948.826790
336.0000      -31048.949014
340.0000      -30789.868204
344.0000      -31075.296135
348.0000      -30887.677660
352.0000      -30813.369750
356.0000      -30875.274267
360.0000      -30783.598029
364.0000      -31007.230496
368.0000      -30868.708312
372.0000      -30856.481583
376.0000      -30896.839779
380.0000      -30956.099012
384.0000      -30844.700436
388.0000      -30799.182001
392.0000      -30915.623136
396.0000      -30767.730735
400.0000      -30904.744578
404.0000      -30874.838280
408.0000      -30803.336850
412.0000      -30959.005677
416.0000      -30970.034829
420.0000      -30948.698540
424.0000      -30936.684750
428.0000      -30849.651030
432.0000      -30849.109375
436.0000      -30846.908671
440.0000      -30840.892251
444.0000      -30898.108315
448.0000      -31028.940802
452.0000      -30973.352473
456.0000      -30791.100170
460.0000      -30822.050456
464.0000      -30925.113299
468.0000      -30845.960177
472.0000      -31032.151113
476.0000      -30893.428636
480.0000      -30799.115379
484.0000      -30917.552683
488.0000      -30890.974671
492.0000      -30734.925792
496.0000      -30782.702827
500.0000      -31096.842490
504.0000      -30965.006112
508.0000      -30741.242975
512.0000      -30886.358142
516.0000      -30815.684372
520.0000      -30796.271934
524.0000      -30817.525074
528.0000      -30833.923875
532.0000      -30764.067865
536.0000      -30846.436150
540.0000      -30848.266225
544.0000      -31078.339818
548.0000      -30997.097518
552.0000      -30948.504005
556.0000      -30832.099880
560.0000      -30940.127792
564.0000      -30857.440528
568.0000      -30912.517451
572.0000      -30958.375118
576.0000      -30938.390952
580.0000      -30840.015650
584.0000      -30858.829451
588.0000      -30826.235309
592.0000      -30889.954490
596.0000      -30949.044730
600.0000      -30948.944921
604.0000      -30882.332074
608.0000      -30866.043650
612.0000      -30839.539875
616.0000      -30920.200774
620.0000      -30904.824259
624.0000      -31043.459244
628.0000      -30844.379253
632.0000      -30906.076110
636.0000      -30929.080916
640.0000      -30896.652400
644.0000      -30948.371384
648.0000      -30949.632084
652.0000      -30945.647221
656.0000      -30910.426236
660.0000      -30850.805268
664.0000      -30874.187278
668.0000      -30985.038355
672.0000      -31020.004154
676.0000      -30956.084769
680.0000      -30851.387430
684.0000      -30881.051897
688.0000      -30944.826637
692.0000      -30855.728833
696.0000      -30849.604884
700.0000      -30747.579188
704.0000      -30778.161394
708.0000      -30876.539878
712.0000      -30675.274655
716.0000      -30774.040609
720.0000      -30797.639709
724.0000      -30758.343417
728.0000      -30954.519899
732.0000      -30953.538872
736.0000      -30908.990639
740.0000      -30870.368859
744.0000      -30865.423234
748.0000      -30801.918816
752.0000      -30788.758219
756.0000      -30985.935924
760.0000      -30794.013376
764.0000      -30710.476684
768.0000      -30783.471564
772.0000      -30854.112392
776.0000      -30988.367625
780.0000      -31043.828563
784.0000      -30939.724843
788.0000      -30970.846381
792.0000      -30789.978307
796.0000      -31028.324525
800.0000      -31082.445298
804.0000      -30720.313873
808.0000      -30841.084928
812.0000      -30926.625573
816.0000      -30899.668560
820.0000      -30974.475441
824.0000      -30898.425600
828.0000      -31027.448627
832.0000      -31169.643040
836.0000      -30980.813846
840.0000      -30878.470004
844.0000      -30912.415587
848.0000      -30892.906471
852.0000      -30799.855415
856.0000      -30887.312503
860.0000      -30707.930629
864.0000      -30809.254964
868.0000      -30817.927307
872.0000      -31088.271370
876.0000      -30930.728345
880.0000      -30927.403883
884.0000      -30962.196965
888.0000      -30858.420176
892.0000      -30721.324655
896.0000      -30895.623435
900.0000      -30811.901967
904.0000      -30744.011879
908.0000      -30899.434746
912.0000      -30965.790588
916.0000      -30713.023277
920.0000      -30908.894928
924.0000      -30940.254309
928.0000      -30964.610057
932.0000      -31002.424511
936.0000      -30848.992285
940.0000      -30936.319264
944.0000      -30862.179975
948.0000      -30942.286509
952.0000      -30959.510310
956.0000      -31016.821828
960.0000      -30895.834675
964.0000      -30686.946544
968.0000      -30781.077320
972.0000      -30795.926926
976.0000      -31056.890675
980.0000      -30881.348875
984.0000      -30853.075012
988.0000      -30764.981879
992.0000      -30953.888846
996.0000      -30897.943871
1000.0000      -31022.511919
1004.0000      -30883.227020
1008.0000      -30858.473103
1012.0000      -30682.248894
1016.0000      -31007.686062
1020.0000      -30859.322509
1024.0000      -30951.000214
1028.0000      -30860.693174
1032.0000      -30981.103904
1036.0000      -31021.857300
1040.0000      -30939.885295
1044.0000      -30991.577280
1048.0000      -30868.564940
1052.0000      -30813.606643
1056.0000      -30968.051242
1060.0000      -31059.868710
1064.0000      -30976.795667
1068.0000      -30868.985723
1072.0000      -30811.346499
1076.0000      -30806.601172
1080.0000      -30974.261958
1084.0000      -30899.702991
1088.0000      -30857.789375
1092.0000      -31078.168468
1096.0000      -30855.014133
1100.0000      -30896.472374
1104.0000      -30780.855662
1108.0000      -30871.170320
1112.0000      -30901.348997
1116.0000      -30962.012025
1120.0000      -31013.800182
1124.0000      -30830.240445
1128.0000      -30882.282863
1132.0000      -31029.987169
1136.0000      -31019.010803
1140.0000      -30990.424386
1144.0000      -30922.844305
1148.0000      -30825.318187
1152.0000      -30807.211803
1156.0000      -30668.009321
1160.0000      -30854.701336
1164.0000      -30826.311246
1168.0000      -30951.228722
1172.0000      -30885.619386
1176.0000      -30864.739555
1180.0000      -30852.370497
1184.0000      -30721.797595
1188.0000      -31081.542429
1192.0000      -30885.909535
1196.0000      -30972.556569
1200.0000      -30951.873746
1204.0000      -30994.230271
1208.0000      -30791.115987
1212.0000      -30978.140095
1216.0000      -30909.320971
1220.0000      -30702.270990
1224.0000      -30779.150475
1228.0000      -30967.669632
1232.0000      -31048.417496
1236.0000      -30836.388378
1240.0000      -30991.872366
1244.0000      -30988.793160
1248.0000      -30952.817153
1252.0000      -30941.506439
1256.0000      -30811.486023
1260.0000      -30864.326695
1264.0000      -30934.061117
1268.0000      -30941.966172
1272.0000      -31019.105066
1276.0000      -30854.596403
1280.0000      -30811.045593
1284.0000      -30910.644324
1288.0000      -30943.902028
1292.0000      -30861.261196
1296.0000      -31088.386195
1300.0000      -30890.905918
1304.0000      -30838.910096
1308.0000      -30997.980071
1312.0000      -31052.237603
1316.0000      -30726.811674
1320.0000      -30856.583322
1324.0000      -30948.419928
1328.0000      -30894.235032
1332.0000      -30974.416551
1336.0000      -30747.179841
1340.0000      -30955.541810
1344.0000      -30920.011828
1348.0000      -30693.074077
1352.0000      -30853.850362
1356.0000      -30839.779091
1360.0000      -30960.554248
1364.0000      -30919.977311
1368.0000      -30887.627807
1372.0000      -30933.046553
1376.0000      -30912.200102
1380.0000      -30892.790746
1384.0000      -30819.992305
1388.0000      -30875.996428
1392.0000      -30891.094345
1396.0000      -31015.142194
1400.0000      -30875.195957
1404.0000      -31013.449094
1408.0000      -30968.859406
1412.0000      -30827.788120
1416.0000      -30820.015043
1420.0000      -30888.496565
1424.0000      -30918.233489
1428.0000      -31002.008171
1432.0000      -31020.845984
1436.0000      -30960.920156
1440.0000      -30945.471974
1444.0000      -30911.677492
1448.0000      -30727.704494
1452.0000      -31032.034802
1456.0000      -30924.448368
1460.0000      -31021.886258
1464.0000      -30897.691031
1468.0000      -30823.526043
1472.0000      -30866.053411
1476.0000      -30866.353605
1480.0000      -30658.337012
1484.0000      -30856.674232
1488.0000      -30899.733899
1492.0000      -30975.837449
1496.0000      -30826.623224
1500.0000      -30900.441242
1504.0000      -30963.886156
1508.0000      -31038.852244
1512.0000      -31024.712973
1516.0000      -30778.497492
1520.0000      -30786.018145
1524.0000      -30895.363441
1528.0000      -30944.792187
1532.0000      -31024.833769
1536.0000      -30877.123963
1540.0000      -30944.353859
1544.0000      -30882.441301
1548.0000      -30916.983799
1552.0000      -30979.032899
1556.0000      -30878.734010
1560.0000      -30936.314362
1564.0000      -31074.556017
1568.0000      -30902.689658
1572.0000      -30909.982192
1576.0000      -30900.626180
1580.0000      -31077.485228
1584.0000      -30848.654605
1588.0000      -30959.026175
1592.0000      -30942.500778
1596.0000      -30974.482931
1600.0000      -30777.203909
1604.0000      -31052.022489
1608.0000      -30972.090028
1612.0000      -30909.535282
1616.0000      -30764.461727
1620.0000      -30885.490260
1624.0000      -30879.403219
1628.0000      -30857.520325
1632.0000      -31021.907364
1636.0000      -30928.144987
1640.0000      -31144.284743
1644.0000      -30943.370835
1648.0000      -30985.373140
1652.0000      -31035.938170
1656.0000      -30784.597440
1660.0000      -30974.878490
1664.0000      -30996.315023
1668.0000      -30876.716109
1672.0000      -30863.677843
1676.0000      -30922.911276
1680.0000      -30813.241148
1684.0000      -30899.344398
1688.0000      -31043.203563
1692.0000      -30826.383708
1696.0000      -30753.846280
1700.0000      -30986.238515
1704.0000      -31027.212750
1708.0000      -30884.442652
1712.0000      -30812.692583
1716.0000      -30824.345561
1720.0000      -30797.651805
1724.0000      -30868.036245
1728.0000      -31071.310330
1732.0000      -30936.997411
1736.0000      -30789.983213
1740.0000      -30944.012648
1744.0000      -30948.744662
1748.0000      -30865.876319
1752.0000      -30867.170321
1756.0000      -31200.965617
1760.0000      -30824.747296
1764.0000      -30841.935979
1768.0000      -30917.588038
1772.0000      -30876.083730
1776.0000      -30729.486688
1780.0000      -31018.772640
1784.0000      -31058.384371
1788.0000      -30839.341790
1792.0000      -30902.206937
1796.0000      -30801.190391
1800.0000      -30944.722982
1804.0000      -30833.589608
1808.0000      -31123.439825
1812.0000      -30962.524243
1816.0000      -30811.978602
1820.0000      -30780.044512
1824.0000      -30795.186776
1828.0000      -30942.108793
1832.0000      -30797.323594
1836.0000      -30954.990835
1840.0000      -30950.665579
1844.0000      -30861.514217
1848.0000      -30972.327030
1852.0000      -30905.507925
1856.0000      -30883.742418
1860.0000      -30895.390415
1864.0000      -30835.615824
1868.0000      -30962.999887
1872.0000      -30867.683923
1876.0000      -30948.670288
1880.0000      -31049.478261
1884.0000      -30927.835695
1888.0000      -30897.514761
1892.0000      -30957.093471
1896.0000      -30959.328981
1900.0000      -30811.035071
1904.0000      -30855.005741
1908.0000      -30823.253460
1912.0000      -30885.849586
1916.0000      -30837.795692
1920.0000      -30948.066550
1924.0000      -30855.872634
1928.0000      -30864.397287
1932.0000      -30879.490682
1936.0000      -30985.436450
1940.0000      -31127.230820
1944.0000      -30829.339184
1948.0000      -30917.839185
1952.0000      -30909.277244
1956.0000      -31075.433041
1960.0000      -31037.989161
1964.0000      -30998.548826
1968.0000      -30939.417539
1972.0000      -30822.057621
1976.0000      -30984.018894
1980.0000      -30975.232083
1984.0000      -30844.028861
1988.0000      -31009.959405
1992.0000      -30848.572176
1996.0000      -30791.743319
2000.0000      -30801.187019
2004.0000      -30925.393937
2008.0000      -30889.108527
2012.0000      -30877.352200
2016.0000      -30912.831985
2020.0000      -30941.810335
2024.0000      -30834.292173
2028.0000      -30910.407078
2032.0000      -30949.068285
2036.0000      -30819.432241
2040.0000      -30934.894559
2044.0000      -30884.448712
2048.0000      -30832.492000
2052.0000      -30913.332795
2056.0000      -30922.307221
2060.0000      -30807.650331
2064.0000      -30952.789193
2068.0000      -30931.280005
2072.0000      -30773.196334
2076.0000      -30746.704856
2080.0000      -30846.928731
2084.0000      -30912.404662
2088.0000      -30927.252854
2092.0000      -30863.061057
2096.0000      -30941.707546
2100.0000      -30888.219782
2104.0000      -30969.845670
2108.0000      -30752.466848
2112.0000      -31022.405524
2116.0000      -30960.852888
2120.0000      -30920.553620
2124.0000      -30906.809847
2128.0000      -30870.029477
2132.0000      -30807.922369
2136.0000      -31052.122474
2140.0000      -30811.583730
2144.0000      -30822.226205
2148.0000      -30925.065629
2152.0000      -30891.239906
2156.0000      -31017.278229
2160.0000      -30885.909453
2164.0000      -30910.353059
2168.0000      -30813.828275
2172.0000      -30995.964060
2176.0000      -30946.333364
2180.0000      -30998.941293
2184.0000      -30893.302292
2188.0000      -30854.495099
2192.0000      -30952.622489
2196.0000      -30977.902996
2200.0000      -30862.592138
2204.0000      -30932.044774
2208.0000      -30737.713220
2212.0000      -31095.646483
2216.0000      -30744.799904
2220.0000      -30878.829250
2224.0000      -30739.486552
2228.0000      -30972.784382
2232.0000      -30981.717386
2236.0000      -31022.716782
2240.0000      -30814.212549
2244.0000      -30905.215487
2248.0000      -30833.844004
2252.0000      -30703.572012
2256.0000      -30897.535969
2260.0000      -31022.885929
2264.0000      -30717.975006
2268.0000      -31031.941018
2272.0000      -31178.811280
2276.0000      -31024.200290
2280.0000      -30908.526253
2284.0000      -30848.282584
2288.0000      -30932.633882
2292.0000      -30795.891926
2296.0000      -30988.871788
2300.0000      -30863.930791
2304.0000      -30969.927839
2308.0000      -30972.118715
2312.0000      -30882.954849
2316.0000      -30938.564071
2320.0000      -31000.653629
2324.0000      -30963.227942
2328.0000      -30978.307718
2332.0000      -31018.245749
2336.0000      -30961.400040
2340.0000      -30976.736730
2344.0000      -31086.611367
2348.0000      -30853.894271
2352.0000      -30858.092650
2356.0000      -30913.730143
2360.0000      -31037.091171
2364.0000      -30732.469036
2368.0000      -31097.776728
2372.0000      -30751.877181
2376.0000      -30860.886196
2380.0000      -30753.638365
2384.0000      -31047.204713
2388.0000      -30822.595209
2392.0000      -30930.757573
2396.0000      -31055.993170
2400.0000      -31054.590385
2404.0000      -30888.986220
2408.0000      -30703.832946
2412.0000      -30977.486776
2416.0000      -30983.231861
2420.0000      -30801.395149
2424.0000      -30834.408270
2428.0000      -30876.410238
2432.0000      -30889.687183
2436.0000      -30883.104360
2440.0000      -30989.271334
2444.0000      -30941.629482
2448.0000      -30888.443222
2452.0000      -30853.068092
2456.0000      -31005.525756
2460.0000      -30961.223568
2464.0000      -30960.831163
2468.0000      -31003.796332
2472.0000      -30826.051994
2476.0000      -31025.740444
2480.0000      -30933.769480
2484.0000      -30979.567914
2488.0000      -30946.892508
2492.0000      -30949.932743
2496.0000      -30888.106604
2500.0000      -30843.375860
2504.0000      -30902.245375
2508.0000      -30974.941580
2512.0000      -30812.569837
2516.0000      -30891.324565
2520.0000      -30961.981103
2524.0000      -30970.936962
2528.0000      -30798.548239
2532.0000      -30931.144469
2536.0000      -31047.173458
2540.0000      -30929.054456
2544.0000      -30844.265121
2548.0000      -30832.010957
2552.0000      -30881.957072
2556.0000      -30849.236722
2560.0000      -30827.701090
2564.0000      -30900.736472
2568.0000      -30814.515717
2572.0000      -30985.494812
2576.0000      -30944.499490
2580.0000      -31098.567984
2584.0000      -30886.636972
2588.0000      -30895.002661
2592.0000      -30715.157355
2596.0000      -30857.352772
2600.0000      -30860.670978
2604.0000      -30957.778071
2608.0000      -30940.058166
2612.0000      -30870.221693
2616.0000      -31013.942987
2620.0000      -30964.547610
2624.0000      -30943.561597
2628.0000      -30857.556902
2632.0000      -30932.827603
2636.0000      -30876.876182
2640.0000      -30854.752024
2644.0000      -30931.171897
2648.0000      -30881.998718
2652.0000      -30815.099201
2656.0000      -30624.074382
2660.0000      -30783.652538
2664.0000      -30913.551987
2668.0000      -31072.585146
2672.0000      -30876.896677
2676.0000      -30745.106172
2680.0000      -30765.617573
2684.0000      -30858.994497
2688.0000      -30863.358284
2692.0000      -31051.139625
2696.0000      -31008.332826
2700.0000      -30995.825491
2704.0000      -30740.281658
2708.0000      -30840.335563
2712.0000      -30844.921651
2716.0000      -30916.756754
2720.0000      -30931.158387
2724.0000      -30830.184165
2728.0000      -31164.281538
2732.0000      -30740.135013
2736.0000      -30894.493488
2740.0000      -30860.090184
2744.0000      -30931.273993
2748.0000      -30788.302950
2752.0000      -30854.023763
2756.0000      -30794.237691
2760.0000      -30965.644428
2764.0000      -30949.997243
2768.0000      -30994.233451
2772.0000      -30906.356139
2776.0000      -30911.132832
2780.0000      -30873.327491
2784.0000      -31045.959842
2788.0000      -30889.970876
2792.0000      -31144.675666
2796.0000      -30998.229031
2800.0000      -30807.952323
2804.0000      -30894.319596
2808.0000      -30924.627544
2812.0000      -30951.579102
2816.0000      -31016.218351
2820.0000      -30928.629946
2824.0000      -30863.197412
2828.0000      -30913.798402
2832.0000      -30646.991274
2836.0000      -30918.412862
2840.0000      -30889.282792
2844.0000      -30912.727028
2848.0000      -30850.181025
2852.0000      -30892.286247
2856.0000      -30948.842410
2860.0000      -30854.797951
2864.0000      -30898.409937
2868.0000      -30741.478298
2872.0000      -31021.682360
2876.0000      -30965.546359
2880.0000      -30993.310939
2884.0000      -30919.776548
2888.0000      -30952.755778
2892.0000      -31032.972609
2896.0000      -30926.644343
2900.0000      -30874.651123
2904.0000      -31013.733499
2908.0000      -31020.341658
2912.0000      -30944.029826
2916.0000      -30934.040796
2920.0000      -30883.268845
2924.0000      -30949.573177
2928.0000      -30900.061965
2932.0000      -30956.555539
2936.0000      -30922.687244
2940.0000      -30864.817013
2944.0000      -30878.036568
2948.0000      -30894.177377
2952.0000      -30995.907817
2956.0000      -30830.599352
2960.0000      -31032.131562
2964.0000      -30825.854650
2968.0000      -31086.150514
2972.0000      -30914.403981
2976.0000      -30936.884875
2980.0000      -30952.911468
2984.0000      -30893.516290
2988.0000      -30760.984464
2992.0000      -30850.048340
2996.0000      -30879.585292
3000.0000      -30939.334993
3004.0000      -30960.109944
3008.0000      -30908.208330
3012.0000      -30942.801548
3016.0000      -30928.822774
3020.0000      -30968.610083
3024.0000      -30927.361097
3028.0000      -31040.649876
3032.0000      -30737.961602
3036.0000      -30822.519746
3040.0000      -30773.318126
3044.0000      -30758.853921
3048.0000      -30908.987812
3052.0000      -30915.473823
3056.0000      -30934.599393
3060.0000      -30761.191412
3064.0000      -30918.927933
3068.0000      -30963.703086
3072.0000      -30952.912080
3076.0000      -30782.219091
3080.0000      -30988.336805
3084.0000      -30880.195383
3088.0000      -30890.887524
3092.0000      -31059.432575
3096.0000      -30875.492565
3100.0000      -30941.686296
3104.0000      -30961.903619
3108.0000      -31004.964292
3112.0000      -30999.113428
3116.0000      -30980.107638
3120.0000      -30757.374011
3124.0000      -30969.009500
3128.0000      -30772.155185
3132.0000      -30821.491980
3136.0000      -30823.296994
3140.0000      -31018.378302
3144.0000      -30987.288387
3148.0000      -30841.416638
3152.0000      -31008.783808
3156.0000      -31020.788568
3160.0000      -30935.377730
3164.0000      -31025.431726
3168.0000      -31019.800062
3172.0000      -30989.886090
3176.0000      -30919.875318
3180.0000      -30863.016338
3184.0000      -31006.613929
3188.0000      -30851.179260
3192.0000      -30736.295400
3196.0000      -30943.357675
3200.0000      -30853.799506
3204.0000      -30764.471187
3208.0000      -30894.598919
3212.0000      -30975.537859
3216.0000      -30931.173052
3220.0000      -30992.603510
3224.0000      -30962.764455
3228.0000      -30875.926031
3232.0000      -30960.948715
3236.0000      -30985.815325
3240.0000      -31047.401124
3244.0000      -30801.804860
3248.0000      -30852.608000
3252.0000      -30928.809667
3256.0000      -30956.066209
3260.0000      -30736.932340
3264.0000      -30871.002368
3268.0000      -31076.496187
3272.0000      -30781.421522
3276.0000      -30666.743850
3280.0000      -30894.939840
3284.0000      -30923.395010
3288.0000      -30834.188383
3292.0000      -31089.742491
3296.0000      -30894.106152
3300.0000      -31070.901599
3304.0000      -31026.953127
3308.0000      -31002.789393
3312.0000      -30840.129195
3316.0000      -30861.541234
3320.0000      -30827.459753
3324.0000      -30867.826302
3328.0000      -30853.948032
3332.0000      -30708.366413
3336.0000      -30774.082865
3340.0000      -30906.720208
3344.0000      -30813.159074
3348.0000      -30980.998229
3352.0000      -30966.077974
3356.0000      -30879.329013
3360.0000      -30978.426375
3364.0000      -30905.878179
3368.0000      -30918.246015
3372.0000      -30912.599495
3376.0000      -30924.536130
3380.0000      -30851.751087
3384.0000      -30770.458700
3388.0000      -30890.170798
3392.0000      -30991.157936
3396.0000      -30966.737718
3400.0000      -30902.132860
3404.0000      -30862.696587
3408.0000      -30742.589860
3412.0000      -30675.247772
3416.0000      -30782.891579
3420.0000      -30736.826553
3424.0000      -30966.655332
3428.0000      -30951.790506
3432.0000      -30992.856044
3436.0000      -30897.355967
3440.0000      -30983.721394
3444.0000      -30867.126603
3448.0000      -31022.223854
3452.0000      -30998.792325
3456.0000      -30950.054498
3460.0000      -30768.923766
3464.0000      -30869.362269
3468.0000      -30947.579279
3472.0000      -30810.659652
3476.0000      -30841.092939
3480.0000      -30755.150048
3484.0000      -30941.211495
3488.0000      -30948.933150
3492.0000      -30918.578271
3496.0000      -30954.649685
3500.0000      -30918.904816
3504.0000      -31002.051651
3508.0000      -30778.075971
3512.0000      -31000.837635
3516.0000      -30820.723174
3520.0000      -31031.974621
3524.0000      -30894.282461
3528.0000      -30964.565283
3532.0000      -30886.344932
3536.0000      -30832.935295
3540.0000      -30873.623561
3544.0000      -30960.553841
3548.0000      -31101.817116
3552.0000      -31137.644818
3556.0000      -30866.372338
3560.0000      -30895.838282
3564.0000      -30840.418092
3568.0000      -30839.136554
3572.0000      -31005.762076
3576.0000      -31060.188640
3580.0000      -31016.429033
3584.0000      -30926.897025
3588.0000      -30840.210172
3592.0000      -30812.472305
3596.0000      -30895.282987
3600.0000      -30907.121385
3604.0000      -30924.875601
3608.0000      -30953.642228
3612.0000      -31059.725106
3616.0000      -30906.865102
3620.0000      -30890.076086
3624.0000      -30918.298064
3628.0000      -30927.616098
3632.0000      -30762.708429
3636.0000      -30699.610473
3640.0000      -30888.393834
3644.0000      -30690.875178
3648.0000      -30941.615852
3652.0000      -30976.568906
3656.0000      -31059.563923
3660.0000      -30839.972170
3664.0000      -30822.317058
3668.0000      -31013.744038
3672.0000      -30790.085934
3676.0000      -30982.375500
3680.0000      -30941.186777
3684.0000      -31017.152505
3688.0000      -30930.364260
3692.0000      -31055.312977
3696.0000      -30870.046573
3700.0000      -30861.943539
3704.0000      -30725.962013
3708.0000      -30943.784494
3712.0000      -30980.121176
3716.0000      -31039.413121
3720.0000      -30896.281188
3724.0000      -30987.165331
3728.0000      -30928.778954
3732.0000      -30723.322115
3736.0000      -30834.716082
3740.0000      -30889.331607
3744.0000      -30822.088673
3748.0000      -30900.825365
3752.0000      -30634.619473
3756.0000      -31115.040440
3760.0000      -30864.015931
3764.0000      -30914.511059
3768.0000      -30873.016107
3772.0000      -30947.206515
3776.0000      -30871.656478
3780.0000      -30806.688403
3784.0000      -30680.444027
3788.0000      -30883.292745
3792.0000      -30826.998596
3796.0000      -30764.500484
3800.0000      -30922.996728
3804.0000      -30909.603795
3808.0000      -30872.249507
3812.0000      -30941.792914
3816.0000      -31028.612313
3820.0000      -30784.362062
3824.0000      -31010.405259
3828.0000      -30735.276480
3832.0000      -30813.662016
3836.0000      -30917.925816
3840.0000      -30952.142384
3844.0000      -31010.766259
3848.0000      -30938.908653
3852.0000      -30964.752769
3856.0000      -30860.742382
3860.0000      -30841.210194
3864.0000      -31010.654612
3868.0000      -30948.114237
3872.0000      -30920.174230
3876.0000      -30864.245531
3880.0000      -30904.282063
3884.0000      -31088.841807
3888.0000      -30843.820854
3892.0000      -30819.463355
3896.0000      -31019.958890
3900.0000      -30919.619163
3904.0000      -30887.254641
3908.0000      -30848.680376
3912.0000      -30783.699340
3916.0000      -30763.432379
3920.0000      -30759.034776
3924.0000      -30993.842480
3928.0000      -31024.894157
3932.0000      -31096.547043
3936.0000      -30839.806052
3940.0000      -30992.373181
3944.0000      -30849.544591
3948.0000      -30730.557429
3952.0000      -30955.675654
3956.0000      -30902.038677
3960.0000      -30865.179513
3964.0000      -30940.578990
3968.0000      -30991.847864
3972.0000      -30906.547139
3976.0000      -30915.246668
3980.0000      -30750.583427
3984.0000      -30860.955571
3988.0000      -30921.529239
3992.0000      -30916.942032
3996.0000      -30914.796975
4000.0000      -30890.376487
4004.0000      -30890.376487
