4.0000     -733209.598995
8.0000     -732707.166952
12.0000     -732906.847085
16.0000     -732529.922341
20.0000     -732877.372398
24.0000     -733057.833617
28.0000     -732978.216984
32.0000     -733099.498284
36.0000     -733344.947817
40.0000     -732949.544430
44.0000     -733267.276990
48.0000     -733401.438358
52.0000     -733707.131848
56.0000     -732764.211656
60.0000     -733356.625628
64.0000     -732551.368981
68.0000     -732642.605528
72.0000     -732673.992562
76.0000     -732502.542667
80.0000     -733928.055585
84.0000     -733259.002028
88.0000     -733225.781764
92.0000     -732951.078559
96.0000     -733561.635992
100.0000     -728139.483603
104.0000     -732645.659537
108.0000     -733422.320193
112.0000     -732763.461951
116.0000     -733464.197467
120.0000     -733430.995019
124.0000     -732791.125071
128.0000     -732542.901494
132.0000     -732711.444547
136.0000     -733794.771306
140.0000     -733352.943101
144.0000     -733091.552363
148.0000     -734099.413636
152.0000     -733605.225007
156.0000     -733362.364147
160.0000     -733377.808845
164.0000     -733426.000405
168.0000     -733002.524856
172.0000     -731881.037053
176.0000     -733163.224934
180.0000     -732472.055099
184.0000     -732810.779602
188.0000     -733514.737158
192.0000     -733335.976452
196.0000     -732925.221288
200.0000     -733244.798118
204.0000     -733414.761263
208.0000     -732885.833721
212.0000     -732262.699930
216.0000     -732910.126083
220.0000     -732098.319019
224.0000     -733156.370179
228.0000     -732750.815455
232.0000     -733062.808511
236.0000     -732539.854627
240.0000     -733104.332877
244.0000     -733222.399069
248.0000     -733073.139469
252.0000     -733618.982243
256.0000     -732842.285635
260.0000     -732256.841025
264.0000     -728636.018047
268.0000     -733669.444891
272.0000     -733312.572211
276.0000     -733407.987019
280.0000     -733569.231461
284.0000     -730051.620013
288.0000     -732948.824251
292.0000     -732839.175167
296.0000     -732993.194677
300.0000     -732355.779650
304.0000     -733270.520869
308.0000     -732605.285315
312.0000     -733424.941980
316.0000     -733882.640610
320.0000     -732746.832656
324.0000     -732835.756472
328.0000     -733169.514519
332.0000     -733563.783839
336.0000     -733531.366874
340.0000     -733360.991482
344.0000     -733027.176946
348.0000     -733978.573014
352.0000     -733372.858247
356.0000     -733264.043081
360.0000     -733839.405837
364.0000     -733016.140255
368.0000     -733410.997458
372.0000     -733922.836901
376.0000     -734308.093256
380.0000     -732753.605550
384.0000     -733063.495764
388.0000     -734204.821718
392.0000     -733673.677982
396.0000     -733327.777043
400.0000     -733076.490407
404.0000     -732546.155502
408.0000     -733356.034189
412.0000     -733186.529496
416.0000     -733005.053113
420.0000     -732563.573946
424.0000     -733191.002795
428.0000     -733829.215054
432.0000     -732956.327751
436.0000     -732750.356002
440.0000     -732329.602792
444.0000     -733108.460834
448.0000     -732561.381846
452.0000     -733416.281465
456.0000     -552311.950570
460.0000     -732721.837111
464.0000     -733943.972209
468.0000     -733036.397550
472.0000     -732800.701872
476.0000     -732560.229167
480.0000     -732968.444828
484.0000     -733543.944996
488.0000     -734141.401045
492.0000     -733253.858418
496.0000     -732532.327277
500.0000     -732390.576612
504.0000     -732546.671259
508.0000     -733219.730396
512.0000     -733101.191387
516.0000     -733128.473052
520.0000     -733700.350411
524.0000     -733197.000274
528.0000     -733205.609138
532.0000     -732973.295868
536.0000     -732836.665850
540.0000     -732721.595777
544.0000     -733052.111602
548.0000     -733220.659363
552.0000     -732316.012486
556.0000     -733632.825810
560.0000     -733094.386170
564.0000     -732850.735446
568.0000     -733230.874027
572.0000     -733748.118994
576.0000     -733493.884216
580.0000     -733812.631621
584.0000     -733301.877621
588.0000     -733420.964597
592.0000     -733185.943792
596.0000     -733415.053624
600.0000     -734195.378046
604.0000     -734111.028292
608.0000     -733488.666926
612.0000     -733376.194165
616.0000     -732957.487160
620.0000     -733654.389236
624.0000     -732748.040059
628.0000     -733472.400302
632.0000     -732834.789463
636.0000     -733680.099636
640.0000     -733290.111039
644.0000     -732840.607765
648.0000     -733386.444059
652.0000     -733377.340462
656.0000     -732803.877494
660.0000     -733054.041547
664.0000     -732948.374311
668.0000     -732937.641427
672.0000     -733914.687877
676.0000     -732489.160798
680.0000     -733089.693920
684.0000     -732821.450016
688.0000     -732673.358113
692.0000     -733757.410828
696.0000     -733731.843095
700.0000     -732815.623143
704.0000     -733240.298006
708.0000     -733874.590145
712.0000     -733684.467601
716.0000     -732719.519755
720.0000     -733402.528161
724.0000     -733166.449453
728.0000     -732360.188881
732.0000     -732719.931195
736.0000     -733640.447931
740.0000     -420472.314683
744.0000     -713626.305885
748.0000     -733156.927098
752.0000     -733759.794559
756.0000     -733328.499992
760.0000     -733790.152464
764.0000     -733235.642516
768.0000     -733937.440164
772.0000     -733417.339068
776.0000     -734067.242156
780.0000     -733081.711274
784.0000     -733346.756105
788.0000     -733422.198755
792.0000     -732933.715270
796.0000     -733637.458118
800.0000     -732933.390305
804.0000     -733283.498710
808.0000     -732906.033106
812.0000     -732231.526054
816.0000     -733003.836202
820.0000     -731798.835044
824.0000     -732906.545250
828.0000     -732470.548678
832.0000     -731111.187999
836.0000     -733238.814658
840.0000     -732589.317517
844.0000     -733231.253764
848.0000     -733596.486338
852.0000     -733227.895032
856.0000     -732722.813105
860.0000     -732367.753022
864.0000     -733106.621823
868.0000     -733574.256613
872.0000     -733670.097419
876.0000     -732625.762022
880.0000     -733020.808539
884.0000     -732740.783814
888.0000     -732288.082002
892.0000     -731007.086570
896.0000     -733293.081680
900.0000     -733148.599923
904.0000     -714589.949416
908.0000     -734026.110944
912.0000     -733390.759994
916.0000     -733554.224969
920.0000     -733700.858931
924.0000     -733265.525574
928.0000     -733896.440088
932.0000     -733021.051678
936.0000     -733278.637739
940.0000     -733872.669935
944.0000     -733360.555253
948.0000     -732242.344161
952.0000     -732442.457552
956.0000     -733422.333888
960.0000     -734220.288012
964.0000     -733376.675772
968.0000     -733069.673194
972.0000     -733970.406824
976.0000     -732948.812592
980.0000     -734127.864323
984.0000     -733499.119890
988.0000     -725391.424500
992.0000     -732943.004339
996.0000     -733122.565550
1000.0000     -733070.076939
1004.0000     -732808.963181
1008.0000     -733786.036063
1012.0000     -718953.718300
1016.0000     -732927.711157
1020.0000     -733559.005327
1024.0000     -733899.196621
1028.0000     -733408.175949
1032.0000     -732667.509166
1036.0000     -733315.647118
1040.0000     -733499.743323
1044.0000     -733068.546477
1048.0000     -732655.123936
1052.0000     -733160.491863
1056.0000     -733302.237276
1060.0000     -733677.788896
1064.0000     -732728.483655
1068.0000     -733044.041123
1072.0000     -732549.605735
1076.0000     -732536.078250
1080.0000     -732906.889914
1084.0000     -732971.462106
1088.0000     -733880.335182
1092.0000     -733209.371813
1096.0000     -732250.312080
1100.0000     -733218.542950
1104.0000     -732806.751868
1108.0000     -732907.885429
1112.0000     -733956.942057
1116.0000     -732755.487085
1120.0000     -733906.740840
1124.0000     -733865.789508
1128.0000     -732713.356702
1132.0000     -733531.482267
1136.0000     -733175.427504
1140.0000     -733162.820058
1144.0000     -733536.840896
1148.0000     -733951.647827
1152.0000     -733626.574744
1156.0000     -733004.043819
1160.0000     -733193.136781
1164.0000     -733222.770447
1168.0000     -733432.145547
1172.0000     -733572.825572
1176.0000     -733893.679278
1180.0000     -733455.288319
1184.0000     -733369.531863
1188.0000     -733922.240954
1192.0000     -732939.894159
1196.0000     -733686.143481
1200.0000     -732978.487267
1204.0000     -732958.671003
1208.0000     -733382.163284
1212.0000     -733675.970187
1216.0000     -733052.699080
1220.0000     -732201.681141
1224.0000     -733112.904447
1228.0000     -732996.734185
1232.0000     -733191.368617
1236.0000     -733281.546083
1240.0000     -733698.491759
1244.0000     -733389.762404
1248.0000     -733116.347397
1252.0000     -732083.681976
1256.0000     -733473.877744
1260.0000     -733875.719064
1264.0000     -732967.593119
1268.0000     -733280.790121
1272.0000     -732929.111772
1276.0000     -733270.144962
1280.0000     -733034.963760
1284.0000     -733404.323216
1288.0000     -733509.400394
1292.0000     -733033.152076
1296.0000     -733802.605407
1300.0000     -731112.008085
1304.0000     -733141.498350
1308.0000     -732891.651101
1312.0000     -732599.433065
1316.0000     -733079.683808
1320.0000     -733465.161608
1324.0000     -734217.270415
1328.0000     -733888.345455
1332.0000     -733314.812235
1336.0000     -733661.556825
1340.0000     -732963.737494
1344.0000     -733619.192523
1348.0000     -732958.946516
1352.0000     -733740.147969
1356.0000     -733590.047630
1360.0000     -733604.037638
1364.0000     -732881.927637
1368.0000     -734085.432065
1372.0000     -733382.768900
1376.0000     -732028.852235
1380.0000     -733498.521627
1384.0000     -732680.168552
1388.0000     -733403.649126
1392.0000     -734148.585949
1396.0000     -732684.077428
1400.0000     -733087.856406
1404.0000     -733542.600285
1408.0000     -733711.416641
1412.0000     -733383.103340
1416.0000     -733788.564499
1420.0000     -733245.531536
1424.0000     -733322.445827
1428.0000     -733339.992363
1432.0000     -733681.163443
1436.0000     -733954.322276
1440.0000     -733540.210154
1444.0000     -734103.504977
1448.0000     -733159.779004
1452.0000     -732901.575999
1456.0000     -733730.246454
1460.0000     -733270.811070
1464.0000     -733670.905398
1468.0000     -733247.088705
1472.0000     -733141.626612
1476.0000     -733401.724268
1480.0000     -733904.351653
1484.0000     -734020.904686
1488.0000     -734446.137682
1492.0000     -733637.812733
1496.0000     -733321.065430
1500.0000     -733780.350913
1504.0000     -733948.986804
1508.0000     -733706.389104
1512.0000     -734227.462784
1516.0000     -734086.156922
1520.0000     -733384.774618
1524.0000     -733087.577700
1528.0000     -733309.861727
1532.0000     -733018.423771
1536.0000     -733600.306268
1540.0000     -732537.151368
1544.0000     -733835.659837
1548.0000     -733807.398422
1552.0000     -733775.668520
1556.0000     -733299.629764
1560.0000     -733708.649579
1564.0000     -733286.885482
1568.0000     -734306.260106
1572.0000     -733464.234505
1576.0000     -733857.408158
1580.0000     -733653.504165
1584.0000     -733388.182424
1588.0000     -733439.863382
1592.0000     -734408.504016
1596.0000     -733652.927080
1600.0000     -735069.695231
1604.0000     -734744.695945
1608.0000     -733680.725030
1612.0000     -733166.722692
1616.0000     -733970.218283
1620.0000     -733428.613571
1624.0000     -733609.109430
1628.0000     -733860.754273
1632.0000     -733723.649708
1636.0000     1416765.568907
1640.0000     -734486.531353
1644.0000     -733391.124290
1648.0000     -733266.137363
1652.0000     -733773.800432
1656.0000     -733141.293637
1660.0000     -733584.607093
1664.0000     -733350.510503
1668.0000     -733456.999177
1672.0000     -733457.615509
1676.0000     -733167.257036
1680.0000     -732598.615300
1684.0000     -733255.953067
1688.0000     -732328.995113
1692.0000     -733147.471529
1696.0000     -733119.421863
1700.0000     -733185.163778
1704.0000     -733066.044344
1708.0000     -734129.463784
1712.0000     -733923.584073
1716.0000     -733153.016890
1720.0000     -732750.958668
1724.0000     -733546.556759
1728.0000     -734012.070509
1732.0000     -733842.058369
1736.0000     -733309.555831
1740.0000     -732098.894343
1744.0000     -732508.495418
1748.0000     -733257.506607
1752.0000     -733400.195553
1756.0000     -732351.935544
1760.0000     -732540.948556
1764.0000     -733178.649922
1768.0000     -734086.971987
1772.0000     -733850.123299
1776.0000     -733916.846231
1780.0000     -733355.379133
1784.0000     -733361.204271
1788.0000     -733991.539108
1792.0000     -732068.145092
1796.0000     -733630.880743
1800.0000     -732869.632971
1804.0000     -733941.886874
1808.0000     -733573.218690
1812.0000     -732933.372420
1816.0000     -733195.598023
1820.0000     -733343.142028
1824.0000     -733536.924332
1828.0000     -732915.955787
1832.0000     -733848.004737
1836.0000     -733600.645022
1840.0000     -733888.075049
1844.0000     -733282.718118
1848.0000     -732937.342698
1852.0000     -733459.840974
1856.0000     -732958.241294
1860.0000     -732657.527156
1864.0000     -733000.807709
1868.0000     -733322.988216
1872.0000     -734055.719759
1876.0000     -733368.175850
1880.0000     -733116.660532
1884.0000     -732803.788997
1888.0000     -732481.469760
1892.0000     -733411.869958
1896.0000     -734024.882364
1900.0000     -733663.710757
1904.0000     -733799.508787
1908.0000     -732681.015109
1912.0000     -733687.161594
1916.0000     -733619.316390
1920.0000     -734221.235281
1924.0000     -732804.623260
1928.0000     -733406.946159
1932.0000     -733446.972491
1936.0000     -734091.642285
1940.0000     -733405.542878
1944.0000     -733250.334034
1948.0000     -733062.216263
1952.0000     -733035.622308
1956.0000     -733957.750401
1960.0000     -732445.796333
1964.0000     -733702.599872
1968.0000     -733275.077492
1972.0000     -733215.398155
1976.0000     -733656.747518
1980.0000     -733806.040725
1984.0000     -732775.503334
1988.0000     -729708.113992
1992.0000     -732724.837401
1996.0000     -733676.206403
2000.0000     -733051.519145
2004.0000     -733466.826770
2008.0000     -733677.478738
2012.0000     -733194.515557
2016.0000     -733083.376253
2020.0000     -733338.402489
2024.0000     -732680.872947
2028.0000     -733188.534513
2032.0000     -732769.784376
2036.0000     -732886.915724
2040.0000     -732789.084179
2044.0000     -733336.582267
2048.0000     -733351.650586
2052.0000     -732770.958382
2056.0000     -733049.641270
2060.0000     -732248.806279
2064.0000     -591292.143968
2068.0000     -733394.193303
2072.0000     -733225.612926
2076.0000     -734002.283348
2080.0000     -732767.361510
2084.0000     -732742.153403
2088.0000     -732975.862539
2092.0000     -733809.862373
2096.0000     -733300.618482
2100.0000     -733984.988327
2104.0000     -732656.562548
2108.0000     -732444.692344
2112.0000     -733022.917824
2116.0000     -733741.800094
2120.0000     -733706.497644
2124.0000     -734119.827371
2128.0000     -733430.123604
2132.0000     -733706.997851
2136.0000     -734269.250686
2140.0000     -733263.206174
2144.0000     -733918.688658
2148.0000     -733723.578204
2152.0000     -733121.631965
2156.0000     -733651.860946
2160.0000     -733563.999148
2164.0000     -733610.927801
2168.0000     -734351.762199
2172.0000     -734076.388309
2176.0000     -733275.915197
2180.0000     -733283.719721
2184.0000     -733717.152652
2188.0000     -733268.216033
2192.0000     -733935.123329
2196.0000     -733050.647700
2200.0000     -733225.156136
2204.0000     -733129.634669
2208.0000     -732214.495558
2212.0000     -732604.372621
2216.0000     -733820.769820
2220.0000     -733391.147231
2224.0000     -733714.670798
2228.0000     -732771.012750
2232.0000     -733630.688028
2236.0000     -732949.246986
2240.0000     -733219.211163
2244.0000     -733568.137083
2248.0000     -733736.959976
2252.0000     -732894.915479
2256.0000     -734078.569280
2260.0000     -733652.811997
2264.0000     -732398.180335
2268.0000     -733319.490440
2272.0000     -733632.667663
2276.0000     -733701.542732
2280.0000     -733613.326118
2284.0000     -733026.697690
2288.0000     -734103.911697
2292.0000     -733753.628555
2296.0000     -734008.318162
2300.0000     -733514.308452
2304.0000     -732740.378578
2308.0000     -733604.272185
2312.0000     -734123.557916
2316.0000     -733367.431937
2320.0000     -733529.950010
2324.0000     -733462.056836
2328.0000     -733467.135823
2332.0000     -733548.359508
2336.0000     -732692.577386
2340.0000     -733123.418798
2344.0000     -733402.464215
2348.0000     -734125.977760
2352.0000     -732678.850476
2356.0000     -732673.775621
2360.0000     -733267.062876
2364.0000     -733308.062141
2368.0000     -734413.095932
2372.0000     -732867.052564
2376.0000     -733706.193078
2380.0000     -733957.010063
2384.0000     -733385.602854
2388.0000     -733542.214028
2392.0000     -733230.512814
2396.0000     -733360.782857
2400.0000     -733278.465510
2404.0000     -733281.660760
2408.0000     -734301.683193
2412.0000     -734546.706993
2416.0000     -734125.953616
2420.0000     -735001.157138
2424.0000     -733742.895328
2428.0000     -733642.204528
2432.0000     -733513.042078
2436.0000     -734312.103302
2440.0000     -733904.157966
2444.0000     -734159.621794
2448.0000     -732838.256140
2452.0000     -733078.059929
2456.0000     -734101.507897
2460.0000     -732916.779753
2464.0000     -733612.166952
2468.0000     -733792.930119
2472.0000     -733732.952573
2476.0000     -733599.290132
2480.0000     -732908.023737
2484.0000     -733788.346765
2488.0000     -733419.555438
2492.0000     -732837.569197
2496.0000     -722836.350025
2500.0000     -732958.823911
2504.0000     -732799.820529
2508.0000     -733916.503900
2512.0000     -734018.933103
2516.0000     -733134.675216
2520.0000     -733316.086705
2524.0000     -733407.797518
2528.0000     -733200.540638
2532.0000     -733730.123508
2536.0000     -733526.215286
2540.0000     -732914.075361
2544.0000     -733055.512922
2548.0000     -733122.388154
2552.0000     -733618.459564
2556.0000     -733220.293612
2560.0000     -733424.109608
2564.0000     -733618.475477
2568.0000     -733100.802145
2572.0000     -733868.458450
2576.0000     -733480.679739
2580.0000     -733911.135962
2584.0000     -733403.321894
2588.0000     -734068.449588
2592.0000     -734036.043586
2596.0000     -733646.409349
2600.0000     -733883.736903
2604.0000     -733205.421583
2608.0000     -734148.253284
2612.0000     -733915.688467
2616.0000     -733045.114379
2620.0000     -734532.294984
2624.0000     -733887.216020
2628.0000     -734128.527058
2632.0000     -733808.756817
2636.0000     -733385.978192
2640.0000     -732914.850477
2644.0000     -733989.236977
2648.0000     -733466.994653
2652.0000     -734220.338271
2656.0000     -734143.718073
2660.0000     -733598.494903
2664.0000     -733371.938940
2668.0000     -733734.047662
2672.0000     -734293.231266
2676.0000     -734047.610231
2680.0000     -733596.770083
2684.0000     -733953.583319
2688.0000     -733844.849839
2692.0000     -733437.964957
2696.0000     -733793.559081
2700.0000     -733333.262594
2704.0000     -734002.114854
2708.0000     -734030.183818
2712.0000     -733804.582856
2716.0000     -733060.102838
2720.0000     -729811.400791
2724.0000     -732962.953758
2728.0000     -733669.591777
2732.0000     -734474.790009
2736.0000     -733626.806767
2740.0000     -733200.306844
2744.0000     -733298.250185
2748.0000     -733427.596123
2752.0000     -733398.344186
2756.0000     -734564.468855
2760.0000     -733435.498643
2764.0000     -733861.660026
2768.0000     -733325.070434
2772.0000     -733834.418054
2776.0000     -732772.712212
2780.0000     -733385.333191
2784.0000     -733919.176297
2788.0000     -733628.009210
2792.0000     -733107.073321
2796.0000     -733092.231417
2800.0000     -733063.449108
2804.0000     -732797.917401
2808.0000     -732938.577585
2812.0000     -733522.105957
2816.0000     -732888.119767
2820.0000     -732588.741802
2824.0000     -732238.662343
2828.0000     -732841.431618
2832.0000     -733423.520203
2836.0000     -733543.406204
2840.0000     -733431.618460
2844.0000     -732950.356736
2848.0000     -732444.114815
2852.0000     -732134.582042
2856.0000     -732447.283738
2860.0000     -734063.698080
2864.0000     -733171.507542
2868.0000     -732968.399723
2872.0000     -733111.564331
2876.0000     -733291.401438
2880.0000     -732918.072589
2884.0000     -733673.046848
2888.0000     -733303.275046
2892.0000     -734226.530008
2896.0000     -732943.010230
2900.0000     -733252.057927
2904.0000     -733140.978003
2908.0000     -733032.538788
2912.0000     -734146.863323
2916.0000     -733411.984470
2920.0000     -733892.053674
2924.0000     -732493.847495
2928.0000     -733188.544348
2932.0000     -682473.303522
2936.0000     -733314.674566
2940.0000     -728808.344468
2944.0000     -733083.111107
2948.0000     -733586.335501
2952.0000     -733754.059982
2956.0000     -733370.235244
2960.0000     -733328.252691
2964.0000     -733266.514292
2968.0000     -732917.210537
2972.0000     -733295.750206
2976.0000     -733179.325084
2980.0000     -732884.477701
2984.0000     -733373.436473
2988.0000     -734326.719469
2992.0000     -733828.547188
2996.0000     -733915.054224
3000.0000     -734268.109597
3004.0000     -733190.532420
3008.0000     -732607.057872
3012.0000     -733003.273197
3016.0000     -733669.122774
3020.0000     -733681.092539
3024.0000     -733217.278582
3028.0000     -733658.806612
3032.0000     -733215.848207
3036.0000     -733944.641675
3040.0000     -733035.085547
3044.0000     -732869.220566
3048.0000     -733375.820917
3052.0000     -733582.013834
3056.0000     -733438.389824
3060.0000     -733231.822682
3064.0000     -733077.520821
3068.0000     -733926.885796
3072.0000     -733325.116664
3076.0000     -733769.772722
3080.0000     -733367.163735
3084.0000     -733267.749587
3088.0000     -733933.069541
3092.0000     -733773.102535
3096.0000     -733404.840462
3100.0000     -734220.267017
3104.0000     -732786.744405
3108.0000     -733400.703866
3112.0000     -733151.147395
3116.0000     -732776.299227
3120.0000     -732806.797922
3124.0000     -734308.554243
3128.0000     -733257.711937
3132.0000     -733637.876719
3136.0000     -734016.781326
3140.0000     -733197.451344
3144.0000     -733433.768474
3148.0000     -733314.802696
3152.0000     -732862.058938
3156.0000     -733713.676900
3160.0000     -732916.670614
3164.0000     -734168.142148
3168.0000     -733720.497431
3172.0000     -734042.348760
3176.0000     -734264.522859
3180.0000     -733327.786774
3184.0000     -733693.277052
3188.0000     -733269.783275
3192.0000     -733096.499189
3196.0000     -733531.237963
3200.0000     -733853.136312
3204.0000     -710126.402533
3208.0000     -734467.983032
3212.0000     -733464.256313
3216.0000     -734267.531516
3220.0000     -733438.261870
3224.0000     -733284.132083
3228.0000     -734171.945984
3232.0000     -732889.190591
3236.0000     -732861.905616
3240.0000     -733365.072916
3244.0000     -733797.818405
3248.0000     -732834.010299
3252.0000     -733082.781132
3256.0000     -733562.082241
3260.0000     -734617.613640
3264.0000     -733424.249635
3268.0000     -732876.473721
3272.0000     -733539.417413
3276.0000     -732746.203061
3280.0000     -733914.085404
3284.0000     -733420.276154
3288.0000     -733213.371775
3292.0000     -733768.798561
3296.0000     -733430.247123
3300.0000     -733741.859613
3304.0000     -734196.938751
3308.0000     -733365.086681
3312.0000     -733931.014098
3316.0000     -730532.250267
3320.0000     -733372.178863
3324.0000     -732810.228523
3328.0000     -732869.746428
3332.0000     -733686.971540
3336.0000     -733520.442949
3340.0000     -733509.224845
3344.0000     -734462.656751
3348.0000     -733811.904460
3352.0000     -733624.431490
3356.0000     -733003.015709
3360.0000     -733964.892644
3364.0000     -733420.371055
3368.0000     -734097.377648
3372.0000     -733037.033501
3376.0000     -732466.181700
3380.0000     -734094.990631
3384.0000     -733561.086268
3388.0000     1859425.081832
3392.0000     -695257.887992
3396.0000     -733858.307978
3400.0000     -733524.227982
3404.0000     -733189.379844
3408.0000     -734365.133800
3412.0000     -733324.475085
3416.0000     -733620.770871
3420.0000     -733306.703639
3424.0000     -734033.363364
3428.0000     -733015.172990
3432.0000     -733800.538457
3436.0000     -733241.350413
3440.0000     -732126.225115
3444.0000     -733771.162753
3448.0000     -733749.662400
3452.0000     -734062.041285
3456.0000     -734025.140180
3460.0000     -733121.149991
3464.0000     -733279.958081
3468.0000     -732600.570316
3472.0000     -732814.641516
3476.0000     -733565.925765
3480.0000     -733346.306807
3484.0000     -732887.433726
3488.0000     -732977.074401
3492.0000     -733309.137118
3496.0000     -732897.686970
3500.0000     -733577.392394
3504.0000     -732992.833267
3508.0000     -733641.392110
3512.0000     -733426.625663
3516.0000     -733514.986667
3520.0000     -733498.076053
3524.0000     -733404.985541
3528.0000     -733495.913438
3532.0000     -733138.349297
3536.0000     -732529.375008
3540.0000     -733742.222807
3544.0000     -732806.713397
3548.0000     -732912.531611
3552.0000     -733347.303619
3556.0000     -733448.507412
3560.0000     2011562.594589
3564.0000     -732836.145946
3568.0000     -733115.268835
3572.0000     -733838.541232
3576.0000     -733586.362428
3580.0000     -733675.326332
3584.0000     -733168.317484
3588.0000     -733420.231206
3592.0000     -733431.886910
3596.0000     -732456.592025
3600.0000     -733486.581176
3604.0000     -733425.593190
3608.0000     -733336.808719
3612.0000     -733785.164171
3616.0000     -734691.669654
3620.0000     -733311.465322
3624.0000     -733491.073928
3628.0000     -733085.940341
3632.0000     -733702.324449
3636.0000     -732059.926143
3640.0000     -733083.222887
3644.0000     -733620.371805
3648.0000     -733023.999357
3652.0000     -733810.628008
3656.0000     -733869.546061
3660.0000     -732871.497183
3664.0000     -732907.712139
3668.0000     -733539.311598
3672.0000     -733929.993212
3676.0000     -733377.713513
3680.0000     -733748.030311
3684.0000     -733158.129508
3688.0000     -733442.651071
3692.0000     -733775.421917
3696.0000     -735063.948884
3700.0000     -733903.286032
3704.0000     -734145.261664
3708.0000     -733843.038407
3712.0000     -733165.997748
3716.0000     -733147.068637
3720.0000     -733582.486016
3724.0000     -733691.422613
3728.0000     -733697.751868
3732.0000     -731291.716632
3736.0000     -733197.228810
3740.0000     -733591.815597
3744.0000     -733389.496244
3748.0000     -732827.605617
3752.0000     -733349.467041
3756.0000     -733614.558725
3760.0000     -734015.418979
3764.0000     -734221.677482
3768.0000     -732603.786775
3772.0000     -733718.279317
3776.0000     -734241.832738
3780.0000     -733995.366612
3784.0000     -733698.719196
3788.0000     -733545.827705
3792.0000     -734247.702602
3796.0000     -733721.061401
3800.0000     -733918.259533
3804.0000     -733599.166675
3808.0000     -733359.700703
3812.0000     -734550.907677
3816.0000     -733578.849441
3820.0000     -733454.986127
3824.0000     -732926.278723
3828.0000     -734733.079912
3832.0000     -734180.149107
3836.0000     -733002.292939
3840.0000     -733854.723849
3844.0000     -733824.420696
3848.0000     -733385.825337
3852.0000     -733538.233475
3856.0000     -733660.259822
3860.0000     -733809.027511
3864.0000     -577961.386517
3868.0000     -734052.569139
3872.0000     -734007.263447
3876.0000     -733825.974426
3880.0000     -734566.447008
3884.0000     -734241.917192
3888.0000     -733580.265126
3892.0000     -733305.876633
3896.0000     -733000.040407
3900.0000     -734401.550140
3904.0000     -733510.633712
3908.0000     -732827.199432
3912.0000     -733414.067435
3916.0000     -733257.957580
3920.0000     -733450.094759
3924.0000     -734522.808310
3928.0000     -733622.948437
3932.0000     -733555.096791
3936.0000     -733352.510531
3940.0000     -733903.748350
3944.0000     -734284.704746
3948.0000     -733466.480060
3952.0000     -733329.294467
3956.0000     -733570.118908
3960.0000     -733834.271950
3964.0000     -734427.101331
3968.0000     -733814.547829
3972.0000     -733974.492875
3976.0000     -733624.191782
3980.0000     -733895.969148
3984.0000     -733280.773078
3988.0000     -733659.426248
3992.0000     -733555.445341
3996.0000     -732697.329669
4000.0000     -734501.735370
4004.0000     -734501.735370
