4.0000     -733200.893695
8.0000     -732700.944366
12.0000     -732902.152670
16.0000     -732523.541299
20.0000     -732867.306717
24.0000     -733047.616203
28.0000     -732982.199990
32.0000     -733092.736219
36.0000     -733347.709002
40.0000     -733029.835207
44.0000     -733261.420558
48.0000     -733394.903153
52.0000     -733702.742052
56.0000     -732754.823278
60.0000     -733348.125502
64.0000     -732545.703908
68.0000     -732633.446839
72.0000     -732718.090711
76.0000     -732498.538090
80.0000     -734007.678985
84.0000     -733254.866235
88.0000     -733229.476935
92.0000     -732946.443101
96.0000     -733571.157582
100.0000     -733539.576019
104.0000     -733160.117801
108.0000     -733413.843996
112.0000     -732758.035098
116.0000     -733498.561643
120.0000     -733456.728885
124.0000     -732835.900056
128.0000     -732537.138604
132.0000     -732724.679083
136.0000     -733790.105672
140.0000     -733346.798834
144.0000     -733088.162849
148.0000     -734134.572633
152.0000     -733610.240453
156.0000     -733355.568509
160.0000     -733370.402756
164.0000     -733416.652888
168.0000     -732992.740129
172.0000     -732515.415448
176.0000     -733155.301255
180.0000     -732462.403660
184.0000     -732844.298650
188.0000     -733505.700017
192.0000     -733327.270191
196.0000     -732926.729171
200.0000     -733237.269305
204.0000     -733406.508721
208.0000     -732995.739414
212.0000     -732254.015934
216.0000     -732904.393253
220.0000     -732088.841971
224.0000     -733148.161057
228.0000     -732740.805404
232.0000     -733058.371507
236.0000     -732534.043400
240.0000     -733096.416744
244.0000     -733216.865251
248.0000     -733062.358630
252.0000     -733615.834834
256.0000     -732837.790287
260.0000     -732811.233838
264.0000     -732631.964902
268.0000     -733675.409403
272.0000     -733305.860742
276.0000     -733402.467581
280.0000     -733574.840801
284.0000     -732746.327093
288.0000     -732971.171504
292.0000     -732829.172685
296.0000     -733021.171850
300.0000     -732351.212392
304.0000     -733337.405754
308.0000     -732623.982876
312.0000     -733419.296010
316.0000     -733873.704160
320.0000     -732773.711119
324.0000     -732832.511375
328.0000     -733168.307478
332.0000     -733560.317303
336.0000     -733528.614299
340.0000     -733642.521280
344.0000     -733059.545576
348.0000     -733972.969354
352.0000     -733366.870955
356.0000     -733277.403411
360.0000     -733846.436158
364.0000     -733011.938003
368.0000     -733403.711677
372.0000     -733915.229220
376.0000     -734303.688332
380.0000     -732756.657235
384.0000     -733054.058427
388.0000     -734201.418096
392.0000     -733664.402664
396.0000     -733319.576347
400.0000     -733073.717197
404.0000     -732548.241940
408.0000     -733347.670692
412.0000     -733216.889415
416.0000     -732999.493719
420.0000     -732584.032750
424.0000     -733198.593600
428.0000     -733822.540148
432.0000     -732948.059365
436.0000     -732742.153362
440.0000     -732322.425849
444.0000     -733103.152764
448.0000     -732552.747124
452.0000     -733409.929061
456.0000     -732634.810527
460.0000     -732755.631795
464.0000     -733937.945749
468.0000     -733040.110709
472.0000     -733093.056187
476.0000     -732552.961721
480.0000     -732971.061075
484.0000     -733563.781482
488.0000     -734150.394900
492.0000     -733248.001553
496.0000     -732714.644185
500.0000     -732386.921897
504.0000     -732543.571717
508.0000     -733227.624830
512.0000     -733219.472206
516.0000     -733119.459848
520.0000     -733692.850606
524.0000     -733188.448648
528.0000     -733199.032007
532.0000     -733127.099659
536.0000     -733454.951995
540.0000     -732713.940300
544.0000     -733117.490327
548.0000     -733215.518321
552.0000     -732318.598027
556.0000     -733639.781988
560.0000     -733083.444409
564.0000     -732852.982066
568.0000     -733221.160160
572.0000     -733747.823913
576.0000     -733487.886002
580.0000     -733804.912218
584.0000     -733318.822086
588.0000     -733421.065205
592.0000     -733176.897630
596.0000     -733407.051265
600.0000     -734187.990871
604.0000     -734163.455258
608.0000     -733487.046799
612.0000     -733373.927863
616.0000     -733005.150140
620.0000     -733648.922830
624.0000     -732741.956785
628.0000     -733464.672999
632.0000     -732851.536010
636.0000     -733674.618289
640.0000     -733281.633040
644.0000     -732833.329834
648.0000     -733377.916391
652.0000     -733366.866026
656.0000     -732807.033973
660.0000     -733051.896164
664.0000     -732952.551197
668.0000     -732933.595301
672.0000     -733906.544780
676.0000     -732483.726930
680.0000     -733083.288347
684.0000     -732988.867573
688.0000     -732683.913572
692.0000     -733909.538352
696.0000     -733723.368453
700.0000     -732812.627522
704.0000     -733241.425358
708.0000     -733865.805219
712.0000     -733703.506445
716.0000     -732713.033460
720.0000     -733582.253183
724.0000     -733158.612525
728.0000     -732358.108370
732.0000     -733038.272989
736.0000     -733686.831216
740.0000     -733018.868952
744.0000     -733236.381543
748.0000     -733148.740597
752.0000     -733755.856776
756.0000     -733326.651715
760.0000     -733813.521415
764.0000     -733228.967580
768.0000     -733944.819572
772.0000     -733412.552821
776.0000     -734059.467338
780.0000     -733080.998969
784.0000     -733356.380761
788.0000     -733428.142757
792.0000     -732925.007432
796.0000     -733632.706980
800.0000     -733525.117536
804.0000     -733277.355066
808.0000     -732908.699027
812.0000     -732224.097379
816.0000     -732993.367848
820.0000     -732607.983166
824.0000     -732897.549815
828.0000     -732647.682528
832.0000     -733109.966588
836.0000     -733231.501734
840.0000     -732607.797526
844.0000     -733224.599699
848.0000     -733596.266861
852.0000     -733219.138394
856.0000     -732715.004193
860.0000     -732433.328531
864.0000     -733097.105578
868.0000     -733570.314341
872.0000     -733665.136134
876.0000     -732652.285096
880.0000     -733016.822835
884.0000     -732795.080001
888.0000     -732329.322675
892.0000     -732960.659215
896.0000     -733302.740322
900.0000     -733139.949169
904.0000     -733380.064765
908.0000     -734033.261643
912.0000     -733411.563593
916.0000     -733565.533153
920.0000     -733699.228789
924.0000     -733260.756339
928.0000     -733923.735196
932.0000     -733351.760400
936.0000     -733351.724904
940.0000     -733880.696862
944.0000     -733400.640411
948.0000     -733195.414350
952.0000     -732966.496480
956.0000     -733564.473044
960.0000     -734436.719156
964.0000     -733371.568473
968.0000     -733115.789867
972.0000     -733991.284777
976.0000     -732973.044054
980.0000     -734118.635407
984.0000     -733507.452550
988.0000     -733081.284308
992.0000     -733355.887023
996.0000     -733118.276005
1000.0000     -733083.428837
1004.0000     -732802.881538
1008.0000     -733775.941817
1012.0000     -733554.209059
1016.0000     -732935.302422
1020.0000     -733548.947687
1024.0000     -733890.959123
1028.0000     -733419.253551
1032.0000     -732689.656780
1036.0000     -733305.394008
1040.0000     -733490.240450
1044.0000     -733064.686164
1048.0000     -732649.623929
1052.0000     -733151.313583
1056.0000     -733294.222587
1060.0000     -733668.525022
1064.0000     -732819.624158
1068.0000     -733033.980805
1072.0000     -732541.851612
1076.0000     -732526.180275
1080.0000     -732897.798699
1084.0000     -733030.249392
1088.0000     -733881.246412
1092.0000     -733199.677102
1096.0000     -733719.342150
1100.0000     -733228.899785
1104.0000     -732819.261577
1108.0000     -732903.687936
1112.0000     -733951.598015
1116.0000     -732747.805167
1120.0000     -733916.000377
1124.0000     -733856.458399
1128.0000     -732712.235246
1132.0000     -733525.486071
1136.0000     -733218.105607
1140.0000     -733153.256280
1144.0000     -733531.326225
1148.0000     -733988.601261
1152.0000     -733618.693394
1156.0000     -732996.862438
1160.0000     -733399.888918
1164.0000     -733213.973255
1168.0000     -733463.862318
1172.0000     -733565.899199
1176.0000     -733924.042593
1180.0000     -733447.540304
1184.0000     -733406.984087
1188.0000     -733924.107933
1192.0000     -733019.792942
1196.0000     -733691.239013
1200.0000     -732969.421141
1204.0000     -732954.999652
1208.0000     -733374.311135
1212.0000     -733679.190287
1216.0000     -733068.069918
1220.0000     -732252.633780
1224.0000     -733115.336088
1228.0000     -732990.730375
1232.0000     -733187.373692
1236.0000     -733276.213189
1240.0000     -733688.895754
1244.0000     -733384.973572
1248.0000     -733109.012147
1252.0000     -732084.711486
1256.0000     -733462.976043
1260.0000     -733866.835700
1264.0000     -732959.078940
1268.0000     -733283.851466
1272.0000     -733027.230044
1276.0000     -733264.455998
1280.0000     -733027.074387
1284.0000     -733419.889630
1288.0000     -733546.335201
1292.0000     -733034.430613
1296.0000     -733798.347613
1300.0000     -734345.965681
1304.0000     -733157.565328
1308.0000     -732899.623825
1312.0000     -732688.479842
1316.0000     -733151.605838
1320.0000     -733454.273204
1324.0000     -734236.068082
1328.0000     -733880.430295
1332.0000     -733307.424121
1336.0000     -733653.725104
1340.0000     -732959.630703
1344.0000     -733950.020796
1348.0000     -732951.154320
1352.0000     -733730.647387
1356.0000     -733580.308125
1360.0000     -733608.991480
1364.0000     -733026.258003
1368.0000     -734078.175350
1372.0000     -733377.313229
1376.0000     -732135.052746
1380.0000     -733489.392310
1384.0000     -732673.764816
1388.0000     -733624.119029
1392.0000     -734138.708273
1396.0000     -732675.144091
1400.0000     -733086.969738
1404.0000     -733541.095971
1408.0000     -733863.536094
1412.0000     -733417.568681
1416.0000     -733919.858978
1420.0000     -733238.446931
1424.0000     -733315.787292
1428.0000     -733348.340177
1432.0000     -733671.642808
1436.0000     -733952.318179
1440.0000     -733539.264167
1444.0000     -734113.447847
1448.0000     -733149.588385
1452.0000     -732898.941061
1456.0000     -733723.219989
1460.0000     -733606.043410
1464.0000     -733674.557310
1468.0000     -733385.772081
1472.0000     -733133.859975
1476.0000     -733632.740737
1480.0000     -733897.174929
1484.0000     -734013.463538
1488.0000     -734450.770190
1492.0000     -733943.320550
1496.0000     -733364.219203
1500.0000     -733772.586097
1504.0000     -733962.663501
1508.0000     -733698.992265
1512.0000     -734224.118292
1516.0000     -734101.433772
1520.0000     -733375.370053
1524.0000     -733088.894635
1528.0000     -733396.212958
1532.0000     -733082.131027
1536.0000     -733597.220113
1540.0000     -732549.969451
1544.0000     -733837.315158
1548.0000     -733800.002541
1552.0000     -733768.596179
1556.0000     -733292.041837
1560.0000     -733703.548920
1564.0000     -733275.525881
1568.0000     -734395.142421
1572.0000     -733461.339126
1576.0000     -733976.602021
1580.0000     -733647.629492
1584.0000     -733390.744072
1588.0000     -733433.200747
1592.0000     -734407.388702
1596.0000     -733668.651819
1600.0000     -735070.779328
1604.0000     -734753.640672
1608.0000     -733683.054921
1612.0000     -733158.893319
1616.0000     -733974.714821
1620.0000     -733465.536671
1624.0000     -733599.423154
1628.0000     -733858.062967
1632.0000     -733728.559474
1636.0000     -733451.282206
1640.0000     -734491.008120
1644.0000     -733421.276798
1648.0000     -733335.599770
1652.0000     -733764.226342
1656.0000     -733135.559078
1660.0000     -733575.606129
1664.0000     -733342.865997
1668.0000     -733453.149929
1672.0000     -733447.068741
1676.0000     -733161.989790
1680.0000     -732866.607401
1684.0000     -733254.712477
1688.0000     -732341.615549
1692.0000     -733172.997741
1696.0000     -733114.951780
1700.0000     -733213.384151
1704.0000     -733073.891159
1708.0000     -734123.922135
1712.0000     -733914.395839
1716.0000     -733151.762171
1720.0000     -732752.160543
1724.0000     -733551.482043
1728.0000     -734016.698879
1732.0000     -733832.978938
1736.0000     -733304.487285
1740.0000     -733288.054290
1744.0000     -732913.047024
1748.0000     -733270.186879
1752.0000     -733401.509107
1756.0000     -732342.384315
1760.0000     -732535.743951
1764.0000     -733177.517678
1768.0000     -734086.444767
1772.0000     -733864.409957
1776.0000     -733922.559044
1780.0000     -733351.599568
1784.0000     -733353.303966
1788.0000     -733984.765189
1792.0000     -733203.616366
1796.0000     -733674.729536
1800.0000     -733072.790796
1804.0000     -733932.675740
1808.0000     -733572.287457
1812.0000     -732926.501549
1816.0000     -733223.417057
1820.0000     -733340.877437
1824.0000     -733529.275946
1828.0000     -732911.936892
1832.0000     -733845.393677
1836.0000     -733595.945480
1840.0000     -733878.940671
1844.0000     -733282.454595
1848.0000     -732935.937316
1852.0000     -733591.730304
1856.0000     -733024.099367
1860.0000     -732651.807958
1864.0000     -732998.751868
1868.0000     -733342.792080
1872.0000     -734054.577391
1876.0000     -733364.116898
1880.0000     -733107.901843
1884.0000     -732828.825286
1888.0000     -732474.077692
1892.0000     -733413.438507
1896.0000     -734017.495222
1900.0000     -733665.961200
1904.0000     -733796.484068
1908.0000     -732700.927704
1912.0000     -733680.513484
1916.0000     -733616.394886
1920.0000     -734212.721885
1924.0000     -732833.071882
1928.0000     -733403.552219
1932.0000     -733438.175897
1936.0000     -734242.015962
1940.0000     -733405.205669
1944.0000     -733270.374528
1948.0000     -733226.754264
1952.0000     -733137.609930
1956.0000     -733952.782156
1960.0000     -732503.932221
1964.0000     -733696.494720
1968.0000     -733282.007525
1972.0000     -733205.459159
1976.0000     -733665.422764
1980.0000     -733797.633605
1984.0000     -732769.446923
1988.0000     -733876.554786
1992.0000     -733215.254965
1996.0000     -733667.349762
2000.0000     -733067.993589
2004.0000     -733466.508079
2008.0000     -733673.098495
2012.0000     -733195.475178
2016.0000     -733073.853322
2020.0000     -733328.179475
2024.0000     -732697.384183
2028.0000     -733181.036564
2032.0000     -732773.901595
2036.0000     -732911.911159
2040.0000     -732798.843360
2044.0000     -733342.748311
2048.0000     -733346.143852
2052.0000     -732771.133072
2056.0000     -733055.662422
2060.0000     -732240.437960
2064.0000     -733332.532538
2068.0000     -733451.567053
2072.0000     -733249.542023
2076.0000     -734025.298862
2080.0000     -732765.887227
2084.0000     -732813.478025
2088.0000     -732967.952800
2092.0000     -733854.120408
2096.0000     -733291.726246
2100.0000     -733981.151219
2104.0000     -732942.230005
2108.0000     -732437.516335
2112.0000     -733062.167819
2116.0000     -733749.470362
2120.0000     -733703.171296
2124.0000     -734111.709555
2128.0000     -733478.256987
2132.0000     -733699.283608
2136.0000     -734261.703308
2140.0000     -733276.789806
2144.0000     -733908.548788
2148.0000     -733745.302662
2152.0000     -733116.211361
2156.0000     -733653.822641
2160.0000     -733556.722652
2164.0000     -733603.800532
2168.0000     -734683.366553
2172.0000     -734078.103763
2176.0000     -733266.834603
2180.0000     -733277.879573
2184.0000     -733708.127412
2188.0000     -733264.792500
2192.0000     -733926.676457
2196.0000     -733250.123872
2200.0000     -733257.413072
2204.0000     -733126.367766
2208.0000     -732204.144848
2212.0000     -732745.790120
2216.0000     -733815.105768
2220.0000     -733392.459810
2224.0000     -733723.118103
2228.0000     -732766.519405
2232.0000     -733632.450701
2236.0000     -732942.403321
2240.0000     -733212.561923
2244.0000     -733562.329452
2248.0000     -733730.500782
2252.0000     -733960.502259
2256.0000     -734076.975851
2260.0000     -733659.006261
2264.0000     -732514.161136
2268.0000     -733313.928870
2272.0000     -733623.770629
2276.0000     -733693.735570
2280.0000     -733615.915579
2284.0000     -733018.105441
2288.0000     -734096.672225
2292.0000     -733747.120268
2296.0000     -734009.269408
2300.0000     -733510.902956
2304.0000     -732733.284767
2308.0000     -733605.088585
2312.0000     -734122.400301
2316.0000     -733373.281385
2320.0000     -733582.708920
2324.0000     -733452.115816
2328.0000     -733496.422033
2332.0000     -733607.016506
2336.0000     -732695.728094
2340.0000     -733150.756991
2344.0000     -733392.099130
2348.0000     -734136.262687
2352.0000     -732704.207489
2356.0000     -732666.164196
2360.0000     -733258.235031
2364.0000     -733298.897987
2368.0000     -734412.724996
2372.0000     -732982.900198
2376.0000     -733703.011402
2380.0000     -733947.194800
2384.0000     -733376.745774
2388.0000     -733588.702567
2392.0000     -733228.460295
2396.0000     -733364.016993
2400.0000     -733269.273581
2404.0000     -733289.920781
2408.0000     -734293.900963
2412.0000     -734547.094513
2416.0000     -734138.488537
2420.0000     -734992.574139
2424.0000     -733745.811087
2428.0000     -733714.121358
2432.0000     -733509.922259
2436.0000     -734301.997065
2440.0000     -733895.019012
2444.0000     -734150.803455
2448.0000     -732832.713972
2452.0000     -733133.653914
2456.0000     -734106.828621
2460.0000     -732920.968396
2464.0000     -733648.666182
2468.0000     -733782.971273
2472.0000     -733725.313943
2476.0000     -733602.882940
2480.0000     -732897.199611
2484.0000     -733780.779048
2488.0000     -733413.862997
2492.0000     -733048.209697
2496.0000     -733448.336364
2500.0000     -732950.258861
2504.0000     -732800.948864
2508.0000     -733910.373311
2512.0000     -734011.808313
2516.0000     -733127.486165
2520.0000     -733306.250977
2524.0000     -733400.400825
2528.0000     -733215.475811
2532.0000     -733721.227316
2536.0000     -733742.297337
2540.0000     -733047.434451
2544.0000     -733049.251796
2548.0000     -733118.369764
2552.0000     -733608.570130
2556.0000     -733210.504251
2560.0000     -733417.443601
2564.0000     -733658.301503
2568.0000     -733093.363498
2572.0000     -733860.730386
2576.0000     -733470.969688
2580.0000     -733923.650132
2584.0000     -733455.639510
2588.0000     -734058.184360
2592.0000     -734033.389680
2596.0000     -733661.426876
2600.0000     -733873.113437
2604.0000     -733241.253127
2608.0000     -734139.198695
2612.0000     -733907.338723
2616.0000     -733037.127978
2620.0000     -734549.874554
2624.0000     -733878.045024
2628.0000     -734126.980839
2632.0000     -733800.245297
2636.0000     -733379.668526
2640.0000     -733139.772038
2644.0000     -734043.092027
2648.0000     -733457.183786
2652.0000     -734212.641624
2656.0000     -734137.781571
2660.0000     -733659.277411
2664.0000     -733404.564986
2668.0000     -733728.375788
2672.0000     -734319.818194
2676.0000     -734037.500710
2680.0000     -733591.515254
2684.0000     -733946.763651
2688.0000     -733837.608465
2692.0000     -733429.023679
2696.0000     -733784.990782
2700.0000     -733324.261334
2704.0000     -733995.478974
2708.0000     -734019.696967
2712.0000     -733796.001897
2716.0000     -733087.347532
2720.0000     -732962.390075
2724.0000     -732958.417719
2728.0000     -733663.143160
2732.0000     -734464.923784
2736.0000     -733634.685065
2740.0000     -733197.397115
2744.0000     -733288.462004
2748.0000     -733423.262128
2752.0000     -733406.665924
2756.0000     -734611.092495
2760.0000     -733433.733115
2764.0000     -733856.636127
2768.0000     -733317.078956
2772.0000     -733838.756902
2776.0000     -733152.420783
2780.0000     -733378.527993
2784.0000     -733913.038903
2788.0000     -733631.868317
2792.0000     -733096.659648
2796.0000     -733099.470313
2800.0000     -733055.099347
2804.0000     -732793.360759
2808.0000     -732970.261728
2812.0000     -733516.927817
2816.0000     -732883.226498
2820.0000     -732581.456931
2824.0000     -732276.224361
2828.0000     -732836.763851
2832.0000     -733420.522434
2836.0000     -733543.592673
2840.0000     -733430.914471
2844.0000     -733018.919791
2848.0000     -732458.346228
2852.0000     -732201.545771
2856.0000     -732463.555905
2860.0000     -734063.127927
2864.0000     -733162.210888
2868.0000     -733493.328564
2872.0000     -733301.221327
2876.0000     -733292.083630
2880.0000     -732919.207431
2884.0000     -733681.204976
2888.0000     -733305.739942
2892.0000     -734243.383800
2896.0000     -732933.197136
2900.0000     -733244.864576
2904.0000     -733189.547824
2908.0000     -733029.948675
2912.0000     -734196.910946
2916.0000     -733449.126045
2920.0000     -733894.631503
2924.0000     -732664.665597
2928.0000     -733180.603742
2932.0000     -732666.397328
2936.0000     -733313.566306
2940.0000     -733678.925605
2944.0000     -733080.226668
2948.0000     -733678.695758
2952.0000     -733749.620950
2956.0000     -733366.691069
2960.0000     -733342.070895
2964.0000     -733262.475004
2968.0000     -732949.266761
2972.0000     -733357.628401
2976.0000     -733183.661100
2980.0000     -732874.510809
2984.0000     -733434.196729
2988.0000     -734317.792581
2992.0000     -733820.389256
2996.0000     -733907.267230
3000.0000     -734261.438265
3004.0000     -733180.899437
3008.0000     -733935.713352
3012.0000     -733000.328654
3016.0000     -733673.795894
3020.0000     -733676.079660
3024.0000     -733221.220490
3028.0000     -733652.000494
3032.0000     -733213.737245
3036.0000     -733940.445180
3040.0000     -733101.568192
3044.0000     -732863.488857
3048.0000     -733367.279146
3052.0000     -733572.689827
3056.0000     -733431.177697
3060.0000     -733253.943260
3064.0000     -733073.909115
3068.0000     -733931.952546
3072.0000     -733342.584609
3076.0000     -733836.891370
3080.0000     -733365.804443
3084.0000     -733259.736982
3088.0000     -733928.028379
3092.0000     -733765.906424
3096.0000     -733432.791726
3100.0000     -734210.570533
3104.0000     -732780.165062
3108.0000     -733393.300091
3112.0000     -733171.756920
3116.0000     -732977.134723
3120.0000     -732873.157239
3124.0000     -734313.046569
3128.0000     -733265.295097
3132.0000     -733631.014472
3136.0000     -734067.195840
3140.0000     -733196.323948
3144.0000     -733442.821919
3148.0000     -733308.462742
3152.0000     -732870.490797
3156.0000     -733727.696874
3160.0000     -733048.622566
3164.0000     -734171.640238
3168.0000     -733860.480356
3172.0000     -734035.822867
3176.0000     -734256.896433
3180.0000     -733392.267335
3184.0000     -733945.067616
3188.0000     -733646.604776
3192.0000     -733100.426491
3196.0000     -733524.853057
3200.0000     -733848.088466
3204.0000     -733983.087770
3208.0000     -734460.489571
3212.0000     -733505.920042
3216.0000     -734258.901215
3220.0000     -733446.214903
3224.0000     -733278.314992
3228.0000     -734165.595078
3232.0000     -732880.333022
3236.0000     -732853.346032
3240.0000     -733362.873804
3244.0000     -733798.329958
3248.0000     -732825.425103
3252.0000     -733074.582572
3256.0000     -733571.998994
3260.0000     -734611.818951
3264.0000     -733426.068660
3268.0000     -732867.059330
3272.0000     -733531.459716
3276.0000     -732741.132967
3280.0000     -733926.725943
3284.0000     -733440.944505
3288.0000     -733544.366919
3292.0000     -733787.757939
3296.0000     -733426.477550
3300.0000     -733735.736814
3304.0000     -734193.583673
3308.0000     -733409.410631
3312.0000     -733923.088995
3316.0000     -733866.511779
3320.0000     -733380.211292
3324.0000     -732806.145101
3328.0000     -733635.766077
3332.0000     -733751.637482
3336.0000     -733515.524450
3340.0000     -733531.147943
3344.0000     -734460.024585
3348.0000     -733826.721613
3352.0000     -733690.697987
3356.0000     -733060.296095
3360.0000     -733962.457117
3364.0000     -733410.715161
3368.0000     -734185.997448
3372.0000     -733033.225550
3376.0000     -732499.665499
3380.0000     -734093.569933
3384.0000     -733731.042333
3388.0000     -733276.568765
3392.0000     -733798.148094
3396.0000     -733876.693521
3400.0000     -733520.741882
3404.0000     -733393.230826
3408.0000     -734394.053954
3412.0000     -733315.472251
3416.0000     -733618.286883
3420.0000     -733301.421262
3424.0000     -734024.258069
3428.0000     -733005.376291
3432.0000     -733812.906618
3436.0000     -733234.264277
3440.0000     -732141.345902
3444.0000     -733763.985324
3448.0000     -733785.588050
3452.0000     -734069.858910
3456.0000     -734017.649289
3460.0000     -733119.649844
3464.0000     -733272.060324
3468.0000     -732602.851100
3472.0000     -733016.959086
3476.0000     -733683.369455
3480.0000     -733338.248316
3484.0000     -732886.765618
3488.0000     -732969.745766
3492.0000     -733302.433921
3496.0000     -732894.620078
3500.0000     -733579.542005
3504.0000     -732995.479320
3508.0000     -733633.907492
3512.0000     -733419.133587
3516.0000     -733505.158035
3520.0000     -733491.968854
3524.0000     -733397.052017
3528.0000     -733487.446148
3532.0000     -733136.758486
3536.0000     -732524.002238
3540.0000     -733739.398409
3544.0000     -732798.714200
3548.0000     -732968.225426
3552.0000     -733352.309769
3556.0000     -733443.264267
3560.0000     -732794.486417
3564.0000     -732827.205775
3568.0000     -733110.992947
3572.0000     -733923.480423
3576.0000     -733579.360819
3580.0000     -733716.462504
3584.0000     -733161.771124
3588.0000     -733434.825134
3592.0000     -733425.530230
3596.0000     -732828.965171
3600.0000     -733490.112760
3604.0000     -733424.537091
3608.0000     -733347.377074
3612.0000     -733777.460923
3616.0000     -734682.727312
3620.0000     -733303.297777
3624.0000     -733490.846328
3628.0000     -733106.160427
3632.0000     -733693.526294
3636.0000     -733255.772701
3640.0000     -733124.864417
3644.0000     -733619.238381
3648.0000     -733026.385615
3652.0000     -733846.352518
3656.0000     -733861.944378
3660.0000     -732872.853773
3664.0000     -732908.408043
3668.0000     -733533.608776
3672.0000     -733932.686147
3676.0000     -733524.924282
3680.0000     -733742.448619
3684.0000     -733151.287344
3688.0000     -733437.469239
3692.0000     -733776.250112
3696.0000     -735060.080715
3700.0000     -733901.260774
3704.0000     -734139.115564
3708.0000     -734211.432054
3712.0000     -733163.010549
3716.0000     -733148.843456
3720.0000     -733598.477454
3724.0000     -733710.909849
3728.0000     -733698.569669
3732.0000     -733316.234762
3736.0000     -733229.416930
3740.0000     -733680.351103
3744.0000     -733379.990934
3748.0000     -732822.683822
3752.0000     -733423.558149
3756.0000     -733605.642029
3760.0000     -734006.876382
3764.0000     -734214.201215
3768.0000     -732597.174181
3772.0000     -733710.497773
3776.0000     -734234.529455
3780.0000     -733986.931680
3784.0000     -733688.530149
3788.0000     -733541.709764
3792.0000     -734242.819594
3796.0000     -733716.863213
3800.0000     -733915.833715
3804.0000     -733591.037086
3808.0000     -733383.765127
3812.0000     -734547.099124
3816.0000     -733572.527790
3820.0000     -733472.064853
3824.0000     -732919.493378
3828.0000     -734724.124243
3832.0000     -734170.661599
3836.0000     -732993.554075
3840.0000     -733860.103318
3844.0000     -733835.276657
3848.0000     -733378.864711
3852.0000     -733528.987882
3856.0000     -733654.941143
3860.0000     -733802.998406
3864.0000     -733497.305195
3868.0000     -734067.411727
3872.0000     -734017.887026
3876.0000     -733819.077785
3880.0000     -734557.023412
3884.0000     -734232.788221
3888.0000     -733613.039427
3892.0000     -733303.723912
3896.0000     -733001.352240
3900.0000     -734398.948677
3904.0000     -733505.604685
3908.0000     -733794.800270
3912.0000     -733472.997310
3916.0000     -733252.047294
3920.0000     -733447.701030
3924.0000     -734517.027355
3928.0000     -733613.967212
3932.0000     -733569.824066
3936.0000     -733401.035453
3940.0000     -733895.639694
3944.0000     -734281.597036
3948.0000     -733458.236452
3952.0000     -733321.511605
3956.0000     -733561.543713
3960.0000     -733830.374218
3964.0000     -734420.042097
3968.0000     -733805.753255
3972.0000     -734052.569764
3976.0000     -733617.447279
3980.0000     -733893.175098
3984.0000     -733275.343050
3988.0000     -733738.425248
3992.0000     -733550.459965
3996.0000     -732716.174810
4000.0000     -734511.537700
4004.0000     -734511.537700
