4.0000     -733195.808994
8.0000     -732696.456156
12.0000     -732897.847531
16.0000     -732519.167252
20.0000     -732861.650604
24.0000     -733042.032880
28.0000     -732979.287193
32.0000     -733088.098417
36.0000     -733344.879551
40.0000     -733031.202072
44.0000     -733257.042982
48.0000     -733390.468682
52.0000     -733697.857029
56.0000     -732749.294260
60.0000     -733343.095844
64.0000     -732540.465771
68.0000     -732628.386092
72.0000     -732717.049801
76.0000     -732494.487498
80.0000     -734005.079348
84.0000     -733250.863921
88.0000     -733226.918637
92.0000     -732942.309695
96.0000     -733567.738612
100.0000     -733540.380769
104.0000     -733164.469798
108.0000     -733409.067819
112.0000     -732753.473086
116.0000     -733496.335840
120.0000     -733455.596744
124.0000     -732833.699215
128.0000     -732532.764445
132.0000     -732722.671648
136.0000     -733786.336000
140.0000     -733342.450298
144.0000     -733084.067249
148.0000     -734136.402253
152.0000     -733606.447367
156.0000     -733351.142314
160.0000     -733365.414655
164.0000     -733411.386980
168.0000     -732987.582027
172.0000     -732525.110445
176.0000     -733150.627077
180.0000     -732457.036976
184.0000     -732844.422061
188.0000     -733500.473854
192.0000     -733322.425833
196.0000     -732923.869630
200.0000     -733232.520817
204.0000     -733401.726032
208.0000     -732997.218300
212.0000     -732249.008190
216.0000     -732899.774767
220.0000     -732083.498188
224.0000     -733143.397684
228.0000     -732735.317958
232.0000     -733054.459942
236.0000     -732529.240197
240.0000     -733091.632972
244.0000     -733212.320889
248.0000     -733056.773474
252.0000     -733611.398203
256.0000     -732833.513301
260.0000     -732813.416874
264.0000     -732643.106198
268.0000     -733672.938193
272.0000     -733301.141745
276.0000     -733398.318146
280.0000     -733572.090394
284.0000     -732755.390880
288.0000     -732970.404068
292.0000     -732823.708878
296.0000     -733020.422508
300.0000     -732347.007594
304.0000     -733338.802117
308.0000     -732621.537835
312.0000     -733415.198913
316.0000     -733868.571007
320.0000     -732773.287485
324.0000     -732828.873057
328.0000     -733165.225743
332.0000     -733556.646288
336.0000     -733524.256391
340.0000     -733656.246800
344.0000     -733059.814112
348.0000     -733968.708522
352.0000     -733362.475752
356.0000     -733276.246113
360.0000     -733843.554836
364.0000     -733008.090572
368.0000     -733398.979613
372.0000     -733910.510195
376.0000     -734299.658590
380.0000     -732753.194732
384.0000     -733048.951595
388.0000     -734197.355734
392.0000     -733659.389999
396.0000     -733314.617430
400.0000     -733070.006455
404.0000     -732545.362280
408.0000     -733342.652674
412.0000     -733214.759093
416.0000     -732995.252480
420.0000     -732582.998780
424.0000     -733196.293370
428.0000     -733818.114163
432.0000     -732943.103548
436.0000     -732737.251844
440.0000     -732317.951058
444.0000     -733098.861126
448.0000     -732547.760646
452.0000     -733405.728990
456.0000     -732683.649686
460.0000     -732755.938123
464.0000     -733933.546923
468.0000     -733036.896729
472.0000     -733099.845506
476.0000     -732547.936791
480.0000     -732968.103399
484.0000     -733561.285595
488.0000     -734149.046172
492.0000     -733243.732682
496.0000     -732717.945130
500.0000     -732382.838840
504.0000     -732539.934014
508.0000     -733225.191366
512.0000     -733222.102999
516.0000     -733114.426743
520.0000     -733688.127023
524.0000     -733183.558619
528.0000     -733194.454487
532.0000     -733136.372590
536.0000     -733472.954134
540.0000     -732709.366372
544.0000     -733117.680109
548.0000     -733211.114201
552.0000     -732315.895078
556.0000     -733637.291849
560.0000     -733077.469661
564.0000     -732849.942584
568.0000     -733215.796795
572.0000     -733744.573882
576.0000     -733483.704895
580.0000     -733799.959497
584.0000     -733316.650618
588.0000     -733417.669269
592.0000     -733171.648197
596.0000     -733402.111689
600.0000     -734183.549478
604.0000     -734162.126649
608.0000     -733483.619831
612.0000     -733370.072074
616.0000     -733004.842862
620.0000     -733644.399008
624.0000     -732737.650128
628.0000     -733459.805288
632.0000     -732850.050128
636.0000     -733670.050766
640.0000     -733276.581272
644.0000     -732828.822766
648.0000     -733372.921717
652.0000     -733361.205522
656.0000     -732804.188593
660.0000     -733047.892850
664.0000     -732949.919305
668.0000     -732929.689123
672.0000     -733901.529335
676.0000     -732479.229677
680.0000     -733078.717764
684.0000     -732992.321826
688.0000     -732682.228053
692.0000     -733913.046943
696.0000     -733718.279714
700.0000     -732808.513860
704.0000     -733237.801926
708.0000     -733860.708770
712.0000     -733702.974200
716.0000     -732708.695484
720.0000     -733589.734880
724.0000     -733153.635451
728.0000     -732353.570467
732.0000     -733045.068537
736.0000     -733688.702164
740.0000     -733072.540668
744.0000     -733282.578570
748.0000     -733143.779891
752.0000     -733751.547737
756.0000     -733321.848666
760.0000     -733813.435595
764.0000     -733224.108312
768.0000     -733941.869622
772.0000     -733408.352431
776.0000     -734054.698574
780.0000     -733077.017436
784.0000     -733353.567760
788.0000     -733425.142351
792.0000     -732919.813293
796.0000     -733628.377197
800.0000     -733536.075186
804.0000     -733272.678383
808.0000     -732905.882843
812.0000     -732219.439815
816.0000     -732987.752395
820.0000     -732623.816952
824.0000     -732892.632471
828.0000     -732658.253430
832.0000     -733129.202882
836.0000     -733226.465744
840.0000     -732606.158113
844.0000     -733220.095989
848.0000     -733592.388858
852.0000     -733214.053782
856.0000     -732710.060071
860.0000     -732434.228354
864.0000     -733091.587788
868.0000     -733566.049976
872.0000     -733661.158373
876.0000     -732651.831882
880.0000     -733012.765923
884.0000     -732795.225307
888.0000     -732329.543550
892.0000     -732968.433199
896.0000     -733301.395503
900.0000     -733134.724362
904.0000     -733387.562806
908.0000     -734029.613874
912.0000     -733409.413680
916.0000     -733563.063550
920.0000     -733695.200136
924.0000     -733256.460465
928.0000     -733923.571188
932.0000     -733364.909930
936.0000     -733350.036640
940.0000     -733877.940319
944.0000     -733400.982241
948.0000     -733198.545578
952.0000     -732980.461956
956.0000     -733566.439892
960.0000     -734435.881403
964.0000     -733366.853675
968.0000     -733117.528330
972.0000     -733990.431931
976.0000     -732971.265183
980.0000     -734113.059382
984.0000     -733504.190407
988.0000     -733101.737178
992.0000     -733359.728660
996.0000     -733114.421787
1000.0000     -733080.456620
1004.0000     -732798.258980
1008.0000     -733770.520485
1012.0000     -733569.946687
1016.0000     -732932.962666
1020.0000     -733543.469495
1024.0000     -733885.803174
1028.0000     -733416.298608
1032.0000     -732688.214525
1036.0000     -733299.753980
1040.0000     -733484.896716
1044.0000     -733060.233690
1048.0000     -732645.272610
1052.0000     -733146.123807
1056.0000     -733289.341386
1060.0000     -733663.273673
1064.0000     -732823.786044
1068.0000     -733028.717028
1072.0000     -732536.652060
1076.0000     -732520.786650
1080.0000     -732892.705530
1084.0000     -733029.583919
1088.0000     -733877.327433
1092.0000     -733194.349014
1096.0000     -733723.051852
1100.0000     -733226.643576
1104.0000     -732818.105416
1108.0000     -732899.541259
1112.0000     -733947.205005
1116.0000     -732742.866755
1120.0000     -733914.101920
1124.0000     -733851.140294
1128.0000     -732708.028742
1132.0000     -733521.044001
1136.0000     -733220.192644
1140.0000     -733147.754504
1144.0000     -733526.531162
1148.0000     -733986.691596
1152.0000     -733613.782496
1156.0000     -732991.931253
1160.0000     -733406.157802
1164.0000     -733208.709754
1168.0000     -733463.090559
1172.0000     -733560.999160
1176.0000     -733924.919025
1180.0000     -733442.586138
1184.0000     -733403.527613
1188.0000     -733921.306410
1192.0000     -733022.008257
1196.0000     -733688.074832
1200.0000     -732964.139859
1204.0000     -732951.308268
1208.0000     -733369.205835
1212.0000     -733676.039031
1216.0000     -733065.359420
1220.0000     -732252.172029
1224.0000     -733111.557006
1228.0000     -732986.497351
1232.0000     -733183.514521
1236.0000     -733271.885560
1240.0000     -733683.577711
1244.0000     -733380.740440
1248.0000     -733104.377144
1252.0000     -732080.918443
1256.0000     -733457.165437
1260.0000     -733861.679385
1264.0000     -732954.139446
1268.0000     -733280.866732
1272.0000     -733026.519031
1276.0000     -733260.358879
1280.0000     -733022.279265
1284.0000     -733418.764534
1288.0000     -733544.692211
1292.0000     -733030.913304
1296.0000     -733794.446487
1300.0000     -734352.381850
1304.0000     -733155.182674
1308.0000     -732896.235410
1312.0000     -732691.359163
1316.0000     -733153.304007
1320.0000     -733448.594141
1324.0000     -734234.572283
1328.0000     -733875.636857
1332.0000     -733302.899642
1336.0000     -733649.088147
1340.0000     -732955.252686
1344.0000     -733956.262566
1348.0000     -732946.115642
1352.0000     -733725.457856
1356.0000     -733574.996881
1360.0000     -733606.067500
1364.0000     -733033.282206
1368.0000     -734073.464197
1372.0000     -733372.689252
1376.0000     -732138.847526
1380.0000     -733484.267118
1384.0000     -732669.278882
1388.0000     -733630.910389
1392.0000     -734133.329107
1396.0000     -732670.204900
1400.0000     -733082.319667
1404.0000     -733537.262023
1408.0000     -733869.747481
1412.0000     -733415.319715
1416.0000     -733922.507461
1420.0000     -733233.982362
1424.0000     -733311.589224
1428.0000     -733346.320549
1432.0000     -733666.354459
1436.0000     -733948.735271
1440.0000     -733535.828088
1444.0000     -734112.336336
1448.0000     -733144.041864
1452.0000     -732894.619914
1456.0000     -733718.589983
1460.0000     -733618.674113
1464.0000     -733671.332271
1468.0000     -733391.762440
1472.0000     -733128.748410
1476.0000     -733641.226820
1480.0000     -733892.292247
1484.0000     -734008.700440
1488.0000     -734447.123277
1492.0000     -733947.798778
1496.0000     -733362.405206
1500.0000     -733767.660732
1504.0000     -733962.753972
1508.0000     -733694.380623
1512.0000     -734219.961475
1516.0000     -734101.110882
1520.0000     -733370.130986
1524.0000     -733085.684403
1528.0000     -733396.279745
1532.0000     -733083.359251
1536.0000     -733593.160708
1540.0000     -732548.163339
1544.0000     -733834.991205
1548.0000     -733795.324360
1552.0000     -733764.125400
1556.0000     -733287.260549
1560.0000     -733699.419584
1564.0000     -733269.631570
1568.0000     -734399.081238
1572.0000     -733457.465986
1576.0000     -733979.077855
1580.0000     -733643.225945
1584.0000     -733387.795958
1588.0000     -733428.696136
1592.0000     -734403.716535
1596.0000     -733666.260477
1600.0000     -735067.234610
1604.0000     -734751.392204
1608.0000     -733680.567572
1612.0000     -733154.305219
1616.0000     -733972.156146
1620.0000     -733466.421454
1624.0000     -733593.895606
1628.0000     -733854.242297
1632.0000     -733726.365712
1636.0000     -733486.906629
1640.0000     -734487.999359
1644.0000     -733421.271313
1648.0000     -733335.873292
1652.0000     -733758.950959
1656.0000     -733130.624275
1660.0000     -733570.476854
1664.0000     -733338.269007
1668.0000     -733449.571766
1672.0000     -733441.607725
1676.0000     -733158.036235
1680.0000     -732869.353507
1684.0000     -733251.317216
1688.0000     -732340.159622
1692.0000     -733170.837004
1696.0000     -733110.965491
1700.0000     -733211.456734
1704.0000     -733072.053971
1708.0000     -734119.452083
1712.0000     -733909.266885
1716.0000     -733148.452858
1720.0000     -732749.200583
1724.0000     -733549.455713
1728.0000     -734014.074817
1732.0000     -733827.846440
1736.0000     -733300.648932
1740.0000     -733289.379730
1744.0000     -732929.453270
1748.0000     -733268.991981
1752.0000     -733398.625706
1756.0000     -732336.917912
1760.0000     -732531.661442
1764.0000     -733173.731488
1768.0000     -734082.954362
1772.0000     -733862.790005
1776.0000     -733919.869841
1780.0000     -733347.510111
1784.0000     -733348.653415
1788.0000     -733980.104046
1792.0000     -733221.118353
1796.0000     -733676.743594
1800.0000     -733075.544738
1804.0000     -733927.595648
1808.0000     -733568.753008
1812.0000     -732922.253813
1816.0000     -733223.758769
1820.0000     -733337.404287
1824.0000     -733524.579491
1828.0000     -732908.150463
1832.0000     -733841.267855
1836.0000     -733591.905150
1840.0000     -733873.808946
1844.0000     -733279.500516
1848.0000     -732932.759060
1852.0000     -733599.002761
1856.0000     -733024.981066
1860.0000     -732647.637063
1864.0000     -732995.152171
1868.0000     -733342.389933
1872.0000     -734051.233517
1876.0000     -733360.303599
1880.0000     -733102.992165
1884.0000     -732826.522097
1888.0000     -732469.519185
1892.0000     -733410.330392
1896.0000     -734012.877281
1900.0000     -733663.782685
1904.0000     -733792.812114
1908.0000     -732699.522717
1912.0000     -733675.922605
1916.0000     -733612.132828
1920.0000     -734207.692529
1924.0000     -732832.255928
1928.0000     -733399.490448
1932.0000     -733433.144316
1936.0000     -734245.333299
1940.0000     -733401.866457
1944.0000     -733268.424235
1948.0000     -733229.229911
1952.0000     -733136.843485
1956.0000     -733948.481283
1960.0000     -732505.118545
1964.0000     -733692.041207
1968.0000     -733279.876780
1972.0000     -733200.125996
1976.0000     -733662.143750
1980.0000     -733792.503215
1984.0000     -732764.697368
1988.0000     -733883.611725
1992.0000     -733230.612904
1996.0000     -733662.559525
2000.0000     -733065.946018
2004.0000     -733463.032150
2008.0000     -733668.948077
2012.0000     -733191.974384
2016.0000     -733068.637905
2020.0000     -733322.724760
2024.0000     -732694.814141
2028.0000     -733176.227180
2032.0000     -732771.234300
2036.0000     -732912.645599
2040.0000     -732797.051468
2044.0000     -733340.737490
2048.0000     -733342.131186
2052.0000     -732768.477142
2056.0000     -733053.126296
2060.0000     -732235.552094
2064.0000     -733355.649454
2068.0000     -733456.274352
2072.0000     -733247.877827
2076.0000     -734023.309988
2080.0000     -732761.801834
2084.0000     -732820.675533
2088.0000     -732963.221636
2092.0000     -733856.836731
2096.0000     -733286.651200
2100.0000     -733977.031944
2104.0000     -732952.366741
2108.0000     -732432.824265
2112.0000     -733063.240642
2116.0000     -733746.887763
2120.0000     -733699.553606
2124.0000     -734107.033624
2128.0000     -733479.088371
2132.0000     -733694.810792
2136.0000     -734256.961591
2140.0000     -733274.899762
2144.0000     -733903.152440
2148.0000     -733744.390399
2152.0000     -733111.847542
2156.0000     -733650.887184
2160.0000     -733552.300723
2164.0000     -733599.349446
2168.0000     -734689.561823
2172.0000     -734075.820369
2176.0000     -733261.527520
2180.0000     -733273.294080
2184.0000     -733703.070396
2188.0000     -733260.272576
2192.0000     -733921.531524
2196.0000     -733250.443261
2200.0000     -733259.103695
2204.0000     -733122.531336
2208.0000     -732198.669047
2212.0000     -732748.293880
2216.0000     -733810.990122
2220.0000     -733389.675985
2224.0000     -733722.294350
2228.0000     -732762.291185
2232.0000     -733629.003617
2236.0000     -732937.948683
2240.0000     -733207.993329
2244.0000     -733558.065211
2248.0000     -733725.890670
2252.0000     -733969.752998
2256.0000     -734073.421484
2260.0000     -733655.516384
2264.0000     -732517.337491
2268.0000     -733309.712071
2272.0000     -733618.580477
2276.0000     -733688.962918
2280.0000     -733613.425036
2284.0000     -733013.236990
2288.0000     -734092.158477
2292.0000     -733742.525117
2296.0000     -734005.752497
2300.0000     -733506.735467
2304.0000     -732728.808459
2308.0000     -733601.582192
2312.0000     -734119.175654
2316.0000     -733371.459007
2320.0000     -733584.777016
2324.0000     -733446.795858
2328.0000     -733493.798383
2332.0000     -733605.741265
2336.0000     -732692.962096
2340.0000     -733149.906175
2344.0000     -733386.557260
2348.0000     -734133.371863
2352.0000     -732703.422279
2356.0000     -732661.505891
2360.0000     -733253.210604
2364.0000     -733293.663313
2368.0000     -734409.095464
2372.0000     -732982.439761
2376.0000     -733698.895363
2380.0000     -733941.870107
2384.0000     -733371.810119
2388.0000     -733590.515842
2392.0000     -733224.437662
2396.0000     -733360.694948
2400.0000     -733264.066018
2404.0000     -733286.855224
2408.0000     -734289.143208
2412.0000     -734544.001331
2416.0000     -734136.059783
2420.0000     -734987.692540
2424.0000     -733742.402504
2428.0000     -733712.461805
2432.0000     -733505.788416
2436.0000     -734296.503398
2440.0000     -733889.726989
2444.0000     -734145.662524
2448.0000     -732828.325587
2452.0000     -733134.014178
2456.0000     -734103.370890
2460.0000     -732917.652898
2464.0000     -733649.494214
2468.0000     -733777.368874
2472.0000     -733720.503053
2476.0000     -733599.372827
2480.0000     -732891.349306
2484.0000     -733776.152226
2488.0000     -733409.294728
2492.0000     -733058.714499
2496.0000     -733490.264843
2500.0000     -732945.180812
2504.0000     -732797.582341
2508.0000     -733905.883198
2512.0000     -734007.420477
2516.0000     -733123.177775
2520.0000     -733301.014100
2524.0000     -733395.605005
2528.0000     -733213.486566
2532.0000     -733715.918115
2536.0000     -733750.001080
2540.0000     -733052.484801
2544.0000     -733044.647474
2548.0000     -733114.487243
2552.0000     -733603.233439
2556.0000     -733205.279629
2560.0000     -733413.048142
2564.0000     -733658.256673
2568.0000     -733088.743333
2572.0000     -733856.079736
2576.0000     -733465.689828
2580.0000     -733921.162415
2584.0000     -733455.901187
2588.0000     -734052.634192
2592.0000     -734029.658784
2596.0000     -733660.924191
2600.0000     -733867.560992
2604.0000     -733242.323880
2608.0000     -734134.127271
2612.0000     -733902.528293
2616.0000     -733032.381664
2620.0000     -734548.290304
2624.0000     -733872.888514
2628.0000     -734122.995303
2632.0000     -733795.573130
2636.0000     -733375.431063
2640.0000     -733144.035542
2644.0000     -734043.274824
2648.0000     -733451.807860
2652.0000     -734207.799380
2656.0000     -734133.181764
2660.0000     -733660.685289
2664.0000     -733404.149091
2668.0000     -733723.986271
2672.0000     -734317.776749
2676.0000     -734032.115793
2680.0000     -733587.509366
2684.0000     -733942.373087
2688.0000     -733832.927166
2692.0000     -733424.014671
2696.0000     -733780.010456
2700.0000     -733319.304399
2704.0000     -733991.073733
2708.0000     -734014.149399
2712.0000     -733791.073225
2716.0000     -733086.256848
2720.0000     -732963.213893
2724.0000     -732954.181347
2728.0000     -733658.635822
2732.0000     -734459.439199
2736.0000     -733632.849883
2740.0000     -733193.567051
2744.0000     -733283.250327
2748.0000     -733419.274260
2752.0000     -733403.713111
2756.0000     -734610.576445
2760.0000     -733429.818212
2764.0000     -733852.464067
2768.0000     -733312.247769
2772.0000     -733835.783238
2776.0000     -733158.179831
2780.0000     -733374.101289
2784.0000     -733908.681625
2788.0000     -733629.194372
2792.0000     -733091.067164
2796.0000     -733098.095372
2800.0000     -733049.865201
2804.0000     -732789.311600
2808.0000     -732970.560750
2812.0000     -733512.829548
2816.0000     -732879.037530
2820.0000     -732576.870158
2824.0000     -732277.260758
2828.0000     -732832.667324
2832.0000     -733415.885977
2836.0000     -733539.684907
2840.0000     -733427.513987
2844.0000     -733021.390087
2848.0000     -732456.655307
2852.0000     -732204.320828
2856.0000     -732461.235735
2860.0000     -734059.715856
2864.0000     -733156.899346
2868.0000     -733494.982254
2872.0000     -733306.387177
2876.0000     -733289.040285
2880.0000     -732916.100869
2884.0000     -733679.591248
2888.0000     -733302.728293
2892.0000     -734242.529132
2896.0000     -732927.729971
2900.0000     -733240.366811
2904.0000     -733190.217904
2908.0000     -733026.402060
2912.0000     -734195.372893
2916.0000     -733448.099459
2920.0000     -733890.993119
2924.0000     -732673.668431
2928.0000     -733175.916933
2932.0000     -732708.437614
2936.0000     -733310.512515
2940.0000     -733693.142505
2944.0000     -733076.205458
2948.0000     -733686.528294
2952.0000     -733745.695714
2956.0000     -733362.386660
2960.0000     -733338.418138
2964.0000     -733258.391778
2968.0000     -732947.763907
2972.0000     -733356.514020
2976.0000     -733180.991738
2980.0000     -732868.852677
2984.0000     -733433.488773
2988.0000     -734312.829024
2992.0000     -733815.451150
2996.0000     -733902.482275
3000.0000     -734256.583554
3004.0000     -733175.671704
3008.0000     -733950.214970
3012.0000     -732996.410024
3016.0000     -733672.140058
3020.0000     -733671.965740
3024.0000     -733218.027416
3028.0000     -733647.302917
3032.0000     -733210.518837
3036.0000     -733936.422752
3040.0000     -733103.145385
3044.0000     -732859.215858
3048.0000     -733362.148355
3052.0000     -733567.516923
3056.0000     -733426.538308
3060.0000     -733252.833341
3064.0000     -733070.211035
3068.0000     -733929.457184
3072.0000     -733341.112736
3076.0000     -733841.019489
3080.0000     -733362.015393
3084.0000     -733255.087640
3088.0000     -733924.151993
3092.0000     -733761.334535
3096.0000     -733432.481473
3100.0000     -734205.343240
3104.0000     -732775.913722
3108.0000     -733388.764517
3112.0000     -733170.508798
3116.0000     -732986.183656
3120.0000     -732876.630284
3124.0000     -734311.126245
3128.0000     -733263.456237
3132.0000     -733626.515922
3136.0000     -734069.421183
3140.0000     -733192.929771
3144.0000     -733441.015558
3148.0000     -733304.015747
3152.0000     -732868.917427
3156.0000     -733726.838029
3160.0000     -733057.694589
3164.0000     -734168.580162
3168.0000     -733865.694290
3172.0000     -734031.342086
3176.0000     -734252.254269
3180.0000     -733392.702039
3184.0000     -733952.018639
3188.0000     -733650.211919
3192.0000     -733097.454301
3196.0000     -733520.286785
3200.0000     -733843.920949
3204.0000     -734001.159998
3208.0000     -734455.871719
3212.0000     -733506.469394
3216.0000     -734253.893648
3220.0000     -733443.442867
3224.0000     -733274.251134
3228.0000     -734161.384565
3232.0000     -732875.026597
3236.0000     -732848.454667
3240.0000     -733359.701877
3244.0000     -733795.069950
3248.0000     -732820.499634
3252.0000     -733069.847110
3256.0000     -733569.543058
3260.0000     -734607.429899
3264.0000     -733423.179777
3268.0000     -732861.862079
3272.0000     -733526.670394
3276.0000     -732737.142836
3280.0000     -733924.960643
3284.0000     -733441.234502
3288.0000     -733557.064121
3292.0000     -733787.312999
3296.0000     -733422.787225
3300.0000     -733731.484331
3304.0000     -734189.685226
3308.0000     -733407.496812
3312.0000     -733918.471729
3316.0000     -733883.788410
3320.0000     -733378.417991
3324.0000     -732801.845658
3328.0000     -733640.288522
3332.0000     -733754.459618
3336.0000     -733511.646577
3340.0000     -733530.877198
3344.0000     -734456.495079
3348.0000     -733826.553401
3352.0000     -733690.221505
3356.0000     -733061.935506
3360.0000     -733958.807099
3364.0000     -733405.332874
3368.0000     -734188.146186
3372.0000     -733029.382992
3376.0000     -732499.860212
3380.0000     -734089.494978
3384.0000     -733735.573683
3388.0000     -733313.489919
3392.0000     -733822.019796
3396.0000     -733873.697540
3400.0000     -733516.764344
3404.0000     -733397.338592
3408.0000     -734394.347471
3412.0000     -733310.512241
3416.0000     -733614.492368
3420.0000     -733297.418300
3424.0000     -734019.296001
3428.0000     -733000.198836
3432.0000     -733811.466614
3436.0000     -733229.155816
3440.0000     -732139.805080
3444.0000     -733759.554900
3448.0000     -733786.464090
3452.0000     -734067.801630
3456.0000     -734013.196533
3460.0000     -733115.928738
3464.0000     -733267.446558
3468.0000     -732600.068948
3472.0000     -733027.732419
3476.0000     -733689.947077
3480.0000     -733333.593221
3484.0000     -732883.628244
3488.0000     -732965.201844
3492.0000     -733298.056838
3496.0000     -732891.064123
3500.0000     -733576.486823
3504.0000     -732992.694792
3508.0000     -733629.348490
3512.0000     -733414.621362
3516.0000     -733499.884921
3520.0000     -733487.410171
3524.0000     -733392.286749
3528.0000     -733482.605268
3532.0000     -733133.575230
3536.0000     -732519.989436
3540.0000     -733735.612191
3544.0000     -732794.194742
3548.0000     -732971.633215
3552.0000     -733349.612784
3556.0000     -733438.750578
3560.0000     -732828.657701
3564.0000     -732822.310696
3568.0000     -733107.042632
3572.0000     -733929.587742
3576.0000     -733574.873349
3580.0000     -733713.517432
3584.0000     -733157.265886
3588.0000     -733432.167815
3592.0000     -733421.225259
3596.0000     -732839.704101
3600.0000     -733487.492477
3604.0000     -733420.862537
3608.0000     -733345.001681
3612.0000     -733772.662978
3616.0000     -734677.451023
3620.0000     -733298.326491
3624.0000     -733487.579438
3628.0000     -733105.176947
3632.0000     -733688.478660
3636.0000     -733285.293272
3640.0000     -733126.579637
3644.0000     -733615.872840
3648.0000     -733022.790680
3652.0000     -733844.699061
3656.0000     -733857.248094
3660.0000     -732870.041140
3664.0000     -732905.470035
3668.0000     -733529.373995
3672.0000     -733930.199383
3676.0000     -733533.263275
3680.0000     -733738.176772
3684.0000     -733146.797919
3688.0000     -733433.478418
3692.0000     -733773.409065
3696.0000     -735055.902152
3700.0000     -733897.894452
3704.0000     -734134.964367
3708.0000     -734222.682777
3712.0000     -733159.565474
3716.0000     -733145.388084
3720.0000     -733596.910065
3724.0000     -733709.929369
3728.0000     -733694.782032
3732.0000     -733329.013759
3736.0000     -733227.959705
3740.0000     -733682.252248
3744.0000     -733374.781755
3748.0000     -732818.641010
3752.0000     -733424.187996
3756.0000     -733600.634911
3760.0000     -734001.973382
3764.0000     -734209.412815
3768.0000     -732592.493810
3772.0000     -733705.753506
3776.0000     -734230.011951
3780.0000     -733982.105505
3784.0000     -733683.173481
3788.0000     -733537.874632
3792.0000     -734239.177312
3796.0000     -733713.115945
3800.0000     -733912.284856
3804.0000     -733586.451976
3808.0000     -733384.053692
3812.0000     -734543.137702
3816.0000     -733568.137482
3820.0000     -733471.641788
3824.0000     -732915.221262
3828.0000     -734719.128597
3832.0000     -734165.449965
3836.0000     -732988.605486
3840.0000     -733856.946820
3844.0000     -733833.668019
3848.0000     -733374.624847
3852.0000     -733523.920717
3856.0000     -733650.772491
3860.0000     -733798.663846
3864.0000     -733515.678798
3868.0000     -734064.918493
3872.0000     -734014.753318
3876.0000     -733814.433058
3880.0000     -734551.894056
3884.0000     -734227.608578
3888.0000     -733613.055906
3892.0000     -733299.900437
3896.0000     -732998.485130
3900.0000     -734395.490986
3904.0000     -733501.449618
3908.0000     -733799.999107
3912.0000     -733476.857131
3916.0000     -733247.849011
3920.0000     -733444.050805
3924.0000     -734512.865395
3928.0000     -733608.959756
3932.0000     -733567.447351
3936.0000     -733399.437005
3940.0000     -733890.874911
3944.0000     -734277.992271
3948.0000     -733453.398651
3952.0000     -733316.750425
3956.0000     -733556.717666
3960.0000     -733826.506938
3964.0000     -734415.898482
3968.0000     -733800.814324
3972.0000     -734055.709306
3976.0000     -733613.161095
3980.0000     -733889.204380
3984.0000     -733271.166658
3988.0000     -733740.113731
3992.0000     -733546.130178
3996.0000     -732715.691986
4000.0000     -734509.940602
4004.0000     -734509.940602
