4.0000      -30824.220713
8.0000      -30690.051331
12.0000      -30710.568557
16.0000      -30845.016499
20.0000      -30712.810856
24.0000      -30964.614879
28.0000      -30904.697726
32.0000      -30825.180624
36.0000      -30815.252575
40.0000      -30909.820954
44.0000      -30921.075151
48.0000      -30600.470433
52.0000      -30933.139305
56.0000      -30834.223530
60.0000      -30831.636063
64.0000      -30896.829691
68.0000      -30893.489095
72.0000      -30888.946570
76.0000      -30984.329849
80.0000      -30779.391401
84.0000      -30916.379999
88.0000      -30738.321692
92.0000      -30754.658979
96.0000      -30615.026283
100.0000      -30986.462836
104.0000      -30887.700149
108.0000      -30699.041702
112.0000      -30858.128610
116.0000      -30935.797679
120.0000      -30894.802594
124.0000      -30973.338735
128.0000      -30804.506703
132.0000      -30725.429131
136.0000      -30781.177019
140.0000      -30861.423741
144.0000      -30733.836637
148.0000      -30911.182492
152.0000      -30740.424148
156.0000      -30939.825208
160.0000      -30763.687892
164.0000      -30815.672736
168.0000      -30962.814740
172.0000      -30671.949443
176.0000      -30856.753118
180.0000      -30832.298705
184.0000      -30736.139826
188.0000      -30777.144492
192.0000      -30740.088685
196.0000      -30863.461065
200.0000      -31007.414036
204.0000      -30796.135335
208.0000      -30521.303832
212.0000      -30596.049997
216.0000      -30722.396285
220.0000      -30812.807533
224.0000      -30850.496273
228.0000      -30834.329842
232.0000      -30893.606535
236.0000      -30758.151534
240.0000      -30845.770390
244.0000      -30671.048279
248.0000      -30754.767798
252.0000      -30702.967247
256.0000      -30785.945239
260.0000      -30855.201252
264.0000      -30951.404795
268.0000      -30838.464580
272.0000      -30623.392711
276.0000      -30829.992283
280.0000      -30841.707100
284.0000      -30986.553127
288.0000      -30770.586134
292.0000      -30879.560542
296.0000      -30758.749695
300.0000      -30931.001416
304.0000      -31010.684293
308.0000      -30730.681675
312.0000      -30775.844292
316.0000      -30886.755809
320.0000      -31020.587842
324.0000      -30786.362029
328.0000      -30713.796613
332.0000      -30799.512867
336.0000      -30730.066700
340.0000      -30952.083036
344.0000      -30920.695169
348.0000      -30770.207639
352.0000      -30770.586402
356.0000      -30766.203627
360.0000      -30870.092309
364.0000      -30885.119728
368.0000      -30903.300508
372.0000      -30780.913317
376.0000      -30671.721991
380.0000      -30786.949758
384.0000      -30882.987260
388.0000      -30735.963381
392.0000      -30730.286929
396.0000      -30807.527290
400.0000      -30963.107487
404.0000      -30924.375425
408.0000      -30791.578659
412.0000      -30800.185177
416.0000      -30582.044540
420.0000      -31012.154048
424.0000      -30936.338127
428.0000      -30872.712660
432.0000      -30912.977128
436.0000      -30898.437582
440.0000      -30906.332269
444.0000      -30743.037469
448.0000      -30897.705431
452.0000      -30790.673552
456.0000      -30897.788596
460.0000      -30753.580581
464.0000      -30655.319961
468.0000      -30957.623659
472.0000      -30729.110582
476.0000      -30848.539170
480.0000      -30944.012780
484.0000      -30692.478459
488.0000      -30780.845975
492.0000      -30951.741487
496.0000      -30960.046079
500.0000      -30903.944702
504.0000      -31005.058872
508.0000      -30889.465575
512.0000      -30813.603631
516.0000      -31036.732640
520.0000      -30869.971244
524.0000      -30751.505073
528.0000      -30970.908655
532.0000      -31094.934516
536.0000      -30678.099465
540.0000      -30911.965102
544.0000      -30885.487463
548.0000      -30816.947005
552.0000      -31013.139236
556.0000      -30957.061778
560.0000      -30782.842112
564.0000      -31022.081520
568.0000      -30810.439194
572.0000      -30919.047949
576.0000      -30834.616710
580.0000      -30736.384952
584.0000      -30878.784324
588.0000      -30758.708023
592.0000      -30970.268686
596.0000      -30889.232563
600.0000      -30860.055985
604.0000      -30806.257947
608.0000      -30716.868680
612.0000      -30743.182639
616.0000      -30800.159449
620.0000      -30715.011285
624.0000      -30735.169840
628.0000      -30929.434606
632.0000      -30798.299765
636.0000      -30856.392177
640.0000      -30881.765402
644.0000      -30799.142663
648.0000      -30613.793175
652.0000      -30821.906005
656.0000      -30828.486263
660.0000      -30970.376798
664.0000      -30834.500718
668.0000      -30988.699896
672.0000      -30739.063693
676.0000      -30951.044549
680.0000      -30805.566330
684.0000      -30853.525405
688.0000      -30908.081187
692.0000      -30925.125846
696.0000      -30868.059245
700.0000      -30594.591615
704.0000      -30687.020190
708.0000      -30879.143440
712.0000      -30963.929930
716.0000      -30909.644628
720.0000      -30911.014836
724.0000      -30581.922665
728.0000      -30897.127418
732.0000      -30807.453053
736.0000      -30810.378671
740.0000      -31034.142313
744.0000      -30624.996436
748.0000      -30831.732655
752.0000      -30642.095492
756.0000      -30835.367082
760.0000      -30874.871587
764.0000      -31019.655104
768.0000      -30805.275962
772.0000      -30869.860562
776.0000      -30821.531843
780.0000      -31007.303502
784.0000      -30878.850667
788.0000      -30715.084375
792.0000      -30914.864022
796.0000      -31139.637614
800.0000      -30822.214608
804.0000      -30939.420994
808.0000      -30682.240727
812.0000      -30924.153418
816.0000      -30967.232468
820.0000      -30814.908773
824.0000      -30959.789731
828.0000      -30728.286808
832.0000      -30738.915423
836.0000      -30793.283927
840.0000      -30767.828656
844.0000      -30930.936129
848.0000      -30904.942713
852.0000      -30998.176254
856.0000      -30910.225656
860.0000      -30988.116767
864.0000      -30950.292463
868.0000      -30913.639819
872.0000      -30924.060698
876.0000      -30733.009194
880.0000      -30869.775942
884.0000      -31013.844438
888.0000      -30774.809210
892.0000      -30898.221571
896.0000      -30796.008471
900.0000      -30930.691257
904.0000      -30981.749065
908.0000      -30912.419286
912.0000      -30869.324479
916.0000      -31020.512058
920.0000      -30757.661671
924.0000      -30896.347256
928.0000      -30731.027677
932.0000      -30977.667934
936.0000      -30841.199215
940.0000      -30856.595128
944.0000      -30536.050153
948.0000      -31028.770141
952.0000      -30887.271021
956.0000      -30770.279873
960.0000      -31054.435116
964.0000      -30951.054565
968.0000      -30757.282559
972.0000      -30857.045093
976.0000      -30878.688631
980.0000      -30784.185241
984.0000      -30876.628963
988.0000      -30817.541106
992.0000      -30795.261813
996.0000      -30647.632028
1000.0000      -30890.563002
1004.0000      -30742.025578
1008.0000      -30693.229714
1012.0000      -30789.990741
1016.0000      -30849.640664
1020.0000      -30876.241593
1024.0000      -30893.329952
1028.0000      -30703.886620
1032.0000      -30757.748206
1036.0000      -30806.205962
1040.0000      -30928.798494
1044.0000      -30965.597796
1048.0000      -30905.993998
1052.0000      -30978.491117
1056.0000      -30783.241022
1060.0000      -30731.229479
1064.0000      -30851.615819
1068.0000      -30877.336034
1072.0000      -30787.087108
1076.0000      -30856.661285
1080.0000      -30891.762882
1084.0000      -30792.566728
1088.0000      -30960.902556
1092.0000      -30753.284294
1096.0000      -30780.547102
1100.0000      -30921.722576
1104.0000      -30885.369040
1108.0000      -30842.394331
1112.0000      -30860.576648
1116.0000      -30929.163520
1120.0000      -30904.534518
1124.0000      -30865.100698
1128.0000      -30761.818951
1132.0000      -30918.597778
1136.0000      -30518.667708
1140.0000      -30800.209515
1144.0000      -30888.303597
1148.0000      -30891.169687
1152.0000      -30934.461998
1156.0000      -30885.269616
1160.0000      -30860.382780
1164.0000      -30822.137581
1168.0000      -30874.192047
1172.0000      -30932.874821
1176.0000      -30922.626660
1180.0000      -30834.539505
1184.0000      -30867.459707
1188.0000      -30887.151379
1192.0000      -30909.784400
1196.0000      -30707.335146
1200.0000      -30945.347570
1204.0000      -30879.149090
1208.0000      -30913.557923
1212.0000      -30826.852178
1216.0000      -30799.238022
1220.0000      -30757.667537
1224.0000      -30769.388111
1228.0000      -30744.157610
1232.0000      -30919.903936
1236.0000      -30908.208590
1240.0000      -30845.341638
1244.0000      -30747.538586
1248.0000      -30881.418844
1252.0000      -30784.595301
1256.0000      -30813.401730
1260.0000      -30862.217296
1264.0000      -30840.773226
1268.0000      -30939.004615
1272.0000      -30827.477031
1276.0000      -30789.763182
1280.0000      -30845.153202
1284.0000      -30771.895302
1288.0000      -30878.380335
1292.0000      -30746.555031
1296.0000      -30737.603919
1300.0000      -30893.882705
1304.0000      -30720.430877
1308.0000      -30773.623310
1312.0000      -30690.353152
1316.0000      -30802.519142
1320.0000      -30602.056634
1324.0000      -30778.891775
1328.0000      -30864.646096
1332.0000      -30860.231810
1336.0000      -30763.448526
1340.0000      -30961.279384
1344.0000      -30731.547559
1348.0000      -31010.418526
1352.0000      -30786.461628
1356.0000      -30814.559496
1360.0000      -30864.851342
1364.0000      -30939.935145
1368.0000      -30907.146322
1372.0000      -30846.742788
1376.0000      -30779.257569
1380.0000      -30896.690279
1384.0000      -30820.065391
1388.0000      -30852.169787
1392.0000      -30800.458934
1396.0000      -30781.765379
1400.0000      -30863.098211
1404.0000      -30820.807354
1408.0000      -30732.231645
1412.0000      -30808.368478
1416.0000      -30763.431413
1420.0000      -30799.703064
1424.0000      -30922.315871
1428.0000      -30964.292019
1432.0000      -30797.607368
1436.0000      -30621.498678
1440.0000      -30619.368789
1444.0000      -30699.714627
1448.0000      -30851.257659
1452.0000      -30805.091420
1456.0000      -30886.047471
1460.0000      -30692.877482
1464.0000      -30412.765491
1468.0000      -30708.406037
1472.0000      -30854.892978
1476.0000      -30828.831543
1480.0000      -30766.918240
1484.0000      -30835.121986
1488.0000      -30763.370269
1492.0000      -30754.664284
1496.0000      -30678.772248
1500.0000      -30827.473626
1504.0000      -30719.977571
1508.0000      -30829.489122
1512.0000      -30800.293421
1516.0000      -30854.607717
1520.0000      -30769.199530
1524.0000      -30764.322832
1528.0000      -30916.632527
1532.0000      -30867.495803
1536.0000      -30822.032711
1540.0000      -30750.732105
1544.0000      -30963.903234
1548.0000      -30966.794248
1552.0000      -30682.875989
1556.0000      -30804.167666
1560.0000      -30858.512188
1564.0000      -30885.503246
1568.0000      -30851.140103
1572.0000      -30981.779091
1576.0000      -30784.897345
1580.0000      -30846.014210
1584.0000      -30865.960205
1588.0000      -30751.549979
1592.0000      -30875.058048
1596.0000      -30978.032866
1600.0000      -30773.723177
1604.0000      -30914.080314
1608.0000      -30754.220766
1612.0000      -30863.697542
1616.0000      -30706.866861
1620.0000      -30690.651507
1624.0000      -30856.631148
1628.0000      -30884.901516
1632.0000      -30692.113045
1636.0000      -30873.373711
1640.0000      -30864.027849
1644.0000      -31049.467490
1648.0000      -31044.891845
1652.0000      -30852.050752
1656.0000      -30795.977988
1660.0000      -30825.432683
1664.0000      -30835.276650
1668.0000      -30935.857776
1672.0000      -30822.797828
1676.0000      -30861.064488
1680.0000      -30743.214243
1684.0000      -30696.667636
1688.0000      -30843.916665
1692.0000      -30902.681781
1696.0000      -30688.480767
1700.0000      -30889.269991
1704.0000      -30849.248677
1708.0000      -30864.217695
1712.0000      -30721.739130
1716.0000      -31003.627740
1720.0000      -31100.890854
1724.0000      -30930.822014
1728.0000      -30989.961470
1732.0000      -30854.410756
1736.0000      -30759.001151
1740.0000      -30857.939367
1744.0000      -30657.506011
1748.0000      -30862.868422
1752.0000      -30727.013112
1756.0000      -30708.740338
1760.0000      -30661.297027
1764.0000      -30954.561604
1768.0000      -30928.212025
1772.0000      -30956.270752
1776.0000      -30871.003810
1780.0000      -30931.739209
1784.0000      -30738.502024
1788.0000      -30880.822555
1792.0000      -30623.724682
1796.0000      -31032.012120
1800.0000      -30855.136196
1804.0000      -30743.685906
1808.0000      -30989.646234
1812.0000      -30872.427106
1816.0000      -30915.453584
1820.0000      -30762.312226
1824.0000      -30972.691297
1828.0000      -30932.352634
1832.0000      -30814.136544
1836.0000      -30856.141250
1840.0000      -30891.141707
1844.0000      -30913.814964
1848.0000      -31000.498459
1852.0000      -30971.557167
1856.0000      -30800.170349
1860.0000      -30785.374905
1864.0000      -30766.325476
1868.0000      -31001.569599
1872.0000      -30955.362854
1876.0000      -30880.489706
1880.0000      -30693.361803
1884.0000      -30876.842956
1888.0000      -30780.424695
1892.0000      -30896.867659
1896.0000      -30936.952734
1900.0000      -30850.783927
1904.0000      -30750.627626
1908.0000      -30901.332612
1912.0000      -30967.733368
1916.0000      -30841.602132
1920.0000      -30882.647968
1924.0000      -30868.631990
1928.0000      -30839.343621
1932.0000      -30823.045113
1936.0000      -30601.466308
1940.0000      -30885.090133
1944.0000      -30706.455532
1948.0000      -30940.505281
1952.0000      -30933.950880
1956.0000      -30826.013233
1960.0000      -30878.811339
1964.0000      -30817.299330
1968.0000      -30865.918185
1972.0000      -30699.735904
1976.0000      -30710.418180
1980.0000      -30742.542318
1984.0000      -30866.241139
1988.0000      -30842.359089
1992.0000      -30720.898277
1996.0000      -30774.997661
2000.0000      -30956.322397
2004.0000      -30725.618338
2008.0000      -30718.040908
2012.0000      -30918.697512
2016.0000      -30774.973307
2020.0000      -30616.449924
2024.0000      -30798.014218
2028.0000      -30886.155774
2032.0000      -30786.397721
2036.0000      -30235.020246
2040.0000      -30901.416818
2044.0000      -30962.531077
2048.0000      -30764.944046
2052.0000      -30739.422416
2056.0000      -30760.897132
2060.0000      -30842.159425
2064.0000      -30564.371068
2068.0000      -30899.764569
2072.0000      -30871.649397
2076.0000      -30593.556518
2080.0000      -30767.065069
2084.0000      -31034.222343
2088.0000      -30796.407910
2092.0000      -30896.987258
2096.0000      -30749.179474
2100.0000      -30887.062817
2104.0000      -30786.775412
2108.0000      -30944.241783
2112.0000      -30685.942348
2116.0000      -30841.822276
2120.0000      -30842.593681
2124.0000      -30802.532076
2128.0000      -30749.764754
2132.0000      -31003.825638
2136.0000      -30890.926603
2140.0000      -30829.805763
2144.0000      -30895.340491
2148.0000      -30934.811700
2152.0000      -30832.742417
2156.0000      -30795.669107
2160.0000      -30757.776307
2164.0000      -30814.224737
2168.0000      -30655.699611
2172.0000      -30902.394050
2176.0000      -30846.969979
2180.0000      -30903.457472
2184.0000      -30719.441149
2188.0000      -30862.009135
2192.0000      -30959.649154
2196.0000      -30860.334665
2200.0000      -30775.858646
2204.0000      -30761.879466
2208.0000      -30808.828313
2212.0000      -30889.364065
2216.0000      -30727.847648
2220.0000      -30909.177898
2224.0000      -30704.388351
2228.0000      -30837.480819
2232.0000      -30963.160421
2236.0000      -30811.692908
2240.0000      -30671.961031
2244.0000      -31043.219204
2248.0000      -30820.218443
2252.0000      -30929.540191
2256.0000      -30712.413149
2260.0000      -30959.890420
2264.0000      -30814.870114
2268.0000      -30913.156402
2272.0000      -30755.808552
2276.0000      -30853.797347
2280.0000      -31048.154203
2284.0000      -30949.858584
2288.0000      -30832.481676
2292.0000      -30901.064324
2296.0000      -30880.431033
2300.0000      -30834.153789
2304.0000      -30890.822659
2308.0000      -30920.888130
2312.0000      -30745.419007
2316.0000      -30845.117354
2320.0000      -30780.120385
2324.0000      -30809.463977
2328.0000      -30826.554092
2332.0000      -30766.320679
2336.0000      -30767.427073
2340.0000      -30805.344516
2344.0000      -30863.401917
2348.0000      -30830.762134
2352.0000      -30772.717846
2356.0000      -30773.226791
2360.0000      -30893.420527
2364.0000      -30725.534623
2368.0000      -30755.052009
2372.0000      -30825.505173
2376.0000      -30714.844174
2380.0000      -30876.327401
2384.0000      -30690.955766
2388.0000      -30819.327849
2392.0000      -30857.557273
2396.0000      -30756.519258
2400.0000      -30692.876199
2404.0000      -30817.082641
2408.0000      -30784.818484
2412.0000      -30924.086533
2416.0000      -30731.130753
2420.0000      -30203.198211
2424.0000      -30867.875919
2428.0000      -30845.005919
2432.0000      -30705.048293
2436.0000      -30851.810963
2440.0000      -30895.644403
2444.0000      -30913.195205
2448.0000      -30749.769497
2452.0000      -30944.148179
2456.0000      -30889.565216
2460.0000      -30662.441941
2464.0000      -30997.811456
2468.0000      -30619.955647
2472.0000      -30862.089285
2476.0000      -30526.167574
2480.0000      -30745.699083
2484.0000      -30704.727376
2488.0000      -30818.804584
2492.0000      -30932.227133
2496.0000      -30778.676131
2500.0000      -30809.607634
2504.0000      -30833.542228
2508.0000      -30942.326175
2512.0000      -31013.625655
2516.0000      -30890.566837
2520.0000      -30779.491846
2524.0000      -30669.528777
2528.0000      -30810.959925
2532.0000      -30893.461949
2536.0000      -30838.682672
2540.0000      -30848.230716
2544.0000      -30826.146361
2548.0000      -30777.308596
2552.0000      -30896.982013
2556.0000      -30860.998020
2560.0000      -30618.228114
2564.0000      -30768.286483
2568.0000      -30661.118638
2572.0000      -30893.832983
2576.0000      -30924.783120
2580.0000      -30825.110923
2584.0000      -30786.132831
2588.0000      -30925.094439
2592.0000      -30827.983828
2596.0000      -30745.883464
2600.0000      -30912.382091
2604.0000      -30892.936332
2608.0000      -30818.633017
2612.0000      -30503.322367
2616.0000      -30881.631167
2620.0000      -30918.829587
2624.0000      -30560.111958
2628.0000      -30862.073271
2632.0000      -30841.618476
2636.0000      -30947.671038
2640.0000      -30949.400084
2644.0000      -30721.383406
2648.0000      -30827.282988
2652.0000      -30462.324787
2656.0000      -30844.764339
2660.0000      -30853.720452
2664.0000      -30730.249311
2668.0000      -30884.255043
2672.0000      -30810.099917
2676.0000      -30766.968889
2680.0000      -30811.227225
2684.0000      -30756.144689
2688.0000      -30836.229909
2692.0000      -30832.871610
2696.0000      -30698.168220
2700.0000      -30874.883996
2704.0000      -30808.381740
2708.0000      -30743.980549
2712.0000      -30649.843122
2716.0000      -30801.802735
2720.0000      -30540.216453
2724.0000      -30867.824722
2728.0000      -30893.514751
2732.0000      -30938.738246
2736.0000      -30866.612995
2740.0000      -30835.710738
2744.0000      -30782.480849
2748.0000      -30821.425808
2752.0000      -30886.299994
2756.0000      -30701.487314
2760.0000      -30727.182367
2764.0000      -30737.940236
2768.0000      -30861.070685
2772.0000      -30847.955282
2776.0000      -30734.986928
2780.0000      -30711.480327
2784.0000      -30781.087872
2788.0000      -30792.985356
2792.0000      -30852.766578
2796.0000      -31020.296243
2800.0000      -30782.608566
2804.0000      -30838.888271
2808.0000      -30841.385426
2812.0000      -30891.418262
2816.0000      -30780.521985
2820.0000      -30790.757684
2824.0000      -30795.519861
2828.0000      -30822.839351
2832.0000      -30918.202556
2836.0000      -30799.613586
2840.0000      -30800.694638
2844.0000      -30744.326406
2848.0000      -30730.739935
2852.0000      -30786.491379
2856.0000      -30813.263351
2860.0000      -30825.399533
2864.0000      -30708.364663
2868.0000      -30957.264930
2872.0000      -30807.475075
2876.0000      -30746.726233
2880.0000      -30862.575488
2884.0000      -30836.091436
2888.0000      -30748.710701
2892.0000      -31004.919912
2896.0000      -30886.702740
2900.0000      -30965.801069
2904.0000      -30931.034663
2908.0000      -31107.454133
2912.0000      -30904.774274
2916.0000      -30848.681111
2920.0000      -30868.105685
2924.0000      -30906.522748
2928.0000      -30962.010978
2932.0000      -30684.684641
2936.0000      -30928.100693
2940.0000      -30686.148619
2944.0000      -30812.366490
2948.0000      -30826.388108
2952.0000      -30805.252614
2956.0000      -30777.832792
2960.0000      -30752.443779
2964.0000      -30882.823758
2968.0000      -30825.591373
2972.0000      -30812.664937
2976.0000      -30829.601338
2980.0000      -30750.893899
2984.0000      -30967.355951
2988.0000      -30765.509683
2992.0000      -30814.289699
2996.0000      -30641.131168
3000.0000      -30863.628673
3004.0000      -30747.398750
3008.0000      -30873.175163
3012.0000      -30703.399862
3016.0000      -30845.146564
3020.0000      -30838.676322
3024.0000      -30817.466488
3028.0000      -30958.369858
3032.0000      -30945.530703
3036.0000      -30765.191660
3040.0000      -30905.655064
3044.0000      -30782.917190
3048.0000      -30920.957860
3052.0000      -30797.203726
3056.0000      -30746.905050
3060.0000      -30912.415634
3064.0000      -30812.394197
3068.0000      -30805.160656
3072.0000      -30769.224095
3076.0000      -30774.501569
3080.0000      -30824.990911
3084.0000      -30911.095897
3088.0000      -30809.730041
3092.0000      -30848.551362
3096.0000      -30821.186296
3100.0000      -30711.308668
3104.0000      -30791.134154
3108.0000      -30711.385449
3112.0000      -30931.283534
3116.0000      -30840.841144
3120.0000      -30763.626115
3124.0000      -30871.588710
3128.0000      -30945.991540
3132.0000      -30819.064550
3136.0000      -30908.115445
3140.0000      -30846.533259
3144.0000      -30841.599281
3148.0000      -30940.148718
3152.0000      -30918.536091
3156.0000      -30694.137854
3160.0000      -30759.842584
3164.0000      -30691.876006
3168.0000      -30767.581996
3172.0000      -30784.238401
3176.0000      -30919.265375
3180.0000      -30883.439473
3184.0000      -30927.118443
3188.0000      -31028.097945
3192.0000      -30944.011000
3196.0000      -30823.106597
3200.0000      -30804.493744
3204.0000      -30816.781956
3208.0000      -31006.345834
3212.0000      -30942.201975
3216.0000      -30912.347609
3220.0000      -30882.717598
3224.0000      -30634.029272
3228.0000      -30934.014836
3232.0000      -30831.266343
3236.0000      -31088.317002
3240.0000      -30904.384250
3244.0000      -30980.528267
3248.0000      -30986.123148
3252.0000      -30892.886532
3256.0000      -30825.806603
3260.0000      -30774.978760
3264.0000      -30776.913873
3268.0000      -30811.117961
3272.0000      -30781.328800
3276.0000      -30799.078329
3280.0000      -30031.912895
3284.0000      -30480.377076
3288.0000      -30796.926470
3292.0000      -30900.280269
3296.0000      -30990.624048
3300.0000      -30907.261226
3304.0000      -30847.138827
3308.0000      -30745.642811
3312.0000      -30783.907323
3316.0000      -30768.086831
3320.0000      -30944.878591
3324.0000      -30894.677455
3328.0000      -30767.584073
3332.0000      -30885.530221
3336.0000      -30724.690071
3340.0000      -30696.536121
3344.0000      -30915.573115
3348.0000      -30746.021191
3352.0000      -30752.073390
3356.0000      -30725.933868
3360.0000      -30832.477111
3364.0000      -30894.573397
3368.0000      -30863.382764
3372.0000      -30788.903264
3376.0000      -30526.643176
3380.0000      -30767.203860
3384.0000      -30881.793244
3388.0000      -30871.773275
3392.0000      -31043.759639
3396.0000      -30985.297473
3400.0000      -30818.257526
3404.0000      -30878.110681
3408.0000      -30747.542721
3412.0000      -30778.013016
3416.0000      -30758.890327
3420.0000      -30834.650217
3424.0000      -30934.806967
3428.0000      -30830.836624
3432.0000      -30837.866786
3436.0000      -30931.177197
3440.0000      -30942.806855
3444.0000      -30829.156004
3448.0000      -31039.123742
3452.0000      -30980.987538
3456.0000      -30803.940856
3460.0000      -30983.116456
3464.0000      -30627.877610
3468.0000      -30848.574772
3472.0000      -30507.941786
3476.0000      -30699.392108
3480.0000      -30655.829631
3484.0000      -30645.182836
3488.0000      -30733.202753
3492.0000      -30871.402131
3496.0000      -30762.456047
3500.0000      -31024.055416
3504.0000      -30664.486023
3508.0000      -30683.074939
3512.0000      -30772.922162
3516.0000      -30911.828739
3520.0000      -30678.382594
3524.0000      -30877.818948
3528.0000      -30765.141289
3532.0000      -30933.799460
3536.0000      -30870.361970
3540.0000      -30712.031060
3544.0000      -30915.765165
3548.0000      -30940.221196
3552.0000      -30735.300844
3556.0000      -30781.951309
3560.0000      -30721.555223
3564.0000      -30876.957233
3568.0000      -30970.587828
3572.0000      -30890.965822
3576.0000      -30904.317877
3580.0000      -30807.097973
3584.0000      -30778.757236
3588.0000      -30799.362804
3592.0000      -30742.927563
3596.0000      -30868.877912
3600.0000      -30676.408959
3604.0000      -30899.641549
3608.0000      -30868.878323
3612.0000      -30753.496641
3616.0000      -30948.490413
3620.0000      -30666.231370
3624.0000      -30724.388403
3628.0000      -30981.506878
3632.0000      -30875.779601
3636.0000      -30739.304549
3640.0000      -30794.183487
3644.0000      -30818.544585
3648.0000      -30785.442848
3652.0000      -30882.593858
3656.0000      -30699.677707
3660.0000      -30919.037794
3664.0000      -30708.098148
3668.0000      -30976.291375
3672.0000      -31005.015886
3676.0000      -30850.479273
3680.0000      -30857.069173
3684.0000      -31068.907727
3688.0000      -30851.978119
3692.0000      -30915.000300
3696.0000      -30804.263040
3700.0000      -30714.286815
3704.0000      -30885.955794
3708.0000      -30832.961161
3712.0000      -30853.516229
3716.0000      -30875.674197
3720.0000      -30767.195665
3724.0000      -30862.002975
3728.0000      -30937.717875
3732.0000      -30835.297837
3736.0000      -30882.764583
3740.0000      -30806.843210
3744.0000      -30824.970889
3748.0000      -30671.042588
3752.0000      -30882.687425
3756.0000      -30844.074691
3760.0000      -30678.398187
3764.0000      -30548.359352
3768.0000      -30819.728969
3772.0000      -30640.717784
3776.0000      -30771.329819
3780.0000      -30686.904746
3784.0000      -30876.232994
3788.0000      -30786.130867
3792.0000      -30858.895523
3796.0000      -30800.518494
3800.0000      -30832.867580
3804.0000      -30821.008046
3808.0000      -30794.115872
3812.0000      -30824.276899
3816.0000      -30795.100471
3820.0000      -30835.255892
3824.0000      -30941.023979
3828.0000      -30957.439086
3832.0000      -30919.721926
3836.0000      -30569.310628
3840.0000      -30817.437977
3844.0000      -30810.420786
3848.0000      -30749.986928
3852.0000      -30790.207360
3856.0000      -30806.586158
3860.0000      -30830.881857
3864.0000      -30990.932053
3868.0000      -30881.680998
3872.0000      -30856.223473
3876.0000      -30869.321009
3880.0000      -30724.050278
3884.0000      -30727.428705
3888.0000      -30838.102320
3892.0000      -30766.654929
3896.0000      -30806.381259
3900.0000      -30808.707807
3904.0000      -30769.478081
3908.0000      -30859.758516
3912.0000      -30997.979140
3916.0000      -30858.987225
3920.0000      -30731.828991
3924.0000      -30978.387417
3928.0000      -30933.935701
3932.0000      -30938.280318
3936.0000      -30645.522404
3940.0000      -30783.589182
3944.0000      -30052.809176
3948.0000      -30795.469570
3952.0000      -30778.917819
3956.0000      -30930.256081
3960.0000      -30943.610792
3964.0000      -30819.566716
3968.0000      -30770.745626
3972.0000      -30831.509899
3976.0000      -30641.414299
3980.0000      -30787.833296
3984.0000      -30908.709917
3988.0000      -30808.297235
3992.0000      -30876.339533
3996.0000      -30676.626874
4000.0000      -30781.854888
4004.0000      -30781.854888
