4.0000     -733129.163602
8.0000     -733669.939328
12.0000     -731629.496225
16.0000     -732898.011293
20.0000     -732660.091314
24.0000     -732415.641719
28.0000     -733413.274288
32.0000     -732223.049372
36.0000     -733220.948679
40.0000     -732501.922088
44.0000     -733154.042986
48.0000     -733663.119816
52.0000     -733155.974241
56.0000     -733069.880188
60.0000     -732966.580090
64.0000     -733271.423506
68.0000     -733798.537919
72.0000     -732832.411606
76.0000     -732433.963652
80.0000     -733745.389158
84.0000     -732687.592194
88.0000     -732616.035028
92.0000     -732931.621231
96.0000     -732513.014528
100.0000     -733301.026873
104.0000     -732136.023376
108.0000     -733514.811806
112.0000     -732648.477782
116.0000     -733436.004244
120.0000     -732829.167871
124.0000     -732838.963983
128.0000     -732830.357713
132.0000     -732743.043569
136.0000     -733429.858777
140.0000     -732813.937593
144.0000     -732257.002763
148.0000     -733347.237100
152.0000     -732816.333269
156.0000     -732034.949114
160.0000     -732242.398286
164.0000     -732645.546308
168.0000     -733072.739404
172.0000     -732709.925892
176.0000     -733312.611103
180.0000     -732105.289636
184.0000     -733049.065089
188.0000     -732974.509465
192.0000     -733336.574063
196.0000     -734023.956017
200.0000     -732429.406820
204.0000     -733388.735013
208.0000     -733411.922032
212.0000     -733882.010292
216.0000     -733380.018753
220.0000     -734058.167557
224.0000     -732919.384706
228.0000     -733180.688740
232.0000     -733410.689614
236.0000     -732140.711941
240.0000     -733883.146695
244.0000     -733826.446684
248.0000     -733400.885667
252.0000     -733475.988064
256.0000     -733929.637061
260.0000     -732528.497879
264.0000     -732866.200584
268.0000     -732610.201435
272.0000     -732348.728643
276.0000     -732797.433423
280.0000     -732423.012459
284.0000     -734351.276807
288.0000     -732641.055090
292.0000     -732967.518187
296.0000     -733166.616840
300.0000     -733023.046737
304.0000     -732336.903645
308.0000     -733952.942421
312.0000     -732939.139267
316.0000     -733468.543351
320.0000     -733037.834093
324.0000     -733593.286486
328.0000     -733242.482633
332.0000     -733392.903364
336.0000     -733243.896900
340.0000     -734118.472397
344.0000     -733713.409364
348.0000     -733789.985135
352.0000     -732665.679084
356.0000     -733812.793459
360.0000     -732990.485535
364.0000     -733241.391657
368.0000     -732818.285856
372.0000     -733650.215932
376.0000     -733031.912420
380.0000     -733046.736297
384.0000     -733488.272811
388.0000     -732701.929185
392.0000     -732685.996304
396.0000     -733229.803703
400.0000     -732803.921820
404.0000     -733496.546692
408.0000     -733864.350954
412.0000     -733898.882312
416.0000     -732904.682926
420.0000     -732776.527183
424.0000     -733329.780563
428.0000     -733899.037689
432.0000     -733718.763693
436.0000     -733090.580076
440.0000     -733502.946458
444.0000     -733658.371928
448.0000     -732646.036873
452.0000     -732922.561447
456.0000     -733309.356532
460.0000     -733987.730353
464.0000     -733570.025257
468.0000     -733464.420166
472.0000     -733587.095985
476.0000     -733352.553361
480.0000     -732901.061676
484.0000     -733713.115969
488.0000     -732458.313967
492.0000     -732256.809135
496.0000     -732481.195277
500.0000     -731957.407236
504.0000     -732131.897481
508.0000     -733491.557596
512.0000     -732837.004937
516.0000     -732669.292582
520.0000     -732816.166795
524.0000     -732945.659336
528.0000     -733077.152159
532.0000     -733089.274871
536.0000     -733023.818324
540.0000     -733194.998713
544.0000     -732426.122378
548.0000     -733262.313083
552.0000     -732764.952520
556.0000     -733287.195685
560.0000     -733071.279626
564.0000     -733592.539470
568.0000     -732728.047757
572.0000     -733318.873636
576.0000     -733021.578382
580.0000     -733038.461093
584.0000     -733495.178203
588.0000     -732831.262535
592.0000     -733215.052545
596.0000     -733392.847464
600.0000     -732966.628833
604.0000     -732901.945082
608.0000     -733362.918791
612.0000     -733242.163750
616.0000     -733291.714385
620.0000     -732481.995782
624.0000     -733189.284431
628.0000     -733035.767392
632.0000     -732937.936088
636.0000     -732930.855897
640.0000     -733079.404850
644.0000     -733359.709468
648.0000     -732907.630518
652.0000     -733229.491108
656.0000     -733601.884308
660.0000     -733345.206394
664.0000     -733444.577850
668.0000     -733182.119054
672.0000     -733017.276682
676.0000     -733728.674381
680.0000     -733147.672393
684.0000     -732845.266387
688.0000     -733687.102270
692.0000     -732917.745395
696.0000     -734222.926398
700.0000     -733857.995055
704.0000     -733291.153733
708.0000     -733989.458000
712.0000     -733295.400285
716.0000     -734043.101850
720.0000     -732327.029600
724.0000     -733222.473778
728.0000     -733140.026599
732.0000     -733251.719550
736.0000     -733729.532041
740.0000     -733751.746983
744.0000     -733318.805577
748.0000     -734190.333312
752.0000     -733535.182459
756.0000     -733245.847340
760.0000     -733156.512559
764.0000     -732791.398898
768.0000     -733230.032642
772.0000     -734127.551526
776.0000     -733893.990521
780.0000     -733222.931168
784.0000     -733026.717891
788.0000     -733721.751330
792.0000     -732875.497575
796.0000     -733846.008156
800.0000     -733811.630850
804.0000     -733882.187122
808.0000     -734004.005628
812.0000     -733596.070998
816.0000     -733020.772325
820.0000     -733453.471161
824.0000     -733037.018182
828.0000     -733574.122164
832.0000     -733739.073387
836.0000     -733901.123388
840.0000     -733614.415544
844.0000     -733545.357613
848.0000     -733402.675088
852.0000     -733944.384112
856.0000     -733323.030384
860.0000     -733706.206894
864.0000     -733313.886334
868.0000     -732997.171450
872.0000     -733545.959328
876.0000     -733362.424554
880.0000     -733132.652232
884.0000     -733440.012844
888.0000     -733949.015519
892.0000     -733632.269643
896.0000     -733024.046519
900.0000     -732848.767374
904.0000     -733716.414890
908.0000     -733235.783988
912.0000     -733724.092861
916.0000     -733532.621251
920.0000     -733254.377441
924.0000     -733139.221763
928.0000     -733269.596322
932.0000     -733385.881108
936.0000     -733638.833098
940.0000     -733525.916900
944.0000     -733129.406391
948.0000     -733084.336178
952.0000     -733871.303277
956.0000     -733676.809122
960.0000     -733721.869649
964.0000     -734011.272454
968.0000     -733432.434904
972.0000     -733600.493205
976.0000     -733594.437214
980.0000     -733179.244622
984.0000     -732944.632939
988.0000     -733046.759063
992.0000     -732395.758634
996.0000     -732520.806002
1000.0000     -732742.029927
1004.0000     -733385.636238
1008.0000     -733324.651803
1012.0000     -733442.151806
1016.0000     -732879.300281
1020.0000     -733399.413443
1024.0000     -733912.330622
1028.0000     -733421.266884
1032.0000     -733045.852052
1036.0000     -732989.437614
1040.0000     -733713.365562
1044.0000     -732738.180556
1048.0000     -734214.921520
1052.0000     -733387.899652
1056.0000     -733673.927002
1060.0000     -734026.731747
1064.0000     -732956.536115
1068.0000     -732892.846899
1072.0000     -733767.613400
1076.0000     -733358.743827
1080.0000     -734203.251506
1084.0000     -733217.312133
1088.0000     -733106.825569
1092.0000     -732971.890602
1096.0000     -734034.228659
1100.0000     -733295.982578
1104.0000     -734287.584444
1108.0000     -733492.104455
1112.0000     -734039.206432
1116.0000     -733420.034066
1120.0000     -733962.335681
1124.0000     -732772.094760
1128.0000     -733656.819461
1132.0000     -733617.455652
1136.0000     -733393.203195
1140.0000     -732921.838102
1144.0000     -733694.865811
1148.0000     -733659.782768
1152.0000     -733654.049172
1156.0000     -733588.059765
1160.0000     -733715.504388
1164.0000     -733561.633370
1168.0000     -733355.223963
1172.0000     -733773.075203
1176.0000     -733164.266461
1180.0000     -733625.876920
1184.0000     -734226.883615
1188.0000     -733806.634591
1192.0000     -733706.506865
1196.0000     -733725.853616
1200.0000     -733275.724036
1204.0000     -733886.265788
1208.0000     -733547.569569
1212.0000     -734456.040125
1216.0000     -734657.966781
1220.0000     -733061.204396
1224.0000     -733415.259075
1228.0000     -733206.786037
1232.0000     -733649.990966
1236.0000     -734127.758514
1240.0000     -733787.491325
1244.0000     -734080.456688
1248.0000     -733830.083020
1252.0000     -733087.840942
1256.0000     -734048.799446
1260.0000     -733523.860096
1264.0000     -733405.874710
1268.0000     -734228.817842
1272.0000     -733878.169253
1276.0000     -734322.854179
1280.0000     -733899.124704
1284.0000     -734015.315915
1288.0000     -733697.330149
1292.0000     -734971.599842
1296.0000     -733634.555515
1300.0000     -733860.731029
1304.0000     -733338.035912
1308.0000     -732101.367516
1312.0000     -732688.412901
1316.0000     -733382.042125
1320.0000     -733352.466093
1324.0000     -733493.766908
1328.0000     -733611.311992
1332.0000     -733990.544101
1336.0000     -732777.137514
1340.0000     -732965.871512
1344.0000     -733248.271778
1348.0000     -732998.788584
1352.0000     -733415.224322
1356.0000     -733241.164864
1360.0000     -733122.385399
1364.0000     -733718.185275
1368.0000     -732885.670001
1372.0000     -733890.519097
1376.0000     -732964.740688
1380.0000     -734015.370379
1384.0000     -733859.787710
1388.0000     -733312.116844
1392.0000     -733144.742305
1396.0000     -732919.575142
1400.0000     -733271.042797
1404.0000     -732561.235145
1408.0000     -732840.150557
1412.0000     -733010.045113
1416.0000     -733822.258912
1420.0000     -734383.436662
1424.0000     -733661.076371
1428.0000     -733395.538670
1432.0000     -733533.056809
1436.0000     -733585.443783
1440.0000     -733311.719647
1444.0000     -733901.526349
1448.0000     -733861.767758
1452.0000     -733696.505542
1456.0000     -733449.131703
1460.0000     -734073.288284
1464.0000     -733561.617578
1468.0000     -732941.247522
1472.0000     -734118.095677
1476.0000     -733435.933446
1480.0000     -732943.807011
1484.0000     -733800.970163
1488.0000     -733940.479620
1492.0000     -734090.365644
1496.0000     -733139.864865
1500.0000     -733614.105587
1504.0000     -733962.847634
1508.0000     -733584.299189
1512.0000     -733760.005494
1516.0000     -733183.799654
1520.0000     -733963.488079
1524.0000     -732844.050693
1528.0000     -733913.690353
1532.0000     -734128.840176
1536.0000     -733449.420779
1540.0000     -733101.134133
1544.0000     -732366.223825
1548.0000     -733768.042082
1552.0000     -734014.600618
1556.0000     -733598.249165
1560.0000     -735024.993257
1564.0000     -733289.466145
1568.0000     -733568.808156
1572.0000     -734100.227082
1576.0000     -733432.108705
1580.0000     -733857.593530
1584.0000     -734268.880504
1588.0000     -733052.454829
1592.0000     -733396.714020
1596.0000     -733617.181105
1600.0000     -733477.903062
1604.0000     -733602.974188
1608.0000     -732891.285562
1612.0000     -732968.496917
1616.0000     -733050.773061
1620.0000     -733552.377023
1624.0000     -734257.596407
1628.0000     -733927.864875
1632.0000     -733916.776698
1636.0000     -733191.107366
1640.0000     -733007.214529
1644.0000     -732686.965946
1648.0000     -733996.407170
1652.0000     -734684.514162
1656.0000     -733802.818140
1660.0000     -733672.852583
1664.0000     -733208.093352
1668.0000     -733812.367354
1672.0000     -733410.681830
1676.0000     -733589.802677
1680.0000     -733642.440431
1684.0000     -733882.058432
1688.0000     -734831.133127
1692.0000     -733355.601266
1696.0000     -733573.354868
1700.0000     -733290.004978
1704.0000     -732837.255620
1708.0000     -733258.506011
1712.0000     -733759.247534
1716.0000     -732992.684551
1720.0000     -733448.932569
1724.0000     -733671.311667
1728.0000     -733488.269125
1732.0000     -733864.843612
1736.0000     -733628.957343
1740.0000     -732664.637479
1744.0000     -733253.580402
1748.0000     -733898.843861
1752.0000     -733734.571873
1756.0000     -734311.486198
1760.0000     -734001.642702
1764.0000     -733322.635435
1768.0000     -733746.223327
1772.0000     -732984.390204
1776.0000     -734321.078326
1780.0000     -733102.080914
1784.0000     -732972.281617
1788.0000     -734224.601836
1792.0000     -733971.763883
1796.0000     -734163.154994
1800.0000     -734115.222402
1804.0000     -733484.437746
1808.0000     -733539.071761
1812.0000     -733349.649790
1816.0000     -732420.162202
1820.0000     -733522.006321
1824.0000     -734424.175131
1828.0000     -733417.554016
1832.0000     -733703.576322
1836.0000     -733972.088831
1840.0000     -734069.470309
1844.0000     -733437.192788
1848.0000     -733790.522754
1852.0000     -733979.341610
1856.0000     -732521.806792
1860.0000     -732888.124604
1864.0000     -733297.523973
1868.0000     -733351.903098
1872.0000     -733712.340437
1876.0000     -733952.768860
1880.0000     -734430.438564
1884.0000     -733592.973471
1888.0000     -733657.063961
1892.0000     -733237.853045
1896.0000     -732796.755044
1900.0000     -733543.858770
1904.0000     -733386.832932
1908.0000     -733318.003137
1912.0000     -732683.308634
1916.0000     -732479.256731
1920.0000     -732679.660791
1924.0000     -733106.885729
1928.0000     -733618.592418
1932.0000     -733900.237170
1936.0000     -732935.393328
1940.0000     -733258.034255
1944.0000     -733214.662237
1948.0000     -734115.375089
1952.0000     -733861.756676
1956.0000     -734243.801830
1960.0000     -733389.211101
1964.0000     -733960.064862
1968.0000     -733063.948024
1972.0000     -733245.664227
1976.0000     -732365.409221
1980.0000     -733300.196188
1984.0000     -733720.927409
1988.0000     -734271.260472
1992.0000     -733144.266016
1996.0000     -734353.454632
2000.0000     -733870.068449
2004.0000     -733895.602281
2008.0000     -734079.335301
2012.0000     -733049.364566
2016.0000     -733183.273247
2020.0000     -733802.849174
2024.0000     -733695.479842
2028.0000     -732953.075325
2032.0000     -734228.189749
2036.0000     -732835.512755
2040.0000     -733435.999643
2044.0000     -734043.908242
2048.0000     -733003.299476
2052.0000     -733397.178644
2056.0000     -733930.062543
2060.0000     -733316.494209
2064.0000     -733135.579330
2068.0000     -733244.775063
2072.0000     -733242.370743
2076.0000     -733853.861757
2080.0000     -733219.088982
2084.0000     -733669.586709
2088.0000     -733864.036010
2092.0000     -733908.868824
2096.0000     -733817.732857
2100.0000     -734868.440793
2104.0000     -733387.121293
2108.0000     -733737.753343
2112.0000     -733620.878506
2116.0000     -732854.647985
2120.0000     -732925.721057
2124.0000     -733319.913041
2128.0000     -733440.369622
2132.0000     -733536.555555
2136.0000     -733333.799259
2140.0000     -733563.168419
2144.0000     -733768.247151
2148.0000     -733202.650585
2152.0000     -733940.188042
2156.0000     -733557.155265
2160.0000     -733826.128104
2164.0000     -733142.400659
2168.0000     -733105.532432
2172.0000     -733548.487582
2176.0000     -733705.331496
2180.0000     -733470.638272
2184.0000     -732476.984670
2188.0000     -732951.596016
2192.0000     -733397.023798
2196.0000     -733441.420509
2200.0000     -733037.404719
2204.0000     -733239.783873
2208.0000     -733763.461664
2212.0000     -733653.463726
2216.0000     -733638.571240
2220.0000     -734423.151730
2224.0000     -734166.098633
2228.0000     -734580.571205
2232.0000     -733848.120003
2236.0000     -734139.373772
2240.0000     -733551.481874
2244.0000     -733692.865713
2248.0000     -734215.745941
2252.0000     -734159.618119
2256.0000     -733312.289233
2260.0000     -733735.034370
2264.0000     -732584.802613
2268.0000     -733552.391051
2272.0000     -733485.401320
2276.0000     -733312.928679
2280.0000     -734125.014999
2284.0000     -733687.379062
2288.0000     -734438.389741
2292.0000     -733968.675488
2296.0000     -733922.164575
2300.0000     -733871.018119
2304.0000     -733590.855195
2308.0000     -733848.275354
2312.0000     -733663.749925
2316.0000     -733973.893016
2320.0000     -732363.417926
2324.0000     -733554.445097
2328.0000     -733682.888430
2332.0000     -733425.373136
2336.0000     -734329.200294
2340.0000     -733016.062778
2344.0000     -733065.417109
2348.0000     -732911.872009
2352.0000     -733379.646668
2356.0000     -732931.107915
2360.0000     -732997.121202
2364.0000     -733322.794404
2368.0000     -733540.733548
2372.0000     -733284.925216
2376.0000     -734658.399160
2380.0000     -732675.047604
2384.0000     -733658.823507
2388.0000     -733273.917898
2392.0000     -733230.403659
2396.0000     -733968.420748
2400.0000     -734339.466084
2404.0000     -732408.495627
2408.0000     -733977.265365
2412.0000     -734061.675546
2416.0000     -733014.613662
2420.0000     -733598.400727
2424.0000     -733579.492856
2428.0000     -733589.181407
2432.0000     -734072.607172
2436.0000     -733275.349002
2440.0000     -732949.556316
2444.0000     -733573.484475
2448.0000     -733599.278331
2452.0000     -733842.494845
2456.0000     -733618.005782
2460.0000     -732354.455195
2464.0000     -734076.297797
2468.0000     -733569.018742
2472.0000     -733523.040278
2476.0000     -734251.447393
2480.0000     -733548.108656
2484.0000     -733976.687046
2488.0000     -733069.615823
2492.0000     -733407.801258
2496.0000     -733697.897606
2500.0000     -733982.216562
2504.0000     -732949.597814
2508.0000     -733122.425126
2512.0000     -733879.649079
2516.0000     -733861.831006
2520.0000     -733915.698243
2524.0000     -734023.632721
2528.0000     -733991.196650
2532.0000     -733626.455261
2536.0000     -733471.972291
2540.0000     -732885.591315
2544.0000     -733557.859862
2548.0000     -733545.086788
2552.0000     -732960.961580
2556.0000     -733908.652755
2560.0000     -733359.510705
2564.0000     -732703.408580
2568.0000     -733462.369742
2572.0000     -734059.454433
2576.0000     -733986.994731
2580.0000     -733603.851561
2584.0000     -734065.544297
2588.0000     -733318.460850
2592.0000     -733615.105655
2596.0000     -734095.024431
2600.0000     -733930.352039
2604.0000     -733962.103922
2608.0000     -733260.397730
2612.0000     -733774.383746
2616.0000     -733786.572804
2620.0000     -733780.547145
2624.0000     -733897.557343
2628.0000     -733728.328608
2632.0000     -733495.838437
2636.0000     -733691.653178
2640.0000     -733379.474558
2644.0000     -733975.436662
2648.0000     -734880.687011
2652.0000     -734346.653734
2656.0000     -734424.418977
2660.0000     -732984.634276
2664.0000     -733411.143912
2668.0000     -733268.828516
2672.0000     -732934.461599
2676.0000     -733604.152685
2680.0000     -733453.472033
2684.0000     -733156.790464
2688.0000     -733919.564646
2692.0000     -733525.142038
2696.0000     -733800.221828
2700.0000     -733864.743779
2704.0000     -733056.281901
2708.0000     -733303.685619
2712.0000     -733382.940701
2716.0000     -732828.031682
2720.0000     -732719.651348
2724.0000     -733684.323361
2728.0000     -734127.968560
2732.0000     -733005.013225
2736.0000     -733136.205339
2740.0000     -733883.931611
2744.0000     -733509.403165
2748.0000     -733155.961662
2752.0000     -733166.592271
2756.0000     -733093.323361
2760.0000     -733951.095675
2764.0000     -733102.344089
2768.0000     -734061.662211
2772.0000     -733666.764975
2776.0000     -734741.304487
2780.0000     -733865.276728
2784.0000     -734079.543960
2788.0000     -733711.309761
2792.0000     -734039.650292
2796.0000     -733739.126919
2800.0000     -734665.633713
2804.0000     -733957.814126
2808.0000     -731916.269628
2812.0000     -733349.193166
2816.0000     -733950.323720
2820.0000     -733547.770334
2824.0000     -733340.675114
2828.0000     -734205.369269
2832.0000     -733678.614558
2836.0000     -732900.441956
2840.0000     -734853.522730
2844.0000     -733665.762401
2848.0000     -734185.572162
2852.0000     -733536.679501
2856.0000     -733043.039044
2860.0000     -733296.842973
2864.0000     -733701.852777
2868.0000     -733422.546585
2872.0000     -734085.028799
2876.0000     -732892.751357
2880.0000     -734461.970156
2884.0000     -733414.690772
2888.0000     -733379.802034
2892.0000     -733147.453875
2896.0000     -733918.569446
2900.0000     -733264.037464
2904.0000     -734582.639830
2908.0000     -733471.566451
2912.0000     -733332.799170
2916.0000     -733224.326823
2920.0000     -733415.161294
2924.0000     -732634.826881
2928.0000     -733575.555518
2932.0000     -733277.938917
2936.0000     -734177.744530
2940.0000     -734190.733216
2944.0000     -734121.267782
2948.0000     -733792.870358
2952.0000     -733682.929980
2956.0000     -733772.205047
2960.0000     -733600.508251
2964.0000     -733773.043056
2968.0000     -733595.304008
2972.0000     -733378.060690
2976.0000     -733354.001891
2980.0000     -733851.205160
2984.0000     -733868.499321
2988.0000     -733611.102536
2992.0000     -733202.606030
2996.0000     -734269.830095
3000.0000     -733516.504156
3004.0000     -733023.290176
3008.0000     -733455.680835
3012.0000     -733949.522347
3016.0000     -734431.407715
3020.0000     -733369.312766
3024.0000     -734113.205927
3028.0000     -733951.066377
3032.0000     -734303.985955
3036.0000     -734199.056133
3040.0000     -734622.799779
3044.0000     -733329.260626
3048.0000     -734153.661572
3052.0000     -734767.684089
3056.0000     -733446.797340
3060.0000     -733796.021943
3064.0000     -733982.883482
3068.0000     -733645.325619
3072.0000     -733929.133379
3076.0000     -733627.296879
3080.0000     -734118.305585
3084.0000     -733374.463688
3088.0000     -733287.215909
3092.0000     -733337.262147
3096.0000     -733022.481736
3100.0000     -733836.963834
3104.0000     -733625.471644
3108.0000     -733495.771993
3112.0000     -733484.692066
3116.0000     -733686.417939
3120.0000     -732989.870046
3124.0000     -734313.779118
3128.0000     -733498.936731
3132.0000     -732960.346830
3136.0000     -733787.041922
3140.0000     -733696.177351
3144.0000     -734277.529792
3148.0000     -733549.335197
3152.0000     -733696.996402
3156.0000     -733707.548910
3160.0000     -734038.885860
3164.0000     -733806.326228
3168.0000     -734336.633095
3172.0000     -733958.634825
3176.0000     -733984.820941
3180.0000     -733914.254984
3184.0000     -733983.072734
3188.0000     -734080.627279
3192.0000     -732992.439594
3196.0000     -733946.277817
3200.0000     -733931.949664
3204.0000     -734054.574375
3208.0000     -733778.068849
3212.0000     -733800.029832
3216.0000     -733740.085031
3220.0000     -733729.914590
3224.0000     -733594.587014
3228.0000     -733456.464334
3232.0000     -733501.173457
3236.0000     -733304.482036
3240.0000     -733426.741626
3244.0000     -734704.959863
3248.0000     -733493.207385
3252.0000     -733830.195592
3256.0000     -733572.236365
3260.0000     -733251.667394
3264.0000     -733539.455624
3268.0000     -734124.451194
3272.0000     -733956.639584
3276.0000     -733511.142524
3280.0000     -733864.258240
3284.0000     -733728.082692
3288.0000     -733841.060584
3292.0000     -733702.573983
3296.0000     -733981.953832
3300.0000     -733394.400849
3304.0000     -733826.769772
3308.0000     -733870.573193
3312.0000     -734105.598319
3316.0000     -733623.200834
3320.0000     -735193.846374
3324.0000     -733696.884827
3328.0000     -733824.338342
3332.0000     -733580.544755
3336.0000     -734555.359175
3340.0000     -734095.602460
3344.0000     -733031.664459
3348.0000     -733253.235253
3352.0000     -734039.532357
3356.0000     -733536.982904
3360.0000     -733267.353609
3364.0000     -733834.178869
3368.0000     -733971.709806
3372.0000     -733802.223577
3376.0000     -732810.563208
3380.0000     -733368.438782
3384.0000     -733693.581974
3388.0000     -733408.299538
3392.0000     -733008.544240
3396.0000     -732480.140980
3400.0000     -733629.863943
3404.0000     -733398.305510
3408.0000     -732702.765447
3412.0000     -733815.057513
3416.0000     -733682.644413
3420.0000     -732724.054433
3424.0000     -733845.158376
3428.0000     -734080.643268
3432.0000     -732996.634924
3436.0000     -733522.221692
3440.0000     -734199.600903
3444.0000     -734850.002304
3448.0000     -733603.420277
3452.0000     -734092.637092
3456.0000     -733830.485985
3460.0000     -733599.429766
3464.0000     -734016.281676
3468.0000     -734666.232835
3472.0000     -733977.055025
3476.0000     -733271.357555
3480.0000     -733953.277385
3484.0000     -734376.403189
3488.0000     -733200.417423
3492.0000     -733460.595150
3496.0000     -733395.720551
3500.0000     -733286.401016
3504.0000     -733554.229265
3508.0000     -733764.896143
3512.0000     -734076.180017
3516.0000     -733988.338854
3520.0000     -733347.526934
3524.0000     -733982.046834
3528.0000     -734828.802189
3532.0000     -733399.541135
3536.0000     -732678.791212
3540.0000     -733419.583633
3544.0000     -733930.257500
3548.0000     -733466.990025
3552.0000     -733435.275715
3556.0000     -734046.672261
3560.0000     -733556.630576
3564.0000     -733174.526362
3568.0000     -733201.228785
3572.0000     -734281.477848
3576.0000     -734090.673644
3580.0000     -734201.021596
3584.0000     -733737.693054
3588.0000     -733877.103118
3592.0000     -733242.974634
3596.0000     -733393.461685
3600.0000     -733949.931484
3604.0000     -733284.191892
3608.0000     -733561.265243
3612.0000     -733566.660827
3616.0000     -734060.394305
3620.0000     -733320.632652
3624.0000     -732807.294855
3628.0000     -734082.233694
3632.0000     -734278.412210
3636.0000     -733037.803744
3640.0000     -733232.223832
3644.0000     -734035.664663
3648.0000     -734288.458029
3652.0000     -733077.398916
3656.0000     -733528.386704
3660.0000     -733167.602111
3664.0000     -733868.538194
3668.0000     -733848.730006
3672.0000     -733502.683478
3676.0000     -734155.548433
3680.0000     -734061.932089
3684.0000     -733520.173433
3688.0000     -734065.982630
3692.0000     -734061.895542
3696.0000     -733926.672890
3700.0000     -734348.580458
3704.0000     -733725.772200
3708.0000     -734571.740966
3712.0000     -734167.447320
3716.0000     -733795.711852
3720.0000     -734111.262382
3724.0000     -733721.029557
3728.0000     -734563.208442
3732.0000     -734355.167750
3736.0000     -733655.956529
3740.0000     -733285.128263
3744.0000     -734030.872914
3748.0000     -733894.442389
3752.0000     -733288.862501
3756.0000     -733966.204796
3760.0000     -735020.183021
3764.0000     -733919.165580
3768.0000     -733285.886724
3772.0000     -733633.910959
3776.0000     -733318.096160
3780.0000     -733810.445608
3784.0000     -733460.450470
3788.0000     -733714.068706
3792.0000     -733827.711121
3796.0000     -733860.979393
3800.0000     -734197.658721
3804.0000     -733531.330310
3808.0000     -733558.410393
3812.0000     -733100.276990
3816.0000     -732951.164852
3820.0000     -733846.726595
3824.0000     -733169.176336
3828.0000     -733382.204766
3832.0000     -733279.422574
3836.0000     -732739.320389
3840.0000     -733113.828528
3844.0000     -733387.973147
3848.0000     -733701.293305
3852.0000     -733749.678702
3856.0000     -733314.374345
3860.0000     -733222.767200
3864.0000     -734314.278237
3868.0000     -733488.912205
3872.0000     -733174.654727
3876.0000     -732655.304863
3880.0000     -733281.670654
3884.0000     -733399.234840
3888.0000     -733812.389340
3892.0000     -734369.525116
3896.0000     -732575.181435
3900.0000     -733740.472571
3904.0000     -733525.240958
3908.0000     -733873.381726
3912.0000     -734259.663704
3916.0000     -733281.338700
3920.0000     -733944.995485
3924.0000     -733824.541438
3928.0000     -734044.153291
3932.0000     -734124.285263
3936.0000     -732967.677573
3940.0000     -733609.014505
3944.0000     -733259.257778
3948.0000     -733896.958729
3952.0000     -734543.375740
3956.0000     -734014.783581
3960.0000     -733930.083333
3964.0000     -733342.841275
3968.0000     -733375.014877
3972.0000     -733544.421998
3976.0000     -733007.017645
3980.0000     -733939.582550
3984.0000     -733982.689821
3988.0000     -733321.736489
3992.0000     -734140.688323
3996.0000     -733085.692070
4000.0000     -734263.041306
4004.0000     -734263.041306
