4.0000      -31022.528494
8.0000      -31014.155579
12.0000      -30973.903332
16.0000      -30881.812456
20.0000      -30897.018726
24.0000      -30831.990466
28.0000      -30817.853079
32.0000      -30892.997686
36.0000      -30895.506407
40.0000      -31051.873963
44.0000      -30967.351783
48.0000      -31033.375641
52.0000      -30811.988959
56.0000      -30851.636343
60.0000      -30889.076643
64.0000      -30869.993120
68.0000      -30923.912040
72.0000      -30915.850105
76.0000      -30862.740194
80.0000      -30738.274220
84.0000      -30883.526965
88.0000      -30978.602476
92.0000      -30921.762996
96.0000      -30715.205869
100.0000      -31019.139021
104.0000      -30861.146743
108.0000      -30803.278960
112.0000      -30890.658081
116.0000      -30834.671861
120.0000      -31164.377322
124.0000      -30825.074327
128.0000      -30674.639084
132.0000      -30744.522353
136.0000      -30890.209473
140.0000      -30848.803758
144.0000      -31143.008073
148.0000      -31042.730372
152.0000      -30968.095975
156.0000      -30737.225604
160.0000      -31077.306076
164.0000      -30987.085604
168.0000      -30934.034420
172.0000      -30889.906635
176.0000      -30840.570391
180.0000      -30767.972014
184.0000      -30939.784801
188.0000      -30801.630374
192.0000      -30802.453914
196.0000      -30705.744073
200.0000      -30864.346205
204.0000      -30962.584955
208.0000      -31076.578814
212.0000      -30880.953855
216.0000      -31032.024802
220.0000      -30884.271914
224.0000      -30994.775222
228.0000      -30868.502106
232.0000      -31003.528747
236.0000      -30882.167545
240.0000      -31057.543931
244.0000      -30933.106164
248.0000      -30930.790368
252.0000      -30809.031191
256.0000      -30983.825193
260.0000      -30899.261142
264.0000      -30793.750429
268.0000      -30800.313942
272.0000      -30943.657293
276.0000      -30865.185146
280.0000      -30978.267157
284.0000      -30862.648822
288.0000      -30925.939396
292.0000      -30992.742124
296.0000      -30966.435830
300.0000      -30832.674686
304.0000      -30939.608806
308.0000      -31018.467275
312.0000      -30793.418888
316.0000      -31050.088273
320.0000      -30963.513535
324.0000      -30900.753704
328.0000      -30659.077520
332.0000      -31002.127745
336.0000      -30923.371740
340.0000      -30766.869438
344.0000      -30949.403618
348.0000      -30647.613216
352.0000      -30941.140713
356.0000      -30935.463391
360.0000      -30948.019710
364.0000      -30966.909796
368.0000      -30932.984298
372.0000      -31035.922326
376.0000      -30738.689518
380.0000      -31024.820090
384.0000      -30846.504243
388.0000      -30924.596032
392.0000      -30878.605928
396.0000      -30838.254668
400.0000      -31064.992700
404.0000      -30887.543815
408.0000      -30890.553951
412.0000      -30753.652736
416.0000      -31035.255106
420.0000      -30981.835026
424.0000      -31048.380008
428.0000      -30872.498905
432.0000      -30975.521932
436.0000      -30932.893959
440.0000      -31028.484499
444.0000      -30873.562462
448.0000      -30910.938570
452.0000      -30805.050584
456.0000      -30847.656070
460.0000      -30933.241112
464.0000      -30891.826091
468.0000      -30906.507814
472.0000      -31022.079571
476.0000      -30992.339573
480.0000      -30821.846054
484.0000      -30774.374483
488.0000      -30939.164060
492.0000      -30787.560703
496.0000      -30727.485541
500.0000      -30934.814526
504.0000      -30776.254463
508.0000      -30942.832503
512.0000      -30824.283318
516.0000      -30929.780138
520.0000      -31017.738974
524.0000      -30967.417534
528.0000      -30897.623833
532.0000      -30811.168166
536.0000      -30957.289768
540.0000      -30997.703382
544.0000      -30859.962241
548.0000      -30803.009968
552.0000      -30742.481331
556.0000      -30834.837441
560.0000      -30903.470377
564.0000      -30911.136179
568.0000      -30887.419320
572.0000      -30813.678966
576.0000      -30823.371969
580.0000      -30893.984334
584.0000      -30971.053938
588.0000      -30911.603514
592.0000      -30821.626277
596.0000      -30831.697998
600.0000      -30924.672612
604.0000      -30992.635659
608.0000      -30935.051291
612.0000      -31225.956432
616.0000      -31043.285297
620.0000      -30864.599827
624.0000      -31000.926779
628.0000      -30880.265103
632.0000      -30903.821418
636.0000      -30878.548504
640.0000      -30953.742581
644.0000      -30801.168072
648.0000      -30801.516360
652.0000      -30972.491775
656.0000      -30902.048739
660.0000      -30946.463695
664.0000      -31032.190119
668.0000      -30859.005800
672.0000      -30749.881514
676.0000      -30991.849115
680.0000      -30949.288699
684.0000      -30984.389356
688.0000      -30868.171508
692.0000      -30874.560059
696.0000      -30928.415706
700.0000      -31140.782741
704.0000      -30883.054528
708.0000      -30994.377917
712.0000      -31045.228329
716.0000      -30828.353431
720.0000      -30876.899187
724.0000      -30705.382091
728.0000      -30916.054244
732.0000      -30852.035453
736.0000      -30873.102881
740.0000      -30911.615615
744.0000      -30860.629930
748.0000      -31064.854761
752.0000      -30874.348932
756.0000      -30844.771347
760.0000      -31093.253279
764.0000      -30893.773450
768.0000      -31022.678617
772.0000      -30887.172820
776.0000      -30868.793542
780.0000      -30790.475148
784.0000      -30850.053334
788.0000      -31060.451893
792.0000      -30835.592113
796.0000      -30992.009131
800.0000      -30890.173228
804.0000      -30964.049703
808.0000      -30878.878952
812.0000      -30922.378706
816.0000      -30831.145918
820.0000      -30838.244054
824.0000      -31003.555931
828.0000      -30658.516820
832.0000      -30927.939039
836.0000      -30934.748869
840.0000      -30921.413905
844.0000      -30871.392109
848.0000      -30954.147339
852.0000      -30837.254931
856.0000      -30850.151633
860.0000      -31007.810980
864.0000      -31001.450551
868.0000      -30796.013049
872.0000      -30876.806018
876.0000      -30769.399852
880.0000      -30953.170113
884.0000      -30895.123130
888.0000      -31041.212690
892.0000      -31100.898357
896.0000      -30888.329907
900.0000      -30868.354299
904.0000      -30774.756347
908.0000      -30911.302501
912.0000      -30748.853926
916.0000      -31037.246123
920.0000      -30931.385728
924.0000      -30771.610111
928.0000      -30860.671320
932.0000      -30856.118801
936.0000      -30950.548319
940.0000      -30584.603456
944.0000      -30766.486878
948.0000      -30832.992431
952.0000      -30987.337511
956.0000      -30974.750320
960.0000      -30994.109782
964.0000      -31051.260854
968.0000      -30862.448817
972.0000      -30978.303984
976.0000      -30893.662688
980.0000      -31043.551256
984.0000      -30948.398521
988.0000      -30909.500667
992.0000      -30896.932648
996.0000      -30797.934958
1000.0000      -31000.050664
1004.0000      -30942.053744
1008.0000      -30930.714860
1012.0000      -30938.703633
1016.0000      -30738.022417
1020.0000      -30812.828602
1024.0000      -30887.005932
1028.0000      -31108.065927
1032.0000      -30985.544935
1036.0000      -30998.119356
1040.0000      -30900.445281
1044.0000      -31073.901680
1048.0000      -31016.927610
1052.0000      -31017.489634
1056.0000      -30906.418064
1060.0000      -30940.886282
1064.0000      -30854.484346
1068.0000      -30830.117071
1072.0000      -30842.111246
1076.0000      -30854.859203
1080.0000      -30842.838723
1084.0000      -30969.472297
1088.0000      -30829.486375
1092.0000      -31009.747316
1096.0000      -30997.115730
1100.0000      -30862.051376
1104.0000      -30754.099911
1108.0000      -30969.647795
1112.0000      -30991.795071
1116.0000      -30880.426026
1120.0000      -31019.481840
1124.0000      -30934.835949
1128.0000      -30819.926557
1132.0000      -30949.072279
1136.0000      -31019.105537
1140.0000      -30990.247265
1144.0000      -30927.426859
1148.0000      -30873.454231
1152.0000      -30876.961300
1156.0000      -30782.253073
1160.0000      -30952.934812
1164.0000      -30908.528939
1168.0000      -30933.994419
1172.0000      -31143.318514
1176.0000      -30900.614280
1180.0000      -30821.816556
1184.0000      -30911.214525
1188.0000      -30903.702258
1192.0000      -30950.684573
1196.0000      -30946.831168
1200.0000      -31010.926883
1204.0000      -30787.876893
1208.0000      -30871.462708
1212.0000      -30918.864103
1216.0000      -30811.452355
1220.0000      -30722.012365
1224.0000      -30986.776009
1228.0000      -30885.515064
1232.0000      -31075.522675
1236.0000      -31008.547961
1240.0000      -31002.722903
1244.0000      -30827.402452
1248.0000      -30900.236177
1252.0000      -30835.102837
1256.0000      -30948.283681
1260.0000      -31000.169927
1264.0000      -30796.983420
1268.0000      -30780.631236
1272.0000      -30725.163549
1276.0000      -30905.494526
1280.0000      -30903.369566
1284.0000      -30997.164676
1288.0000      -31051.295176
1292.0000      -30605.232531
1296.0000      -30839.147213
1300.0000      -30895.057350
1304.0000      -30952.145550
1308.0000      -30985.846093
1312.0000      -30793.562259
1316.0000      -30902.192362
1320.0000      -30945.191012
1324.0000      -30845.642001
1328.0000      -31032.714242
1332.0000      -30925.538603
1336.0000      -30788.271209
1340.0000      -30978.997368
1344.0000      -31018.842937
1348.0000      -30864.854325
1352.0000      -30943.919799
1356.0000      -30925.570812
1360.0000      -30968.328455
1364.0000      -31085.679046
1368.0000      -30960.235821
1372.0000      -30885.051792
1376.0000      -30931.756893
1380.0000      -30870.448382
1384.0000      -30866.438867
1388.0000      -30748.224420
1392.0000      -30984.853906
1396.0000      -30740.427342
1400.0000      -30757.649459
1404.0000      -30805.240526
1408.0000      -31072.226324
1412.0000      -30919.545165
1416.0000      -30898.541178
1420.0000      -30758.206135
1424.0000      -30851.165956
1428.0000      -30814.552226
1432.0000      -30953.321179
1436.0000      -30820.113527
1440.0000      -30830.165258
1444.0000      -30900.721746
1448.0000      -30851.627660
1452.0000      -30738.795481
1456.0000      -30994.696686
1460.0000      -30987.840729
1464.0000      -30970.217485
1468.0000      -30878.997211
1472.0000      -30930.472051
1476.0000      -30859.823256
1480.0000      -30958.290048
1484.0000      -30865.178313
1488.0000      -31044.985590
1492.0000      -30984.514568
1496.0000      -30944.876809
1500.0000      -30806.407229
1504.0000      -30837.216451
1508.0000      -30876.772919
1512.0000      -30865.331653
1516.0000      -30853.490214
1520.0000      -30817.166994
1524.0000      -30917.808111
1528.0000      -30915.075168
1532.0000      -30955.551771
1536.0000      -30969.426230
1540.0000      -30878.542428
1544.0000      -30980.306379
1548.0000      -31017.875516
1552.0000      -30846.877472
1556.0000      -30936.362876
1560.0000      -30883.055842
1564.0000      -30926.151787
1568.0000      -31088.323737
1572.0000      -31012.839966
1576.0000      -30847.856165
1580.0000      -31014.547081
1584.0000      -30965.899793
1588.0000      -30922.849995
1592.0000      -30922.969948
1596.0000      -30883.011620
1600.0000      -31023.177440
1604.0000      -30838.993112
1608.0000      -31072.446442
1612.0000      -30942.782950
1616.0000      -30946.784149
1620.0000      -30970.219627
1624.0000      -30951.440128
1628.0000      -30739.513587
1632.0000      -30946.459068
1636.0000      -30990.878626
1640.0000      -30978.797897
1644.0000      -30878.391726
1648.0000      -30948.396692
1652.0000      -30821.746612
1656.0000      -30915.303815
1660.0000      -30893.854075
1664.0000      -30866.050094
1668.0000      -30897.538260
1672.0000      -30834.910655
1676.0000      -31025.773915
1680.0000      -31009.902588
1684.0000      -30939.553364
1688.0000      -30882.383719
1692.0000      -30818.055863
1696.0000      -30925.837550
1700.0000      -30888.938402
1704.0000      -30877.286530
1708.0000      -30874.751546
1712.0000      -30840.698529
1716.0000      -30762.078112
1720.0000      -30927.512886
1724.0000      -30837.261156
1728.0000      -31022.412665
1732.0000      -30908.219073
1736.0000      -30949.595056
1740.0000      -30952.182008
1744.0000      -30929.544409
1748.0000      -30920.192304
1752.0000      -30977.925572
1756.0000      -30929.490018
1760.0000      -30942.113212
1764.0000      -30849.176387
1768.0000      -30890.415301
1772.0000      -30727.161912
1776.0000      -30955.178643
1780.0000      -30847.640961
1784.0000      -30857.057552
1788.0000      -30917.491507
1792.0000      -30860.905049
1796.0000      -31026.666535
1800.0000      -30803.908799
1804.0000      -30860.662503
1808.0000      -31085.564734
1812.0000      -30929.824227
1816.0000      -31005.391616
1820.0000      -30857.101689
1824.0000      -31065.351888
1828.0000      -30811.460379
1832.0000      -30929.301919
1836.0000      -30939.053007
1840.0000      -30791.560077
1844.0000      -31017.855013
1848.0000      -30743.905325
1852.0000      -30855.165546
1856.0000      -30875.268015
1860.0000      -30917.633940
1864.0000      -30985.422082
1868.0000      -30929.610922
1872.0000      -30884.374035
1876.0000      -30910.950576
1880.0000      -30964.359775
1884.0000      -30833.847820
1888.0000      -30934.674274
1892.0000      -30953.294156
1896.0000      -30874.749968
1900.0000      -30904.842630
1904.0000      -31121.329383
1908.0000      -30950.002559
1912.0000      -31020.067647
1916.0000      -31065.300195
1920.0000      -30927.932963
1924.0000      -30931.398508
1928.0000      -30820.542831
1932.0000      -30757.976550
1936.0000      -30892.905111
1940.0000      -30982.984164
1944.0000      -30847.027408
1948.0000      -30900.046054
1952.0000      -30895.786639
1956.0000      -30765.132785
1960.0000      -30979.465992
1964.0000      -30935.766715
1968.0000      -30992.525683
1972.0000      -30943.430863
1976.0000      -31054.388628
1980.0000      -31056.112444
1984.0000      -31015.803117
1988.0000      -30787.880446
1992.0000      -30904.748099
1996.0000      -30869.978827
2000.0000      -30874.394361
2004.0000      -30947.118545
2008.0000      -30924.834023
2012.0000      -30916.218147
2016.0000      -30795.381441
2020.0000      -31042.466476
2024.0000      -30930.784000
2028.0000      -31021.234925
2032.0000      -31078.200956
2036.0000      -30845.912141
2040.0000      -30909.710366
2044.0000      -30937.494623
2048.0000      -30844.309368
2052.0000      -30841.814285
2056.0000      -30900.517651
2060.0000      -31011.941665
2064.0000      -30771.944814
2068.0000      -30978.979886
2072.0000      -31003.208834
2076.0000      -30912.845202
2080.0000      -30901.021906
2084.0000      -30863.002484
2088.0000      -30953.840070
2092.0000      -30990.738105
2096.0000      -30926.329942
2100.0000      -31027.913160
2104.0000      -30945.952368
2108.0000      -30906.346533
2112.0000      -30994.467151
2116.0000      -31010.672767
2120.0000      -30863.111271
2124.0000      -30972.264724
2128.0000      -31190.186052
2132.0000      -30884.446728
2136.0000      -30663.508803
2140.0000      -30970.951448
2144.0000      -30909.443817
2148.0000      -30872.714927
2152.0000      -30977.360539
2156.0000      -31074.689348
2160.0000      -31097.040539
2164.0000      -30945.287638
2168.0000      -30798.212772
2172.0000      -30869.392099
2176.0000      -30874.279769
2180.0000      -30924.017426
2184.0000      -30806.724822
2188.0000      -30851.272416
2192.0000      -30801.505593
2196.0000      -30973.623661
2200.0000      -30793.472599
2204.0000      -30907.961379
2208.0000      -30924.574713
2212.0000      -31068.231205
2216.0000      -30972.480144
2220.0000      -31023.502076
2224.0000      -30881.794455
2228.0000      -30920.898338
2232.0000      -31000.260113
2236.0000      -30725.684478
2240.0000      -30890.981363
2244.0000      -31006.803561
2248.0000      -30790.584819
2252.0000      -30891.460366
2256.0000      -30936.992229
2260.0000      -31082.515266
2264.0000      -30883.297510
2268.0000      -31026.293774
2272.0000      -30938.621002
2276.0000      -30920.196221
2280.0000      -31066.928712
2284.0000      -30931.840474
2288.0000      -30956.285962
2292.0000      -30823.805150
2296.0000      -30935.033235
2300.0000      -30987.325884
2304.0000      -30920.296160
2308.0000      -30852.974057
2312.0000      -31047.891206
2316.0000      -31033.069130
2320.0000      -30835.930539
2324.0000      -30902.360249
2328.0000      -30942.619942
2332.0000      -30823.205489
2336.0000      -30888.965489
2340.0000      -31050.972918
2344.0000      -30892.936387
2348.0000      -30778.306821
2352.0000      -31046.546926
2356.0000      -30950.359327
2360.0000      -31067.492498
2364.0000      -30995.540113
2368.0000      -30904.604681
2372.0000      -30878.696256
2376.0000      -30960.291605
2380.0000      -30946.564801
2384.0000      -30743.690931
2388.0000      -30758.132425
2392.0000      -30978.615205
2396.0000      -30863.700303
2400.0000      -30705.881366
2404.0000      -30899.642290
2408.0000      -30896.574017
2412.0000      -30838.868851
2416.0000      -30864.242605
2420.0000      -30937.557363
2424.0000      -31010.459576
2428.0000      -30952.705641
2432.0000      -30936.201570
2436.0000      -30973.848357
2440.0000      -30956.249314
2444.0000      -30855.704197
2448.0000      -30913.701041
2452.0000      -31032.964466
2456.0000      -30944.653818
2460.0000      -30970.685154
2464.0000      -30948.127569
2468.0000      -30928.169581
2472.0000      -30978.667294
2476.0000      -30865.180111
2480.0000      -30969.367466
2484.0000      -30921.746706
2488.0000      -30839.316462
2492.0000      -30830.643335
2496.0000      -31129.896215
2500.0000      -30923.432831
2504.0000      -30861.514633
2508.0000      -30917.736200
2512.0000      -30946.655168
2516.0000      -30818.690818
2520.0000      -30972.219107
2524.0000      -31029.025157
2528.0000      -30745.425522
2532.0000      -30978.368446
2536.0000      -30967.302829
2540.0000      -30724.399632
2544.0000      -30813.791906
2548.0000      -30772.577580
2552.0000      -30851.102210
2556.0000      -30941.062942
2560.0000      -30808.186170
2564.0000      -30931.278366
2568.0000      -31025.983126
2572.0000      -30784.411191
2576.0000      -30868.252936
2580.0000      -30810.708045
2584.0000      -30848.146905
2588.0000      -30821.472569
2592.0000      -30919.207582
2596.0000      -30974.984054
2600.0000      -30876.699554
2604.0000      -30954.891155
2608.0000      -30987.969767
2612.0000      -30969.972515
2616.0000      -30952.620068
2620.0000      -31001.044608
2624.0000      -30915.245338
2628.0000      -30753.681432
2632.0000      -30838.657732
2636.0000      -30683.338126
2640.0000      -30922.357908
2644.0000      -30843.103565
2648.0000      -30804.654219
2652.0000      -30718.051741
2656.0000      -30873.895990
2660.0000      -30791.191596
2664.0000      -30876.618417
2668.0000      -30862.039827
2672.0000      -30997.159572
2676.0000      -30978.177995
2680.0000      -30794.836669
2684.0000      -30886.738431
2688.0000      -30838.920641
2692.0000      -30965.897325
2696.0000      -30945.006801
2700.0000      -30939.815359
2704.0000      -30902.790277
2708.0000      -30971.435730
2712.0000      -30935.420332
2716.0000      -30909.623631
2720.0000      -31024.604747
2724.0000      -30942.896923
2728.0000      -30985.718495
2732.0000      -31009.116499
2736.0000      -30903.185246
2740.0000      -30878.328753
2744.0000      -30848.812148
2748.0000      -31018.228713
2752.0000      -30917.391304
2756.0000      -30742.934030
2760.0000      -31057.498264
2764.0000      -30766.280703
2768.0000      -30904.473811
2772.0000      -30945.347678
2776.0000      -31080.767481
2780.0000      -30900.010286
2784.0000      -30898.026495
2788.0000      -30928.415207
2792.0000      -31000.596143
2796.0000      -31050.846147
2800.0000      -30889.277650
2804.0000      -30734.005802
2808.0000      -30974.341058
2812.0000      -30724.076109
2816.0000      -31038.104428
2820.0000      -31034.161026
2824.0000      -30941.751817
2828.0000      -30870.736083
2832.0000      -30802.631534
2836.0000      -31062.737117
2840.0000      -30898.565399
2844.0000      -30936.347744
2848.0000      -30896.732142
2852.0000      -30864.627857
2856.0000      -30790.153070
2860.0000      -30783.210742
2864.0000      -30845.591746
2868.0000      -30973.756101
2872.0000      -30951.412382
2876.0000      -31056.561607
2880.0000      -30845.567995
2884.0000      -30932.859803
2888.0000      -30869.753585
2892.0000      -30971.371634
2896.0000      -30802.452141
2900.0000      -30671.481895
2904.0000      -30994.573862
2908.0000      -30924.125243
2912.0000      -30911.990524
2916.0000      -30993.771229
2920.0000      -30918.353279
2924.0000      -30939.353780
2928.0000      -30888.745885
2932.0000      -31126.611790
2936.0000      -30821.677514
2940.0000      -30829.968096
2944.0000      -30794.398484
2948.0000      -30921.637326
2952.0000      -30964.780725
2956.0000      -31004.293672
2960.0000      -30889.391534
2964.0000      -30771.306676
2968.0000      -31035.689536
2972.0000      -31121.864299
2976.0000      -30922.188080
2980.0000      -30895.739475
2984.0000      -31074.177822
2988.0000      -31007.938404
2992.0000      -30937.773803
2996.0000      -30863.980178
3000.0000      -30895.612436
3004.0000      -30828.316076
3008.0000      -30806.772469
3012.0000      -30834.349236
3016.0000      -30849.634087
3020.0000      -30934.104248
3024.0000      -30862.490127
3028.0000      -30923.970257
3032.0000      -30753.102349
3036.0000      -30999.343642
3040.0000      -30893.965940
3044.0000      -30855.764427
3048.0000      -31002.555043
3052.0000      -30854.658061
3056.0000      -30858.317005
3060.0000      -30909.861975
3064.0000      -31017.646889
3068.0000      -30816.031981
3072.0000      -30848.275544
3076.0000      -30999.928002
3080.0000      -30825.264629
3084.0000      -30965.482802
3088.0000      -30815.979820
3092.0000      -30900.845132
3096.0000      -30923.700151
3100.0000      -30895.675866
3104.0000      -30971.088773
3108.0000      -30967.329169
3112.0000      -30733.464617
3116.0000      -30820.649942
3120.0000      -30898.788184
3124.0000      -30908.833057
3128.0000      -30922.678960
3132.0000      -30953.927932
3136.0000      -30933.791129
3140.0000      -30925.155528
3144.0000      -30790.374458
3148.0000      -31056.836241
3152.0000      -31062.654121
3156.0000      -30828.425402
3160.0000      -30889.084213
3164.0000      -30915.531549
3168.0000      -30963.220836
3172.0000      -30890.022479
3176.0000      -30783.741834
3180.0000      -30978.226043
3184.0000      -30943.656492
3188.0000      -30873.543683
3192.0000      -30827.400211
3196.0000      -30690.481981
3200.0000      -30931.997582
3204.0000      -30860.984990
3208.0000      -31023.462220
3212.0000      -30960.881286
3216.0000      -30735.957102
3220.0000      -31053.171510
3224.0000      -30877.638608
3228.0000      -30864.223824
3232.0000      -30917.753536
3236.0000      -30892.001909
3240.0000      -30938.133586
3244.0000      -31021.151806
3248.0000      -31079.571342
3252.0000      -30941.604737
3256.0000      -30755.058710
3260.0000      -30834.417082
3264.0000      -30943.672341
3268.0000      -31004.151376
3272.0000      -31037.021934
3276.0000      -30892.068930
3280.0000      -30924.469069
3284.0000      -30857.387393
3288.0000      -30884.305751
3292.0000      -30881.219984
3296.0000      -30920.522387
3300.0000      -30854.423164
3304.0000      -30947.750812
3308.0000      -30780.677552
3312.0000      -30961.805335
3316.0000      -30936.820174
3320.0000      -30826.400476
3324.0000      -30884.979734
3328.0000      -31097.847697
3332.0000      -30743.563019
3336.0000      -30870.990558
3340.0000      -30869.134261
3344.0000      -30916.420110
3348.0000      -30869.274350
3352.0000      -30795.536672
3356.0000      -30763.943769
3360.0000      -30966.354108
3364.0000      -30922.548509
3368.0000      -30904.925401
3372.0000      -30793.027032
3376.0000      -30943.008123
3380.0000      -30856.672117
3384.0000      -31016.249825
3388.0000      -30902.958301
3392.0000      -30796.359436
3396.0000      -30939.444819
3400.0000      -30874.969611
3404.0000      -30858.999691
3408.0000      -30856.529165
3412.0000      -30834.595762
3416.0000      -30846.713272
3420.0000      -30876.335582
3424.0000      -30765.097619
3428.0000      -30825.042385
3432.0000      -30908.398566
3436.0000      -30874.172969
3440.0000      -30965.184412
3444.0000      -30873.750880
3448.0000      -30887.138866
3452.0000      -31054.421993
3456.0000      -30807.290439
3460.0000      -30809.086473
3464.0000      -30954.677592
3468.0000      -30933.325269
3472.0000      -31013.357338
3476.0000      -30785.382650
3480.0000      -30923.549438
3484.0000      -30781.222736
3488.0000      -30791.682616
3492.0000      -31132.143897
3496.0000      -30954.131085
3500.0000      -30998.273750
3504.0000      -30875.976916
3508.0000      -30931.012577
3512.0000      -30900.778937
3516.0000      -30994.054485
3520.0000      -30967.389723
3524.0000      -30879.409349
3528.0000      -31066.473899
3532.0000      -31133.827557
3536.0000      -30988.041219
3540.0000      -30828.953354
3544.0000      -30940.781796
3548.0000      -30898.865545
3552.0000      -30919.104555
3556.0000      -30842.690364
3560.0000      -30934.452264
3564.0000      -30846.829946
3568.0000      -30883.237196
3572.0000      -30988.338622
3576.0000      -30934.080140
3580.0000      -30887.736906
3584.0000      -30975.728885
3588.0000      -30719.603707
3592.0000      -30989.791406
3596.0000      -30816.089166
3600.0000      -30798.121684
3604.0000      -30957.881585
3608.0000      -30976.936302
3612.0000      -30905.588426
3616.0000      -30846.149125
3620.0000      -30833.967299
3624.0000      -30845.672722
3628.0000      -30958.129057
3632.0000      -30824.479094
3636.0000      -30986.807970
3640.0000      -30873.750567
3644.0000      -30981.651051
3648.0000      -30647.176887
3652.0000      -31002.933138
3656.0000      -30898.105137
3660.0000      -31042.313805
3664.0000      -30938.691203
3668.0000      -30793.747683
3672.0000      -30907.758961
3676.0000      -30964.940177
3680.0000      -30924.337095
3684.0000      -30782.654087
3688.0000      -30817.532835
3692.0000      -31019.883760
3696.0000      -30814.584420
3700.0000      -30747.820927
3704.0000      -30928.862149
3708.0000      -30707.392099
3712.0000      -30826.080106
3716.0000      -30828.046861
3720.0000      -30946.554117
3724.0000      -30738.462316
3728.0000      -30670.199568
3732.0000      -30872.220096
3736.0000      -30929.328355
3740.0000      -30969.040991
3744.0000      -30795.661157
3748.0000      -30792.779888
3752.0000      -30986.327549
3756.0000      -30820.228932
3760.0000      -30835.747718
3764.0000      -30966.375441
3768.0000      -30905.438216
3772.0000      -30904.688451
3776.0000      -31018.113823
3780.0000      -30931.362841
3784.0000      -30923.060860
3788.0000      -30924.757016
3792.0000      -30901.823121
3796.0000      -30852.464571
3800.0000      -30795.713995
3804.0000      -30888.883561
3808.0000      -31018.863515
3812.0000      -30978.223443
3816.0000      -30958.515809
3820.0000      -30907.195628
3824.0000      -31064.663486
3828.0000      -30883.001962
3832.0000      -30846.350958
3836.0000      -30974.413836
3840.0000      -30818.126102
3844.0000      -30847.966558
3848.0000      -30825.938956
3852.0000      -30801.352701
3856.0000      -30863.875172
3860.0000      -30769.363124
3864.0000      -30890.261786
3868.0000      -30960.701002
3872.0000      -30884.370947
3876.0000      -31054.901721
3880.0000      -30923.778209
3884.0000      -30851.251467
3888.0000      -31122.064058
3892.0000      -30903.035965
3896.0000      -30845.663125
3900.0000      -30934.325350
3904.0000      -30963.540430
3908.0000      -30933.611244
3912.0000      -30815.685069
3916.0000      -31120.380160
3920.0000      -30828.295607
3924.0000      -30859.891973
3928.0000      -30917.828727
3932.0000      -30801.077544
3936.0000      -30651.581122
3940.0000      -31027.521519
3944.0000      -30878.839408
3948.0000      -30933.418495
3952.0000      -30914.269639
3956.0000      -31038.798228
3960.0000      -30825.584902
3964.0000      -30809.847653
3968.0000      -30980.609335
3972.0000      -30978.690836
3976.0000      -31055.626029
3980.0000      -30967.307037
3984.0000      -30849.016972
3988.0000      -30895.320004
3992.0000      -30841.450449
3996.0000      -30972.715856
4000.0000      -31011.341826
4004.0000      -31011.341826
