4.0000      -31023.617518
8.0000      -31015.458786
12.0000      -30979.012704
16.0000      -30886.236034
20.0000      -30896.618156
24.0000      -30836.256153
28.0000      -30802.042504
32.0000      -30897.116379
36.0000      -30900.235011
40.0000      -31055.182031
44.0000      -30961.621599
48.0000      -31039.193373
52.0000      -30816.593327
56.0000      -30856.697405
60.0000      -30891.412130
64.0000      -30873.831145
68.0000      -30924.125001
72.0000      -30917.218943
76.0000      -30866.975143
80.0000      -30741.905630
84.0000      -30885.504741
88.0000      -30982.649178
92.0000      -30922.462626
96.0000      -30709.271467
100.0000      -30993.603572
104.0000      -30861.461819
108.0000      -30805.829372
112.0000      -30894.242600
116.0000      -30839.810660
120.0000      -31162.271653
124.0000      -30827.224635
128.0000      -30675.722798
132.0000      -30745.136813
136.0000      -30895.944919
140.0000      -30852.892348
144.0000      -31148.604110
148.0000      -31045.780492
152.0000      -30973.065326
156.0000      -30738.071890
160.0000      -31081.080314
164.0000      -30988.663760
168.0000      -30938.897956
172.0000      -30893.844169
176.0000      -30843.975197
180.0000      -30772.337662
184.0000      -30943.495897
188.0000      -30806.000634
192.0000      -30806.827059
196.0000      -30710.821310
200.0000      -30866.026995
204.0000      -30962.684443
208.0000      -31082.111669
212.0000      -30886.834255
216.0000      -31036.704704
220.0000      -30880.177651
224.0000      -30993.817389
228.0000      -30873.101218
232.0000      -31006.849689
236.0000      -30884.171767
240.0000      -31062.645327
244.0000      -30937.903517
248.0000      -30933.877596
252.0000      -30813.999609
256.0000      -30983.775901
260.0000      -30875.186594
264.0000      -30796.930993
268.0000      -30803.728028
272.0000      -30944.722139
276.0000      -30869.134982
280.0000      -30980.371317
284.0000      -30863.113849
288.0000      -30929.877305
292.0000      -30991.118544
296.0000      -30969.914043
300.0000      -30835.429426
304.0000      -30942.780476
308.0000      -31020.645377
312.0000      -30794.483089
316.0000      -31055.882223
320.0000      -30968.810462
324.0000      -30903.503647
328.0000      -30663.370463
332.0000      -31005.801667
336.0000      -30924.257576
340.0000      -30770.652288
344.0000      -30947.762580
348.0000      -30652.572592
352.0000      -30946.908274
356.0000      -30933.819725
360.0000      -30953.481884
364.0000      -30971.882112
368.0000      -30937.976713
372.0000      -31040.113557
376.0000      -30742.585770
380.0000      -31030.273688
384.0000      -30840.920414
388.0000      -30920.022119
392.0000      -30873.103301
396.0000      -30843.091999
400.0000      -31062.020754
404.0000      -30887.006122
408.0000      -30894.665372
412.0000      -30755.066836
416.0000      -31032.147058
420.0000      -30973.855345
424.0000      -31051.531315
428.0000      -30877.421144
432.0000      -30980.411499
436.0000      -30936.042467
440.0000      -31031.874093
444.0000      -30879.093046
448.0000      -30910.751762
452.0000      -30804.251885
456.0000      -30852.811881
460.0000      -30931.631606
464.0000      -30891.074465
468.0000      -30911.542821
472.0000      -31025.412640
476.0000      -30996.905005
480.0000      -30817.511237
484.0000      -30778.856172
488.0000      -30940.925448
492.0000      -30792.138547
496.0000      -30729.412833
500.0000      -30936.714561
504.0000      -30781.076297
508.0000      -30945.390528
512.0000      -30828.418833
516.0000      -30933.078728
520.0000      -31012.254881
524.0000      -30970.946811
528.0000      -30890.602048
532.0000      -30815.917222
536.0000      -30904.793727
540.0000      -31001.255420
544.0000      -30858.485767
548.0000      -30805.149837
552.0000      -30748.054461
556.0000      -30838.700924
560.0000      -30906.920285
564.0000      -30909.145909
568.0000      -30891.039660
572.0000      -30810.185908
576.0000      -30827.994015
580.0000      -30890.082778
584.0000      -30975.032468
588.0000      -30915.875021
592.0000      -30825.647699
596.0000      -30832.669211
600.0000      -30929.401107
604.0000      -30996.888245
608.0000      -30933.626998
612.0000      -31228.142945
616.0000      -31047.996342
620.0000      -30860.814169
624.0000      -31005.617655
628.0000      -30885.535429
632.0000      -30907.636225
636.0000      -30883.190775
640.0000      -30946.415238
644.0000      -30805.905184
648.0000      -30807.225202
652.0000      -30968.040616
656.0000      -30905.862598
660.0000      -30950.436091
664.0000      -31037.261423
668.0000      -30860.960364
672.0000      -30732.676790
676.0000      -30994.474382
680.0000      -30950.665793
684.0000      -30965.791389
688.0000      -30868.111622
692.0000      -30879.783052
696.0000      -30932.029770
700.0000      -31124.926647
704.0000      -30880.850139
708.0000      -30999.599548
712.0000      -31049.099820
716.0000      -30826.218648
720.0000      -30876.392641
724.0000      -30710.083922
728.0000      -30906.642114
732.0000      -30855.364646
736.0000      -30878.248889
740.0000      -30915.896308
744.0000      -30856.911900
748.0000      -31069.316343
752.0000      -30864.219127
756.0000      -30848.362784
760.0000      -31098.732106
764.0000      -30894.488844
768.0000      -31027.397164
772.0000      -30886.616775
776.0000      -30873.129160
780.0000      -30793.964992
784.0000      -30853.321668
788.0000      -31059.527751
792.0000      -30835.453863
796.0000      -30996.593121
800.0000      -30894.633038
804.0000      -30962.613752
808.0000      -30880.805953
812.0000      -30927.261731
816.0000      -30836.237993
820.0000      -30807.501925
824.0000      -31008.782371
828.0000      -30660.434905
832.0000      -30933.328545
836.0000      -30932.825208
840.0000      -30926.335995
844.0000      -30873.378255
848.0000      -30959.775318
852.0000      -30838.005289
856.0000      -30848.638172
860.0000      -31011.031564
864.0000      -31005.888812
868.0000      -30801.633311
872.0000      -30880.952027
876.0000      -30769.911100
880.0000      -30958.764295
884.0000      -30898.635340
888.0000      -31046.082596
892.0000      -31105.978424
896.0000      -30885.850452
900.0000      -30872.802788
904.0000      -30778.581074
908.0000      -30913.961960
912.0000      -30753.865607
916.0000      -31042.412580
920.0000      -30933.072607
924.0000      -30776.673167
928.0000      -30864.629496
932.0000      -30853.583972
936.0000      -30953.810716
940.0000      -30589.939025
944.0000      -30771.555999
948.0000      -30837.750783
952.0000      -30960.387593
956.0000      -30968.777466
960.0000      -30999.136166
964.0000      -31054.428497
968.0000      -30866.115882
972.0000      -30952.190771
976.0000      -30898.419059
980.0000      -31045.878584
984.0000      -30944.847903
988.0000      -30909.500778
992.0000      -30897.998924
996.0000      -30800.972558
1000.0000      -31003.477185
1004.0000      -30946.726662
1008.0000      -30932.348935
1012.0000      -30943.281498
1016.0000      -30741.659428
1020.0000      -30811.966247
1024.0000      -30888.608984
1028.0000      -31080.677445
1032.0000      -30968.726338
1036.0000      -31002.601736
1040.0000      -30898.053653
1044.0000      -31077.052944
1048.0000      -31021.749118
1052.0000      -31018.160942
1056.0000      -30908.293303
1060.0000      -30940.730288
1064.0000      -30855.625374
1068.0000      -30833.102673
1072.0000      -30847.269343
1076.0000      -30844.774683
1080.0000      -30841.116937
1084.0000      -30973.534031
1088.0000      -30833.579302
1092.0000      -31013.320382
1096.0000      -31001.786184
1100.0000      -30864.917846
1104.0000      -30753.485353
1108.0000      -30974.474768
1112.0000      -30989.517864
1116.0000      -30885.760795
1120.0000      -31010.939400
1124.0000      -30936.077719
1128.0000      -30821.448699
1132.0000      -30954.701603
1136.0000      -31021.744045
1140.0000      -30995.183767
1144.0000      -30930.034720
1148.0000      -30878.442160
1152.0000      -30874.086588
1156.0000      -30783.882510
1160.0000      -30954.863868
1164.0000      -30910.767546
1168.0000      -30938.287867
1172.0000      -31148.428659
1176.0000      -30903.082168
1180.0000      -30826.240117
1184.0000      -30913.774413
1188.0000      -30899.167494
1192.0000      -30949.369648
1196.0000      -30949.306828
1200.0000      -31014.470614
1204.0000      -30788.648062
1208.0000      -30871.865314
1212.0000      -30907.109841
1216.0000      -30814.513721
1220.0000      -30720.285057
1224.0000      -30990.674227
1228.0000      -30884.158784
1232.0000      -31078.877129
1236.0000      -31009.793822
1240.0000      -31007.226561
1244.0000      -30829.283171
1248.0000      -30904.260806
1252.0000      -30837.107373
1256.0000      -30952.133242
1260.0000      -31003.278275
1264.0000      -30800.490450
1268.0000      -30784.498606
1272.0000      -30729.264040
1276.0000      -30908.071729
1280.0000      -30907.561169
1284.0000      -31000.215516
1288.0000      -31043.319925
1292.0000      -30609.101966
1296.0000      -30844.302128
1300.0000      -30899.747360
1304.0000      -30957.786186
1308.0000      -30988.458533
1312.0000      -30788.208907
1316.0000      -30907.185302
1320.0000      -30941.015855
1324.0000      -30847.890327
1328.0000      -31037.831213
1332.0000      -30930.997377
1336.0000      -30792.269845
1340.0000      -30983.123084
1344.0000      -31024.004480
1348.0000      -30868.397437
1352.0000      -30945.726920
1356.0000      -30927.186456
1360.0000      -30966.059157
1364.0000      -31090.927656
1368.0000      -30964.686305
1372.0000      -30888.154020
1376.0000      -30921.729992
1380.0000      -30870.044093
1384.0000      -30860.372002
1388.0000      -30749.544119
1392.0000      -30987.381213
1396.0000      -30745.295060
1400.0000      -30761.639035
1404.0000      -30808.352793
1408.0000      -31074.461591
1412.0000      -30914.335527
1416.0000      -30901.063133
1420.0000      -30762.287683
1424.0000      -30855.518671
1428.0000      -30805.430945
1432.0000      -30950.500595
1436.0000      -30823.389615
1440.0000      -30834.823819
1444.0000      -30906.740692
1448.0000      -30856.209069
1452.0000      -30690.843426
1456.0000      -30998.875319
1460.0000      -30991.919535
1464.0000      -30973.954363
1468.0000      -30879.213921
1472.0000      -30927.601086
1476.0000      -30865.032681
1480.0000      -30964.047235
1484.0000      -30869.874603
1488.0000      -31049.469479
1492.0000      -30983.775306
1496.0000      -30944.933841
1500.0000      -30811.265626
1504.0000      -30841.312219
1508.0000      -30881.826137
1512.0000      -30870.287448
1516.0000      -30856.370654
1520.0000      -30819.944456
1524.0000      -30912.344996
1528.0000      -30920.379805
1532.0000      -30961.181015
1536.0000      -30974.529570
1540.0000      -30867.990969
1544.0000      -30984.053396
1548.0000      -31021.175577
1552.0000      -30851.083023
1556.0000      -30936.460374
1560.0000      -30885.328837
1564.0000      -30931.214094
1568.0000      -31089.678539
1572.0000      -31003.747201
1576.0000      -30852.458592
1580.0000      -31019.186123
1584.0000      -30965.348785
1588.0000      -30927.402046
1592.0000      -30903.650380
1596.0000      -30886.062972
1600.0000      -31018.364646
1604.0000      -30823.341043
1608.0000      -31061.671624
1612.0000      -30941.050669
1616.0000      -30942.156683
1620.0000      -30974.858849
1624.0000      -30956.666230
1628.0000      -30744.273661
1632.0000      -30949.954575
1636.0000      -30990.026916
1640.0000      -30983.507189
1644.0000      -30882.123196
1648.0000      -30953.891252
1652.0000      -30824.934696
1656.0000      -30919.201799
1660.0000      -30894.763021
1664.0000      -30867.764475
1668.0000      -30901.669223
1672.0000      -30839.687452
1676.0000      -31027.032254
1680.0000      -31011.139673
1684.0000      -30935.197515
1688.0000      -30887.489682
1692.0000      -30823.362779
1696.0000      -30922.692062
1700.0000      -30894.127182
1704.0000      -30880.545375
1708.0000      -30878.708781
1712.0000      -30845.031095
1716.0000      -30766.586762
1720.0000      -30928.423796
1724.0000      -30837.353651
1728.0000      -31027.930087
1732.0000      -30911.296257
1736.0000      -30952.501867
1740.0000      -30955.541741
1744.0000      -30932.301671
1748.0000      -30924.894091
1752.0000      -30947.808008
1756.0000      -30934.649335
1760.0000      -30947.873292
1764.0000      -30850.334234
1768.0000      -30895.128271
1772.0000      -30727.450278
1776.0000      -30958.970711
1780.0000      -30853.614375
1784.0000      -30862.858561
1788.0000      -30922.911429
1792.0000      -30865.060356
1796.0000      -31026.251931
1800.0000      -30808.785058
1804.0000      -30863.602340
1808.0000      -31088.389000
1812.0000      -30933.763632
1816.0000      -31008.805404
1820.0000      -30830.273024
1824.0000      -31068.999433
1828.0000      -30815.704874
1832.0000      -30932.810119
1836.0000      -30929.099541
1840.0000      -30794.718974
1844.0000      -31021.040490
1848.0000      -30748.797281
1852.0000      -30860.512740
1856.0000      -30875.536019
1860.0000      -30919.090400
1864.0000      -30988.422156
1868.0000      -30935.042305
1872.0000      -30888.119747
1876.0000      -30916.082744
1880.0000      -30968.407558
1884.0000      -30836.522004
1888.0000      -30938.668029
1892.0000      -30952.895676
1896.0000      -30873.771261
1900.0000      -30908.743648
1904.0000      -31121.439030
1908.0000      -30952.576927
1912.0000      -31025.552495
1916.0000      -31070.884419
1920.0000      -30932.798922
1924.0000      -30936.111114
1928.0000      -30821.467754
1932.0000      -30759.623524
1936.0000      -30897.566652
1940.0000      -30985.952510
1944.0000      -30847.824897
1948.0000      -30903.785353
1952.0000      -30896.519919
1956.0000      -30768.054899
1960.0000      -30983.972645
1964.0000      -30935.946028
1968.0000      -30997.722243
1972.0000      -30938.883353
1976.0000      -31056.380033
1980.0000      -31058.335353
1984.0000      -31019.344118
1988.0000      -30786.611032
1992.0000      -30910.386057
1996.0000      -30876.067570
2000.0000      -30878.047569
2004.0000      -30939.118504
2008.0000      -30929.234581
2012.0000      -30920.226301
2016.0000      -30798.690340
2020.0000      -31047.239177
2024.0000      -30933.908089
2028.0000      -31023.932399
2032.0000      -31083.906755
2036.0000      -30851.218950
2040.0000      -30907.775996
2044.0000      -30942.612656
2048.0000      -30848.735984
2052.0000      -30845.205910
2056.0000      -30904.667604
2060.0000      -31017.440143
2064.0000      -30777.577334
2068.0000      -30980.970527
2072.0000      -31005.943714
2076.0000      -30915.727864
2080.0000      -30905.995901
2084.0000      -30865.834021
2088.0000      -30956.996000
2092.0000      -30993.012437
2096.0000      -30918.306576
2100.0000      -31022.837456
2104.0000      -30948.037201
2108.0000      -30905.346850
2112.0000      -30997.957601
2116.0000      -31013.372059
2120.0000      -30866.532935
2124.0000      -30975.640998
2128.0000      -31181.018660
2132.0000      -30889.911209
2136.0000      -30668.266384
2140.0000      -30974.056385
2144.0000      -30913.416450
2148.0000      -30871.966727
2152.0000      -30982.386414
2156.0000      -31078.803153
2160.0000      -31100.917486
2164.0000      -30950.330709
2168.0000      -30803.230306
2172.0000      -30872.998533
2176.0000      -30875.802998
2180.0000      -30923.999176
2184.0000      -30809.627205
2188.0000      -30850.363371
2192.0000      -30800.592869
2196.0000      -30975.432905
2200.0000      -30795.691027
2204.0000      -30911.084202
2208.0000      -30923.237482
2212.0000      -31070.092522
2216.0000      -30975.336724
2220.0000      -31028.865305
2224.0000      -30886.678477
2228.0000      -30900.602686
2232.0000      -31005.048938
2236.0000      -30731.431513
2240.0000      -30884.153611
2244.0000      -31007.688399
2248.0000      -30792.211119
2252.0000      -30895.492847
2256.0000      -30927.887696
2260.0000      -31087.167454
2264.0000      -30881.170052
2268.0000      -31029.201110
2272.0000      -30931.854080
2276.0000      -30916.954649
2280.0000      -31071.638111
2284.0000      -30933.959636
2288.0000      -30956.981349
2292.0000      -30829.349261
2296.0000      -30939.612043
2300.0000      -30988.793697
2304.0000      -30922.911604
2308.0000      -30856.985592
2312.0000      -31051.192062
2316.0000      -31038.271938
2320.0000      -30839.219306
2324.0000      -30903.569652
2328.0000      -30943.720557
2332.0000      -30827.332858
2336.0000      -30891.894859
2340.0000      -31055.624360
2344.0000      -30897.837368
2348.0000      -30783.377245
2352.0000      -31046.187025
2356.0000      -30949.200707
2360.0000      -31073.012972
2364.0000      -31000.515411
2368.0000      -30908.909693
2372.0000      -30880.669346
2376.0000      -30965.045767
2380.0000      -30947.455982
2384.0000      -30741.920181
2388.0000      -30756.818869
2392.0000      -30976.209109
2396.0000      -30868.624567
2400.0000      -30697.878346
2404.0000      -30904.135162
2408.0000      -30888.255773
2412.0000      -30841.658809
2416.0000      -30857.850769
2420.0000      -30942.359010
2424.0000      -31014.712206
2428.0000      -30953.605245
2432.0000      -30937.913942
2436.0000      -30978.623437
2440.0000      -30940.810174
2444.0000      -30861.225338
2448.0000      -30918.472933
2452.0000      -31032.696104
2456.0000      -30947.307439
2460.0000      -30975.404282
2464.0000      -30952.655362
2468.0000      -30933.545219
2472.0000      -30983.289514
2476.0000      -30868.181039
2480.0000      -30970.285913
2484.0000      -30923.660462
2488.0000      -30837.155114
2492.0000      -30826.521133
2496.0000      -31131.293902
2500.0000      -30925.861516
2504.0000      -30865.305276
2508.0000      -30919.816114
2512.0000      -30948.885915
2516.0000      -30820.857563
2520.0000      -30977.728489
2524.0000      -31030.151004
2528.0000      -30751.293362
2532.0000      -30981.243778
2536.0000      -30969.765428
2540.0000      -30727.607097
2544.0000      -30813.067912
2548.0000      -30777.268648
2552.0000      -30855.707329
2556.0000      -30943.845133
2560.0000      -30812.493311
2564.0000      -30932.169647
2568.0000      -31029.686841
2572.0000      -30786.665028
2576.0000      -30866.428151
2580.0000      -30814.586580
2584.0000      -30840.366601
2588.0000      -30822.347609
2592.0000      -30923.768423
2596.0000      -30975.530244
2600.0000      -30880.857162
2604.0000      -30960.792653
2608.0000      -30993.973363
2612.0000      -30967.609596
2616.0000      -30956.451654
2620.0000      -31001.906424
2624.0000      -30919.601988
2628.0000      -30757.178026
2632.0000      -30841.779818
2636.0000      -30685.821387
2640.0000      -30925.611325
2644.0000      -30848.257290
2648.0000      -30808.257172
2652.0000      -30720.449807
2656.0000      -30877.620351
2660.0000      -30794.580616
2664.0000      -30881.264169
2668.0000      -30867.667213
2672.0000      -31001.030554
2676.0000      -30980.224854
2680.0000      -30799.387105
2684.0000      -30891.842996
2688.0000      -30844.793475
2692.0000      -30970.869552
2696.0000      -30950.828283
2700.0000      -30934.500772
2704.0000      -30908.017750
2708.0000      -30975.214901
2712.0000      -30941.168274
2716.0000      -30909.856091
2720.0000      -31028.857744
2724.0000      -30948.027848
2728.0000      -30990.840248
2732.0000      -31012.955768
2736.0000      -30907.927267
2740.0000      -30883.478873
2744.0000      -30844.259902
2748.0000      -31023.190804
2752.0000      -30920.643000
2756.0000      -30744.485708
2760.0000      -31058.980529
2764.0000      -30771.578496
2768.0000      -30902.127345
2772.0000      -30926.147776
2776.0000      -31084.854838
2780.0000      -30903.161828
2784.0000      -30900.767882
2788.0000      -30928.034159
2792.0000      -30975.827112
2796.0000      -31053.234064
2800.0000      -30891.207392
2804.0000      -30737.418403
2808.0000      -30961.744400
2812.0000      -30726.383833
2816.0000      -31044.284574
2820.0000      -31030.614708
2824.0000      -30944.794787
2828.0000      -30874.725877
2832.0000      -30806.899188
2836.0000      -31063.983114
2840.0000      -30896.141408
2844.0000      -30940.652594
2848.0000      -30896.436628
2852.0000      -30869.310754
2856.0000      -30787.314410
2860.0000      -30784.134286
2864.0000      -30850.855680
2868.0000      -30979.317138
2872.0000      -30956.475203
2876.0000      -31061.379733
2880.0000      -30851.065191
2884.0000      -30936.087778
2888.0000      -30874.034898
2892.0000      -30976.679763
2896.0000      -30807.019980
2900.0000      -30673.397139
2904.0000      -31000.010200
2908.0000      -30924.054169
2912.0000      -30917.545010
2916.0000      -30997.777893
2920.0000      -30911.832058
2924.0000      -30942.475743
2928.0000      -30893.218852
2932.0000      -31130.815982
2936.0000      -30824.622274
2940.0000      -30834.532748
2944.0000      -30797.596671
2948.0000      -30927.643724
2952.0000      -30960.176059
2956.0000      -31007.672980
2960.0000      -30872.298455
2964.0000      -30774.106568
2968.0000      -31040.155292
2972.0000      -31125.415627
2976.0000      -30926.818683
2980.0000      -30900.110756
2984.0000      -31078.853443
2988.0000      -31011.094936
2992.0000      -30942.783764
2996.0000      -30868.639423
3000.0000      -30892.640652
3004.0000      -30833.286489
3008.0000      -30809.878586
3012.0000      -30839.567791
3016.0000      -30852.278434
3020.0000      -30937.014167
3024.0000      -30866.968888
3028.0000      -30910.616585
3032.0000      -30755.582556
3036.0000      -31001.422946
3040.0000      -30896.543728
3044.0000      -30852.492506
3048.0000      -31005.699291
3052.0000      -30860.043307
3056.0000      -30849.830733
3060.0000      -30912.938248
3064.0000      -31022.452330
3068.0000      -30820.844876
3072.0000      -30852.271852
3076.0000      -30998.123821
3080.0000      -30830.281798
3084.0000      -30969.051909
3088.0000      -30819.125963
3092.0000      -30904.877774
3096.0000      -30915.600541
3100.0000      -30900.288460
3104.0000      -30976.145994
3108.0000      -30970.134829
3112.0000      -30737.552101
3116.0000      -30819.938880
3120.0000      -30900.751413
3124.0000      -30910.138396
3128.0000      -30905.666513
3132.0000      -30958.519834
3136.0000      -30939.100196
3140.0000      -30927.635624
3144.0000      -30795.119595
3148.0000      -31062.027203
3152.0000      -31063.506370
3156.0000      -30832.070225
3160.0000      -30853.518826
3164.0000      -30918.602979
3168.0000      -30966.862919
3172.0000      -30890.993464
3176.0000      -30786.194861
3180.0000      -30977.105927
3184.0000      -30948.144234
3188.0000      -30879.081631
3192.0000      -30832.202886
3196.0000      -30694.147920
3200.0000      -30936.867456
3204.0000      -30865.560289
3208.0000      -31026.333802
3212.0000      -30964.203686
3216.0000      -30739.160162
3220.0000      -31056.202400
3224.0000      -30881.965345
3228.0000      -30865.935773
3232.0000      -30920.867476
3236.0000      -30891.641801
3240.0000      -30940.301266
3244.0000      -31025.839160
3248.0000      -31084.802584
3252.0000      -30942.654072
3256.0000      -30758.134280
3260.0000      -30834.003256
3264.0000      -30948.544555
3268.0000      -31008.763694
3272.0000      -31039.159416
3276.0000      -30888.635731
3280.0000      -30925.337064
3284.0000      -30859.687672
3288.0000      -30885.024775
3292.0000      -30883.402283
3296.0000      -30922.269389
3300.0000      -30859.180505
3304.0000      -30949.872735
3308.0000      -30782.085444
3312.0000      -30966.277476
3316.0000      -30941.674244
3320.0000      -30826.872830
3324.0000      -30886.980299
3328.0000      -31094.149992
3332.0000      -30746.840985
3336.0000      -30875.908456
3340.0000      -30873.743824
3344.0000      -30919.992046
3348.0000      -30872.917990
3352.0000      -30794.829561
3356.0000      -30769.110452
3360.0000      -30971.603722
3364.0000      -30925.217059
3368.0000      -30909.210374
3372.0000      -30795.332705
3376.0000      -30942.800961
3380.0000      -30859.980103
3384.0000      -31019.944505
3388.0000      -30900.278186
3392.0000      -30799.896208
3396.0000      -30939.707183
3400.0000      -30873.488762
3404.0000      -30855.117035
3408.0000      -30839.986094
3412.0000      -30839.293156
3416.0000      -30846.785418
3420.0000      -30875.144702
3424.0000      -30764.247630
3428.0000      -30816.382216
3432.0000      -30910.603591
3436.0000      -30873.948664
3440.0000      -30969.526321
3444.0000      -30877.072018
3448.0000      -30891.118755
3452.0000      -31058.135180
3456.0000      -30810.905163
3460.0000      -30811.925903
3464.0000      -30960.417522
3468.0000      -30937.821616
3472.0000      -31018.903461
3476.0000      -30783.341494
3480.0000      -30925.293882
3484.0000      -30783.741955
3488.0000      -30794.462423
3492.0000      -31137.474705
3496.0000      -30957.909776
3500.0000      -30994.765277
3504.0000      -30881.772851
3508.0000      -30935.266046
3512.0000      -30905.976178
3516.0000      -30999.454732
3520.0000      -30972.836001
3524.0000      -30883.778786
3528.0000      -31070.945506
3532.0000      -31133.551229
3536.0000      -30993.632454
3540.0000      -30832.866092
3544.0000      -30944.349052
3548.0000      -30902.233305
3552.0000      -30924.858670
3556.0000      -30847.694407
3560.0000      -30936.788381
3564.0000      -30852.313532
3568.0000      -30882.139077
3572.0000      -30992.039876
3576.0000      -30923.599081
3580.0000      -30891.161046
3584.0000      -30981.451840
3588.0000      -30723.343988
3592.0000      -30994.437759
3596.0000      -30820.652051
3600.0000      -30802.846516
3604.0000      -30963.153238
3608.0000      -30979.269403
3612.0000      -30902.497678
3616.0000      -30849.779849
3620.0000      -30837.915588
3624.0000      -30849.564200
3628.0000      -30962.117477
3632.0000      -30829.452566
3636.0000      -30978.925797
3640.0000      -30877.648344
3644.0000      -30984.016016
3648.0000      -30652.544584
3652.0000      -31003.951460
3656.0000      -30902.050701
3660.0000      -31047.849075
3664.0000      -30942.879547
3668.0000      -30794.637253
3672.0000      -30904.782695
3676.0000      -30955.887942
3680.0000      -30925.912536
3684.0000      -30785.553867
3688.0000      -30816.350374
3692.0000      -31024.245620
3696.0000      -30818.887843
3700.0000      -30753.508433
3704.0000      -30932.457236
3708.0000      -30711.304065
3712.0000      -30824.902392
3716.0000      -30833.351085
3720.0000      -30952.307643
3724.0000      -30742.064804
3728.0000      -30673.793283
3732.0000      -30876.344560
3736.0000      -30934.494840
3740.0000      -30963.209296
3744.0000      -30798.408658
3748.0000      -30797.737205
3752.0000      -30991.120634
3756.0000      -30822.512808
3760.0000      -30841.212904
3764.0000      -30955.518034
3768.0000      -30910.855003
3772.0000      -30902.203521
3776.0000      -31022.948566
3780.0000      -30936.156902
3784.0000      -30928.519960
3788.0000      -30930.317467
3792.0000      -30905.728908
3796.0000      -30855.874097
3800.0000      -30800.807466
3804.0000      -30893.090697
3808.0000      -31022.885278
3812.0000      -30982.895176
3816.0000      -30949.840324
3820.0000      -30910.461197
3824.0000      -31069.673074
3828.0000      -30886.532950
3832.0000      -30836.544807
3836.0000      -30967.327045
3840.0000      -30823.052362
3844.0000      -30849.893140
3848.0000      -30830.562816
3852.0000      -30805.638810
3856.0000      -30864.753578
3860.0000      -30773.590078
3864.0000      -30874.951091
3868.0000      -30958.663221
3872.0000      -30888.699478
3876.0000      -31058.089133
3880.0000      -30918.973997
3884.0000      -30855.595740
3888.0000      -31116.790762
3892.0000      -30902.746109
3896.0000      -30849.935684
3900.0000      -30938.679959
3904.0000      -30968.175132
3908.0000      -30936.968213
3912.0000      -30814.668235
3916.0000      -31123.483587
3920.0000      -30831.562339
3924.0000      -30857.834957
3928.0000      -30920.018648
3932.0000      -30806.403736
3936.0000      -30646.967591
3940.0000      -31029.645316
3944.0000      -30883.064097
3948.0000      -30938.818782
3952.0000      -30916.475368
3956.0000      -31044.135003
3960.0000      -30826.228984
3964.0000      -30812.348412
3968.0000      -30983.439182
3972.0000      -30983.488721
3976.0000      -31059.241944
3980.0000      -30972.404655
3984.0000      -30852.469746
3988.0000      -30901.060985
3992.0000      -30845.595913
3996.0000      -30976.769663
4000.0000      -31016.623921
4004.0000      -31016.623921
