4.0000      -30741.446478
8.0000      -30948.780742
12.0000      -30917.177000
16.0000      -30818.724301
20.0000      -30983.856589
24.0000      -30786.122442
28.0000      -30879.123480
32.0000      -30986.167740
36.0000      -31008.228251
40.0000      -30902.814261
44.0000      -30961.608853
48.0000      -30956.748426
52.0000      -30880.095047
56.0000      -30819.197014
60.0000      -30912.197641
64.0000      -30912.894676
68.0000      -30800.653010
72.0000      -31047.239027
76.0000      -30984.253921
80.0000      -30804.907622
84.0000      -30953.406824
88.0000      -30784.718239
92.0000      -30708.610888
96.0000      -30750.365031
100.0000      -30977.222116
104.0000      -31028.089545
108.0000      -30870.327005
112.0000      -30932.567500
116.0000      -30917.813404
120.0000      -30757.570859
124.0000      -30991.283431
128.0000      -30702.524637
132.0000      -30756.726520
136.0000      -30793.083676
140.0000      -30852.276348
144.0000      -30949.855712
148.0000      -30927.605566
152.0000      -30886.343551
156.0000      -30905.139957
160.0000      -30773.914420
164.0000      -30715.154478
168.0000      -30882.759899
172.0000      -30896.405853
176.0000      -30817.388664
180.0000      -30872.765298
184.0000      -30847.226319
188.0000      -30892.960956
192.0000      -30907.226972
196.0000      -30881.996268
200.0000      -30740.350520
204.0000      -30775.998841
208.0000      -30741.794600
212.0000      -30690.548280
216.0000      -30764.484191
220.0000      -30750.024159
224.0000      -30941.046351
228.0000      -30922.246576
232.0000      -30800.540524
236.0000      -30925.402783
240.0000      -30785.277088
244.0000      -30740.455117
248.0000      -30842.285240
252.0000      -30997.177541
256.0000      -30947.257930
260.0000      -30712.783688
264.0000      -30804.326717
268.0000      -31050.880383
272.0000      -31001.778019
276.0000      -30760.058745
280.0000      -30760.796604
284.0000      -30843.663577
288.0000      -30955.867593
292.0000      -30909.777105
296.0000      -31014.878135
300.0000      -30831.760646
304.0000      -30802.005112
308.0000      -30767.841149
312.0000      -30705.298385
316.0000      -30816.848090
320.0000      -30775.401164
324.0000      -30852.776559
328.0000      -30949.276707
332.0000      -30893.349495
336.0000      -30901.213287
340.0000      -30949.057897
344.0000      -30934.763213
348.0000      -30846.245968
352.0000      -30766.598017
356.0000      -30845.878990
360.0000      -30931.582116
364.0000      -30764.419421
368.0000      -30659.869999
372.0000      -30738.652617
376.0000      -30858.743246
380.0000      -30858.670406
384.0000      -30880.766603
388.0000      -30955.554708
392.0000      -30816.719399
396.0000      -30896.827844
400.0000      -30887.465542
404.0000      -30927.080843
408.0000      -30903.302596
412.0000      -30812.344745
416.0000      -30930.727129
420.0000      -30703.159117
424.0000      -30747.230355
428.0000      -30733.928649
432.0000      -30750.106276
436.0000      -30669.249576
440.0000      -30696.118960
444.0000      -30927.008397
448.0000      -30985.681969
452.0000      -30863.165643
456.0000      -30916.337765
460.0000      -30876.858901
464.0000      -30722.840985
468.0000      -30864.324365
472.0000      -30899.347261
476.0000      -30949.693108
480.0000      -30894.647956
484.0000      -30713.826374
488.0000      -30841.708139
492.0000      -30809.278941
496.0000      -30829.461054
500.0000      -30713.617224
504.0000      -30954.621544
508.0000      -30957.510859
512.0000      -30889.966235
516.0000      -30987.910484
520.0000      -30908.182975
524.0000      -31055.556063
528.0000      -30880.516855
532.0000      -30929.694996
536.0000      -30797.721908
540.0000      -30896.509486
544.0000      -30964.484312
548.0000      -30817.587252
552.0000      -30808.384074
556.0000      -30743.413938
560.0000      -30921.815152
564.0000      -30831.808480
568.0000      -31021.539361
572.0000      -30811.161123
576.0000      -30751.038765
580.0000      -30800.495762
584.0000      -30890.776950
588.0000      -30931.304692
592.0000      -30835.416575
596.0000      -30840.984892
600.0000      -30814.265674
604.0000      -30983.707541
608.0000      -30874.201278
612.0000      -30851.411848
616.0000      -30892.492037
620.0000      -30684.840492
624.0000      -30982.813187
628.0000      -30675.838504
632.0000      -30854.957189
636.0000      -30801.940417
640.0000      -30727.016091
644.0000      -30877.197012
648.0000      -30939.383625
652.0000      -30840.486684
656.0000      -30961.780816
660.0000      -30862.586480
664.0000      -31012.628476
668.0000      -30838.075236
672.0000      -30748.494116
676.0000      -30841.470888
680.0000      -30901.825828
684.0000      -30816.430839
688.0000      -30840.254071
692.0000      -30840.027310
696.0000      -30829.136929
700.0000      -30890.526591
704.0000      -30797.983561
708.0000      -30924.545507
712.0000      -30848.183424
716.0000      -31051.582951
720.0000      -31006.987507
724.0000      -30832.339712
728.0000      -30728.615592
732.0000      -30958.233933
736.0000      -30972.074153
740.0000      -30882.755239
744.0000      -30912.449407
748.0000      -30844.208178
752.0000      -30886.703229
756.0000      -31001.038335
760.0000      -30819.948392
764.0000      -30898.143867
768.0000      -30785.776507
772.0000      -30834.922694
776.0000      -30964.549562
780.0000      -30690.169798
784.0000      -30749.508771
788.0000      -30788.958251
792.0000      -30978.261639
796.0000      -30727.810203
800.0000      -30814.945576
804.0000      -30773.536460
808.0000      -30758.779711
812.0000      -30899.356333
816.0000      -30783.932068
820.0000      -30912.075329
824.0000      -30950.422562
828.0000      -31045.722041
832.0000      -30903.165434
836.0000      -30754.161309
840.0000      -30797.847415
844.0000      -30742.600987
848.0000      -30853.753701
852.0000      -30738.831532
856.0000      -30806.363622
860.0000      -30870.206559
864.0000      -30899.567297
868.0000      -31040.747949
872.0000      -30929.991709
876.0000      -30850.591737
880.0000      -30987.295402
884.0000      -30905.215276
888.0000      -30807.921289
892.0000      -30826.111754
896.0000      -30810.458960
900.0000      -30870.676005
904.0000      -31018.604235
908.0000      -30868.841279
912.0000      -30745.010658
916.0000      -30873.508357
920.0000      -31104.258009
924.0000      -30869.297070
928.0000      -30788.110933
932.0000      -30804.270778
936.0000      -30713.169482
940.0000      -30872.127160
944.0000      -30776.510656
948.0000      -30882.956588
952.0000      -30936.377171
956.0000      -30885.783915
960.0000      -30825.295992
964.0000      -30927.278740
968.0000      -30833.639995
972.0000      -30918.640626
976.0000      -30787.439779
980.0000      -30822.419444
984.0000      -30940.975586
988.0000      -30771.436137
992.0000      -30929.567438
996.0000      -30760.783420
1000.0000      -30952.595429
1004.0000      -30867.944966
1008.0000      -30946.636960
1012.0000      -30792.293549
1016.0000      -30950.936207
1020.0000      -30955.251036
1024.0000      -30925.627204
1028.0000      -30809.715491
1032.0000      -30854.737962
1036.0000      -30865.234909
1040.0000      -30940.354362
1044.0000      -30967.569103
1048.0000      -30825.815898
1052.0000      -30736.271466
1056.0000      -30860.844317
1060.0000      -30908.339396
1064.0000      -30930.472090
1068.0000      -30882.693488
1072.0000      -31005.960672
1076.0000      -30864.090497
1080.0000      -30749.678186
1084.0000      -30867.422041
1088.0000      -30779.644797
1092.0000      -30845.710802
1096.0000      -30964.467743
1100.0000      -31116.941240
1104.0000      -30886.216641
1108.0000      -30862.682835
1112.0000      -30990.170724
1116.0000      -30817.961089
1120.0000      -30755.849438
1124.0000      -30858.839062
1128.0000      -30799.859539
1132.0000      -30791.756281
1136.0000      -30776.432335
1140.0000      -30835.309463
1144.0000      -30821.236580
1148.0000      -30768.568980
1152.0000      -30879.852461
1156.0000      -30919.000108
1160.0000      -30864.486806
1164.0000      -31001.960312
1168.0000      -31017.672671
1172.0000      -30912.461644
1176.0000      -30981.208812
1180.0000      -30837.285395
1184.0000      -30785.331883
1188.0000      -30908.310743
1192.0000      -30895.432227
1196.0000      -30789.720529
1200.0000      -31032.996465
1204.0000      -30853.048570
1208.0000      -31010.429985
1212.0000      -30867.137416
1216.0000      -30886.597276
1220.0000      -30942.157581
1224.0000      -30881.735499
1228.0000      -30885.843983
1232.0000      -30851.828105
1236.0000      -30802.288803
1240.0000      -30686.314007
1244.0000      -30868.086244
1248.0000      -30842.767284
1252.0000      -30936.342788
1256.0000      -30757.731970
1260.0000      -30850.268245
1264.0000      -30667.075780
1268.0000      -30707.249577
1272.0000      -30837.463491
1276.0000      -30716.935086
1280.0000      -30776.070506
1284.0000      -30916.999363
1288.0000      -30975.868859
1292.0000      -30833.252077
1296.0000      -30837.590676
1300.0000      -30854.148947
1304.0000      -30764.197627
1308.0000      -30883.095673
1312.0000      -30918.998807
1316.0000      -30713.564085
1320.0000      -30862.998481
1324.0000      -30844.053110
1328.0000      -31007.170077
1332.0000      -30802.167934
1336.0000      -30754.866899
1340.0000      -30741.155254
1344.0000      -30896.503778
1348.0000      -30873.011260
1352.0000      -30922.331056
1356.0000      -30885.168160
1360.0000      -30925.083519
1364.0000      -30887.494090
1368.0000      -30785.620766
1372.0000      -31040.559914
1376.0000      -30933.400842
1380.0000      -31033.774609
1384.0000      -30794.913306
1388.0000      -30956.182049
1392.0000      -30930.441965
1396.0000      -30998.434387
1400.0000      -30942.068027
1404.0000      -30916.873172
1408.0000      -30882.746902
1412.0000      -30854.538937
1416.0000      -30749.023200
1420.0000      -30749.903457
1424.0000      -30924.235285
1428.0000      -31070.892435
1432.0000      -30802.825670
1436.0000      -30839.262872
1440.0000      -30875.518552
1444.0000      -30771.231150
1448.0000      -30891.703447
1452.0000      -30929.557503
1456.0000      -31035.958715
1460.0000      -30893.097196
1464.0000      -30922.509020
1468.0000      -31015.435820
1472.0000      -30825.072449
1476.0000      -30980.968854
1480.0000      -30856.027254
1484.0000      -30827.159368
1488.0000      -30808.465558
1492.0000      -30915.896234
1496.0000      -30928.214983
1500.0000      -30719.666386
1504.0000      -30782.115553
1508.0000      -30901.915203
1512.0000      -30743.205184
1516.0000      -30801.084964
1520.0000      -30938.918812
1524.0000      -30766.716060
1528.0000      -30913.975631
1532.0000      -30887.696363
1536.0000      -30981.619411
1540.0000      -30950.235835
1544.0000      -30864.888657
1548.0000      -31066.109745
1552.0000      -30874.206658
1556.0000      -30870.050813
1560.0000      -30898.958325
1564.0000      -30692.501812
1568.0000      -30897.699748
1572.0000      -30840.777852
1576.0000      -30770.734033
1580.0000      -30854.353110
1584.0000      -30761.286304
1588.0000      -30800.341851
1592.0000      -30822.243117
1596.0000      -30913.381845
1600.0000      -30961.687048
1604.0000      -31093.091867
1608.0000      -30868.994250
1612.0000      -30960.970837
1616.0000      -30879.929357
1620.0000      -30911.923445
1624.0000      -31041.482991
1628.0000      -30896.841591
1632.0000      -31039.781662
1636.0000      -30752.212255
1640.0000      -30859.610716
1644.0000      -30728.787983
1648.0000      -30948.650608
1652.0000      -30870.832746
1656.0000      -30776.493736
1660.0000      -30895.517132
1664.0000      -30885.798488
1668.0000      -30924.223032
1672.0000      -30951.273490
1676.0000      -30880.587364
1680.0000      -30802.854366
1684.0000      -30986.382070
1688.0000      -30863.585404
1692.0000      -30853.794510
1696.0000      -30841.327719
1700.0000      -30934.581848
1704.0000      -31009.361055
1708.0000      -30764.833048
1712.0000      -30964.696764
1716.0000      -30903.290695
1720.0000      -30882.794426
1724.0000      -31148.590203
1728.0000      -30975.542222
1732.0000      -30763.168891
1736.0000      -30775.052522
1740.0000      -30955.861745
1744.0000      -30797.717229
1748.0000      -30837.987942
1752.0000      -30890.907244
1756.0000      -30863.610680
1760.0000      -30959.338014
1764.0000      -30947.275898
1768.0000      -30934.053209
1772.0000      -30893.785394
1776.0000      -30746.350756
1780.0000      -31090.123330
1784.0000      -30958.499829
1788.0000      -31061.767824
1792.0000      -30851.376257
1796.0000      -30867.471437
1800.0000      -30857.858975
1804.0000      -30867.546673
1808.0000      -30808.129543
1812.0000      -30885.256209
1816.0000      -30845.167333
1820.0000      -30696.189688
1824.0000      -30816.912236
1828.0000      -30937.743025
1832.0000      -30941.877158
1836.0000      -30836.275013
1840.0000      -30897.405390
1844.0000      -30835.190799
1848.0000      -30849.631652
1852.0000      -30844.353537
1856.0000      -30682.784918
1860.0000      -30885.946500
1864.0000      -30902.531442
1868.0000      -30920.458921
1872.0000      -30845.918062
1876.0000      -30835.842707
1880.0000      -31038.191082
1884.0000      -30936.589091
1888.0000      -30791.740990
1892.0000      -30835.752642
1896.0000      -30862.903415
1900.0000      -30969.591608
1904.0000      -30904.005933
1908.0000      -30770.847927
1912.0000      -31003.394250
1916.0000      -30851.530319
1920.0000      -30868.757326
1924.0000      -30760.761837
1928.0000      -30832.509658
1932.0000      -30757.395588
1936.0000      -30819.285181
1940.0000      -30804.087887
1944.0000      -30838.655437
1948.0000      -30910.707360
1952.0000      -30821.186260
1956.0000      -30702.078685
1960.0000      -30826.228516
1964.0000      -30822.065611
1968.0000      -30883.740874
1972.0000      -30893.385258
1976.0000      -31065.267894
1980.0000      -30777.075098
1984.0000      -30782.090473
1988.0000      -30787.970988
1992.0000      -30789.743009
1996.0000      -30759.458289
2000.0000      -30649.237500
2004.0000      -30921.844458
2008.0000      -30707.301043
2012.0000      -30955.556951
2016.0000      -30941.356141
2020.0000      -30800.373190
2024.0000      -30986.081403
2028.0000      -30925.299664
2032.0000      -31086.053522
2036.0000      -30829.224506
2040.0000      -30905.149018
2044.0000      -30976.495307
2048.0000      -30800.908687
2052.0000      -30908.413934
2056.0000      -30759.537565
2060.0000      -30871.225059
2064.0000      -30940.105886
2068.0000      -30896.609423
2072.0000      -30894.477716
2076.0000      -30842.413965
2080.0000      -30801.787030
2084.0000      -30908.183215
2088.0000      -30880.090284
2092.0000      -30823.506638
2096.0000      -30825.497237
2100.0000      -30756.745548
2104.0000      -30734.150421
2108.0000      -30879.212541
2112.0000      -30895.075305
2116.0000      -30804.416957
2120.0000      -30876.415809
2124.0000      -30863.733408
2128.0000      -30822.309812
2132.0000      -30821.234503
2136.0000      -30985.740421
2140.0000      -31031.510199
2144.0000      -30714.308675
2148.0000      -30789.749040
2152.0000      -30909.493753
2156.0000      -30877.620171
2160.0000      -31027.877544
2164.0000      -30972.430002
2168.0000      -30954.262180
2172.0000      -30961.605879
2176.0000      -30743.462922
2180.0000      -30823.362074
2184.0000      -30978.559764
2188.0000      -30642.666999
2192.0000      -30794.094934
2196.0000      -30830.627064
2200.0000      -30871.697021
2204.0000      -30902.342865
2208.0000      -30964.372571
2212.0000      -31009.618550
2216.0000      -30800.592137
2220.0000      -30781.757282
2224.0000      -30888.207713
2228.0000      -30914.842512
2232.0000      -30857.263466
2236.0000      -30832.902489
2240.0000      -30829.833424
2244.0000      -30875.446746
2248.0000      -31081.228794
2252.0000      -30850.020267
2256.0000      -31064.967128
2260.0000      -30930.098963
2264.0000      -30940.322162
2268.0000      -30876.390898
2272.0000      -30960.449892
2276.0000      -30768.901037
2280.0000      -30895.794738
2284.0000      -30851.630144
2288.0000      -30892.006337
2292.0000      -30834.540137
2296.0000      -30909.514749
2300.0000      -30650.421910
2304.0000      -30754.956248
2308.0000      -30967.705692
2312.0000      -30802.789126
2316.0000      -30767.893907
2320.0000      -30830.107889
2324.0000      -30829.472201
2328.0000      -30938.425464
2332.0000      -30927.085564
2336.0000      -31036.163728
2340.0000      -30952.324412
2344.0000      -31003.427113
2348.0000      -31057.565547
2352.0000      -30962.537458
2356.0000      -30860.882690
2360.0000      -30859.384165
2364.0000      -30831.136419
2368.0000      -30726.344380
2372.0000      -30962.117263
2376.0000      -30986.954730
2380.0000      -30896.417954
2384.0000      -30931.316523
2388.0000      -30865.576019
2392.0000      -30872.973755
2396.0000      -30725.247000
2400.0000      -30847.298151
2404.0000      -30783.963838
2408.0000      -30829.105209
2412.0000      -30857.631149
2416.0000      -30932.770880
2420.0000      -30974.732411
2424.0000      -30874.771526
2428.0000      -30803.787979
2432.0000      -30940.382904
2436.0000      -30976.969317
2440.0000      -30957.792239
2444.0000      -30983.970975
2448.0000      -30957.155770
2452.0000      -30799.979390
2456.0000      -30690.503322
2460.0000      -30877.997434
2464.0000      -30739.775145
2468.0000      -30810.468468
2472.0000      -30739.650980
2476.0000      -30726.043348
2480.0000      -30702.595995
2484.0000      -30887.289843
2488.0000      -30826.911154
2492.0000      -30809.437454
2496.0000      -30963.715718
2500.0000      -30814.883157
2504.0000      -31085.943862
2508.0000      -30931.031450
2512.0000      -30882.743430
2516.0000      -31014.011999
2520.0000      -30766.372195
2524.0000      -30854.431941
2528.0000      -30987.582742
2532.0000      -30940.810433
2536.0000      -30750.492948
2540.0000      -30805.214186
2544.0000      -30854.237327
2548.0000      -30874.976020
2552.0000      -30919.115741
2556.0000      -30836.341187
2560.0000      -30922.129617
2564.0000      -30843.858279
2568.0000      -30947.724718
2572.0000      -30837.964744
2576.0000      -30777.570946
2580.0000      -30942.078498
2584.0000      -31027.794458
2588.0000      -30913.069795
2592.0000      -30768.609520
2596.0000      -30818.878119
2600.0000      -30764.229899
2604.0000      -30962.909853
2608.0000      -30849.010990
2612.0000      -30754.078436
2616.0000      -30811.169891
2620.0000      -30910.048728
2624.0000      -30969.360269
2628.0000      -30946.697384
2632.0000      -30739.526743
2636.0000      -30828.499446
2640.0000      -30919.431245
2644.0000      -30840.781408
2648.0000      -30866.152583
2652.0000      -30920.594793
2656.0000      -30917.136231
2660.0000      -30880.682400
2664.0000      -30682.744572
2668.0000      -30783.637406
2672.0000      -30813.621599
2676.0000      -30713.631111
2680.0000      -30892.128198
2684.0000      -30717.760558
2688.0000      -30814.101242
2692.0000      -30856.893385
2696.0000      -30813.758280
2700.0000      -30815.111169
2704.0000      -30997.568630
2708.0000      -30873.287225
2712.0000      -30909.191766
2716.0000      -30774.950743
2720.0000      -30624.941429
2724.0000      -30898.408367
2728.0000      -30830.065529
2732.0000      -30985.137900
2736.0000      -30911.635550
2740.0000      -30790.945556
2744.0000      -31036.901671
2748.0000      -30827.356562
2752.0000      -30842.478123
2756.0000      -30809.954927
2760.0000      -30994.310502
2764.0000      -30841.806357
2768.0000      -31060.588169
2772.0000      -30731.693128
2776.0000      -30985.936838
2780.0000      -30979.494370
2784.0000      -30811.959375
2788.0000      -31103.777375
2792.0000      -30708.027339
2796.0000      -30891.184322
2800.0000      -30839.260425
2804.0000      -30885.756256
2808.0000      -30920.416822
2812.0000      -30679.127818
2816.0000      -30769.737851
2820.0000      -30904.998784
2824.0000      -30748.216232
2828.0000      -30808.709756
2832.0000      -31018.341241
2836.0000      -30765.093011
2840.0000      -30977.982432
2844.0000      -30742.993262
2848.0000      -30999.023246
2852.0000      -30915.083670
2856.0000      -30697.480883
2860.0000      -30923.059606
2864.0000      -30827.248156
2868.0000      -30857.293363
2872.0000      -30884.351194
2876.0000      -30837.683158
2880.0000      -30698.342736
2884.0000      -30910.993255
2888.0000      -30935.340043
2892.0000      -31067.259436
2896.0000      -31049.050670
2900.0000      -30899.452941
2904.0000      -30775.307235
2908.0000      -30857.636001
2912.0000      -30945.880459
2916.0000      -30860.280333
2920.0000      -30979.401894
2924.0000      -30892.996811
2928.0000      -30878.991599
2932.0000      -30755.006156
2936.0000      -30943.657372
2940.0000      -30882.371346
2944.0000      -30819.111273
2948.0000      -30922.029582
2952.0000      -31006.586037
2956.0000      -30883.387571
2960.0000      -30888.548828
2964.0000      -30805.109613
2968.0000      -30667.241967
2972.0000      -30802.682258
2976.0000      -30960.365532
2980.0000      -30881.490218
2984.0000      -30672.132485
2988.0000      -30868.316867
2992.0000      -30922.542592
2996.0000      -30800.740646
3000.0000      -31003.259129
3004.0000      -30865.060150
3008.0000      -30800.174307
3012.0000      -30954.490812
3016.0000      -30915.844400
3020.0000      -30955.490034
3024.0000      -30846.570627
3028.0000      -30967.302289
3032.0000      -31004.135460
3036.0000      -30989.945275
3040.0000      -30938.667303
3044.0000      -30806.280010
3048.0000      -30995.954147
3052.0000      -30874.376188
3056.0000      -30936.380401
3060.0000      -30721.394655
3064.0000      -30817.463934
3068.0000      -30741.080045
3072.0000      -30762.135472
3076.0000      -30988.809681
3080.0000      -30912.620679
3084.0000      -30723.081281
3088.0000      -31072.382208
3092.0000      -30845.413879
3096.0000      -31000.005456
3100.0000      -30849.974059
3104.0000      -30735.574173
3108.0000      -30981.173021
3112.0000      -31002.444192
3116.0000      -30721.622707
3120.0000      -30592.150975
3124.0000      -30748.878076
3128.0000      -30673.151297
3132.0000      -30654.289201
3136.0000      -30788.598774
3140.0000      -30831.447907
3144.0000      -30731.460996
3148.0000      -30904.428637
3152.0000      -30790.738316
3156.0000      -30918.370221
3160.0000      -30925.127814
3164.0000      -30819.780305
3168.0000      -30842.748677
3172.0000      -30824.042145
3176.0000      -31003.439778
3180.0000      -30962.483668
3184.0000      -30961.450141
3188.0000      -30859.273730
3192.0000      -30932.107520
3196.0000      -30833.545326
3200.0000      -30941.885502
3204.0000      -30925.362544
3208.0000      -30899.165436
3212.0000      -30880.208163
3216.0000      -30816.166317
3220.0000      -30792.721831
3224.0000      -30868.085757
3228.0000      -30854.663125
3232.0000      -30992.258356
3236.0000      -30943.430662
3240.0000      -30906.954362
3244.0000      -30872.043506
3248.0000      -31004.658748
3252.0000      -30966.475263
3256.0000      -30782.173342
3260.0000      -31014.270415
3264.0000      -30932.918494
3268.0000      -30965.871773
3272.0000      -30863.860799
3276.0000      -30884.813139
3280.0000      -30999.023909
3284.0000      -30851.309722
3288.0000      -30938.263819
3292.0000      -30956.512279
3296.0000      -30935.852450
3300.0000      -30847.584497
3304.0000      -30912.114730
3308.0000      -30946.768196
3312.0000      -31081.022590
3316.0000      -30891.139601
3320.0000      -31108.669405
3324.0000      -30868.832798
3328.0000      -30838.624901
3332.0000      -30957.023870
3336.0000      -30764.416964
3340.0000      -30690.449094
3344.0000      -30976.934998
3348.0000      -30878.665855
3352.0000      -30944.797262
3356.0000      -30853.494530
3360.0000      -30881.124645
3364.0000      -30942.540580
3368.0000      -30823.089420
3372.0000      -30899.744148
3376.0000      -30790.678244
3380.0000      -30738.349191
3384.0000      -30791.495435
3388.0000      -30713.162134
3392.0000      -30748.915475
3396.0000      -30730.022158
3400.0000      -30872.850466
3404.0000      -30724.478247
3408.0000      -30885.949819
3412.0000      -30885.571069
3416.0000      -30811.332293
3420.0000      -30876.739576
3424.0000      -30944.708540
3428.0000      -30815.156683
3432.0000      -30905.427676
3436.0000      -31036.393814
3440.0000      -30983.405378
3444.0000      -30979.185990
3448.0000      -30830.068086
3452.0000      -31056.047578
3456.0000      -30768.006195
3460.0000      -30924.457108
3464.0000      -30948.386483
3468.0000      -30752.446133
3472.0000      -31016.450012
3476.0000      -30858.438492
3480.0000      -30862.983594
3484.0000      -31025.706427
3488.0000      -30894.481743
3492.0000      -30840.242135
3496.0000      -30810.870977
3500.0000      -30793.017745
3504.0000      -30769.905072
3508.0000      -30966.699085
3512.0000      -30955.426395
3516.0000      -30970.904410
3520.0000      -30802.207570
3524.0000      -31009.972790
3528.0000      -30908.576841
3532.0000      -30813.597054
3536.0000      -30982.996446
3540.0000      -31064.398930
3544.0000      -30799.192432
3548.0000      -30874.390487
3552.0000      -30870.755288
3556.0000      -30696.104507
3560.0000      -30749.794138
3564.0000      -30793.772547
3568.0000      -30868.809442
3572.0000      -30989.603758
3576.0000      -30834.708834
3580.0000      -30971.233152
3584.0000      -30929.462134
3588.0000      -30879.515095
3592.0000      -30909.354823
3596.0000      -30778.392286
3600.0000      -30685.128943
3604.0000      -30791.063902
3608.0000      -30822.229106
3612.0000      -30878.523100
3616.0000      -30706.905636
3620.0000      -30959.638814
3624.0000      -30756.484047
3628.0000      -30771.894958
3632.0000      -30863.971077
3636.0000      -30777.904927
3640.0000      -30935.077296
3644.0000      -30810.999896
3648.0000      -30788.612982
3652.0000      -30718.514230
3656.0000      -30881.759223
3660.0000      -30693.786839
3664.0000      -30747.524653
3668.0000      -30759.422157
3672.0000      -30757.046081
3676.0000      -30851.520192
3680.0000      -30956.777937
3684.0000      -30927.408141
3688.0000      -30899.594627
3692.0000      -30726.034859
3696.0000      -30810.329329
3700.0000      -31008.444363
3704.0000      -30878.055916
3708.0000      -31010.949743
3712.0000      -31075.427231
3716.0000      -30826.805490
3720.0000      -30858.143608
3724.0000      -30947.286198
3728.0000      -30906.363643
3732.0000      -30711.168484
3736.0000      -30707.761325
3740.0000      -30828.503910
3744.0000      -30996.633291
3748.0000      -30968.749046
3752.0000      -31036.899387
3756.0000      -31045.276611
3760.0000      -30846.501679
3764.0000      -30748.960934
3768.0000      -30810.517280
3772.0000      -30890.975125
3776.0000      -30861.487267
3780.0000      -30908.858942
3784.0000      -30860.627198
3788.0000      -30869.477867
3792.0000      -31073.130846
3796.0000      -30933.017817
3800.0000      -31092.030073
3804.0000      -30746.598273
3808.0000      -30952.188321
3812.0000      -30852.568025
3816.0000      -30864.244598
3820.0000      -30727.159372
3824.0000      -30759.290516
3828.0000      -30784.507597
3832.0000      -30824.110969
3836.0000      -31029.965751
3840.0000      -30761.325089
3844.0000      -30807.743254
3848.0000      -30838.166496
3852.0000      -30729.946967
3856.0000      -31086.310326
3860.0000      -30816.819391
3864.0000      -30973.569238
3868.0000      -30868.806421
3872.0000      -30923.597074
3876.0000      -30912.246538
3880.0000      -30761.022537
3884.0000      -30888.100135
3888.0000      -30827.783603
3892.0000      -30976.880148
3896.0000      -30834.480490
3900.0000      -30814.910804
3904.0000      -30791.005857
3908.0000      -30730.825464
3912.0000      -31022.116729
3916.0000      -30805.762154
3920.0000      -30836.151440
3924.0000      -30821.818357
3928.0000      -30940.106387
3932.0000      -30815.257794
3936.0000      -30912.892050
3940.0000      -30704.998097
3944.0000      -30740.266562
3948.0000      -30839.369603
3952.0000      -30856.828734
3956.0000      -30842.174757
3960.0000      -30868.768777
3964.0000      -30851.669506
3968.0000      -31019.544141
3972.0000      -30793.001952
3976.0000      -30848.628584
3980.0000      -30842.818079
3984.0000      -30835.498004
3988.0000      -30971.581853
3992.0000      -30929.668247
3996.0000      -30854.171843
4000.0000      -30936.564519
4004.0000      -30936.564519
