4.0000     -732306.076029
8.0000     -733883.312835
12.0000     -733366.399789
16.0000     -734042.237732
20.0000     -733385.134947
24.0000     -733094.118963
28.0000     -733116.324964
32.0000     -733439.923095
36.0000     -733807.831751
40.0000     -733505.832948
44.0000     -733123.156040
48.0000     -733191.822275
52.0000     -732994.085296
56.0000     -733262.565013
60.0000     -733508.250768
64.0000     -733797.611448
68.0000     -733723.181323
72.0000     -733733.127042
76.0000     -733477.079763
80.0000     -733552.838107
84.0000     -733489.990293
88.0000     -733225.436482
92.0000     -733772.583071
96.0000     -733377.863239
100.0000     -732486.150983
104.0000     -733634.269227
108.0000     -733495.224915
112.0000     -732541.776883
116.0000     -733787.811812
120.0000     -732944.688159
124.0000     -733689.465214
128.0000     -733094.408860
132.0000     -732855.709166
136.0000     -733421.810441
140.0000     -731760.503488
144.0000     -733215.087926
148.0000     -732749.475018
152.0000     -733004.354312
156.0000     -733458.328314
160.0000     -733747.794941
164.0000     -733662.801271
168.0000     -732842.931579
172.0000     -733937.576639
176.0000     -733646.202673
180.0000     -733199.768611
184.0000     -733369.681385
188.0000     -732926.599757
192.0000     -733338.736784
196.0000     -733885.945860
200.0000     -733020.976696
204.0000     -733931.497285
208.0000     -733232.044509
212.0000     -734520.599457
216.0000     -734300.029014
220.0000     -734465.110108
224.0000     -734249.973484
228.0000     -733731.909842
232.0000     -733516.480122
236.0000     -733375.772168
240.0000     -732928.794262
244.0000     -733222.899569
248.0000     -734311.706417
252.0000     -733350.677554
256.0000     -734169.582354
260.0000     -733570.208399
264.0000     -733395.945699
268.0000     -733313.847237
272.0000     -733464.773631
276.0000     -732699.008139
280.0000     -733570.134867
284.0000     -733153.916796
288.0000     -733460.165358
292.0000     -733475.512397
296.0000     -733510.009240
300.0000     -733609.214300
304.0000     -733236.116628
308.0000     -733339.313385
312.0000     -733612.308823
316.0000     -733779.396569
320.0000     -733011.586548
324.0000     -732822.374505
328.0000     -733522.808515
332.0000     -733592.009861
336.0000     -733237.547771
340.0000     -733749.347075
344.0000     -734155.070413
348.0000     -733537.435270
352.0000     -733545.359694
356.0000     -733918.931838
360.0000     -732936.942096
364.0000     -732672.344572
368.0000     -734318.953449
372.0000     -733811.832606
376.0000     -733974.389341
380.0000     -734051.962155
384.0000     -733795.112097
388.0000     -733291.712249
392.0000     -733594.530956
396.0000     -733496.188805
400.0000     -733442.661638
404.0000     -733430.655077
408.0000     -734582.565963
412.0000     -734062.360884
416.0000     -733915.168644
420.0000     -733123.724550
424.0000     -733943.838045
428.0000     -733691.962507
432.0000     -733549.861241
436.0000     -733403.112370
440.0000     -733392.981730
444.0000     -733247.213784
448.0000     -733717.204822
452.0000     -733897.481234
456.0000     -733674.668765
460.0000     -733509.668895
464.0000     -734443.882803
468.0000     -733143.283276
472.0000     -733261.388846
476.0000     -733423.518930
480.0000     -733334.328684
484.0000     -733517.359043
488.0000     -733484.989240
492.0000     -733627.713217
496.0000     -733802.828860
500.0000     -733785.812119
504.0000     -733809.291015
508.0000     -733260.856938
512.0000     -734018.985294
516.0000     -733638.564444
520.0000     -734725.593816
524.0000     -734212.766342
528.0000     -733847.654833
532.0000     -733410.789264
536.0000     -733183.316336
540.0000     -733790.136888
544.0000     -734668.208016
548.0000     -733262.343926
552.0000     -733445.662642
556.0000     -733375.998511
560.0000     -733539.046795
564.0000     -734018.350471
568.0000     -733566.136875
572.0000     -735347.372821
576.0000     -733708.382700
580.0000     -734214.383565
584.0000     -733423.967179
588.0000     -733683.665695
592.0000     -733344.944776
596.0000     -733353.518453
600.0000     -733512.954367
604.0000     -733683.931961
608.0000     -732824.807456
612.0000     -733592.817838
616.0000     -733371.806303
620.0000     -734071.955226
624.0000     -733746.882923
628.0000     -734125.392591
632.0000     -734373.178163
636.0000     -733593.399968
640.0000     -734118.475366
644.0000     -734651.145705
648.0000     -733710.140078
652.0000     -734917.559636
656.0000     -734369.170071
660.0000     -735296.377442
664.0000     -734516.140437
668.0000     -733706.203583
672.0000     -733031.874772
676.0000     -734301.671619
680.0000     -733911.100712
684.0000     -733329.504208
688.0000     -733558.006040
692.0000     -733576.636014
696.0000     -732755.638513
700.0000     -732992.357089
704.0000     -733518.428568
708.0000     -733688.630395
712.0000     -733651.983998
716.0000     -733611.709525
720.0000     -733900.768434
724.0000     -733001.473498
728.0000     -734196.817137
732.0000     -733890.671396
736.0000     -733801.504959
740.0000     -733905.196919
744.0000     -733210.888387
748.0000     -733865.468112
752.0000     -734224.548244
756.0000     -734634.967560
760.0000     -732790.737703
764.0000     -733396.064558
768.0000     -733590.228536
772.0000     -733504.125468
776.0000     -733896.143747
780.0000     -733390.589772
784.0000     -733298.116247
788.0000     -734255.749792
792.0000     -733850.946495
796.0000     -734133.438656
800.0000     -734417.090037
804.0000     -733681.249116
808.0000     -733427.119006
812.0000     -733831.495880
816.0000     -733828.508789
820.0000     -734237.851655
824.0000     -734436.654117
828.0000     -733692.179527
832.0000     -734139.684386
836.0000     -733825.369146
840.0000     -734063.699234
844.0000     -732904.786135
848.0000     -733178.564611
852.0000     -733438.812727
856.0000     -733050.924576
860.0000     -733985.161822
864.0000     -733884.940713
868.0000     -733417.942917
872.0000     -733164.187230
876.0000     -733030.349735
880.0000     -732724.144117
884.0000     -732459.199274
888.0000     -733072.865970
892.0000     -733654.848052
896.0000     -733605.220955
900.0000     -734092.862297
904.0000     -733273.727049
908.0000     -734248.330945
912.0000     -733725.045380
916.0000     -733818.023733
920.0000     -733519.090488
924.0000     -733344.668042
928.0000     -733488.967609
932.0000     -733201.806274
936.0000     -733735.812485
940.0000     -734153.095566
944.0000     -733048.515064
948.0000     -732992.770996
952.0000     -735225.228072
956.0000     -733604.908837
960.0000     -733766.934412
964.0000     -732894.919090
968.0000     -734272.775162
972.0000     -734005.900150
976.0000     -733181.488192
980.0000     -733628.223040
984.0000     -733738.613893
988.0000     -733847.450191
992.0000     -733613.958795
996.0000     -733805.733279
1000.0000     -733599.977023
1004.0000     -733958.211714
1008.0000     -734009.656756
1012.0000     -734290.259423
1016.0000     -733443.181854
1020.0000     -733121.021030
1024.0000     -733547.405304
1028.0000     -734161.862041
1032.0000     -734000.047550
1036.0000     -733841.995327
1040.0000     -733428.501822
1044.0000     -733518.983254
1048.0000     -733757.756218
1052.0000     -733985.870108
1056.0000     -733270.801266
1060.0000     -733386.828164
1064.0000     -733413.377734
1068.0000     -733109.989485
1072.0000     -732957.522796
1076.0000     -732653.670086
1080.0000     -733268.298945
1084.0000     -732902.042351
1088.0000     -733838.256148
1092.0000     -733273.387256
1096.0000     -733083.025630
1100.0000     -733929.107646
1104.0000     -733383.530312
1108.0000     -733481.948290
1112.0000     -733270.798521
1116.0000     -733855.033608
1120.0000     -732966.198726
1124.0000     -733836.621885
1128.0000     -733880.288858
1132.0000     -733753.657523
1136.0000     -734537.063786
1140.0000     -733336.601630
1144.0000     -733694.912582
1148.0000     -733829.733475
1152.0000     -734186.417582
1156.0000     -733186.408475
1160.0000     -734238.369643
1164.0000     -734448.207763
1168.0000     -734290.523947
1172.0000     -733544.816107
1176.0000     -733642.964154
1180.0000     -733137.534357
1184.0000     -733596.163177
1188.0000     -733716.361446
1192.0000     -733950.740196
1196.0000     -733639.723117
1200.0000     -733000.537475
1204.0000     -733900.189268
1208.0000     -733913.355823
1212.0000     -734531.991761
1216.0000     -733084.294773
1220.0000     -733699.959684
1224.0000     -732576.360168
1228.0000     -733977.067675
1232.0000     -733591.413066
1236.0000     -734083.015327
1240.0000     -734065.511409
1244.0000     -733180.081307
1248.0000     -733347.135004
1252.0000     -733798.246382
1256.0000     -733421.577333
1260.0000     -733658.158671
1264.0000     -733639.169473
1268.0000     -733248.559137
1272.0000     -733527.565090
1276.0000     -734660.748230
1280.0000     -733264.079217
1284.0000     -733554.240707
1288.0000     -732985.860319
1292.0000     -734143.080297
1296.0000     -734044.822769
1300.0000     -734440.443503
1304.0000     -733890.602002
1308.0000     -733611.982444
1312.0000     -733388.580186
1316.0000     -733255.967294
1320.0000     -733573.707976
1324.0000     -733601.197932
1328.0000     -733610.749528
1332.0000     -733683.814781
1336.0000     -733297.637410
1340.0000     -733055.571440
1344.0000     -734045.282032
1348.0000     -732250.461328
1352.0000     -733746.479138
1356.0000     -733382.313846
1360.0000     -734376.602127
1364.0000     -733016.852867
1368.0000     -733136.894730
1372.0000     -734098.309107
1376.0000     -734482.137126
1380.0000     -734133.047999
1384.0000     -733616.324101
1388.0000     -733688.993810
1392.0000     -733803.507581
1396.0000     -733783.351951
1400.0000     -733107.417720
1404.0000     -733614.963421
1408.0000     -733842.691223
1412.0000     -733894.517320
1416.0000     -734461.398259
1420.0000     -734170.132099
1424.0000     -734012.980380
1428.0000     -733660.792061
1432.0000     -734012.679811
1436.0000     -733686.366606
1440.0000     -733808.162278
1444.0000     -733759.193046
1448.0000     -733443.819004
1452.0000     -733971.964946
1456.0000     -733749.274300
1460.0000     -733867.556339
1464.0000     -733397.070531
1468.0000     -734284.138105
1472.0000     -733753.608640
1476.0000     -733927.155204
1480.0000     -733028.217997
1484.0000     -733939.974605
1488.0000     -733680.101768
1492.0000     -733398.023463
1496.0000     -733021.925753
1500.0000     -733157.251816
1504.0000     -733568.747525
1508.0000     -733152.351888
1512.0000     -733157.745215
1516.0000     -734113.624459
1520.0000     -733194.210589
1524.0000     -732954.149753
1528.0000     -733967.522629
1532.0000     -733924.626104
1536.0000     -734101.272385
1540.0000     -733754.665786
1544.0000     -733717.406366
1548.0000     -734063.878004
1552.0000     -733723.813837
1556.0000     -732709.178407
1560.0000     -733937.181789
1564.0000     -733241.752382
1568.0000     -733786.968470
1572.0000     -733850.734861
1576.0000     -733860.236057
1580.0000     -734096.184176
1584.0000     -734626.151884
1588.0000     -733958.597139
1592.0000     -733743.286440
1596.0000     -733576.758530
1600.0000     -735003.437685
1604.0000     -734206.417981
1608.0000     -734215.717222
1612.0000     -734336.065067
1616.0000     -734445.765927
1620.0000     -733586.150919
1624.0000     -733802.710257
1628.0000     -733125.233351
1632.0000     -734581.574367
1636.0000     -733354.984674
1640.0000     -733635.415814
1644.0000     -733523.522546
1648.0000     -733205.029945
1652.0000     -733308.201181
1656.0000     -733778.567503
1660.0000     -734090.184613
1664.0000     -733618.897835
1668.0000     -733307.770117
1672.0000     -733516.141237
1676.0000     -733780.609512
1680.0000     -733779.176536
1684.0000     -734020.102317
1688.0000     -733678.912178
1692.0000     -732617.690436
1696.0000     -733857.611501
1700.0000     -733920.628330
1704.0000     -733359.519141
1708.0000     -733778.640043
1712.0000     -733819.364535
1716.0000     -733719.343771
1720.0000     -733365.041909
1724.0000     -733249.349944
1728.0000     -733599.998568
1732.0000     -733461.168525
1736.0000     -733828.285730
1740.0000     -733795.975121
1744.0000     -733700.891303
1748.0000     -733118.663190
1752.0000     -732615.363942
1756.0000     -733226.362893
1760.0000     -733760.295438
1764.0000     -733290.174149
1768.0000     -733482.758925
1772.0000     -734076.272687
1776.0000     -733557.760343
1780.0000     -733817.934661
1784.0000     -734600.579578
1788.0000     -733900.308545
1792.0000     -733253.539804
1796.0000     -733398.877993
1800.0000     -733497.383814
1804.0000     -732450.567949
1808.0000     -732635.896360
1812.0000     -733256.115778
1816.0000     -733221.890249
1820.0000     -733876.857524
1824.0000     -733963.003643
1828.0000     -733849.426785
1832.0000     -733584.563289
1836.0000     -733816.194591
1840.0000     -733657.873412
1844.0000     -733696.103257
1848.0000     -734317.762123
1852.0000     -733905.372197
1856.0000     -734067.937113
1860.0000     -734261.427321
1864.0000     -733617.530238
1868.0000     -733421.470515
1872.0000     -733512.962482
1876.0000     -733492.466610
1880.0000     -734295.926773
1884.0000     -733462.724559
1888.0000     -733529.085539
1892.0000     -734243.096135
1896.0000     -733702.886287
1900.0000     -733490.370117
1904.0000     -733910.725055
1908.0000     -733059.804599
1912.0000     -733354.382659
1916.0000     -733282.767735
1920.0000     -733525.692856
1924.0000     -733658.006854
1928.0000     -733123.431588
1932.0000     -733672.405090
1936.0000     -734268.718352
1940.0000     -734217.915829
1944.0000     -733415.668591
1948.0000     -733591.002818
1952.0000     -733134.316459
1956.0000     -733501.909601
1960.0000     -733482.747084
1964.0000     -733441.945485
1968.0000     -734167.071346
1972.0000     -733084.324603
1976.0000     -734335.829668
1980.0000     -733614.687938
1984.0000     -733160.919807
1988.0000     -733524.467880
1992.0000     -733099.938988
1996.0000     -734346.918076
2000.0000     -733184.198440
2004.0000     -733836.952919
2008.0000     -733908.158895
2012.0000     -733041.476178
2016.0000     -733471.107785
2020.0000     -733606.920853
2024.0000     -733897.198240
2028.0000     -733815.201783
2032.0000     -733023.666124
2036.0000     -732631.453703
2040.0000     -733813.800609
2044.0000     -733417.356515
2048.0000     -733418.444613
2052.0000     -733843.246217
2056.0000     -733683.963048
2060.0000     -732261.085751
2064.0000     -733682.969180
2068.0000     -732848.137753
2072.0000     -733613.414410
2076.0000     -734144.319775
2080.0000     -733223.432282
2084.0000     -733869.872451
2088.0000     -732800.137554
2092.0000     -732956.791723
2096.0000     -733695.068037
2100.0000     -733915.953260
2104.0000     -733787.628805
2108.0000     -733510.631517
2112.0000     -733038.001732
2116.0000     -733297.128291
2120.0000     -733572.071326
2124.0000     -733821.555622
2128.0000     -733195.848512
2132.0000     -734401.343565
2136.0000     -733368.825662
2140.0000     -732738.674636
2144.0000     -734058.551526
2148.0000     -734332.291081
2152.0000     -733613.351749
2156.0000     -733578.477720
2160.0000     -733457.099583
2164.0000     -733829.594726
2168.0000     -733101.862422
2172.0000     -733214.533114
2176.0000     -733324.695013
2180.0000     -733994.529689
2184.0000     -734486.068837
2188.0000     -733961.696676
2192.0000     -734218.990490
2196.0000     -734323.418925
2200.0000     -733839.844007
2204.0000     -733652.957403
2208.0000     -733538.900605
2212.0000     -733849.232182
2216.0000     -733354.516227
2220.0000     -733120.991380
2224.0000     -733861.154921
2228.0000     -733651.565295
2232.0000     -734216.994835
2236.0000     -733816.753385
2240.0000     -733908.801994
2244.0000     -733434.732489
2248.0000     -732814.015265
2252.0000     -733686.542640
2256.0000     -733826.490146
2260.0000     -734024.731770
2264.0000     -733776.019067
2268.0000     -734295.147996
2272.0000     -733284.506961
2276.0000     -733496.194519
2280.0000     -733484.084583
2284.0000     -734312.258870
2288.0000     -733975.876420
2292.0000     -733453.522822
2296.0000     -733680.846708
2300.0000     -734070.117026
2304.0000     -734741.494017
2308.0000     -734399.424077
2312.0000     -733364.261460
2316.0000     -733835.595474
2320.0000     -733632.749320
2324.0000     -733792.374990
2328.0000     -733516.554335
2332.0000     -733274.076657
2336.0000     -733364.916086
2340.0000     -733340.612532
2344.0000     -733389.240496
2348.0000     -734068.273728
2352.0000     -733618.577242
2356.0000     -734187.741838
2360.0000     -733656.673368
2364.0000     -734294.761921
2368.0000     -733674.501412
2372.0000     -733322.084781
2376.0000     -734133.746945
2380.0000     -734409.721558
2384.0000     -733837.154124
2388.0000     -733841.608686
2392.0000     -733156.667003
2396.0000     -733860.776997
2400.0000     -734894.942900
2404.0000     -733739.720992
2408.0000     -733991.683582
2412.0000     -733616.679424
2416.0000     -734170.027854
2420.0000     -734592.881849
2424.0000     -733942.560412
2428.0000     -734625.707343
2432.0000     -734178.249415
2436.0000     -733358.733415
2440.0000     -734251.680857
2444.0000     -734289.994432
2448.0000     -733368.431058
2452.0000     -733867.072275
2456.0000     -733734.702075
2460.0000     -733861.095122
2464.0000     -734544.524895
2468.0000     -734530.038488
2472.0000     -734344.987969
2476.0000     -734736.034307
2480.0000     -732652.015626
2484.0000     -734148.588206
2488.0000     -733843.379274
2492.0000     -734654.483214
2496.0000     -734735.372360
2500.0000     -733930.111235
2504.0000     -733717.257725
2508.0000     -733159.375214
2512.0000     -733549.166180
2516.0000     -733251.758816
2520.0000     -732473.788951
2524.0000     -734117.747672
2528.0000     -733648.168641
2532.0000     -734153.545655
2536.0000     -733842.797140
2540.0000     -733777.094264
2544.0000     -732994.630846
2548.0000     -733211.288512
2552.0000     -733617.277884
2556.0000     -733780.615308
2560.0000     -733675.310140
2564.0000     -734132.702787
2568.0000     -734234.451188
2572.0000     -733841.787319
2576.0000     -734591.367987
2580.0000     -733188.291198
2584.0000     -733674.927325
2588.0000     -734220.868832
2592.0000     -733916.366289
2596.0000     -734021.508185
2600.0000     -734542.403431
2604.0000     -733323.726095
2608.0000     -733862.302137
2612.0000     -734673.651606
2616.0000     -733150.526479
2620.0000     -733634.426787
2624.0000     -733040.966079
2628.0000     -734420.493635
2632.0000     -733575.766090
2636.0000     -733447.196922
2640.0000     -733742.925688
2644.0000     -733799.615944
2648.0000     -734262.730499
2652.0000     -733506.590316
2656.0000     -733761.012375
2660.0000     -734693.020625
2664.0000     -733821.262923
2668.0000     -734290.657387
2672.0000     -733393.326628
2676.0000     -733181.348071
2680.0000     -733092.255616
2684.0000     -733832.238049
2688.0000     -733046.838494
2692.0000     -733231.060672
2696.0000     -733478.145088
2700.0000     -733692.138946
2704.0000     -733909.543485
2708.0000     -733037.663022
2712.0000     -733180.877955
2716.0000     -733424.691182
2720.0000     -733667.391762
2724.0000     -734345.314948
2728.0000     -733234.355148
2732.0000     -733320.819573
2736.0000     -733581.707963
2740.0000     -734268.722002
2744.0000     -733343.334346
2748.0000     -734274.742771
2752.0000     -734483.286286
2756.0000     -734313.575837
2760.0000     -734267.153485
2764.0000     -733811.858999
2768.0000     -733904.140748
2772.0000     -733620.712543
2776.0000     -733317.910948
2780.0000     -733182.136038
2784.0000     -734241.086274
2788.0000     -733332.986292
2792.0000     -733982.770452
2796.0000     -734140.238011
2800.0000     -732787.491898
2804.0000     -733185.094375
2808.0000     -733862.694178
2812.0000     -733907.738181
2816.0000     -733549.066646
2820.0000     -733850.268058
2824.0000     -733827.768687
2828.0000     -733507.434421
2832.0000     -733604.967102
2836.0000     -733148.159704
2840.0000     -734150.694017
2844.0000     -732912.099003
2848.0000     -733350.463033
2852.0000     -732864.488211
2856.0000     -733714.538069
2860.0000     -733362.686745
2864.0000     -733480.555014
2868.0000     -733336.350766
2872.0000     -733121.230935
2876.0000     -734899.090789
2880.0000     -733280.122391
2884.0000     -733934.637632
2888.0000     -732940.600846
2892.0000     -733599.876454
2896.0000     -734402.529250
2900.0000     -734114.063222
2904.0000     -732905.612134
2908.0000     -733212.389438
2912.0000     -733570.927697
2916.0000     -733110.254174
2920.0000     -733154.579575
2924.0000     -733188.807589
2928.0000     -733808.507957
2932.0000     -733600.335215
2936.0000     -733958.596855
2940.0000     -734285.437077
2944.0000     -734312.580055
2948.0000     -733796.487279
2952.0000     -733817.080856
2956.0000     -733781.078712
2960.0000     -734282.466576
2964.0000     -733697.286517
2968.0000     -734326.128375
2972.0000     -733188.626242
2976.0000     -733940.286870
2980.0000     -733907.417393
2984.0000     -734089.771484
2988.0000     -733239.961484
2992.0000     -734158.315565
2996.0000     -733118.059659
3000.0000     -733979.216435
3004.0000     -734085.829713
3008.0000     -733741.526110
3012.0000     -734234.631020
3016.0000     -733985.819338
3020.0000     -734113.109166
3024.0000     -733922.681877
3028.0000     -733855.758353
3032.0000     -733124.435058
3036.0000     -734690.374121
3040.0000     -733930.072357
3044.0000     -733500.976669
3048.0000     -735440.945840
3052.0000     -734142.006178
3056.0000     -733929.858029
3060.0000     -734074.578990
3064.0000     -733552.338146
3068.0000     -734584.833009
3072.0000     -734657.702913
3076.0000     -734098.035732
3080.0000     -733910.247752
3084.0000     -733255.292030
3088.0000     -734423.246561
3092.0000     -734926.282884
3096.0000     -734500.757145
3100.0000     -733931.694218
3104.0000     -734041.456356
3108.0000     -733870.788558
3112.0000     -733216.676931
3116.0000     -733914.840896
3120.0000     -733184.925677
3124.0000     -733373.789448
3128.0000     -732855.576783
3132.0000     -734362.308757
3136.0000     -733866.810870
3140.0000     -733381.423619
3144.0000     -734189.971046
3148.0000     -733621.744400
3152.0000     -733822.298479
3156.0000     -733971.830179
3160.0000     -734447.221862
3164.0000     -734266.206275
3168.0000     -734351.982253
3172.0000     -734205.964249
3176.0000     -733754.955921
3180.0000     -733001.191938
3184.0000     -733416.470483
3188.0000     -733759.895067
3192.0000     -733881.548912
3196.0000     -733248.496253
3200.0000     -734179.416853
3204.0000     -733108.592786
3208.0000     -733774.233250
3212.0000     -733866.694383
3216.0000     -733573.360943
3220.0000     -733849.228216
3224.0000     -733898.768849
3228.0000     -734489.267694
3232.0000     -734189.063744
3236.0000     -733905.854512
3240.0000     -733955.854326
3244.0000     -733960.484657
3248.0000     -734691.221301
3252.0000     -734105.176744
3256.0000     -733632.718281
3260.0000     -733776.154878
3264.0000     -734549.986807
3268.0000     -733860.632929
3272.0000     -734269.498660
3276.0000     -732942.101252
3280.0000     -734271.869618
3284.0000     -733448.099536
3288.0000     -734256.435211
3292.0000     -733226.387175
3296.0000     -733744.480648
3300.0000     -733359.192526
3304.0000     -734510.117801
3308.0000     -733627.566773
3312.0000     -733468.154021
3316.0000     -733778.151026
3320.0000     -733900.835178
3324.0000     -734018.972083
3328.0000     -734095.524046
3332.0000     -734321.000524
3336.0000     -733621.382277
3340.0000     -734289.430621
3344.0000     -734140.668254
3348.0000     -734439.134361
3352.0000     -734434.539030
3356.0000     -734279.723648
3360.0000     -733750.774516
3364.0000     -733938.136520
3368.0000     -734184.712964
3372.0000     -733268.023697
3376.0000     -733833.818384
3380.0000     -734640.294879
3384.0000     -733650.979689
3388.0000     -733654.253142
3392.0000     -733665.645880
3396.0000     -734652.205461
3400.0000     -733724.465573
3404.0000     -733541.685190
3408.0000     -733540.112476
3412.0000     -733292.509601
3416.0000     -733598.552823
3420.0000     -734125.554137
3424.0000     -732677.875057
3428.0000     -734125.955943
3432.0000     -734020.644910
3436.0000     -732992.807646
3440.0000     -733722.861623
3444.0000     -733124.918752
3448.0000     -734176.218411
3452.0000     -733863.211722
3456.0000     -734655.663822
3460.0000     -733445.629189
3464.0000     -733412.919300
3468.0000     -733635.520859
3472.0000     -733841.990244
3476.0000     -733656.644164
3480.0000     -733538.055442
3484.0000     -734279.746935
3488.0000     -733288.440876
3492.0000     -732792.820881
3496.0000     -733425.394119
3500.0000     -733684.926958
3504.0000     -733762.604109
3508.0000     -734271.833874
3512.0000     -734670.703610
3516.0000     -733682.699407
3520.0000     -734267.322922
3524.0000     -733652.790392
3528.0000     -732723.940199
3532.0000     -733681.546876
3536.0000     -734134.058993
3540.0000     -733436.018562
3544.0000     -733374.030148
3548.0000     -734025.874438
3552.0000     -734103.459160
3556.0000     -734599.820868
3560.0000     -734659.028761
3564.0000     -734112.885867
3568.0000     -734398.074595
3572.0000     -734287.553760
3576.0000     -734152.307249
3580.0000     -734214.618443
3584.0000     -734024.180664
3588.0000     -733846.041224
3592.0000     -733718.665410
3596.0000     -734077.209374
3600.0000     -733830.718781
3604.0000     -734219.173329
3608.0000     -734245.164912
3612.0000     -734001.000977
3616.0000     -734972.022252
3620.0000     -733876.982382
3624.0000     -734151.966933
3628.0000     -734527.280381
3632.0000     -734308.164878
3636.0000     -734077.625392
3640.0000     -732981.675929
3644.0000     -733422.341741
3648.0000     -733571.464109
3652.0000     -734119.915528
3656.0000     -733953.728674
3660.0000     -734193.604563
3664.0000     -733695.717259
3668.0000     -733746.313884
3672.0000     -733759.666798
3676.0000     -733730.270861
3680.0000     -733864.194633
3684.0000     -733132.974327
3688.0000     -733022.637179
3692.0000     -733754.996076
3696.0000     -733642.831118
3700.0000     -733567.113127
3704.0000     -734218.649464
3708.0000     -734003.849687
3712.0000     -733720.243146
3716.0000     -734429.953726
3720.0000     -733797.711656
3724.0000     -734275.369984
3728.0000     -734240.769656
3732.0000     -733560.248622
3736.0000     -733573.825230
3740.0000     -734464.156001
3744.0000     -733544.261050
3748.0000     -733367.087292
3752.0000     -733715.301171
3756.0000     -732911.042165
3760.0000     -734776.552177
3764.0000     -734091.834298
3768.0000     -733894.215535
3772.0000     -734132.495368
3776.0000     -734160.638633
3780.0000     -734194.134932
3784.0000     -734137.243455
3788.0000     -733990.455264
3792.0000     -733550.513430
3796.0000     -734399.423185
3800.0000     -734200.710679
3804.0000     -733890.285764
3808.0000     -735114.693325
3812.0000     -734633.045548
3816.0000     -734159.509371
3820.0000     -734351.578292
3824.0000     -733503.715890
3828.0000     -734487.143004
3832.0000     -733884.784761
3836.0000     -733859.050603
3840.0000     -734032.406695
3844.0000     -734428.542353
3848.0000     -734497.185920
3852.0000     -733801.300896
3856.0000     -734436.208587
3860.0000     -734014.074400
3864.0000     -734077.231097
3868.0000     -733979.240668
3872.0000     -734722.933248
3876.0000     -733839.811992
3880.0000     -733947.915654
3884.0000     -734623.347653
3888.0000     -734111.818818
3892.0000     -734555.518387
3896.0000     -733833.151877
3900.0000     -734066.260045
3904.0000     -734619.709754
3908.0000     -734058.463551
3912.0000     -734339.715014
3916.0000     -735502.717331
3920.0000     -734401.016287
3924.0000     -733819.917165
3928.0000     -734031.104613
3932.0000     -733770.103704
3936.0000     -734211.804666
3940.0000     -734258.361518
3944.0000     -733894.909270
3948.0000     -734092.034071
3952.0000     -733307.200672
3956.0000     -733906.097668
3960.0000     -734092.988145
3964.0000     -734515.723991
3968.0000     -734451.179418
3972.0000     -734572.617065
3976.0000     -733410.380455
3980.0000     -734683.870587
3984.0000     -735148.153038
3988.0000     -733922.453388
3992.0000     -734321.794023
3996.0000     -734539.388991
4000.0000     -734076.231187
4004.0000     -734076.231187
