4.0000           0.000000
8.0000         -55.092300
12.0000         -62.507800
16.0000         -63.650000
20.0000         -62.786100
24.0000         -69.369200
28.0000         -61.845400
32.0000         -57.035200
36.0000         -62.895800
40.0000         -63.808000
44.0000         -63.189100
48.0000         -68.732000
52.0000         -64.991800
56.0000         -62.723300
60.0000         -67.036200
64.0000         -54.951300
68.0000         -60.843900
72.0000         -63.258700
76.0000         -65.390500
80.0000         -58.798900
84.0000         -64.214300
88.0000         -59.407500
92.0000         -57.388300
96.0000         -60.023600
100.0000         -63.738500
104.0000         -63.451100
108.0000         -60.273900
112.0000         -72.471700
116.0000         -59.439400
120.0000         -64.474100
124.0000         -44.301500
128.0000         -58.344500
132.0000         -63.335400
136.0000         -60.490400
140.0000         -67.897800
144.0000         -53.633200
148.0000         -56.294100
152.0000         -64.832100
156.0000         -55.594400
160.0000         -56.131400
164.0000         -55.332600
168.0000         -69.519500
172.0000         -64.041400
176.0000         -61.972200
180.0000         -60.640500
184.0000         -60.228700
188.0000         -60.641800
192.0000         -61.833600
196.0000         -49.014100
200.0000         -55.403400
204.0000         -58.575100
208.0000         -64.045100
212.0000         -73.783900
216.0000         -57.398600
220.0000         -63.839100
224.0000         -53.295400
228.0000         -67.205600
232.0000         -53.265400
236.0000         -57.435600
240.0000         -62.778900
244.0000         -55.717500
248.0000         -56.874400
252.0000         -65.061600
256.0000         -56.298600
260.0000         -64.129700
264.0000         -58.979800
268.0000         -56.404200
272.0000         -55.699000
276.0000         -61.395300
280.0000         -52.163000
284.0000         -62.553100
288.0000         -60.656700
292.0000         -62.601400
296.0000         -59.209900
300.0000         -66.741300
304.0000         -63.534900
308.0000         -62.811900
312.0000         -61.310800
316.0000         -59.720500
320.0000         -56.243400
324.0000         -58.490300
328.0000         -55.360100
332.0000         -62.336600
336.0000         -58.409900
340.0000         -54.103500
344.0000         -60.228700
348.0000         -53.160500
352.0000         -63.065800
356.0000         -58.753900
360.0000         -58.962800
364.0000         -66.035400
368.0000         -65.457200
372.0000         -67.340900
376.0000         -60.625000
380.0000         -58.199700
384.0000         -69.744900
388.0000         -67.477700
392.0000         -59.287800
396.0000         -56.795200
400.0000         -70.205100
404.0000         -58.815000
408.0000         -64.662000
412.0000         -63.265700
416.0000         -68.624000
420.0000         -62.855400
424.0000         -62.417900
428.0000         -66.354000
432.0000         -68.034400
436.0000         -58.909600
440.0000         -64.637100
444.0000         -55.204900
448.0000         -54.270600
452.0000         -57.643300
456.0000         -64.616400
460.0000         -67.120800
464.0000         -64.969300
468.0000         -59.393300
472.0000         -58.228000
476.0000         -63.926100
480.0000         -58.224200
484.0000         -65.485900
488.0000         -63.500000
492.0000         -65.168000
496.0000         -65.629000
500.0000         -62.020900
504.0000         -67.305800
508.0000         -79.947800
512.0000         -65.264000
516.0000         -65.114100
520.0000         -57.374600
524.0000         -53.809800
528.0000         -63.689600
532.0000         -60.779600
536.0000         -66.568600
540.0000         -66.814300
544.0000         -57.202100
548.0000         -63.231100
552.0000         -57.416100
556.0000         -65.294600
560.0000         -57.379900
564.0000         -62.423500
568.0000         -52.204000
572.0000         -66.923100
576.0000         -63.285800
580.0000         -63.435500
584.0000         -63.101600
588.0000         -67.670100
592.0000         -61.579500
596.0000         -61.910700
600.0000         -56.708300
604.0000         -58.366200
608.0000         -61.462600
612.0000         -64.929800
616.0000         -55.158900
620.0000         -62.087700
624.0000         -71.122800
628.0000         -64.432800
632.0000         -58.661600
636.0000         -65.487100
640.0000         -57.584200
644.0000         -64.701100
648.0000         -68.231300
652.0000         -63.658800
656.0000         -63.019300
660.0000         -62.668700
664.0000         -48.513200
668.0000         -61.219300
672.0000         -62.611200
676.0000         -58.626800
680.0000         -69.691100
684.0000         -56.918700
688.0000         -58.172300
692.0000         -61.559800
696.0000         -55.793600
700.0000         -58.191900
704.0000         -75.675000
708.0000         -62.406900
712.0000         -57.802600
716.0000         -50.136200
720.0000         -66.203600
724.0000         -62.589400
728.0000         -58.260400
732.0000         -60.691800
736.0000         -65.137300
740.0000         -61.232700
744.0000         -61.183400
748.0000         -61.354900
752.0000         -64.314000
756.0000         -65.574100
760.0000         -57.780100
764.0000         -59.365200
768.0000         -56.675200
772.0000         -56.944500
776.0000         -60.651100
780.0000         -63.769800
784.0000         -52.315900
788.0000         -52.075600
792.0000         -55.325400
796.0000         -65.220500
800.0000         -62.304900
804.0000         -76.196300
808.0000         -58.266600
812.0000         -64.395800
816.0000         -65.326100
820.0000         -55.807000
824.0000         -61.904000
828.0000         -60.925300
832.0000         -63.862500
836.0000         -57.872700
840.0000         -57.160700
844.0000         -59.541300
848.0000         -56.705300
852.0000         -58.588200
856.0000         -62.329000
860.0000         -60.932800
864.0000         -60.340200
868.0000         -58.579200
872.0000         -63.927600
876.0000         -66.190700
880.0000         -66.208000
884.0000         -59.071000
888.0000         -67.186600
892.0000         -60.861600
896.0000         -54.657400
900.0000         -64.462300
904.0000         -57.120700
908.0000         -63.323900
912.0000         -53.052100
916.0000         -57.582200
920.0000         -63.008800
924.0000         -67.375300
928.0000         -65.180600
932.0000         -54.578700
936.0000         -68.490100
940.0000         -61.335400
944.0000         -59.195100
948.0000         -63.366600
952.0000         -66.692200
956.0000         -66.544200
960.0000         -61.754800
964.0000         -61.709500
968.0000         -48.554500
972.0000         -63.803000
976.0000         -60.896900
980.0000         -57.349000
984.0000         -62.137300
988.0000         -67.335100
992.0000         -56.801100
996.0000         -74.786800
1000.0000         -60.434000
1004.0000         -69.436700
1008.0000         -53.946200
1012.0000         -65.698000
1016.0000         -65.966300
1020.0000         -74.541400
1024.0000         -58.152900
1028.0000         -69.151500
1032.0000         -65.862600
1036.0000         -65.950700
1040.0000         -54.898400
1044.0000         -59.855600
1048.0000         -61.629300
1052.0000         -58.740100
1056.0000         -63.563500
1060.0000         -60.555400
1064.0000         -63.957600
1068.0000         -57.244400
1072.0000         -71.510100
1076.0000         -51.613800
1080.0000         -59.004100
1084.0000         -47.159800
1088.0000         -55.525100
1092.0000         -54.594000
1096.0000         -55.888800
1100.0000         -66.652100
1104.0000         -51.990800
1108.0000         -63.282800
1112.0000         -61.760400
1116.0000         -59.012900
1120.0000         -67.112300
1124.0000         -64.852500
1128.0000         -63.748500
1132.0000         -61.150200
1136.0000         -52.682200
1140.0000         -58.163400
1144.0000         -57.692700
1148.0000         -53.815800
1152.0000         -51.549100
1156.0000         -51.216900
1160.0000         -60.530500
1164.0000         -59.618800
1168.0000         -63.114400
1172.0000         -65.294600
1176.0000         -59.103700
1180.0000         -50.623800
1184.0000         -56.769000
1188.0000         -66.273800
1192.0000         -61.954800
1196.0000         -53.845300
1200.0000         -62.288200
1204.0000         -61.072300
1208.0000         -61.699500
1212.0000         -51.542400
1216.0000         -62.268000
1220.0000         -55.167600
1224.0000         -69.094700
1228.0000         -63.368800
1232.0000         -60.612300
1236.0000         -56.211000
1240.0000         -60.190600
1244.0000         -55.980600
1248.0000         -54.209100
1252.0000         -55.204400
1256.0000         -72.789500
1260.0000         -58.955400
1264.0000         -52.367900
1268.0000         -68.553400
1272.0000         -58.986800
1276.0000         -61.000300
1280.0000         -49.330600
1284.0000         -58.891500
1288.0000         -59.931300
1292.0000         -62.528100
1296.0000         -60.697800
1300.0000         -60.557600
1304.0000         -58.516900
1308.0000         -55.598700
1312.0000         -68.641100
1316.0000         -63.220900
1320.0000         -58.126700
1324.0000         -60.016000
1328.0000         -63.792100
1332.0000         -63.646200
1336.0000         -57.196300
1340.0000         -66.261000
1344.0000         -58.190800
1348.0000         -65.822900
1352.0000         -61.467700
1356.0000         -71.277300
1360.0000         -59.390500
1364.0000         -74.938700
1368.0000         -63.695000
1372.0000         -65.296800
1376.0000         -56.850600
1380.0000         -63.927800
1384.0000         -47.807900
1388.0000         -60.705100
1392.0000         -51.113000
1396.0000         -58.482600
1400.0000         -64.559600
1404.0000         -58.681100
1408.0000         -63.856700
1412.0000         -65.975200
1416.0000         -62.289400
1420.0000         -61.276300
1424.0000         -65.412100
1428.0000         -59.763400
1432.0000         -58.807400
1436.0000         -57.869500
1440.0000         -46.650200
1444.0000         -59.804300
1448.0000         -66.024100
1452.0000         -58.047000
1456.0000         -51.459200
1460.0000         -63.398400
1464.0000         -64.596400
1468.0000         -65.360000
1472.0000         -63.369900
1476.0000         -61.214800
1480.0000         -63.592800
1484.0000         -59.731800
1488.0000         -53.835700
1492.0000         -66.921100
1496.0000         -62.604300
1500.0000         -69.326600
1504.0000         -62.108300
1508.0000         -61.683300
1512.0000         -60.158700
1516.0000         -66.767400
1520.0000         -63.829000
1524.0000         -55.210000
1528.0000         -63.893100
1532.0000         -63.142800
1536.0000         -63.241000
1540.0000         -62.481500
1544.0000         -63.016200
1548.0000         -60.547500
1552.0000         -57.986800
1556.0000         -65.248800
1560.0000         -63.297200
1564.0000         -61.621700
1568.0000         -57.915300
1572.0000         -65.729000
1576.0000         -56.742900
1580.0000         -60.647600
1584.0000         -61.523100
1588.0000         -61.592000
1592.0000         -70.153600
1596.0000         -62.319300
1600.0000         -63.334900
1604.0000         -68.658400
1608.0000         -64.969700
1612.0000         -51.009400
1616.0000         -60.273500
1620.0000         -63.423500
1624.0000         -58.917200
1628.0000         -64.657000
1632.0000         -62.779200
1636.0000         -66.980000
1640.0000         -48.482800
1644.0000         -59.966400
1648.0000         -54.621700
1652.0000         -61.036600
1656.0000         -59.328200
1660.0000         -56.723400
1664.0000         -72.819400
1668.0000         -57.114900
1672.0000         -58.703700
1676.0000         -61.821300
1680.0000         -63.219800
1684.0000         -62.520000
1688.0000         -63.524000
1692.0000         -60.753800
1696.0000         -64.564400
1700.0000         -65.374200
1704.0000         -65.381300
1708.0000         -58.861800
1712.0000         -59.468900
1716.0000         -59.882400
1720.0000         -56.905200
1724.0000         -60.875700
1728.0000         -59.594600
1732.0000         -58.210400
1736.0000         -69.365400
1740.0000         -63.803700
1744.0000         -67.553700
1748.0000         -59.784900
1752.0000         -64.491800
1756.0000         -46.770500
1760.0000         -65.264500
1764.0000         -62.779800
1768.0000         -65.355900
1772.0000         -67.967000
1776.0000         -64.621000
1780.0000         -68.164800
1784.0000         -63.737600
1788.0000         -47.690800
1792.0000         -64.896200
1796.0000         -51.896200
1800.0000         -63.393900
1804.0000         -65.995400
1808.0000         -77.667000
1812.0000         -53.753500
1816.0000         -65.501200
1820.0000         -65.049100
1824.0000         -67.415200
1828.0000         -67.495600
1832.0000         -71.861400
1836.0000         -67.401600
1840.0000         -60.435300
1844.0000         -67.223800
1848.0000         -59.638200
1852.0000         -59.383000
1856.0000         -64.813000
1860.0000         -55.710800
1864.0000         -59.454700
1868.0000         -59.569700
1872.0000         -60.569800
1876.0000         -54.833100
1880.0000         -59.835700
1884.0000         -60.206800
1888.0000         -68.976600
1892.0000         -60.841200
1896.0000         -48.932100
1900.0000         -56.494200
1904.0000         -65.650500
1908.0000         -59.077200
1912.0000         -58.114200
1916.0000         -53.929100
1920.0000         -58.388700
1924.0000         -62.604200
1928.0000         -57.270600
1932.0000         -56.889400
1936.0000         -62.599400
1940.0000         -67.023800
1944.0000         -54.963300
1948.0000         -62.835500
1952.0000         -63.505800
1956.0000         -63.032900
1960.0000         -55.200300
1964.0000         -59.570100
1968.0000         -61.347800
1972.0000         -65.196500
1976.0000         -65.042800
1980.0000         -66.398400
1984.0000         -61.096700
1988.0000         -60.467300
1992.0000         -55.157100
1996.0000         -53.330300
2000.0000         -60.179700
2004.0000         -68.122300
2008.0000         -51.318700
2012.0000         -58.804900
2016.0000         -67.072500
2020.0000         -54.730800
2024.0000         -60.812700
2028.0000         -66.830000
2032.0000         -64.856900
2036.0000         -60.465400
2040.0000         -71.261600
2044.0000         -71.773200
2048.0000         -65.960700
2052.0000         -64.437700
2056.0000         -66.921700
2060.0000         -57.836600
2064.0000         -53.057200
2068.0000         -64.929400
2072.0000         -63.647900
2076.0000         -66.953100
2080.0000         -58.683400
2084.0000         -60.617600
2088.0000         -55.336800
2092.0000         -66.065100
2096.0000         -65.141700
2100.0000         -71.567900
2104.0000         -64.739300
2108.0000         -60.116900
2112.0000         -57.025000
2116.0000         -69.676300
2120.0000         -58.209600
2124.0000         -60.552300
2128.0000         -71.095700
2132.0000         -56.908500
2136.0000         -62.267200
2140.0000         -60.317100
2144.0000         -63.887200
2148.0000         -61.774200
2152.0000         -59.438200
2156.0000         -60.175000
2160.0000         -63.777100
2164.0000         -56.667300
2168.0000         -44.367200
2172.0000         -60.945500
2176.0000         -55.761100
2180.0000         -58.937400
2184.0000         -58.216700
2188.0000         -63.321800
2192.0000         -48.751500
2196.0000         -71.702400
2200.0000         -64.678200
2204.0000         -63.423700
2208.0000         -62.465700
2212.0000         -68.044300
2216.0000         -58.204300
2220.0000         -72.785300
2224.0000         -60.835000
2228.0000         -69.641400
2232.0000         -52.765300
2236.0000         -63.118900
2240.0000         -60.246400
2244.0000         -61.695700
2248.0000         -60.009200
2252.0000         -60.051500
2256.0000         -68.168100
2260.0000         -63.836100
2264.0000         -63.230500
2268.0000         -56.118400
2272.0000         -63.562000
2276.0000         -68.826100
2280.0000         -61.169900
2284.0000         -59.579200
2288.0000         -63.778700
2292.0000         -52.174900
2296.0000         -62.898800
2300.0000         -65.974700
2304.0000         -61.585800
2308.0000         -61.356600
2312.0000         -55.466700
2316.0000         -58.220100
2320.0000         -66.132200
2324.0000         -61.134500
2328.0000         -60.634000
2332.0000         -62.693900
2336.0000         -67.700300
2340.0000         -52.303500
2344.0000         -57.510100
2348.0000         -57.735100
2352.0000         -58.811900
2356.0000         -61.135500
2360.0000         -54.409700
2364.0000         -55.901500
2368.0000         -64.729700
2372.0000         -67.264900
2376.0000         -44.182400
2380.0000         -66.188300
2384.0000         -63.788400
2388.0000         -68.459200
2392.0000         -64.317600
2396.0000         -63.432500
2400.0000         -64.612900
2404.0000         -68.045100
2408.0000         -59.794000
2412.0000         -64.818300
2416.0000         -58.250500
2420.0000         -64.272400
2424.0000         -79.967200
2428.0000         -58.723100
2432.0000         -62.324600
2436.0000         -66.240300
2440.0000         -64.610900
2444.0000         -60.954200
2448.0000         -62.168300
2452.0000         -66.242700
2456.0000         -65.448600
2460.0000         -75.794100
2464.0000         -68.482800
2468.0000         -60.106600
2472.0000         -69.429000
2476.0000         -66.112000
2480.0000         -73.523100
2484.0000         -68.393900
2488.0000         -66.628500
2492.0000         -59.407800
2496.0000         -68.229200
2500.0000         -67.872000
2504.0000         -61.017100
2508.0000         -66.292500
2512.0000         -66.114700
2516.0000         -62.139400
2520.0000         -59.628600
2524.0000         -65.585500
2528.0000         -53.870600
2532.0000         -61.393200
2536.0000         -57.777800
2540.0000         -56.811700
2544.0000         -70.095400
2548.0000         -65.620500
2552.0000         -59.906800
2556.0000         -46.469900
2560.0000         -70.483100
2564.0000         -64.498600
2568.0000         -71.625000
2572.0000         -59.327200
2576.0000         -67.485700
2580.0000         -58.021300
2584.0000         -60.783000
2588.0000         -65.435000
2592.0000         -63.216200
2596.0000         -66.926800
2600.0000         -73.699300
2604.0000         -63.948600
2608.0000         -63.528400
2612.0000         -62.989200
2616.0000         -52.531800
2620.0000         -62.149300
2624.0000         -62.952500
2628.0000         -64.670900
2632.0000         -61.213700
2636.0000         -72.115300
2640.0000         -64.949800
2644.0000         -56.533500
2648.0000         -68.861400
2652.0000         -58.899800
2656.0000         -63.439600
2660.0000         -65.240400
2664.0000         -61.549400
2668.0000         -66.168200
2672.0000         -48.807400
2676.0000         -62.990200
2680.0000         -65.324300
2684.0000         -53.428300
2688.0000         -52.975200
2692.0000         -64.026600
2696.0000         -62.746100
2700.0000         -62.089700
2704.0000         -59.635800
2708.0000         -61.325900
2712.0000         -69.596100
2716.0000         -62.108300
2720.0000         -58.406000
2724.0000         -64.127800
2728.0000         -54.390700
2732.0000         -51.869000
2736.0000         -68.460000
2740.0000         -63.864200
2744.0000         -64.253500
2748.0000         -65.106200
2752.0000         -60.685000
2756.0000         -44.346000
2760.0000         -56.522900
2764.0000         -68.903200
2768.0000         -64.560800
2772.0000         -55.113800
2776.0000         -58.905700
2780.0000         -62.371200
2784.0000         -67.094700
2788.0000         -64.957800
2792.0000         -66.471100
2796.0000         -52.723500
2800.0000         -58.197600
2804.0000         -59.867200
2808.0000         -66.875200
2812.0000         -73.141700
2816.0000         -58.767500
2820.0000         -62.544300
2824.0000         -59.514100
2828.0000         -58.101000
2832.0000         -52.520900
2836.0000         -52.901600
2840.0000         -63.875100
2844.0000         -66.202900
2848.0000         -59.723800
2852.0000         -52.905100
2856.0000         -70.696800
2860.0000         -59.501900
2864.0000         -67.338100
2868.0000         -57.416400
2872.0000         -48.429300
2876.0000         -54.214100
2880.0000         -65.186200
2884.0000         -61.917200
2888.0000         -59.661700
2892.0000         -59.594600
2896.0000         -60.473900
2900.0000         -66.645600
2904.0000         -55.686700
2908.0000         -57.909400
2912.0000         -66.961700
2916.0000         -58.259800
2920.0000         -73.733600
2924.0000         -67.054600
2928.0000         -58.875800
2932.0000         -66.356800
2936.0000         -68.375200
2940.0000         -62.479500
2944.0000         -62.765500
2948.0000         -57.197800
2952.0000         -53.372800
2956.0000         -63.130200
2960.0000         -51.164400
2964.0000         -59.249800
2968.0000         -70.963200
2972.0000         -60.524100
2976.0000         -60.577300
2980.0000         -67.527200
2984.0000         -60.055900
2988.0000         -59.003800
2992.0000         -61.491900
2996.0000         -68.141000
3000.0000         -73.602400
3004.0000         -69.765200
3008.0000         -68.135300
3012.0000         -64.782800
3016.0000         -62.399400
3020.0000         -69.360400
3024.0000         -56.033800
3028.0000         -61.844500
3032.0000         -58.266100
3036.0000         -60.135000
3040.0000         -69.298300
3044.0000         -62.318000
3048.0000         -61.500000
3052.0000         -64.291900
3056.0000         -65.762900
3060.0000         -66.343400
3064.0000         -62.009700
3068.0000         -64.377200
3072.0000         -64.649000
3076.0000         -55.584000
3080.0000         -61.867900
3084.0000         -58.308200
3088.0000         -56.823700
3092.0000         -63.185400
3096.0000         -65.188300
3100.0000         -68.634700
3104.0000         -61.747000
3108.0000         -59.218500
3112.0000         -60.014800
3116.0000         -66.535400
3120.0000         -55.751500
3124.0000         -59.395400
3128.0000         -62.757100
3132.0000         -63.074200
3136.0000         -55.263200
3140.0000         -63.634200
3144.0000         -64.316600
3148.0000         -60.645300
3152.0000         -61.632700
3156.0000         -41.699300
3160.0000         -65.182700
3164.0000         -59.028800
3168.0000         -59.962200
3172.0000         -58.954400
3176.0000         -63.197700
3180.0000         -68.169300
3184.0000         -61.944900
3188.0000         -53.112100
3192.0000         -56.866500
3196.0000         -68.673100
3200.0000         -60.867100
3204.0000         -61.338600
3208.0000         -59.987500
3212.0000         -57.564700
3216.0000         -59.198700
3220.0000         -62.006700
3224.0000         -52.970200
3228.0000         -66.998000
3232.0000         -61.165800
3236.0000         -60.144500
3240.0000         -63.894400
3244.0000         -61.680400
3248.0000         -68.911800
3252.0000         -53.017100
3256.0000         -61.781300
3260.0000         -66.234600
3264.0000         -68.645700
3268.0000         -52.679900
3272.0000         -53.486000
3276.0000         -65.504100
3280.0000         -61.943800
3284.0000         -81.091900
3288.0000         -64.773000
3292.0000         -64.403600
3296.0000         -59.861100
3300.0000         -47.552200
3304.0000         -62.877900
3308.0000         -60.231300
3312.0000         -67.033200
3316.0000         -61.357400
3320.0000         -56.227000
3324.0000         -63.131700
3328.0000         -63.241200
3332.0000         -68.011600
3336.0000         -60.481700
3340.0000         -63.249900
3344.0000         -65.875600
3348.0000         -66.104800
3352.0000         -58.024600
3356.0000         -74.178700
3360.0000         -59.014200
3364.0000         -66.349800
3368.0000         -60.523500
3372.0000         -57.638000
3376.0000         -60.304300
3380.0000         -64.259500
3384.0000         -61.380800
3388.0000         -61.104500
3392.0000         -61.000100
3396.0000         -57.248700
3400.0000         -63.551600
3404.0000         -59.069500
3408.0000         -57.073700
3412.0000         -65.864600
3416.0000         -61.577900
3420.0000         -68.086500
3424.0000         -54.023300
3428.0000         -57.253900
3432.0000         -63.670300
3436.0000         -64.454300
3440.0000         -71.830800
3444.0000         -65.977200
3448.0000         -66.513500
3452.0000         -64.544800
3456.0000         -59.754100
3460.0000         -58.463600
3464.0000         -58.547400
3468.0000         -61.860700
3472.0000         -61.744600
3476.0000         -66.425400
3480.0000         -60.582600
3484.0000         -62.956000
3488.0000         -67.235900
3492.0000         -70.765500
3496.0000         -59.503500
3500.0000         -67.790400
3504.0000         -60.345200
3508.0000         -61.583400
3512.0000         -59.710500
3516.0000         -57.742300
3520.0000         -58.161500
3524.0000         -58.426000
3528.0000         -63.573800
3532.0000         -65.233500
3536.0000         -67.208500
3540.0000         -67.134600
3544.0000         -60.332300
3548.0000         -61.155100
3552.0000         -56.350300
3556.0000         -67.091700
3560.0000         -61.803000
3564.0000         -60.878800
3568.0000         -67.118400
3572.0000         -63.536400
3576.0000         -59.062300
3580.0000         -63.571700
3584.0000         -62.595000
3588.0000         -53.139400
3592.0000         -68.442200
3596.0000         -55.695500
3600.0000         -69.190500
3604.0000         -61.081200
3608.0000         -60.659200
3612.0000         -64.949300
3616.0000         -63.830900
3620.0000         -61.671900
3624.0000         -66.665200
3628.0000         -58.788800
3632.0000         -57.589500
3636.0000         -59.334200
3640.0000         -58.770500
3644.0000         -59.725100
3648.0000         -66.173100
3652.0000         -64.414500
3656.0000         -61.278000
3660.0000         -74.084300
3664.0000         -56.529600
3668.0000         -66.880400
3672.0000         -61.660300
3676.0000         -60.368300
3680.0000         -69.991700
3684.0000         -65.086200
3688.0000         -63.949600
3692.0000         -66.525700
3696.0000         -66.018800
3700.0000         -55.648300
3704.0000         -52.031300
3708.0000         -58.697900
3712.0000         -65.625700
3716.0000         -49.613800
3720.0000         -66.252900
3724.0000         -69.294400
3728.0000         -67.625200
3732.0000         -65.241600
3736.0000         -59.194900
3740.0000         -70.681600
3744.0000         -69.176100
3748.0000         -62.695700
3752.0000         -66.261700
3756.0000         -64.442100
3760.0000         -66.705300
3764.0000         -60.629700
3768.0000         -66.459600
3772.0000         -72.053300
3776.0000         -64.081500
3780.0000         -60.531700
3784.0000         -67.307800
3788.0000         -65.730400
3792.0000         -62.858100
3796.0000         -69.551900
3800.0000         -68.731300
3804.0000         -67.278200
3808.0000         -66.739800
3812.0000         -65.709200
3816.0000         -63.782800
3820.0000         -63.337000
3824.0000         -72.036600
3828.0000         -59.563000
3832.0000         -67.136100
3836.0000         -60.105900
3840.0000         -71.711200
3844.0000         -61.239000
3848.0000         -61.647000
3852.0000         -63.240600
3856.0000         -54.268300
3860.0000         -58.246000
3864.0000         -61.652200
3868.0000         -66.696100
3872.0000         -57.805500
3876.0000         -62.851600
3880.0000         -59.408800
3884.0000         -58.939700
3888.0000         -50.907100
3892.0000         -70.508200
3896.0000         -67.903700
3900.0000         -63.538500
3904.0000         -64.442100
3908.0000         -62.384100
3912.0000         -55.506800
3916.0000         -57.964000
3920.0000         -66.172200
3924.0000         -62.693300
3928.0000         -65.880400
3932.0000         -61.483100
3936.0000         -59.079500
3940.0000         -55.416700
3944.0000         -66.653300
3948.0000         -45.964400
3952.0000         -66.357600
3956.0000         -60.345900
3960.0000         -62.904400
3964.0000         -60.806800
3968.0000         -63.778300
3972.0000         -59.052900
3976.0000         -61.428200
3980.0000         -60.674600
3984.0000         -65.032700
3988.0000         -56.838000
3992.0000         -62.831800
3996.0000         -62.469100
4000.0000         -64.265800
4004.0000         -59.134800
