4.0000      -30950.768667
8.0000      -30998.915153
12.0000      -30921.032662
16.0000      -30990.354623
20.0000      -31035.661709
24.0000      -30823.930821
28.0000      -30843.648740
32.0000      -30891.390167
36.0000      -30791.914716
40.0000      -30883.021334
44.0000      -30954.157136
48.0000      -31036.109369
52.0000      -31015.261821
56.0000      -30984.116802
60.0000      -30980.345344
64.0000      -31005.478025
68.0000      -30933.515409
72.0000      -30979.097280
76.0000      -30982.592456
80.0000      -30822.911594
84.0000      -31024.059510
88.0000      -30916.396384
92.0000      -30914.814322
96.0000      -30907.691533
100.0000      -30942.284362
104.0000      -30327.785845
108.0000      -30898.927972
112.0000      -30881.035931
116.0000      -30825.739435
120.0000      -30795.213237
124.0000      -30922.447924
128.0000      -30868.128561
132.0000      -30910.937960
136.0000      -31012.456343
140.0000      -30836.295764
144.0000      -30878.985427
148.0000      -30662.254694
152.0000      -30946.270349
156.0000      -30845.557609
160.0000      -31034.022787
164.0000      -30890.234007
168.0000      -30798.736453
172.0000      -30937.499795
176.0000      -30929.752526
180.0000      -30768.716783
184.0000      -30857.584260
188.0000      -30856.253511
192.0000      -30850.587687
196.0000      -30785.267701
200.0000      -30820.222113
204.0000      -30674.294485
208.0000      -30997.027195
212.0000      -31007.693306
216.0000      -31066.291010
220.0000      -30804.284308
224.0000      -30888.638995
228.0000      -31055.345085
232.0000      -30774.229008
236.0000      -30769.114667
240.0000      -30686.426510
244.0000      -30935.362752
248.0000      -30856.690241
252.0000      -30928.880917
256.0000      -31056.699940
260.0000      -30707.480258
264.0000      -30904.800297
268.0000      -30807.211392
272.0000      -30882.138672
276.0000      -30977.399162
280.0000      -30968.637262
284.0000      -30825.440851
288.0000      -31001.312791
292.0000      -31092.047403
296.0000      -30950.960274
300.0000      -30796.406257
304.0000      -30927.263545
308.0000      -30894.425731
312.0000      -30971.520071
316.0000      -30843.073892
320.0000      -30899.135034
324.0000      -31014.463556
328.0000      -30924.543543
332.0000      -31037.375136
336.0000      -30906.637961
340.0000      -30773.660764
344.0000      -30848.836672
348.0000      -30762.134554
352.0000      -31084.962988
356.0000      -30922.840206
360.0000      -30850.302012
364.0000     1049813.895510
368.0000      -30963.902698
372.0000      -31029.252440
376.0000      -30903.995202
380.0000      -30853.736513
384.0000      -30982.667465
388.0000      -30726.594872
392.0000      -31070.751536
396.0000      -30900.381715
400.0000      -31047.319584
404.0000      -30781.691213
408.0000      -30945.424234
412.0000      -31074.345744
416.0000      -30770.692294
420.0000      -31119.512386
424.0000      -31009.861008
428.0000      -30991.612051
432.0000      -30728.044153
436.0000      -31060.716275
440.0000      -30962.969857
444.0000      -30876.594920
448.0000      -30899.262656
452.0000      -30841.824134
456.0000      -30829.192983
460.0000      -30895.364023
464.0000      -30900.150256
468.0000      -30812.615556
472.0000      -30953.905304
476.0000      -30934.409763
480.0000      -30903.479371
484.0000      -30795.025885
488.0000      -30856.744933
492.0000      -30882.317328
496.0000      -30775.025557
500.0000      -31077.590151
504.0000      -30888.028214
508.0000      -30860.487593
512.0000      -30382.070904
516.0000      -30891.474722
520.0000      -30868.874483
524.0000      -30826.553643
528.0000      -31004.673468
532.0000      -30951.627420
536.0000      -30831.839811
540.0000      -30860.672287
544.0000      -30884.820883
548.0000      -31043.828748
552.0000      -30869.971142
556.0000      -30956.694570
560.0000      -31002.487335
564.0000      -30733.406635
568.0000      -31037.122659
572.0000      -30893.700345
576.0000      -30963.996950
580.0000      -30930.690903
584.0000      -30701.709950
588.0000      -31085.221332
592.0000      -30865.761178
596.0000      -30808.124384
600.0000      -30963.680393
604.0000      -30967.700996
608.0000      -30870.226220
612.0000      -30981.297187
616.0000      -30881.249710
620.0000      -31006.434034
624.0000      -30772.556192
628.0000      -30828.440000
632.0000      -31057.040696
636.0000      -30876.085309
640.0000      -30987.411019
644.0000      -30988.237830
648.0000      -30673.607967
652.0000      -30866.673757
656.0000      -30755.787597
660.0000      -30949.840831
664.0000      -31114.866104
668.0000      -30895.977430
672.0000      -29732.415719
676.0000      -31014.088833
680.0000      -31007.734212
684.0000      -31009.583296
688.0000      -30971.469284
692.0000      -30769.439412
696.0000      -30885.231369
700.0000      -30784.029071
704.0000      -30935.341505
708.0000      -30976.998029
712.0000      -30937.464838
716.0000      -31130.363141
720.0000      -30783.341359
724.0000      -30941.561577
728.0000      -30944.239122
732.0000      -30908.471808
736.0000      -31003.958682
740.0000      -30768.599243
744.0000      -30889.465393
748.0000      -30994.302465
752.0000      -27184.467267
756.0000      -29948.631467
760.0000      -30932.285158
764.0000      -30752.681736
768.0000      -30911.766332
772.0000      -30867.132016
776.0000      -30777.620131
780.0000      -31050.711842
784.0000      -31028.993097
788.0000      -30900.926059
792.0000      -30738.655491
796.0000      -30863.754002
800.0000      -30761.352740
804.0000      -30869.768956
808.0000      -30917.827912
812.0000      -30883.341048
816.0000      -31024.601751
820.0000      -29155.523425
824.0000      -30951.553251
828.0000      -30966.591182
832.0000      -30949.335168
836.0000      -30889.483349
840.0000      -30760.075725
844.0000      -30986.202747
848.0000      -30966.864388
852.0000      -30685.775553
856.0000      -30782.132810
860.0000      -30983.149584
864.0000      -30839.778990
868.0000      -30867.403675
872.0000      -30941.080738
876.0000      -30785.858912
880.0000      -30762.651422
884.0000      -30917.955614
888.0000      -31015.177769
892.0000      -30861.761799
896.0000      -30936.782572
900.0000      -30892.412695
904.0000      -30766.230750
908.0000      -30782.549236
912.0000      -30901.772489
916.0000      -30828.360057
920.0000      -30965.953221
924.0000      -30917.707571
928.0000      -30869.620989
932.0000      -30709.638635
936.0000      -30971.933524
940.0000      -30828.060853
944.0000      -30980.757435
948.0000      -30894.423522
952.0000      -30936.689379
956.0000      -30681.415654
960.0000      -30873.991463
964.0000      -30850.426043
968.0000      -31080.384201
972.0000      -30845.806647
976.0000      -30987.952399
980.0000      -30793.725632
984.0000      -30928.216750
988.0000      -30834.187659
992.0000      -30709.891265
996.0000      -30904.202718
1000.0000      -30830.845280
1004.0000      -30759.763928
1008.0000      -30923.522422
1012.0000      -31013.886746
1016.0000      -30935.007955
1020.0000      -30981.031846
1024.0000      -31093.041627
1028.0000      -30841.348780
1032.0000      -30966.203274
1036.0000      -30955.155166
1040.0000      -31018.981828
1044.0000      -30884.035689
1048.0000      -30728.606430
1052.0000      -30933.259649
1056.0000      -31023.020427
1060.0000      -30860.902370
1064.0000      -30845.684228
1068.0000      -30855.753079
1072.0000      -30941.932967
1076.0000      -31123.326508
1080.0000      -30724.902821
1084.0000      -30898.205538
1088.0000      -30920.080342
1092.0000      -31048.719590
1096.0000      -30923.143647
1100.0000      -30726.166842
1104.0000      -30980.725976
1108.0000      -30812.062242
1112.0000      -30933.069181
1116.0000      -30985.691700
1120.0000      -30788.437834
1124.0000      -30892.768862
1128.0000      -30827.879126
1132.0000      -30845.546804
1136.0000      -30730.133491
1140.0000      -30838.558915
1144.0000      -30517.603907
1148.0000      -30876.122721
1152.0000      -30727.930523
1156.0000      -30937.321946
1160.0000      -31018.569598
1164.0000      -31025.883459
1168.0000      -31002.724964
1172.0000      -30880.850458
1176.0000      -30636.885089
1180.0000      -30682.544833
1184.0000      -30959.265919
1188.0000      -30993.780391
1192.0000      -30862.425108
1196.0000      -31003.291902
1200.0000      -30771.933616
1204.0000      -30952.372821
1208.0000      -30792.824468
1212.0000      -30819.039323
1216.0000      -31019.884709
1220.0000      -30855.151553
1224.0000      -30775.980859
1228.0000      -31017.293158
1232.0000      -31023.779171
1236.0000      -31010.214858
1240.0000      -30918.994454
1244.0000      -31008.406724
1248.0000      -30980.201087
1252.0000      -30813.873732
1256.0000      -30858.292660
1260.0000      -30981.993568
1264.0000      -30832.872664
1268.0000      -30936.018607
1272.0000      -30838.473285
1276.0000      -30856.067506
1280.0000      -30855.939655
1284.0000      -30914.149493
1288.0000      -30903.575954
1292.0000      -30792.000358
1296.0000      -30899.796377
1300.0000      -30803.482885
1304.0000      -30843.205667
1308.0000      -30758.583021
1312.0000      -30817.417422
1316.0000      -31102.563251
1320.0000      -31011.847189
1324.0000      -30776.858572
1328.0000      -30814.004928
1332.0000      -30853.363734
1336.0000      -30973.057613
1340.0000      -30865.882635
1344.0000      -30775.353701
1348.0000      -30944.889342
1352.0000      -30873.618176
1356.0000      -30884.977653
1360.0000      -30850.790381
1364.0000      -30888.341904
1368.0000      -31095.911784
1372.0000      -30979.493128
1376.0000      -30955.977134
1380.0000      -31021.240953
1384.0000      -30932.414532
1388.0000      -30900.856069
1392.0000      -30887.322245
1396.0000      -30849.454831
1400.0000      -31004.149587
1404.0000      -30777.630821
1408.0000      -30824.160186
1412.0000      -30909.380765
1416.0000      -30935.473580
1420.0000      -31027.725637
1424.0000      -30991.208957
1428.0000      -30817.338729
1432.0000      -30967.504884
1436.0000      -30933.523494
1440.0000      -30903.393861
1444.0000      -31076.607008
1448.0000      -30871.392424
1452.0000      -30906.742420
1456.0000      -30977.103497
1460.0000      -30954.946691
1464.0000      -30992.695188
1468.0000      -30918.835557
1472.0000      -30853.911409
1476.0000      -30832.030928
1480.0000      -30963.994727
1484.0000      -30869.663538
1488.0000      -31054.128919
1492.0000      -30819.590424
1496.0000      -30804.660721
1500.0000      -30811.831282
1504.0000      -30833.766338
1508.0000      -30782.620472
1512.0000      -31117.161555
1516.0000      -30794.527120
1520.0000      -30958.311687
1524.0000      -30753.270014
1528.0000      -30841.722417
1532.0000      -31019.488813
1536.0000      -30896.208325
1540.0000      -31009.336584
1544.0000      -30877.857552
1548.0000      -30914.380965
1552.0000      -30683.381713
1556.0000      -30925.312791
1560.0000      -31073.434490
1564.0000      -30941.274018
1568.0000      -31032.200318
1572.0000      -30884.735000
1576.0000      -30869.069242
1580.0000      -30964.758770
1584.0000      -30937.214341
1588.0000      -30800.867668
1592.0000      -30852.082137
1596.0000      -30865.470840
1600.0000      -30900.612435
1604.0000      -30693.504848
1608.0000      -30771.287703
1612.0000      -30907.854775
1616.0000      -30932.987570
1620.0000      -30810.355296
1624.0000      -30933.621649
1628.0000      -30893.454836
1632.0000      -30760.342945
1636.0000      -30989.613378
1640.0000      -30987.581211
1644.0000      -30800.139526
1648.0000      -30971.395990
1652.0000      -30833.177239
1656.0000      -30820.964155
1660.0000      -30959.278807
1664.0000      -30887.772355
1668.0000      -30761.576843
1672.0000      -30911.728561
1676.0000      -30707.867692
1680.0000      -30996.134705
1684.0000      -30921.335775
1688.0000      -30935.461348
1692.0000      -31056.323839
1696.0000      -30860.830211
1700.0000      -30983.913797
1704.0000      -30871.663129
1708.0000      -30883.266135
1712.0000      -30744.946566
1716.0000      -30834.754364
1720.0000      -31070.123293
1724.0000      -30963.243518
1728.0000      -30889.149392
1732.0000      -30960.559478
1736.0000      -30949.010753
1740.0000      -30928.570546
1744.0000      -31059.816981
1748.0000      -30886.494428
1752.0000      -30794.863459
1756.0000      -30929.477557
1760.0000      -30846.337666
1764.0000      -30660.555978
1768.0000      -30956.157205
1772.0000      -31019.578064
1776.0000      -30890.688197
1780.0000      -30856.290886
1784.0000      -30756.474757
1788.0000      -30780.530460
1792.0000      -30898.293285
1796.0000      -30864.075616
1800.0000      -30904.182348
1804.0000      -30949.993654
1808.0000      -30902.579422
1812.0000      -30869.547681
1816.0000      -30900.927652
1820.0000      -30906.363622
1824.0000      -30867.002676
1828.0000      -30921.092620
1832.0000      -30744.369166
1836.0000      -30860.999049
1840.0000      -30907.449638
1844.0000      -30913.218176
1848.0000      -30713.748607
1852.0000      -30836.415289
1856.0000      -30883.123070
1860.0000      -30956.607809
1864.0000      -30989.843422
1868.0000      -30908.447062
1872.0000      -31113.002354
1876.0000      -30733.465395
1880.0000      -30780.069262
1884.0000      -31042.355554
1888.0000      -30858.271479
1892.0000      -30954.328599
1896.0000      -30905.877890
1900.0000      -30589.263665
1904.0000      -30876.878382
1908.0000      -30914.380035
1912.0000      -30839.174827
1916.0000      -30910.786030
1920.0000      -30898.217845
1924.0000      -30915.502002
1928.0000      -30834.254408
1932.0000      -30822.439367
1936.0000      -30713.079075
1940.0000      -30879.478569
1944.0000      -30758.041113
1948.0000      -30786.496915
1952.0000      -30926.532925
1956.0000      -30822.623661
1960.0000      -30561.339081
1964.0000      -30952.902337
1968.0000      -30970.705725
1972.0000      -31013.903328
1976.0000      -30995.183598
1980.0000      -30822.440712
1984.0000      -30709.521511
1988.0000      -30891.165899
1992.0000      -30728.072220
1996.0000      -30856.037930
2000.0000      -30942.826785
2004.0000      -30923.310534
2008.0000      -30859.414256
2012.0000      -30854.359826
2016.0000      -30939.230757
2020.0000      -30814.205781
2024.0000      -30702.567199
2028.0000      -30971.164868
2032.0000      -30886.145441
2036.0000      -30815.651697
2040.0000      -30878.037127
2044.0000      -30785.505870
2048.0000      -30905.799018
2052.0000      -30887.222863
2056.0000      -30725.902757
2060.0000      -31103.278161
2064.0000      -30948.284631
2068.0000      -31067.522962
2072.0000      -30988.418137
2076.0000      -30887.120945
2080.0000      -31018.345356
2084.0000      -30511.252471
2088.0000      -30991.841889
2092.0000      -30080.884519
2096.0000      -30903.891352
2100.0000      -30884.154381
2104.0000      -30880.246152
2108.0000      -30900.497858
2112.0000      -30866.330757
2116.0000      -31040.987353
2120.0000      -30931.490595
2124.0000      -30972.471288
2128.0000      -30937.026141
2132.0000      -30880.030246
2136.0000      -30944.622980
2140.0000      -30937.863208
2144.0000      -30825.788612
2148.0000      -30902.396334
2152.0000      -30990.380195
2156.0000      -31073.715862
2160.0000      -30841.635981
2164.0000      -30813.574530
2168.0000      -30876.009181
2172.0000      -30924.407590
2176.0000      -30918.797258
2180.0000      -30999.453096
2184.0000      -30863.248380
2188.0000      -30739.303148
2192.0000      -30991.867467
2196.0000      -30755.577508
2200.0000      -30955.346452
2204.0000      -30976.222844
2208.0000      -30869.420108
2212.0000      -31050.908247
2216.0000      -30863.822330
2220.0000      -30904.780041
2224.0000      -30833.751914
2228.0000      -30672.928579
2232.0000      -30321.179070
2236.0000      -30754.583775
2240.0000      -30690.508215
2244.0000      -30664.556913
2248.0000      -30799.620337
2252.0000      -30872.657556
2256.0000      -31071.628305
2260.0000      -31042.617958
2264.0000      -30815.455235
2268.0000      -30902.137178
2272.0000      -30967.369449
2276.0000      -30881.401657
2280.0000      -30909.338192
2284.0000      -30870.491601
2288.0000      -30774.879473
2292.0000      -30931.514481
2296.0000      -30738.685620
2300.0000      -30889.781832
2304.0000      -30932.965613
2308.0000      -30994.933434
2312.0000      -30886.039542
2316.0000      -30949.854674
2320.0000      -30887.674594
2324.0000      -30849.728643
2328.0000      -30866.729456
2332.0000      -30840.275864
2336.0000      -30777.290665
2340.0000      -30930.144683
2344.0000      -30953.288001
2348.0000      -30800.401795
2352.0000      -30869.539227
2356.0000      -30414.490381
2360.0000      -31115.238415
2364.0000      -30879.625257
2368.0000      -30948.732430
2372.0000      -30893.500860
2376.0000      -31084.282273
2380.0000      -30800.751625
2384.0000      -30942.025717
2388.0000      -31048.869562
2392.0000      -30947.368554
2396.0000      -31012.349374
2400.0000      -30794.530200
2404.0000      -30868.335836
2408.0000      -30734.104590
2412.0000      -31053.658244
2416.0000      -31007.389826
2420.0000      -30778.477117
2424.0000      -30907.238542
2428.0000      -30830.426244
2432.0000      -30968.200865
2436.0000      -30844.424302
2440.0000      -30926.698979
2444.0000      -30959.084447
2448.0000      -30798.743762
2452.0000      -30912.026036
2456.0000      -30954.989061
2460.0000      -30661.181021
2464.0000      -28787.067570
2468.0000      -30986.921184
2472.0000      -30883.428768
2476.0000      -30798.590008
2480.0000      -30924.793183
2484.0000      -30872.051080
2488.0000      -31056.319140
2492.0000      -31023.418498
2496.0000      -30923.217533
2500.0000      -31072.338188
2504.0000      -30626.060362
2508.0000      -30781.434557
2512.0000      -30966.002537
2516.0000      -31033.241416
2520.0000      -30892.143661
2524.0000      -30848.100610
2528.0000      -30899.496613
2532.0000      -30872.752455
2536.0000      -30906.930202
2540.0000      -31044.060021
2544.0000      -30992.457216
2548.0000      -30935.599815
2552.0000      -30819.900042
2556.0000      -30822.617747
2560.0000      -31010.187161
2564.0000      -30993.247086
2568.0000      -30865.545498
2572.0000      -30881.366854
2576.0000      -30771.789866
2580.0000      -30691.520866
2584.0000      -30788.483025
2588.0000      -30965.992854
2592.0000      -30898.503162
2596.0000      -30815.443147
2600.0000      -30630.410747
2604.0000      -30841.592860
2608.0000      -30878.231974
2612.0000      -30972.947353
2616.0000      -30867.564811
2620.0000      -30802.688360
2624.0000      -30803.313086
2628.0000      -30850.308368
2632.0000      -30865.242059
2636.0000      -30839.635631
2640.0000      -31027.392359
2644.0000      -30916.428949
2648.0000      -30838.254952
2652.0000      -30928.770569
2656.0000      -30966.561830
2660.0000      -30920.064960
2664.0000      -30883.467374
2668.0000      -30770.530412
2672.0000      -30889.376999
2676.0000      -30803.100074
2680.0000      -30883.739018
2684.0000      -30814.250545
2688.0000      -30895.101007
2692.0000      -30972.350593
2696.0000      -30684.951603
2700.0000      -30892.320512
2704.0000      -30836.707665
2708.0000      -30960.788192
2712.0000      -31006.050576
2716.0000      -31018.980534
2720.0000      -30893.976828
2724.0000      -30810.810616
2728.0000      -30906.567803
2732.0000      -30997.388345
2736.0000      -30931.808673
2740.0000      -30844.932078
2744.0000      -30989.203339
2748.0000      -30681.392068
2752.0000      -30915.690923
2756.0000      -30870.802537
2760.0000      -30939.445296
2764.0000      -30945.110354
2768.0000      -30934.399645
2772.0000      -30794.483118
2776.0000      -30989.436425
2780.0000      -30443.926590
2784.0000      -30781.869761
2788.0000      -30701.648300
2792.0000      -30859.944327
2796.0000      -30946.490802
2800.0000      -30838.234685
2804.0000      -30785.446179
2808.0000      -30344.216450
2812.0000      -30810.364840
2816.0000      -30914.244138
2820.0000      -30869.820044
2824.0000      -30697.878608
2828.0000      -31046.353037
2832.0000      -30709.508046
2836.0000      -30570.936265
2840.0000      -30962.656946
2844.0000      -31030.662001
2848.0000      -30828.415369
2852.0000      -30847.015972
2856.0000      -31037.248420
2860.0000      -30810.498335
2864.0000      -30741.526653
2868.0000      -30994.124786
2872.0000      -30944.134445
2876.0000      -30810.084153
2880.0000      -31055.215189
2884.0000      -30684.357698
2888.0000      -30786.774358
2892.0000      -30913.913795
2896.0000      -30761.342796
2900.0000      -30906.370643
2904.0000      -30983.897103
2908.0000      -30953.234093
2912.0000      -30933.382401
2916.0000      -30867.421209
2920.0000      -30956.823969
2924.0000      -30790.118157
2928.0000      -31051.274347
2932.0000      -30970.446136
2936.0000      -30648.400015
2940.0000      -30984.474118
2944.0000      -30955.529059
2948.0000      -30828.249973
2952.0000      -30817.749011
2956.0000      -30928.103611
2960.0000      -30951.056460
2964.0000      -30898.950802
2968.0000      -30725.910443
2972.0000      -30986.162383
2976.0000      -30966.301572
2980.0000      -30808.532546
2984.0000      -30762.674788
2988.0000      -30957.185089
2992.0000      -30881.035540
2996.0000      -30833.061946
3000.0000      -30860.749699
3004.0000      -30822.297677
3008.0000      -30917.794905
3012.0000      -31159.972130
3016.0000      -30942.366959
3020.0000      -30787.378614
3024.0000      -30806.057512
3028.0000      -30736.018897
3032.0000      -30856.000744
3036.0000      -30790.952167
3040.0000      -30907.452902
3044.0000      -30994.702291
3048.0000      -31002.661678
3052.0000      -30907.204493
3056.0000      -30862.139814
3060.0000      -30773.521341
3064.0000      -30841.589471
3068.0000      -31085.368889
3072.0000      -30931.539580
3076.0000      -30853.787737
3080.0000      -30897.578156
3084.0000      -31051.338960
3088.0000      -30811.484403
3092.0000      -30921.244631
3096.0000      -30756.576758
3100.0000      -31018.254437
3104.0000      -30926.562527
3108.0000      -31036.303403
3112.0000      -30966.302067
3116.0000      -30910.436008
3120.0000      -30945.167585
3124.0000      -30947.448238
3128.0000      -30940.486544
3132.0000      -30995.061787
3136.0000      -30842.512242
3140.0000      -30939.784462
3144.0000      -30930.699621
3148.0000      -30897.371894
3152.0000      -31002.042602
3156.0000      -30985.175954
3160.0000      -31026.311556
3164.0000      -30949.600132
3168.0000      -30765.826031
3172.0000      -30928.599751
3176.0000      -31018.890998
3180.0000      -30913.930253
3184.0000      -30928.341411
3188.0000      -31106.490022
3192.0000      -30808.738275
3196.0000      -30727.833655
3200.0000      -31007.774613
3204.0000      -31005.665870
3208.0000      -30806.792216
3212.0000      -30916.201072
3216.0000      -30941.302644
3220.0000      -30953.934302
3224.0000      -30916.222632
3228.0000      -30907.134239
3232.0000      -30974.467746
3236.0000      -30990.959129
3240.0000      -30954.875557
3244.0000      -30856.782580
3248.0000      -30941.256105
3252.0000      -30823.697043
3256.0000      -30818.074136
3260.0000      -30773.400527
3264.0000      -31002.821045
3268.0000      -30930.980731
3272.0000      -30670.490723
3276.0000      -30884.760609
3280.0000      -30904.889927
3284.0000      -30770.012983
3288.0000      -30837.058265
3292.0000      -30868.559263
3296.0000      -30951.780065
3300.0000      -30914.059573
3304.0000      -30951.017418
3308.0000      -31147.934668
3312.0000      -30921.500110
3316.0000      -30887.521154
3320.0000      -30705.611192
3324.0000      -30714.298884
3328.0000      -30555.623966
3332.0000      -30979.598987
3336.0000      -30759.089474
3340.0000      -30987.610525
3344.0000      -30857.732156
3348.0000      -30804.549689
3352.0000      -30864.385192
3356.0000      -31003.296549
3360.0000      -30927.049615
3364.0000      -30931.395101
3368.0000      -30887.429460
3372.0000      -30925.189990
3376.0000      -30878.526650
3380.0000      -30900.664596
3384.0000      -30809.069978
3388.0000      -31067.685227
3392.0000      -30995.023132
3396.0000      -30927.027011
3400.0000      -31054.666823
3404.0000      -30837.989181
3408.0000      -31227.407241
3412.0000      -30870.583344
3416.0000      -31063.678703
3420.0000      -31018.517128
3424.0000      -30905.736533
3428.0000      -30871.266647
3432.0000      -30858.033354
3436.0000      -30940.852007
3440.0000      -30951.862453
3444.0000      -30913.683514
3448.0000      -30782.543676
3452.0000      -30882.999399
3456.0000      -30749.845736
3460.0000      -30832.485626
3464.0000      -30865.561545
3468.0000      -31060.397773
3472.0000      -30821.113426
3476.0000      -30915.540654
3480.0000      -31007.644556
3484.0000      -30983.126243
3488.0000      -30890.979682
3492.0000      -30875.006122
3496.0000      -30959.324117
3500.0000      -30934.527450
3504.0000      -31026.480101
3508.0000      -30892.709718
3512.0000      -30942.039152
3516.0000      -30901.016011
3520.0000      -30866.739310
3524.0000      -31028.843272
3528.0000      -30944.263129
3532.0000      -30892.923475
3536.0000      -31012.895117
3540.0000      -30904.623886
3544.0000      -30914.968610
3548.0000      -30790.435587
3552.0000      -30958.887516
3556.0000      -30952.666169
3560.0000      -30695.789112
3564.0000      -29665.111848
3568.0000      -30818.859913
3572.0000      -30782.024080
3576.0000      -30982.107096
3580.0000      -30732.699613
3584.0000      -30926.953660
3588.0000      -30912.889371
3592.0000      -31006.715317
3596.0000      -30891.864250
3600.0000      -30909.558978
3604.0000      -30740.185529
3608.0000      -30859.477144
3612.0000      -30862.828046
3616.0000      -30944.271723
3620.0000      -30816.085415
3624.0000      -30872.754301
3628.0000      -30947.113782
3632.0000      -30717.618285
3636.0000      -30668.282395
3640.0000      -30937.888894
3644.0000      -30943.246034
3648.0000      -31084.630976
3652.0000      -30975.944245
3656.0000      -30883.572115
3660.0000      -30892.487772
3664.0000      -30867.820991
3668.0000      -30843.054755
3672.0000      -30707.304646
3676.0000      -30852.997013
3680.0000      -30957.418511
3684.0000      -30853.223167
3688.0000      -30953.382071
3692.0000      -31032.066735
3696.0000      -30912.421550
3700.0000      -30747.074861
3704.0000      -30924.283938
3708.0000      -30919.224479
3712.0000      -31033.167625
3716.0000      -30812.561264
3720.0000      -30934.033498
3724.0000      -30908.514528
3728.0000      -30869.182228
3732.0000      -30918.803380
3736.0000      -30942.517843
3740.0000      -30786.190853
3744.0000      -30550.352739
3748.0000      -30872.594864
3752.0000      -30942.224148
3756.0000      -30906.428142
3760.0000      -30639.892548
3764.0000      -30970.393020
3768.0000      -31011.607980
3772.0000      -31035.695514
3776.0000      -30866.404770
3780.0000      -31105.537256
3784.0000      -30882.105454
3788.0000      -30821.512435
3792.0000      -30954.611966
3796.0000      -30855.712222
3800.0000      -31050.748775
3804.0000      -30699.116108
3808.0000      -31036.363312
3812.0000      -30888.849415
3816.0000      -30819.389093
3820.0000      -31007.257802
3824.0000      -30876.677295
3828.0000      -30905.245240
3832.0000      -30993.224543
3836.0000      -31007.615932
3840.0000      -30987.992990
3844.0000       -5676.111519
3848.0000      -30932.493946
3852.0000      -30787.678218
3856.0000      -30764.488578
3860.0000      -30958.585642
3864.0000      -30964.670826
3868.0000      -30829.637254
3872.0000      -30850.422171
3876.0000      -30883.974302
3880.0000      -30940.097499
3884.0000      -30968.008523
3888.0000      -30962.238701
3892.0000      -30924.053602
3896.0000      -30998.749106
3900.0000      -30931.332188
3904.0000      -30976.152939
3908.0000      -30768.832915
3912.0000      -30946.603883
3916.0000      -31046.665196
3920.0000      -30823.957508
3924.0000      -30692.634756
3928.0000      -30923.146149
3932.0000      -30841.333694
3936.0000      -30885.023150
3940.0000      -30878.335597
3944.0000      -30970.367456
3948.0000      -30849.708982
3952.0000      -30933.702550
3956.0000      -30841.077948
3960.0000      -30963.200469
3964.0000      -29476.815186
3968.0000      -30787.115575
3972.0000      -30903.443420
3976.0000      -30989.854225
3980.0000      -30964.402990
3984.0000      -30916.079879
3988.0000      -30897.276865
3992.0000      -30973.754957
3996.0000      -30939.633552
4000.0000      -30919.709447
4004.0000      -30919.709447
