4.0000      -31000.332517
8.0000      -30752.353692
12.0000      -30956.528892
16.0000      -30807.518870
20.0000      -30987.941009
24.0000      -30966.990631
28.0000      -30944.605988
32.0000      -31099.275992
36.0000      -30886.108128
40.0000      -30950.196601
44.0000      -30872.345398
48.0000      -31000.155642
52.0000      -30943.383499
56.0000      -30884.045367
60.0000      -30857.761775
64.0000      -30850.119009
68.0000      -30971.425868
72.0000      -30888.438339
76.0000      -30837.587253
80.0000      -30959.926621
84.0000      -30944.689375
88.0000      -30935.563411
92.0000      -30809.809831
96.0000      -30751.953977
100.0000      -30975.590894
104.0000      -30933.419070
108.0000      -30866.498336
112.0000      -30789.206732
116.0000      -30756.085690
120.0000      -30983.072059
124.0000      -30856.193818
128.0000      -31050.163893
132.0000      -31026.200942
136.0000      -30878.806208
140.0000      -30941.892390
144.0000      -31030.043016
148.0000      -30982.470172
152.0000      -30976.406283
156.0000      -30990.673583
160.0000      -30849.033732
164.0000      -30856.724247
168.0000      -30975.586878
172.0000      -30778.925681
176.0000      -30859.219171
180.0000      -30825.259298
184.0000      -30978.594460
188.0000      -31009.044363
192.0000      -31084.768988
196.0000      -30978.952611
200.0000      -31051.957706
204.0000      -30955.959292
208.0000      -31025.051272
212.0000      -30987.643478
216.0000      -30945.899334
220.0000      -31049.889936
224.0000      -30867.769842
228.0000      -30992.948608
232.0000      -30919.223785
236.0000      -30913.098356
240.0000      -30911.335401
244.0000      -30969.521993
248.0000      -30730.277640
252.0000      -30861.331345
256.0000      -30890.526527
260.0000      -30793.339224
264.0000      -30961.849749
268.0000      -30930.547822
272.0000      -31034.967950
276.0000      -30881.157353
280.0000      -30873.538909
284.0000      -30881.083753
288.0000      -31058.049753
292.0000      -30814.597642
296.0000      -30961.160501
300.0000      -31064.998834
304.0000      -30979.258864
308.0000      -30961.183409
312.0000      -30889.418877
316.0000      -31095.271084
320.0000      -30965.049564
324.0000      -30839.505676
328.0000      -30900.726311
332.0000      -30837.543425
336.0000      -30842.225008
340.0000      -30836.069262
344.0000      -31031.510541
348.0000      -30875.808629
352.0000      -30962.577185
356.0000      -30841.138122
360.0000      -30975.161206
364.0000      -30856.610281
368.0000      -30871.446360
372.0000      -30872.407231
376.0000      -30957.672117
380.0000      -30823.803405
384.0000      -30958.905456
388.0000      -30987.306492
392.0000      -30866.639311
396.0000      -31050.656974
400.0000      -30855.688792
404.0000      -31171.344506
408.0000      -31017.847915
412.0000      -30961.838334
416.0000      -30848.124947
420.0000      -30983.752957
424.0000      -30916.464896
428.0000      -30799.090086
432.0000      -31144.814015
436.0000      -31062.372222
440.0000      -31062.214275
444.0000      -31001.703287
448.0000      -30836.354456
452.0000      -30983.223810
456.0000      -30600.700219
460.0000      -30801.962783
464.0000      -31045.598609
468.0000      -30791.786705
472.0000      -30948.063428
476.0000      -30884.430020
480.0000      -30994.183857
484.0000      -30889.406985
488.0000      -30908.685488
492.0000      -30918.645917
496.0000      -31038.557698
500.0000      -30981.021696
504.0000      -30893.203478
508.0000      -31021.340625
512.0000      -30884.709947
516.0000      -31045.743680
520.0000      -30818.528603
524.0000      -30988.991475
528.0000      -31042.138797
532.0000      -30958.392728
536.0000      -30904.654232
540.0000      -30963.572404
544.0000      -30876.919831
548.0000      -30764.241816
552.0000      -31056.525178
556.0000      -30871.459314
560.0000      -30940.614132
564.0000      -30910.823713
568.0000      -30773.159412
572.0000      -30809.856522
576.0000      -30874.641007
580.0000      -30841.965806
584.0000      -30921.136470
588.0000      -31075.911180
592.0000      -31055.633384
596.0000      -31008.255375
600.0000      -30981.471790
604.0000      -31055.851342
608.0000      -30938.723659
612.0000      -30863.401516
616.0000      -30865.971733
620.0000      -30819.835375
624.0000      -31052.000463
628.0000      -30743.670608
632.0000      -30982.393680
636.0000      -30677.673239
640.0000      -30804.830671
644.0000      -30956.490828
648.0000      -30974.626373
652.0000      -30942.778636
656.0000      -30971.952917
660.0000      -30918.385571
664.0000      -30899.123020
668.0000      -30927.209094
672.0000      -30823.471274
676.0000      -30767.898975
680.0000      -30892.635463
684.0000      -30936.038934
688.0000      -30984.308079
692.0000      -31023.042236
696.0000      -30960.564337
700.0000      -31034.369206
704.0000      -30951.275976
708.0000      -30827.157537
712.0000      -30936.390704
716.0000      -30903.866883
720.0000      -30951.455409
724.0000      -31028.131417
728.0000      -30968.340851
732.0000      -30989.778001
736.0000      -31067.049912
740.0000      -30892.391191
744.0000      -30804.430908
748.0000      -30880.293743
752.0000      -30856.521483
756.0000      -31015.849486
760.0000      -30943.790511
764.0000      -30886.903812
768.0000      -30930.856448
772.0000      -30911.641297
776.0000      -30783.494240
780.0000      -30934.588200
784.0000      -30986.533481
788.0000      -31028.256659
792.0000      -30963.188045
796.0000      -31028.388066
800.0000      -31139.551806
804.0000      -30946.779913
808.0000      -30835.223205
812.0000      -30989.433081
816.0000      -30984.432708
820.0000      -30921.822382
824.0000      -31082.840087
828.0000      -30854.400481
832.0000      -30896.983740
836.0000      -30883.092836
840.0000      -30795.722478
844.0000      -30966.082104
848.0000      -30973.865835
852.0000      -31033.389653
856.0000      -31060.965976
860.0000      -30953.937398
864.0000      -31024.092215
868.0000      -31103.887444
872.0000      -30919.220546
876.0000      -30877.255660
880.0000      -30936.240473
884.0000      -30958.772594
888.0000      -31026.506594
892.0000      -30851.181522
896.0000      -30826.230647
900.0000      -30783.117253
904.0000      -30960.177944
908.0000      -30948.063543
912.0000      -30805.931893
916.0000      -30912.825955
920.0000      -30953.871772
924.0000      -30985.948897
928.0000      -30971.045778
932.0000      -30986.989289
936.0000      -30823.346815
940.0000      -31030.009430
944.0000      -31085.524170
948.0000      -30969.446315
952.0000      -30831.554667
956.0000      -30890.310612
960.0000      -30989.034545
964.0000      -30813.557185
968.0000      -31036.110101
972.0000      -31027.033458
976.0000      -30921.829969
980.0000      -30881.429290
984.0000      -30976.895243
988.0000      -31034.218295
992.0000      -31033.534699
996.0000      -31114.929395
1000.0000      -30922.743062
1004.0000      -30939.537870
1008.0000      -30996.207306
1012.0000      -31066.259165
1016.0000      -30847.335905
1020.0000      -30796.343960
1024.0000      -30956.980275
1028.0000      -31019.629836
1032.0000      -30814.739364
1036.0000      -30952.308293
1040.0000      -30966.363562
1044.0000      -30933.794278
1048.0000      -31023.124814
1052.0000      -30873.677577
1056.0000      -31069.551092
1060.0000      -30891.714930
1064.0000      -30879.987125
1068.0000      -30837.803953
1072.0000      -30736.227838
1076.0000      -30937.923116
1080.0000      -30770.022890
1084.0000      -30869.966655
1088.0000      -30966.355971
1092.0000      -30953.863969
1096.0000      -31106.300284
1100.0000      -31089.508324
1104.0000      -30914.897199
1108.0000      -31104.513621
1112.0000      -31058.937706
1116.0000      -30954.501972
1120.0000      -30961.888821
1124.0000      -30886.588148
1128.0000      -31035.626517
1132.0000      -30742.046882
1136.0000      -30884.999733
1140.0000      -30873.415513
1144.0000      -30975.700176
1148.0000      -30831.416337
1152.0000      -30972.819120
1156.0000      -30921.746862
1160.0000      -30947.632981
1164.0000      -30905.269978
1168.0000      -30925.602898
1172.0000      -31007.008209
1176.0000      -30809.389094
1180.0000      -30915.431171
1184.0000      -30941.090870
1188.0000      -30826.051183
1192.0000      -30973.531654
1196.0000      -30949.489395
1200.0000      -30833.631297
1204.0000      -30794.021984
1208.0000      -30922.720217
1212.0000      -30737.899138
1216.0000      -30953.284497
1220.0000      -30871.767049
1224.0000      -30743.483985
1228.0000      -30930.990803
1232.0000      -31026.815052
1236.0000      -31017.486963
1240.0000      -30828.972121
1244.0000      -31000.699099
1248.0000      -31020.559037
1252.0000      -31039.100495
1256.0000      -30941.243599
1260.0000      -31080.254335
1264.0000      -31024.366461
1268.0000      -31067.847273
1272.0000      -30842.079002
1276.0000      -30836.517258
1280.0000      -30926.557608
1284.0000      -30952.672008
1288.0000      -30811.691404
1292.0000      -30913.361164
1296.0000      -31004.827786
1300.0000      -30922.694428
1304.0000      -31068.100438
1308.0000      -31020.646159
1312.0000      -30915.114961
1316.0000      -30920.905194
1320.0000      -30780.587551
1324.0000      -30970.522628
1328.0000      -30972.436388
1332.0000      -30985.942308
1336.0000      -31059.642397
1340.0000      -30927.048937
1344.0000      -30909.216736
1348.0000      -30948.818212
1352.0000      -30912.476007
1356.0000      -30691.463581
1360.0000      -30671.592121
1364.0000      -30789.838768
1368.0000      -30858.026297
1372.0000      -30953.731038
1376.0000      -30957.658885
1380.0000      -30941.051884
1384.0000      -30843.038122
1388.0000      -30787.362003
1392.0000      -30740.426222
1396.0000      -30993.664720
1400.0000      -30844.799786
1404.0000      -30919.798189
1408.0000      -30860.298828
1412.0000      -30882.703437
1416.0000      -31048.329397
1420.0000      -30859.685368
1424.0000      -30857.192394
1428.0000      -30760.355939
1432.0000      -30906.871226
1436.0000      -30913.947615
1440.0000      -30907.642833
1444.0000      -30862.446751
1448.0000      -30853.667042
1452.0000      -30824.397468
1456.0000      -30984.133201
1460.0000      -30795.416018
1464.0000      -30995.989361
1468.0000      -31014.766681
1472.0000      -30888.853759
1476.0000      -30824.891923
1480.0000      -30911.193860
1484.0000      -31016.932639
1488.0000      -31276.724641
1492.0000      -30823.301016
1496.0000      -30919.934915
1500.0000      -30990.304407
1504.0000      -31073.991119
1508.0000      -30840.282206
1512.0000      -30732.385536
1516.0000      -30945.007237
1520.0000      -30899.302219
1524.0000      -30938.200976
1528.0000      -31012.699702
1532.0000      -30962.670948
1536.0000      -30904.197229
1540.0000      -30758.687565
1544.0000      -30819.617719
1548.0000      -30923.935054
1552.0000      -30968.834875
1556.0000      -30818.684961
1560.0000      -30831.665273
1564.0000      -30843.451736
1568.0000      -31013.030437
1572.0000      -31012.907196
1576.0000      -30976.149279
1580.0000      -30996.978817
1584.0000      -31007.474688
1588.0000      -31076.611735
1592.0000      -31001.223587
1596.0000      -30931.193612
1600.0000      -30846.425103
1604.0000      -30947.872375
1608.0000      -30961.183888
1612.0000      -31051.952621
1616.0000      -30981.683349
1620.0000      -31025.229784
1624.0000      -30906.443729
1628.0000      -30854.865397
1632.0000      -30816.208215
1636.0000      -30866.138881
1640.0000      -30896.315539
1644.0000      -30975.711515
1648.0000      -30878.954240
1652.0000      -30990.314785
1656.0000      -31043.863300
1660.0000      -30744.872977
1664.0000      -30915.013058
1668.0000      -30998.654657
1672.0000      -31056.633745
1676.0000      -30808.738545
1680.0000      -30917.395831
1684.0000      -30924.600267
1688.0000      -30896.360637
1692.0000      -30881.542948
1696.0000      -30979.004048
1700.0000      -31148.119943
1704.0000      -30864.863187
1708.0000      -31078.817725
1712.0000      -30987.018789
1716.0000      -30913.604222
1720.0000      -30965.404920
1724.0000      -31004.890213
1728.0000      -30877.111164
1732.0000      -30979.708585
1736.0000      -30846.304898
1740.0000      -30953.313127
1744.0000      -31028.473620
1748.0000      -31023.284361
1752.0000      -31036.951587
1756.0000      -30918.659894
1760.0000      -30913.808458
1764.0000      -30859.566229
1768.0000      -30967.864970
1772.0000      -30861.999680
1776.0000      -30756.232520
1780.0000      -30929.164896
1784.0000      -30909.971284
1788.0000      -30961.817476
1792.0000      -30996.493070
1796.0000      -31074.091357
1800.0000      -30921.102247
1804.0000      -31007.117188
1808.0000      -30891.543908
1812.0000      -30931.863977
1816.0000      -30870.559886
1820.0000      -31000.917388
1824.0000      -30989.842593
1828.0000      -30981.791849
1832.0000      -30840.512315
1836.0000      -30909.119330
1840.0000      -30986.758797
1844.0000      -30959.970233
1848.0000      -30882.298352
1852.0000      -30915.570400
1856.0000      -30949.756731
1860.0000      -30895.952094
1864.0000      -31050.848467
1868.0000      -30888.643378
1872.0000      -30941.589053
1876.0000      -30960.717689
1880.0000      -30907.658294
1884.0000      -31023.037696
1888.0000      -31080.414083
1892.0000      -30910.695250
1896.0000      -31040.861629
1900.0000      -31032.309348
1904.0000      -30888.731505
1908.0000      -30812.406446
1912.0000      -30874.027802
1916.0000      -30914.451898
1920.0000      -30979.870293
1924.0000      -30813.755811
1928.0000      -30917.826979
1932.0000      -30853.044937
1936.0000      -30839.359482
1940.0000      -30876.111364
1944.0000      -30966.030866
1948.0000      -30900.743849
1952.0000      -30965.258894
1956.0000      -30910.187620
1960.0000      -30770.272679
1964.0000      -30819.531334
1968.0000      -30963.472730
1972.0000      -30851.890032
1976.0000      -31057.942464
1980.0000      -30843.409125
1984.0000      -30948.619903
1988.0000      -31086.507526
1992.0000      -30781.127816
1996.0000      -30987.126039
2000.0000      -30833.110511
2004.0000      -30827.926784
2008.0000      -30773.229491
2012.0000      -30824.913955
2016.0000      -30912.170680
2020.0000      -30993.640627
2024.0000      -30866.496754
2028.0000      -30860.500001
2032.0000      -30840.254709
2036.0000      -30891.589611
2040.0000      -30982.317670
2044.0000      -30962.126662
2048.0000      -30944.860810
2052.0000      -30848.781068
2056.0000      -31024.171962
2060.0000      -30760.717702
2064.0000      -30903.874068
2068.0000      -30926.518364
2072.0000      -30965.438687
2076.0000      -30898.438429
2080.0000      -30884.566684
2084.0000      -30914.599957
2088.0000      -30901.364323
2092.0000      -31100.196014
2096.0000      -30882.704021
2100.0000      -30835.900965
2104.0000      -30928.812079
2108.0000      -31105.359560
2112.0000      -30901.602993
2116.0000      -31097.832970
2120.0000      -30971.963845
2124.0000      -30849.135919
2128.0000      -30915.871820
2132.0000      -30857.997465
2136.0000      -30930.236293
2140.0000      -30794.452311
2144.0000      -31055.926890
2148.0000      -30839.141985
2152.0000      -31057.759111
2156.0000      -30961.581842
2160.0000      -30956.915096
2164.0000      -30965.119222
2168.0000      -31027.501750
2172.0000      -30931.634635
2176.0000      -30974.059258
2180.0000      -31027.131074
2184.0000      -30934.677174
2188.0000      -30902.512401
2192.0000      -30890.761734
2196.0000      -30801.999907
2200.0000      -30931.910408
2204.0000      -31053.417681
2208.0000      -30814.277131
2212.0000      -31044.452692
2216.0000      -31002.888101
2220.0000      -30869.556766
2224.0000      -30985.178710
2228.0000      -30676.106814
2232.0000      -30898.451427
2236.0000      -30823.959852
2240.0000      -31018.786571
2244.0000      -30917.315493
2248.0000      -30792.330466
2252.0000      -30916.876721
2256.0000      -30977.854106
2260.0000      -30997.153485
2264.0000      -30861.967968
2268.0000      -30966.217011
2272.0000      -31011.984237
2276.0000      -31013.880990
2280.0000      -30982.883696
2284.0000      -30878.303970
2288.0000      -30859.156049
2292.0000      -30814.975725
2296.0000      -31023.182217
2300.0000      -30960.879508
2304.0000      -30970.666533
2308.0000      -30876.330804
2312.0000      -30929.351181
2316.0000      -30912.443772
2320.0000      -30922.054065
2324.0000      -30780.778864
2328.0000      -30766.378569
2332.0000      -30774.867208
2336.0000      -30874.982425
2340.0000      -30708.289834
2344.0000      -30965.212121
2348.0000      -30954.519026
2352.0000      -30980.435412
2356.0000      -30916.081271
2360.0000      -30972.942230
2364.0000      -30998.099166
2368.0000      -30946.841201
2372.0000      -30941.748949
2376.0000      -30952.263952
2380.0000      -30848.015293
2384.0000      -30938.328799
2388.0000      -30935.107069
2392.0000      -30980.998087
2396.0000      -31077.180963
2400.0000      -30853.166661
2404.0000      -31074.120157
2408.0000      -30954.543430
2412.0000      -31009.302821
2416.0000      -30918.226888
2420.0000      -30886.624407
2424.0000      -30918.924821
2428.0000      -30945.882220
2432.0000      -31016.243338
2436.0000      -30855.163439
2440.0000      -31131.085595
2444.0000      -31012.808143
2448.0000      -30880.745839
2452.0000      -30974.114610
2456.0000      -30906.803478
2460.0000      -30957.527869
2464.0000      -30844.203272
2468.0000      -30840.210628
2472.0000      -30896.943078
2476.0000      -30921.003266
2480.0000      -31017.994655
2484.0000      -30939.793948
2488.0000      -30985.823988
2492.0000      -30898.486222
2496.0000      -31034.017110
2500.0000      -30893.018153
2504.0000      -30942.076423
2508.0000      -30798.793284
2512.0000      -30869.979188
2516.0000      -31126.951793
2520.0000      -30960.518207
2524.0000      -31121.276768
2528.0000      -30954.991394
2532.0000      -30921.711874
2536.0000      -30865.988399
2540.0000      -30937.391292
2544.0000      -30863.771905
2548.0000      -31046.020527
2552.0000      -30863.422911
2556.0000      -30789.318836
2560.0000      -30873.884897
2564.0000      -30903.457371
2568.0000      -30933.047250
2572.0000      -30923.071153
2576.0000      -30901.255760
2580.0000      -31048.454662
2584.0000      -30895.875097
2588.0000      -30942.285216
2592.0000      -30982.556551
2596.0000      -30837.670909
2600.0000      -30792.863335
2604.0000      -30878.194524
2608.0000      -30927.161156
2612.0000      -30732.226925
2616.0000      -30914.465242
2620.0000      -30888.876752
2624.0000      -30926.313431
2628.0000      -30955.467209
2632.0000      -30875.019398
2636.0000      -31019.338621
2640.0000      -30981.755775
2644.0000      -30836.355815
2648.0000      -30893.992156
2652.0000      -30851.180680
2656.0000      -30909.951030
2660.0000      -30823.462502
2664.0000      -30934.097274
2668.0000      -30923.709269
2672.0000      -30919.532892
2676.0000      -30969.140322
2680.0000      -30886.646478
2684.0000      -31045.978652
2688.0000      -31000.929666
2692.0000      -30982.168927
2696.0000      -31014.985011
2700.0000      -31024.046009
2704.0000      -30870.609712
2708.0000      -30923.084890
2712.0000      -30908.129631
2716.0000      -31020.728533
2720.0000      -30865.091805
2724.0000      -30770.725604
2728.0000      -30772.380262
2732.0000      -30981.910091
2736.0000      -30908.492093
2740.0000      -30982.855523
2744.0000      -30923.884547
2748.0000      -30779.220266
2752.0000      -30817.150678
2756.0000      -30948.435164
2760.0000      -31011.571591
2764.0000      -31088.797757
2768.0000      -30891.984416
2772.0000      -30996.316408
2776.0000      -31010.462795
2780.0000      -30985.387840
2784.0000      -30961.809844
2788.0000      -30978.406564
2792.0000      -31156.158823
2796.0000      -30921.298059
2800.0000      -30846.329710
2804.0000      -30742.968610
2808.0000      -31018.852322
2812.0000      -30960.288659
2816.0000      -30885.729372
2820.0000      -30839.092168
2824.0000      -31002.008323
2828.0000      -30918.923270
2832.0000      -30886.938838
2836.0000      -30863.390335
2840.0000      -31054.317815
2844.0000      -30851.709786
2848.0000      -30813.655791
2852.0000      -30973.894407
2856.0000      -31092.839333
2860.0000      -30868.324049
2864.0000      -30907.839591
2868.0000      -30934.422192
2872.0000      -31001.783661
2876.0000      -30989.225881
2880.0000      -30940.534592
2884.0000      -30813.547544
2888.0000      -30974.143761
2892.0000      -30899.817737
2896.0000      -30986.229099
2900.0000      -30953.367931
2904.0000      -30738.561436
2908.0000      -31025.431263
2912.0000      -31028.586809
2916.0000      -30852.340488
2920.0000      -30848.082780
2924.0000      -30875.672238
2928.0000      -30926.338318
2932.0000      -30834.086075
2936.0000      -30973.906982
2940.0000      -30816.195079
2944.0000      -30827.273009
2948.0000      -30774.485458
2952.0000      -30795.754631
2956.0000      -30940.609133
2960.0000      -30856.362602
2964.0000      -30839.454941
2968.0000      -30962.035440
2972.0000      -30896.057231
2976.0000      -31043.319654
2980.0000      -30990.521673
2984.0000      -30948.744594
2988.0000      -30968.396551
2992.0000      -30968.488921
2996.0000      -30974.498101
3000.0000      -30905.957690
3004.0000      -31003.731024
3008.0000      -30832.751803
3012.0000      -30926.110784
3016.0000      -30688.119706
3020.0000      -30643.111565
3024.0000      -30979.168267
3028.0000      -30984.245342
3032.0000      -31047.741901
3036.0000      -30907.712560
3040.0000      -30876.193565
3044.0000      -30936.687278
3048.0000      -30886.421640
3052.0000      -30930.478077
3056.0000      -31059.616458
3060.0000      -30890.092609
3064.0000      -31098.155137
3068.0000      -30904.373281
3072.0000      -30871.980972
3076.0000      -30984.947748
3080.0000      -30912.008131
3084.0000      -30897.770043
3088.0000      -30785.684698
3092.0000      -30918.532166
3096.0000      -30878.196262
3100.0000      -30852.542721
3104.0000      -30942.097623
3108.0000      -31013.967163
3112.0000      -30975.160955
3116.0000      -30934.930116
3120.0000      -30646.063050
3124.0000      -30847.838721
3128.0000      -31041.479907
3132.0000      -30897.239946
3136.0000      -31010.722569
3140.0000      -31024.173994
3144.0000      -30827.869115
3148.0000      -30918.311017
3152.0000      -30877.477854
3156.0000      -30917.675918
3160.0000      -30761.152430
3164.0000      -30988.472622
3168.0000      -30910.695637
3172.0000      -30992.099446
3176.0000      -30684.071329
3180.0000      -31156.367431
3184.0000      -30916.172318
3188.0000      -30989.534307
3192.0000      -30877.986207
3196.0000      -30948.829553
3200.0000      -30833.159183
3204.0000      -30906.985112
3208.0000      -30895.107335
3212.0000      -30896.536123
3216.0000      -30783.472764
3220.0000      -30876.664976
3224.0000      -30952.078116
3228.0000      -30954.546276
3232.0000      -30837.191430
3236.0000      -31039.366620
3240.0000      -31066.576390
3244.0000      -30939.982474
3248.0000      -31039.808641
3252.0000      -30857.994065
3256.0000      -30824.592204
3260.0000      -30844.459006
3264.0000      -30832.408568
3268.0000      -30895.966446
3272.0000      -30808.199032
3276.0000      -30919.536810
3280.0000      -30903.960406
3284.0000      -30935.950188
3288.0000      -30779.099345
3292.0000      -31028.009149
3296.0000      -31111.096853
3300.0000      -30884.133521
3304.0000      -30934.343281
3308.0000      -31028.171634
3312.0000      -31143.197152
3316.0000      -30999.868833
3320.0000      -30969.688768
3324.0000      -30868.757388
3328.0000      -31042.118578
3332.0000      -30820.657892
3336.0000      -30908.222197
3340.0000      -30856.450121
3344.0000      -30848.062402
3348.0000      -31014.893500
3352.0000      -30996.603300
3356.0000      -30925.309937
3360.0000      -30889.044755
3364.0000      -31059.984743
3368.0000      -31152.178941
3372.0000      -31037.771238
3376.0000      -30872.336435
3380.0000      -30968.615609
3384.0000      -30975.787858
3388.0000      -30993.664023
3392.0000      -30952.933734
3396.0000      -31049.814156
3400.0000      -31098.791331
3404.0000      -30856.064405
3408.0000      -30881.215928
3412.0000      -31010.566322
3416.0000      -31200.853293
3420.0000      -30863.759880
3424.0000      -30857.706034
3428.0000      -30946.664638
3432.0000      -30969.675081
3436.0000      -30844.365931
3440.0000      -31041.264430
3444.0000      -31009.143427
3448.0000      -30926.423586
3452.0000      -30807.866648
3456.0000      -30856.009215
3460.0000      -30961.224021
3464.0000      -30872.007526
3468.0000      -30835.551197
3472.0000      -30849.845357
3476.0000      -30852.593141
3480.0000      -30874.264054
3484.0000      -30986.020475
3488.0000      -30712.362278
3492.0000      -31042.833071
3496.0000      -30865.954386
3500.0000      -30918.103761
3504.0000      -31019.044128
3508.0000      -31036.028964
3512.0000      -30882.942367
3516.0000      -30871.516924
3520.0000      -30867.507337
3524.0000      -30837.474483
3528.0000      -30942.234466
3532.0000      -30959.483786
3536.0000      -30993.758959
3540.0000      -30927.506909
3544.0000      -30791.727508
3548.0000      -30997.414627
3552.0000      -30970.613594
3556.0000      -30989.018014
3560.0000      -30874.732019
3564.0000      -30915.285880
3568.0000      -30898.106775
3572.0000      -30928.392498
3576.0000      -30990.793937
3580.0000      -30911.363438
3584.0000      -30802.983244
3588.0000      -30916.428233
3592.0000      -31024.932146
3596.0000      -30819.731491
3600.0000      -31008.046172
3604.0000      -30943.478833
3608.0000      -30914.156075
3612.0000      -30910.637347
3616.0000      -30923.326949
3620.0000      -31023.876286
3624.0000      -31016.313719
3628.0000      -30814.151300
3632.0000      -30937.804002
3636.0000      -30845.697705
3640.0000      -30965.586242
3644.0000      -31013.323184
3648.0000      -30861.552512
3652.0000      -30892.476326
3656.0000      -30760.645095
3660.0000      -31079.071571
3664.0000      -31070.689311
3668.0000      -30890.235229
3672.0000      -31062.390926
3676.0000      -30977.895791
3680.0000      -30882.040535
3684.0000      -30949.531907
3688.0000      -30906.347096
3692.0000      -30919.428471
3696.0000      -30932.942327
3700.0000      -31048.245198
3704.0000      -31118.292960
3708.0000      -31042.896485
3712.0000      -30912.487799
3716.0000      -31004.213809
3720.0000      -30847.457373
3724.0000      -31120.797757
3728.0000      -30923.116465
3732.0000      -30947.238850
3736.0000      -30959.283009
3740.0000      -30848.280085
3744.0000      -31027.784817
3748.0000      -31006.575158
3752.0000      -30910.447605
3756.0000      -30960.539597
3760.0000      -30891.593343
3764.0000      -30945.885570
3768.0000      -30838.441188
3772.0000      -30879.426096
3776.0000      -30841.015455
3780.0000      -30955.711975
3784.0000      -31042.122288
3788.0000      -31056.035706
3792.0000      -30746.962546
3796.0000      -30867.203713
3800.0000      -30898.439735
3804.0000      -30779.873880
3808.0000      -30816.205896
3812.0000      -30889.397597
3816.0000      -30932.589441
3820.0000      -30880.030370
3824.0000      -30781.280855
3828.0000      -30899.725449
3832.0000      -31085.189146
3836.0000      -30873.934726
3840.0000      -30925.530716
3844.0000      -30943.359445
3848.0000      -30919.278228
3852.0000      -30927.759479
3856.0000      -30823.105202
3860.0000      -30958.120602
3864.0000      -30950.014091
3868.0000      -30881.668732
3872.0000      -30892.891760
3876.0000      -30905.762120
3880.0000      -30875.657738
3884.0000      -30872.219962
3888.0000      -30866.739376
3892.0000      -30973.806028
3896.0000      -30914.158396
3900.0000      -30910.068314
3904.0000      -30867.293175
3908.0000      -30869.963612
3912.0000      -30818.035067
3916.0000      -30998.551490
3920.0000      -31036.967887
3924.0000      -30799.101413
3928.0000      -30859.971588
3932.0000      -30888.199415
3936.0000      -30872.177130
3940.0000      -30877.248836
3944.0000      -30893.751739
3948.0000      -31035.779493
3952.0000      -30911.166165
3956.0000      -30868.456660
3960.0000      -31108.264231
3964.0000      -30989.017270
3968.0000      -30959.297081
3972.0000      -30761.340356
3976.0000      -30779.731000
3980.0000      -30825.215463
3984.0000      -30897.587120
3988.0000      -30738.547235
3992.0000      -30659.038391
3996.0000      -30904.959863
4000.0000      -30929.161397
4004.0000      -30929.161397
