4.0000      -30924.120573
8.0000      -30955.151561
12.0000      -30875.987736
16.0000      -30940.418622
20.0000      -31011.848526
24.0000      -30771.160144
28.0000      -30799.218673
32.0000      -30851.031426
36.0000      -30750.046554
40.0000      -30839.916892
44.0000      -30914.501723
48.0000      -31020.761627
52.0000      -30994.727296
56.0000      -30953.093878
60.0000      -30935.790952
64.0000      -30966.923084
68.0000      -30887.987372
72.0000      -30939.661317
76.0000      -30943.674385
80.0000      -30804.404812
84.0000      -30978.466088
88.0000      -30867.772966
92.0000      -30868.753818
96.0000      -30917.428273
100.0000      -30942.007211
104.0000      -30841.137044
108.0000      -30853.810911
112.0000      -30843.241229
116.0000      -30779.785972
120.0000      -30754.596936
124.0000      -30871.652542
128.0000      -30826.482244
132.0000      -30876.626202
136.0000      -30967.860039
140.0000      -30789.472656
144.0000      -30840.798480
148.0000      -30867.051069
152.0000      -30908.746875
156.0000      -30801.479720
160.0000      -30997.304945
164.0000      -30838.290276
168.0000      -30754.067997
172.0000      -30896.861443
176.0000      -30879.747736
180.0000      -30727.602766
184.0000      -30799.203767
188.0000      -30808.186664
192.0000      -30800.276244
196.0000      -30759.497989
200.0000      -30773.789005
204.0000      -30644.544974
208.0000      -30949.630247
212.0000      -30959.997234
216.0000      -31045.716882
220.0000      -30858.973227
224.0000      -30841.975622
228.0000      -31009.081003
232.0000      -30736.487731
236.0000      -30794.409927
240.0000      -30745.092196
244.0000      -30896.889511
248.0000      -30816.624345
252.0000      -30913.982028
256.0000      -31004.739247
260.0000      -30739.968990
264.0000      -30854.335407
268.0000      -30758.952928
272.0000      -30840.461137
276.0000      -30932.347314
280.0000      -31001.655259
284.0000      -30780.670450
288.0000      -30951.824042
292.0000      -31048.895983
296.0000      -30921.982454
300.0000      -30791.628155
304.0000      -30891.288890
308.0000      -30891.035530
312.0000      -30923.863931
316.0000      -30796.473810
320.0000      -30857.860194
324.0000      -30965.167842
328.0000      -30896.736113
332.0000      -31002.484384
336.0000      -30856.313053
340.0000      -30766.951308
344.0000      -30823.525693
348.0000      -30814.153735
352.0000      -31037.517607
356.0000      -30881.805404
360.0000      -30802.420467
364.0000      -31030.932247
368.0000      -30920.860074
372.0000      -30982.946804
376.0000      -30860.790448
380.0000      -30805.035758
384.0000      -30949.305025
388.0000      -30685.058704
392.0000      -31038.572118
396.0000      -30888.294196
400.0000      -31001.763085
404.0000      -30740.306705
408.0000      -30898.731672
412.0000      -31035.492888
416.0000      -30734.777512
420.0000      -31077.868917
424.0000      -30959.284829
428.0000      -30950.631568
432.0000      -30855.749746
436.0000      -31011.900904
440.0000      -30924.935015
444.0000      -30844.661170
448.0000      -30851.341014
452.0000      -30789.415718
456.0000      -30797.694408
460.0000      -30850.480738
464.0000      -30851.661453
468.0000      -30771.736925
472.0000      -30916.528793
476.0000      -30900.558011
480.0000      -30861.560750
484.0000      -30759.316874
488.0000      -30847.109514
492.0000      -30857.860880
496.0000      -30750.626279
500.0000      -31044.044898
504.0000      -30849.478690
508.0000      -30813.071919
512.0000      -30837.247272
516.0000      -30848.549810
520.0000      -30819.594083
524.0000      -30778.080560
528.0000      -30965.583531
532.0000      -30901.291419
536.0000      -30796.901593
540.0000      -30819.759530
544.0000      -30878.867255
548.0000      -30994.875603
552.0000      -30821.324376
556.0000      -30939.509584
560.0000      -30961.641663
564.0000      -30681.396360
568.0000      -30993.930069
572.0000      -30845.102175
576.0000      -30925.508319
580.0000      -30942.984009
584.0000      -31017.765164
588.0000      -31033.894757
592.0000      -30838.356175
596.0000      -30761.067496
600.0000      -30932.886491
604.0000      -30918.153596
608.0000      -30822.922436
612.0000      -30944.113932
616.0000      -30858.530198
620.0000      -30973.426780
624.0000      -30735.478752
628.0000      -30781.705030
632.0000      -31019.699058
636.0000      -30825.457358
640.0000      -30963.108096
644.0000      -30942.074697
648.0000      -30817.790470
652.0000      -30848.299532
656.0000      -30705.063742
660.0000      -30920.020774
664.0000      -31068.747233
668.0000      -30951.735762
672.0000      -30651.398406
676.0000      -30967.661416
680.0000      -30967.347601
684.0000      -30964.344995
688.0000      -30918.771689
692.0000      -30741.116045
696.0000      -30849.366989
700.0000      -30747.167504
704.0000      -30883.041747
708.0000      -30935.807825
712.0000      -30899.907173
716.0000      -31101.930585
720.0000      -30752.836961
724.0000      -30899.952552
728.0000      -30889.233039
732.0000      -30869.572897
736.0000      -30976.960658
740.0000      -30826.643512
744.0000      -30843.738229
748.0000      -30942.383687
752.0000      -30780.373281
756.0000      -30726.468263
760.0000      -30888.374380
764.0000      -30707.282467
768.0000      -30875.120198
772.0000      -30822.102875
776.0000      -30762.082492
780.0000      -31016.330945
784.0000      -30985.129613
788.0000      -30870.168613
792.0000      -30736.074794
796.0000      -30839.829228
800.0000      -30725.172429
804.0000      -30829.446194
808.0000      -30887.053577
812.0000      -30856.839943
816.0000      -30980.029808
820.0000      -30949.614710
824.0000      -30902.876791
828.0000      -30953.652962
832.0000      -30915.791729
836.0000      -30840.782249
840.0000      -30725.203868
844.0000      -30944.278145
848.0000      -30926.229290
852.0000      -30641.600254
856.0000      -30742.650469
860.0000      -30941.148817
864.0000      -30797.200806
868.0000      -30821.546967
872.0000      -30890.673235
876.0000      -30755.714987
880.0000      -30722.984068
884.0000      -30876.759987
888.0000      -31002.333050
892.0000      -30941.788947
896.0000      -30888.244698
900.0000      -30845.671835
904.0000      -30758.523882
908.0000      -30732.416342
912.0000      -30893.844157
916.0000      -30790.505178
920.0000      -30925.615294
924.0000      -30873.705210
928.0000      -30848.789920
932.0000      -30665.229625
936.0000      -30919.818908
940.0000      -30785.945428
944.0000      -30940.195305
948.0000      -30856.935692
952.0000      -30896.274264
956.0000      -30635.082100
960.0000      -30832.221800
964.0000      -30809.103082
968.0000      -31071.668820
972.0000      -30849.938377
976.0000      -30940.245090
980.0000      -30740.418604
984.0000      -30955.978605
988.0000      -30788.688165
992.0000      -30845.862245
996.0000      -30864.397313
1000.0000      -30808.952974
1004.0000      -30712.657586
1008.0000      -30876.451460
1012.0000      -30961.956367
1016.0000      -30895.255735
1020.0000      -30945.993973
1024.0000      -31056.488174
1028.0000      -30794.506445
1032.0000      -30919.839914
1036.0000      -30906.329316
1040.0000      -30974.410664
1044.0000      -30834.701166
1048.0000      -30680.431973
1052.0000      -30877.552340
1056.0000      -30984.179752
1060.0000      -30842.906602
1064.0000      -30793.017728
1068.0000      -30798.067118
1072.0000      -30898.662580
1076.0000      -31095.699782
1080.0000      -30697.625412
1084.0000      -30860.369173
1088.0000      -30876.523579
1092.0000      -31005.144965
1096.0000      -30869.749910
1100.0000      -30949.279922
1104.0000      -30934.669315
1108.0000      -30773.432977
1112.0000      -30891.800076
1116.0000      -30935.755209
1120.0000      -30748.088555
1124.0000      -30864.784473
1128.0000      -30791.073864
1132.0000      -30812.927020
1136.0000      -30990.133350
1140.0000      -30827.576856
1144.0000      -30826.090315
1148.0000      -30877.250162
1152.0000      -30714.430136
1156.0000      -30889.320894
1160.0000      -30978.684784
1164.0000      -30982.451206
1168.0000      -30952.813933
1172.0000      -30863.075680
1176.0000      -30887.257181
1180.0000      -30629.924277
1184.0000      -30908.458073
1188.0000      -30957.531990
1192.0000      -30813.441685
1196.0000      -30965.682408
1200.0000      -30725.271764
1204.0000      -30934.609869
1208.0000      -30761.330360
1212.0000      -30771.187197
1216.0000      -30974.856290
1220.0000      -30815.576504
1224.0000      -30797.615550
1228.0000      -30968.813364
1232.0000      -30974.213401
1236.0000      -30978.748007
1240.0000      -30993.000949
1244.0000      -30961.290943
1248.0000      -30929.936812
1252.0000      -30775.838059
1256.0000      -30813.857099
1260.0000      -30934.833627
1264.0000      -30786.547476
1268.0000      -30896.658743
1272.0000      -30793.044901
1276.0000      -30807.947577
1280.0000      -30807.801424
1284.0000      -30873.422861
1288.0000      -30871.500926
1292.0000      -30747.962726
1296.0000      -30849.796515
1300.0000      -30767.806548
1304.0000      -30795.954496
1308.0000      -30708.671050
1312.0000      -30770.684232
1316.0000      -31088.454044
1320.0000      -30965.918864
1324.0000      -30824.870270
1328.0000      -30772.003125
1332.0000      -30805.740783
1336.0000      -30951.427289
1340.0000      -30821.117020
1344.0000      -30737.298846
1348.0000      -30895.997018
1352.0000      -30825.598056
1356.0000      -30842.593593
1360.0000      -30809.211972
1364.0000      -30844.805162
1368.0000      -31056.614686
1372.0000      -30954.054390
1376.0000      -30905.285888
1380.0000      -30984.714349
1384.0000      -30899.215179
1388.0000      -30886.542046
1392.0000      -30841.930204
1396.0000      -30795.769365
1400.0000      -30951.722755
1404.0000      -30734.553515
1408.0000      -30782.771627
1412.0000      -30863.267431
1416.0000      -30901.399830
1420.0000      -30980.660660
1424.0000      -30942.506120
1428.0000      -30793.598190
1432.0000      -30931.076654
1436.0000      -30889.494946
1440.0000      -30854.614311
1444.0000      -31030.132572
1448.0000      -30818.905442
1452.0000      -30881.190678
1456.0000      -30929.294177
1460.0000      -30904.830585
1464.0000      -30967.500688
1468.0000      -30874.160236
1472.0000      -30820.709957
1476.0000      -30791.497884
1480.0000      -30924.723023
1484.0000      -30822.571321
1488.0000      -31020.526795
1492.0000      -30778.421979
1496.0000      -30774.876181
1500.0000      -30769.700894
1504.0000      -30798.505530
1508.0000      -30801.634236
1512.0000      -31093.592206
1516.0000      -30746.643840
1520.0000      -30909.639618
1524.0000      -30703.928160
1528.0000      -30794.551523
1532.0000      -30978.129159
1536.0000      -30845.900367
1540.0000      -30965.037434
1544.0000      -30932.463431
1548.0000      -30867.835055
1552.0000      -30730.592037
1556.0000      -30882.476309
1560.0000      -31036.279440
1564.0000      -30897.099639
1568.0000      -30984.438044
1572.0000      -30846.935487
1576.0000      -30832.918607
1580.0000      -30917.091602
1584.0000      -30925.941941
1588.0000      -30810.187261
1592.0000      -30810.476732
1596.0000      -30818.011004
1600.0000      -30873.119909
1604.0000      -30642.857737
1608.0000      -30827.696774
1612.0000      -30860.877052
1616.0000      -30883.109817
1620.0000      -30778.166175
1624.0000      -30894.283150
1628.0000      -30897.350670
1632.0000      -30713.924613
1636.0000      -30944.079162
1640.0000      -30941.382060
1644.0000      -30757.124217
1648.0000      -30936.857678
1652.0000      -30895.879075
1656.0000      -30778.986022
1660.0000      -30911.755203
1664.0000      -30942.780720
1668.0000      -30721.216134
1672.0000      -30865.063103
1676.0000      -30848.956442
1680.0000      -30943.759938
1684.0000      -30873.330766
1688.0000      -30885.329891
1692.0000      -31004.580040
1696.0000      -30819.860648
1700.0000      -30938.761664
1704.0000      -30828.578178
1708.0000      -30860.813560
1712.0000      -30712.568013
1716.0000      -30789.621143
1720.0000      -31051.530630
1724.0000      -30945.146799
1728.0000      -30840.688730
1732.0000      -30944.198482
1736.0000      -30905.039921
1740.0000      -30879.565049
1744.0000      -31009.674807
1748.0000      -30933.897665
1752.0000      -30741.964219
1756.0000      -30893.973973
1760.0000      -30806.856285
1764.0000      -30845.474297
1768.0000      -30906.830363
1772.0000      -30976.571240
1776.0000      -30847.353819
1780.0000      -30889.390154
1784.0000      -30718.191439
1788.0000      -30792.814167
1792.0000      -30848.458659
1796.0000      -30832.849792
1800.0000      -30860.834410
1804.0000      -30906.642409
1808.0000      -30857.593147
1812.0000      -30846.275606
1816.0000      -30965.200042
1820.0000      -30895.496134
1824.0000      -30829.981791
1828.0000      -30879.977655
1832.0000      -30709.496842
1836.0000      -30818.528717
1840.0000      -30883.866697
1844.0000      -30877.840918
1848.0000      -30685.765170
1852.0000      -30801.865849
1856.0000      -30838.925953
1860.0000      -30907.736904
1864.0000      -30944.024492
1868.0000      -30869.605721
1872.0000      -31065.708884
1876.0000      -30687.780490
1880.0000      -30733.832313
1884.0000      -30993.989684
1888.0000      -30818.728534
1892.0000      -30907.532860
1896.0000      -30892.152546
1900.0000      -30859.437287
1904.0000      -30839.555977
1908.0000      -30865.215247
1912.0000      -30805.450538
1916.0000      -30882.380827
1920.0000      -30857.692651
1924.0000      -30868.420352
1928.0000      -30787.826909
1932.0000      -30841.668270
1936.0000      -30723.492750
1940.0000      -30835.017256
1944.0000      -30723.877991
1948.0000      -30747.320993
1952.0000      -30881.218177
1956.0000      -30774.742222
1960.0000      -30674.203530
1964.0000      -30912.307987
1968.0000      -30938.620637
1972.0000      -30975.869872
1976.0000      -30957.885598
1980.0000      -30774.405252
1984.0000      -30660.020923
1988.0000      -30860.849365
1992.0000      -30755.972919
1996.0000      -30818.781314
2000.0000      -30904.827922
2004.0000      -30878.292549
2008.0000      -30827.237257
2012.0000      -30810.036764
2016.0000      -30892.269493
2020.0000      -30770.140044
2024.0000      -30723.203717
2028.0000      -30923.995025
2032.0000      -30849.029183
2036.0000      -30809.228620
2040.0000      -30829.749158
2044.0000      -30738.979860
2048.0000      -30866.772869
2052.0000      -30866.785205
2056.0000      -30701.414236
2060.0000      -31050.421164
2064.0000      -30901.923078
2068.0000      -31066.212937
2072.0000      -31026.217722
2076.0000      -30842.238654
2080.0000      -30974.475046
2084.0000      -30773.765140
2088.0000      -30964.289151
2092.0000      -30762.890578
2096.0000      -30866.288198
2100.0000      -30827.561031
2104.0000      -30833.782353
2108.0000      -30849.704539
2112.0000      -30842.720068
2116.0000      -31004.976992
2120.0000      -30884.547987
2124.0000      -30944.985538
2128.0000      -30893.005876
2132.0000      -30838.842299
2136.0000      -30956.975143
2140.0000      -30896.720407
2144.0000      -30775.683731
2148.0000      -30852.917666
2152.0000      -30957.359138
2156.0000      -31029.718438
2160.0000      -30796.929935
2164.0000      -30756.435495
2168.0000      -30849.585244
2172.0000      -30877.581319
2176.0000      -30937.666954
2180.0000      -30959.807280
2184.0000      -30818.826548
2188.0000      -30699.070766
2192.0000      -30964.787927
2196.0000      -30708.813693
2200.0000      -30897.543966
2204.0000      -30936.815448
2208.0000      -30821.369708
2212.0000      -31006.614108
2216.0000      -30818.696190
2220.0000      -30851.037195
2224.0000      -30788.905014
2228.0000      -30624.776110
2232.0000      -30801.802700
2236.0000      -30702.731272
2240.0000      -30781.258081
2244.0000      -30622.381142
2248.0000      -30754.835314
2252.0000      -30828.269343
2256.0000      -31021.281527
2260.0000      -31073.304395
2264.0000      -30775.845218
2268.0000      -30861.969241
2272.0000      -30943.887233
2276.0000      -30842.245493
2280.0000      -30863.206555
2284.0000      -30820.914729
2288.0000      -30736.591755
2292.0000      -30897.417182
2296.0000      -30704.777356
2300.0000      -30852.892106
2304.0000      -30882.198513
2308.0000      -30948.312797
2312.0000      -30840.297883
2316.0000      -30976.002626
2320.0000      -30842.285005
2324.0000      -30806.685655
2328.0000      -30821.292406
2332.0000      -30798.871394
2336.0000      -30730.648935
2340.0000      -30906.669806
2344.0000      -30905.229644
2348.0000      -30797.516563
2352.0000      -30824.749112
2356.0000      -30804.168102
2360.0000      -31066.772554
2364.0000      -30842.504620
2368.0000      -30903.642082
2372.0000      -30842.749232
2376.0000      -31034.406444
2380.0000      -30759.863022
2384.0000      -30900.593828
2388.0000      -31005.759524
2392.0000      -30898.487385
2396.0000      -30967.571694
2400.0000      -30739.075472
2404.0000      -30823.224543
2408.0000      -30715.400370
2412.0000      -31013.680701
2416.0000      -30963.342563
2420.0000      -30732.290727
2424.0000      -30856.406471
2428.0000      -30781.673309
2432.0000      -30964.111682
2436.0000      -30802.673261
2440.0000      -30903.002833
2444.0000      -30909.381334
2448.0000      -30764.554319
2452.0000      -30861.170924
2456.0000      -30915.840900
2460.0000      -30759.426014
2464.0000      -30776.846669
2468.0000      -30937.607358
2472.0000      -30841.704396
2476.0000      -30822.721920
2480.0000      -30889.636699
2484.0000      -30816.060698
2488.0000      -31020.485750
2492.0000      -30977.773670
2496.0000      -30882.062327
2500.0000      -31084.687225
2504.0000      -30911.590152
2508.0000      -30726.935355
2512.0000      -30916.480224
2516.0000      -30990.957463
2520.0000      -30868.801992
2524.0000      -30810.741246
2528.0000      -30847.912682
2532.0000      -30924.382464
2536.0000      -30866.140994
2540.0000      -30998.124170
2544.0000      -30944.853717
2548.0000      -30894.134945
2552.0000      -30789.157905
2556.0000      -30777.496010
2560.0000      -30959.151312
2564.0000      -30977.570706
2568.0000      -30835.995803
2572.0000      -30862.593425
2576.0000      -30725.240646
2580.0000      -30860.905724
2584.0000      -30746.546631
2588.0000      -30919.322940
2592.0000      -30850.098144
2596.0000      -30764.564805
2600.0000      -30584.270417
2604.0000      -30797.384816
2608.0000      -30828.507484
2612.0000      -30928.645672
2616.0000      -30813.588628
2620.0000      -30779.838926
2624.0000      -30764.966654
2628.0000      -30827.974493
2632.0000      -30825.791980
2636.0000      -30790.074823
2640.0000      -30982.904181
2644.0000      -30869.042431
2648.0000      -30783.524752
2652.0000      -30901.659916
2656.0000      -30920.435175
2660.0000      -30898.213345
2664.0000      -30841.270205
2668.0000      -30731.834570
2672.0000      -30841.916431
2676.0000      -30772.679904
2680.0000      -30842.892090
2684.0000      -30767.426017
2688.0000      -30850.152519
2692.0000      -30928.108866
2696.0000      -30676.744861
2700.0000      -30844.861213
2704.0000      -30828.938133
2708.0000      -30917.160178
2712.0000      -30972.720082
2716.0000      -30971.960498
2720.0000      -30843.832986
2724.0000      -30832.843615
2728.0000      -30860.172240
2732.0000      -30944.337468
2736.0000      -30907.926211
2740.0000      -30806.650527
2744.0000      -30979.465366
2748.0000      -30692.647097
2752.0000      -30863.617915
2756.0000      -30823.974610
2760.0000      -30942.972848
2764.0000      -30893.443120
2768.0000      -30896.492977
2772.0000      -30752.216731
2776.0000      -30940.597320
2780.0000      -30616.288682
2784.0000      -30747.163974
2788.0000      -30652.206494
2792.0000      -30813.625652
2796.0000      -30904.037640
2800.0000      -30805.796857
2804.0000      -30743.361776
2808.0000      -30816.642293
2812.0000      -30759.342233
2816.0000      -30888.254986
2820.0000      -30824.928713
2824.0000      -30684.569125
2828.0000      -30998.147560
2832.0000      -30666.004089
2836.0000      -30683.185972
2840.0000      -30941.835633
2844.0000      -30987.591623
2848.0000      -30829.326435
2852.0000      -30796.514569
2856.0000      -31027.657469
2860.0000      -30783.147137
2864.0000      -30877.557749
2868.0000      -30981.941480
2872.0000      -30921.357427
2876.0000      -30770.261038
2880.0000      -31016.108365
2884.0000      -30637.613666
2888.0000      -30844.770947
2892.0000      -30867.928899
2896.0000      -30716.302651
2900.0000      -30877.265964
2904.0000      -30948.927969
2908.0000      -30902.692055
2912.0000      -30888.745998
2916.0000      -30839.540762
2920.0000      -30916.621708
2924.0000      -30812.926112
2928.0000      -30988.348955
2932.0000      -30950.545847
2936.0000      -30744.428010
2940.0000      -30945.308713
2944.0000      -30910.394337
2948.0000      -30784.977800
2952.0000      -30783.541662
2956.0000      -30882.893736
2960.0000      -30908.855661
2964.0000      -30903.195084
2968.0000      -30778.967414
2972.0000      -30939.465554
2976.0000      -30938.193836
2980.0000      -30779.587340
2984.0000      -30722.975052
2988.0000      -30910.330565
2992.0000      -30841.153818
2996.0000      -30788.176097
3000.0000      -30811.109484
3004.0000      -30778.052467
3008.0000      -30872.600280
3012.0000      -31114.603412
3016.0000      -30898.901348
3020.0000      -30737.657102
3024.0000      -30758.931632
3028.0000      -30687.661043
3032.0000      -30817.302553
3036.0000      -30802.453920
3040.0000      -30862.134206
3044.0000      -31000.540906
3048.0000      -30970.746143
3052.0000      -30858.029672
3056.0000      -30841.131826
3060.0000      -30746.355237
3064.0000      -30803.183605
3068.0000      -31037.552991
3072.0000      -30896.144777
3076.0000      -30824.436136
3080.0000      -30861.528948
3084.0000      -31007.544596
3088.0000      -30829.738257
3092.0000      -30884.870102
3096.0000      -30843.258996
3100.0000      -30963.004561
3104.0000      -30875.644433
3108.0000      -30996.520638
3112.0000      -30913.851627
3116.0000      -30857.942697
3120.0000      -30896.842050
3124.0000      -30905.964453
3128.0000      -30894.877596
3132.0000      -30959.921109
3136.0000      -30795.806709
3140.0000      -30894.062471
3144.0000      -30915.600207
3148.0000      -30848.233753
3152.0000      -30946.339549
3156.0000      -30955.531815
3160.0000      -30978.902192
3164.0000      -30916.294448
3168.0000      -30733.086266
3172.0000      -30887.628376
3176.0000      -30995.015080
3180.0000      -30864.681330
3184.0000      -30884.943881
3188.0000      -31065.430766
3192.0000      -30762.076977
3196.0000      -30829.585061
3200.0000      -30958.828161
3204.0000      -30966.633693
3208.0000      -30763.431774
3212.0000      -30888.518018
3216.0000      -30899.731953
3220.0000      -30905.194533
3224.0000      -30879.439557
3228.0000      -30856.558212
3232.0000      -30928.895320
3236.0000      -30947.737918
3240.0000      -30906.579304
3244.0000      -30811.109404
3248.0000      -30899.380707
3252.0000      -30787.950190
3256.0000      -30778.488547
3260.0000      -30830.553021
3264.0000      -30963.462091
3268.0000      -30896.608412
3272.0000      -30693.267017
3276.0000      -30838.550748
3280.0000      -30873.570711
3284.0000      -30732.602808
3288.0000      -30797.367641
3292.0000      -30834.838412
3296.0000      -30918.246130
3300.0000      -30912.810036
3304.0000      -30939.077223
3308.0000      -31114.913667
3312.0000      -30882.339712
3316.0000      -30848.063077
3320.0000      -30732.204704
3324.0000      -30663.666670
3328.0000      -30967.961677
3332.0000      -30921.514941
3336.0000      -30952.126965
3340.0000      -30941.430445
3344.0000      -30829.116293
3348.0000      -30764.832092
3352.0000      -30811.298451
3356.0000      -30981.595163
3360.0000      -30874.215343
3364.0000      -30891.654900
3368.0000      -30840.931359
3372.0000      -30874.895386
3376.0000      -30832.860582
3380.0000      -30878.624730
3384.0000      -30895.585300
3388.0000      -31017.056444
3392.0000      -30950.572341
3396.0000      -30897.866728
3400.0000      -31003.204642
3404.0000      -30788.300129
3408.0000      -31185.992169
3412.0000      -30827.439857
3416.0000      -31020.252290
3420.0000      -30979.770415
3424.0000      -30877.761583
3428.0000      -30896.118083
3432.0000      -30810.814667
3436.0000      -30887.673886
3440.0000      -30902.338837
3444.0000      -30872.744384
3448.0000      -30733.847865
3452.0000      -30854.453128
3456.0000      -30708.048442
3460.0000      -30782.404241
3464.0000      -30816.773891
3468.0000      -31009.362551
3472.0000      -30924.994255
3476.0000      -30862.959335
3480.0000      -30973.887695
3484.0000      -30937.563540
3488.0000      -30850.298125
3492.0000      -30824.565293
3496.0000      -30914.716870
3500.0000      -30890.547265
3504.0000      -30978.484313
3508.0000      -30894.350019
3512.0000      -30899.992830
3516.0000      -30859.518245
3520.0000      -30856.633610
3524.0000      -30988.735956
3528.0000      -30913.562794
3532.0000      -30853.487185
3536.0000      -30967.078801
3540.0000      -30856.270479
3544.0000      -30866.370819
3548.0000      -30758.901914
3552.0000      -30912.142213
3556.0000      -30961.783811
3560.0000      -30646.419048
3564.0000      -31037.535410
3568.0000      -30776.170876
3572.0000      -30801.815586
3576.0000      -30931.335211
3580.0000      -30749.134317
3584.0000      -30874.779554
3588.0000      -30866.323367
3592.0000      -30958.802049
3596.0000      -30846.441269
3600.0000      -30865.049696
3604.0000      -30712.512866
3608.0000      -30809.468054
3612.0000      -30831.377923
3616.0000      -30896.691013
3620.0000      -30761.935528
3624.0000      -30882.045556
3628.0000      -30901.956798
3632.0000      -30684.930441
3636.0000      -30778.561628
3640.0000      -31028.372787
3644.0000      -30899.374432
3648.0000      -31036.441403
3652.0000      -30936.372156
3656.0000      -30834.175957
3660.0000      -30856.433607
3664.0000      -30839.093164
3668.0000      -30896.158736
3672.0000      -30726.852868
3676.0000      -30889.636409
3680.0000      -30911.845736
3684.0000      -30801.415111
3688.0000      -30901.374912
3692.0000      -31026.659318
3696.0000      -30864.215550
3700.0000      -30718.951282
3704.0000      -30878.393381
3708.0000      -30895.050935
3712.0000      -31045.853912
3716.0000      -30758.448244
3720.0000      -30880.238546
3724.0000      -30857.247639
3728.0000      -30823.575752
3732.0000      -30874.585815
3736.0000      -30899.579675
3740.0000      -30758.491565
3744.0000      -30984.522260
3748.0000      -30894.798578
3752.0000      -30904.976704
3756.0000      -30862.023540
3760.0000      -30837.865059
3764.0000      -30916.578607
3768.0000      -30967.435655
3772.0000      -30994.225299
3776.0000      -30926.053610
3780.0000      -31062.734479
3784.0000      -30833.399595
3788.0000      -30783.718695
3792.0000      -30906.155127
3796.0000      -30809.757486
3800.0000      -31027.542751
3804.0000      -30959.756873
3808.0000      -30993.424171
3812.0000      -30854.948667
3816.0000      -30773.350561
3820.0000      -30965.399750
3824.0000      -30834.586938
3828.0000      -30856.612686
3832.0000      -30952.120445
3836.0000      -30967.074638
3840.0000      -30941.431742
3844.0000      -30851.483310
3848.0000      -30884.368039
3852.0000      -30739.237599
3856.0000      -30723.454343
3860.0000      -30924.845191
3864.0000      -30919.757161
3868.0000      -30802.012747
3872.0000      -30802.769993
3876.0000      -30854.872119
3880.0000      -30892.788506
3884.0000      -30918.985439
3888.0000      -30906.171152
3892.0000      -30884.214176
3896.0000      -30958.308112
3900.0000      -30888.408984
3904.0000      -30925.195195
3908.0000      -30754.650436
3912.0000      -30907.258776
3916.0000      -31008.919701
3920.0000      -30779.806136
3924.0000      -30744.387434
3928.0000      -30901.911752
3932.0000      -30799.917167
3936.0000      -30844.694278
3940.0000      -30832.795358
3944.0000      -30925.268078
3948.0000      -30830.634728
3952.0000      -30886.845905
3956.0000      -30807.609735
3960.0000      -30923.468200
3964.0000      -30831.692827
3968.0000      -30749.627242
3972.0000      -30852.282114
3976.0000      -30951.288918
3980.0000      -30923.239477
3984.0000      -30875.752038
3988.0000      -30908.362627
3992.0000      -30943.259059
3996.0000      -30901.415549
4000.0000      -30871.226067
4004.0000      -30871.226067
