4.0000      -30912.498464
8.0000      -30888.069510
12.0000      -30772.168537
16.0000      -30909.623784
20.0000      -30898.628955
24.0000      -30847.832767
28.0000      -30875.460425
32.0000      -30764.853115
36.0000      -30935.613443
40.0000      -30803.447197
44.0000      -30950.241613
48.0000      -30875.948115
52.0000      -30926.187253
56.0000      -30919.485039
60.0000      -30960.210025
64.0000      -30898.677793
68.0000      -30803.042613
72.0000      -31000.363020
76.0000      -30929.191481
80.0000      -30950.326479
84.0000      -30840.627305
88.0000      -30764.091314
92.0000      -30950.772789
96.0000      -30878.965872
100.0000      -30920.441857
104.0000      -30954.125028
108.0000      -30943.940045
112.0000      -30863.870590
116.0000      -31005.816477
120.0000      -30797.371543
124.0000      -30943.368800
128.0000      -30786.626973
132.0000      -30866.084573
136.0000      -30820.003976
140.0000      -30892.947341
144.0000      -30834.466107
148.0000      -30786.295911
152.0000      -30976.143761
156.0000      -31041.799794
160.0000      -30912.831401
164.0000      -30815.270797
168.0000      -30904.187832
172.0000      -31069.878954
176.0000      -30989.166943
180.0000      -30833.339417
184.0000      -30917.949935
188.0000      -30979.791103
192.0000      -30902.309564
196.0000      -31001.137514
200.0000      -30961.924925
204.0000      -30916.938397
208.0000      -30968.592832
212.0000      -30709.719844
216.0000      -30728.045226
220.0000      -30823.026479
224.0000      -30933.830051
228.0000      -30725.190041
232.0000      -30965.026591
236.0000      -31066.694797
240.0000      -30760.465946
244.0000      -31169.172210
248.0000      -30817.188187
252.0000      -30962.765373
256.0000      -30836.303240
260.0000      -30841.286194
264.0000      -30923.891271
268.0000      -30862.345193
272.0000      -30801.788976
276.0000      -30836.103517
280.0000      -30674.634162
284.0000      -30972.198454
288.0000      -30929.963597
292.0000      -30775.353800
296.0000      -30963.564987
300.0000      -30784.676584
304.0000      -30894.170400
308.0000      -30950.631784
312.0000      -30904.313459
316.0000      -30868.481480
320.0000      -30938.284548
324.0000      -31081.780631
328.0000      -30807.647320
332.0000      -31020.484793
336.0000      -30929.690113
340.0000      -31005.427403
344.0000      -30905.662954
348.0000      -30908.875761
352.0000      -30857.619969
356.0000      -30827.759454
360.0000      -31009.329350
364.0000      -30811.789909
368.0000      -30693.411634
372.0000      -30875.584294
376.0000      -30816.925493
380.0000      -30792.034303
384.0000      -30751.702281
388.0000      -30907.637664
392.0000      -31085.635998
396.0000      -30871.629859
400.0000      -30887.214367
404.0000      -30891.945208
408.0000      -30759.104397
412.0000      -30818.950074
416.0000      -30926.161949
420.0000      -30920.236492
424.0000      -30933.135121
428.0000      -30821.862361
432.0000      -30766.426036
436.0000      -31069.622852
440.0000      -30976.850161
444.0000      -31000.329753
448.0000      -30975.161764
452.0000      -30879.930974
456.0000      -31107.120218
460.0000      -31003.191412
464.0000      -31027.330710
468.0000      -31039.696860
472.0000      -30841.542790
476.0000      -30821.226178
480.0000      -30954.962751
484.0000      -31043.548150
488.0000      -30881.815602
492.0000      -30904.942466
496.0000      -30900.676849
500.0000      -31048.807689
504.0000      -30773.231922
508.0000      -30775.467803
512.0000      -30653.208433
516.0000      -30816.366290
520.0000      -30931.360824
524.0000      -30897.660068
528.0000      -30749.318457
532.0000      -31041.817997
536.0000      -30824.291160
540.0000      -30808.058502
544.0000      -30872.923477
548.0000      -30824.256532
552.0000      -30740.126598
556.0000      -30834.054141
560.0000      -30872.368530
564.0000      -31026.000263
568.0000      -30854.553032
572.0000      -30886.826957
576.0000      -30957.694622
580.0000      -30816.835948
584.0000      -30821.016435
588.0000      -30771.197760
592.0000      -30815.774840
596.0000      -30765.717954
600.0000      -30775.537626
604.0000      -30917.883727
608.0000      -30852.573496
612.0000      -30918.673381
616.0000      -30763.751401
620.0000      -30857.496417
624.0000      -30903.578861
628.0000      -30930.918927
632.0000      -30944.567095
636.0000      -30811.075340
640.0000      -30856.689606
644.0000      -30929.438566
648.0000      -30790.391312
652.0000      -30709.670976
656.0000      -30897.878746
660.0000      -30800.492498
664.0000      -30826.650463
668.0000      -30793.582504
672.0000      -30744.601845
676.0000      -30934.758473
680.0000      -30839.074122
684.0000      -31000.336142
688.0000      -30643.838464
692.0000      -30746.136326
696.0000      -30815.472063
700.0000      -30705.317038
704.0000      -30811.235490
708.0000      -30899.191643
712.0000      -30799.708206
716.0000      -30802.366349
720.0000      -30806.047296
724.0000      -30886.544321
728.0000      -30792.977409
732.0000      -31030.471805
736.0000      -30970.989456
740.0000      -30881.359832
744.0000      -30880.404960
748.0000      -30920.399035
752.0000      -30998.442497
756.0000      -30808.252463
760.0000      -30944.792565
764.0000      -30787.320933
768.0000      -30850.573346
772.0000      -30869.460913
776.0000      -30834.452580
780.0000      -30819.785651
784.0000      -31122.112967
788.0000      -30891.167913
792.0000      -30846.902671
796.0000      -30967.989250
800.0000      -30947.572497
804.0000      -30824.325504
808.0000      -30849.489827
812.0000      -30696.953233
816.0000      -30797.407986
820.0000      -30932.992806
824.0000      -30896.290556
828.0000      -31009.708144
832.0000      -31028.602545
836.0000      -30821.767864
840.0000      -30973.606829
844.0000      -30768.826314
848.0000      -31034.633259
852.0000      -30714.196934
856.0000      -30977.650062
860.0000      -31052.542355
864.0000      -30984.149552
868.0000      -30981.357501
872.0000      -30874.648586
876.0000      -30808.991574
880.0000      -30862.661038
884.0000      -30958.072286
888.0000      -31014.623060
892.0000      -30952.110631
896.0000      -30840.731420
900.0000      -31102.127190
904.0000      -30910.315290
908.0000      -30855.088440
912.0000      -30907.515212
916.0000      -30829.854467
920.0000      -30925.338660
924.0000      -30942.650884
928.0000      -30887.221491
932.0000      -30835.387217
936.0000      -30956.076803
940.0000      -31035.822050
944.0000      -30939.611880
948.0000      -30946.244752
952.0000      -30828.239227
956.0000      -30927.489744
960.0000      -31007.176498
964.0000      -30764.351172
968.0000      -30883.608046
972.0000      -30789.701017
976.0000      -30704.367047
980.0000      -31048.351457
984.0000      -30921.465987
988.0000      -30867.022898
992.0000      -31007.710508
996.0000      -30944.001864
1000.0000      -30851.461759
1004.0000      -31003.348771
1008.0000      -30715.159786
1012.0000      -30881.848746
1016.0000      -30860.808189
1020.0000      -30944.448846
1024.0000      -30846.236666
1028.0000      -30887.646113
1032.0000      -30792.250895
1036.0000      -30887.116250
1040.0000      -30933.946833
1044.0000      -31049.494002
1048.0000      -30775.763115
1052.0000      -30807.052998
1056.0000      -30819.721223
1060.0000      -30956.821651
1064.0000      -30857.685434
1068.0000      -30851.944533
1072.0000      -30964.016779
1076.0000      -30872.381811
1080.0000      -30840.153437
1084.0000      -30983.165199
1088.0000      -30933.765393
1092.0000      -30706.137847
1096.0000      -31033.216947
1100.0000      -30986.891425
1104.0000      -30819.536838
1108.0000      -31046.368826
1112.0000      -30935.447605
1116.0000      -30780.032427
1120.0000      -30885.522110
1124.0000      -30920.932848
1128.0000      -30826.942212
1132.0000      -30852.735719
1136.0000      -30942.426493
1140.0000      -30710.155713
1144.0000      -30757.756251
1148.0000      -30903.686349
1152.0000      -30916.876587
1156.0000      -30820.203981
1160.0000      -30903.929721
1164.0000      -30812.765904
1168.0000      -30856.404238
1172.0000      -30914.139898
1176.0000      -30839.566319
1180.0000      -30921.640518
1184.0000      -30889.993823
1188.0000      -30976.455572
1192.0000      -31012.259274
1196.0000      -30845.890036
1200.0000      -30946.629429
1204.0000      -31085.076411
1208.0000      -30694.961381
1212.0000      -30895.660409
1216.0000      -30880.422340
1220.0000      -30902.457324
1224.0000      -30975.600566
1228.0000      -30850.273971
1232.0000      -30930.694057
1236.0000      -30859.550755
1240.0000      -30992.527780
1244.0000      -30808.028084
1248.0000      -30829.888674
1252.0000      -30979.480916
1256.0000      -30865.398502
1260.0000      -30718.344358
1264.0000      -30917.797876
1268.0000      -30864.881664
1272.0000      -30785.555555
1276.0000      -31021.594156
1280.0000      -31012.010709
1284.0000      -30862.095072
1288.0000      -30941.667754
1292.0000      -30970.346743
1296.0000      -30926.515523
1300.0000      -30892.125169
1304.0000      -30867.808358
1308.0000      -31002.717841
1312.0000      -30947.848165
1316.0000      -30970.281260
1320.0000      -30798.232813
1324.0000      -30880.878915
1328.0000      -30841.508374
1332.0000      -30922.891988
1336.0000      -30834.717679
1340.0000      -30842.789304
1344.0000      -31048.614395
1348.0000      -30907.728788
1352.0000      -30910.660541
1356.0000      -30813.477690
1360.0000      -30915.817328
1364.0000      -30992.014304
1368.0000      -31048.212071
1372.0000      -30856.227164
1376.0000      -30965.689450
1380.0000      -30853.442535
1384.0000      -30796.671836
1388.0000      -30820.499540
1392.0000      -30879.010330
1396.0000      -31129.666574
1400.0000      -30812.129982
1404.0000      -30900.405704
1408.0000      -30859.730418
1412.0000      -31002.493596
1416.0000      -30931.158019
1420.0000      -31030.043547
1424.0000      -30867.099543
1428.0000      -31066.501742
1432.0000      -30860.979689
1436.0000      -30993.327462
1440.0000      -30813.066686
1444.0000      -30838.539476
1448.0000      -30793.086871
1452.0000      -30962.129233
1456.0000      -30991.428812
1460.0000      -31001.003972
1464.0000      -30953.321992
1468.0000      -31045.080146
1472.0000      -30915.519989
1476.0000      -30979.649816
1480.0000      -31112.539457
1484.0000      -30870.235512
1488.0000      -30858.014621
1492.0000      -30871.182441
1496.0000      -30916.196310
1500.0000      -30864.878892
1504.0000      -30946.025269
1508.0000      -30652.087115
1512.0000      -30870.322552
1516.0000      -31025.381866
1520.0000      -30820.437216
1524.0000      -30826.742058
1528.0000      -30583.511608
1532.0000      -30792.003126
1536.0000      -30873.507212
1540.0000      -31076.831189
1544.0000      -31033.971391
1548.0000      -30872.984011
1552.0000      -30908.965358
1556.0000      -31009.242818
1560.0000      -31002.297541
1564.0000      -31041.244684
1568.0000      -31111.848110
1572.0000      -31023.741862
1576.0000      -30878.160885
1580.0000      -30850.234070
1584.0000      -30806.960431
1588.0000      -30875.622987
1592.0000      -30954.781682
1596.0000      -31035.651649
1600.0000      -30890.496559
1604.0000      -30946.001828
1608.0000      -30934.574564
1612.0000      -30941.261060
1616.0000      -31032.970602
1620.0000      -30774.322104
1624.0000      -31028.084993
1628.0000      -30751.025910
1632.0000      -30880.441578
1636.0000      -31070.848055
1640.0000      -30862.314920
1644.0000      -30724.816292
1648.0000      -30971.042091
1652.0000      -30883.382359
1656.0000      -30850.443985
1660.0000      -30878.360025
1664.0000      -30949.181192
1668.0000      -30810.488591
1672.0000      -30852.051249
1676.0000      -30823.770124
1680.0000      -30966.503842
1684.0000      -31084.065955
1688.0000      -30778.563392
1692.0000      -30817.097421
1696.0000      -30855.873033
1700.0000      -30838.609693
1704.0000      -30802.220024
1708.0000      -31119.296851
1712.0000      -30931.088425
1716.0000      -30929.635991
1720.0000      -30856.603488
1724.0000      -30921.392205
1728.0000      -30954.054616
1732.0000      -30964.018749
1736.0000      -31051.506956
1740.0000      -30813.750039
1744.0000      -30909.253905
1748.0000      -30880.735617
1752.0000      -30878.197110
1756.0000      -30877.959016
1760.0000      -30886.105297
1764.0000      -30864.990123
1768.0000      -30896.251048
1772.0000      -30953.418155
1776.0000      -30877.804208
1780.0000      -30885.754352
1784.0000      -30924.387708
1788.0000      -30856.397632
1792.0000      -30699.098307
1796.0000      -30965.582962
1800.0000      -30946.496386
1804.0000      -31071.474923
1808.0000      -30946.799116
1812.0000      -30945.582242
1816.0000      -30991.547831
1820.0000      -30989.825553
1824.0000      -30923.939409
1828.0000      -30871.053563
1832.0000      -30975.629534
1836.0000      -30842.021692
1840.0000      -30974.561336
1844.0000      -30748.916518
1848.0000      -30859.695014
1852.0000      -30765.151170
1856.0000      -30951.481107
1860.0000      -30962.439660
1864.0000      -30671.617064
1868.0000      -30713.710871
1872.0000      -30828.442786
1876.0000      -30983.852373
1880.0000      -30904.991647
1884.0000      -30730.050821
1888.0000      -30900.375659
1892.0000      -30940.642135
1896.0000      -30795.161553
1900.0000      -30820.195591
1904.0000      -31034.961196
1908.0000      -30922.282327
1912.0000      -30960.768956
1916.0000      -30921.746929
1920.0000      -30883.379511
1924.0000      -30958.453595
1928.0000      -30798.273984
1932.0000      -30826.470288
1936.0000      -30988.150673
1940.0000      -30943.603174
1944.0000      -30941.125484
1948.0000      -30807.075114
1952.0000      -30713.156003
1956.0000      -30960.312340
1960.0000      -30880.600832
1964.0000      -30865.297345
1968.0000      -30953.350932
1972.0000      -30926.832854
1976.0000      -31063.449895
1980.0000      -30819.403496
1984.0000      -30725.619071
1988.0000      -30846.618282
1992.0000      -30725.867028
1996.0000      -30899.639662
2000.0000      -30928.554619
2004.0000      -30987.043618
2008.0000      -30866.047995
2012.0000      -30893.222170
2016.0000      -30961.214080
2020.0000      -30998.408044
2024.0000      -30880.745178
2028.0000      -30935.013746
2032.0000      -31010.967658
2036.0000      -31021.204714
2040.0000      -30895.844440
2044.0000      -31019.155500
2048.0000      -30977.593454
2052.0000      -30940.121141
2056.0000      -30874.460452
2060.0000      -30781.547364
2064.0000      -30917.572194
2068.0000      -30836.065723
2072.0000      -30966.006589
2076.0000      -30991.473643
2080.0000      -31129.171687
2084.0000      -30808.756078
2088.0000      -30851.827933
2092.0000      -30995.076436
2096.0000      -30990.785559
2100.0000      -30991.291836
2104.0000      -31064.453958
2108.0000      -31097.207223
2112.0000      -31165.959682
2116.0000      -31122.136350
2120.0000      -31001.767194
2124.0000      -30839.640031
2128.0000      -30944.480483
2132.0000      -30909.534608
2136.0000      -30933.885806
2140.0000      -30904.422857
2144.0000      -30890.533899
2148.0000      -30772.052267
2152.0000      -30984.219783
2156.0000      -30831.249114
2160.0000      -30917.096618
2164.0000      -30857.152271
2168.0000      -30979.239332
2172.0000      -30809.894944
2176.0000      -30893.403808
2180.0000      -30954.612322
2184.0000      -30977.732390
2188.0000      -30949.024028
2192.0000      -30815.132103
2196.0000      -30910.565334
2200.0000      -30841.605220
2204.0000      -30982.715803
2208.0000      -30999.544807
2212.0000      -30918.762278
2216.0000      -31002.332089
2220.0000      -30877.125860
2224.0000      -30871.807614
2228.0000      -30832.167879
2232.0000      -30908.559664
2236.0000      -30872.759087
2240.0000      -30809.802477
2244.0000      -30967.721170
2248.0000      -30871.852560
2252.0000      -31051.030874
2256.0000      -30720.468243
2260.0000      -31022.315299
2264.0000      -30895.493263
2268.0000      -30879.817666
2272.0000      -30627.441640
2276.0000      -30918.672581
2280.0000      -30998.032868
2284.0000      -31022.733298
2288.0000      -31008.464716
2292.0000      -30851.714838
2296.0000      -30846.725424
2300.0000      -30986.545641
2304.0000      -30908.525312
2308.0000      -30829.824971
2312.0000      -30938.897117
2316.0000      -30806.255105
2320.0000      -31110.544413
2324.0000      -30973.742850
2328.0000      -30978.834734
2332.0000      -30882.468823
2336.0000      -30993.172984
2340.0000      -30825.910493
2344.0000      -30745.658839
2348.0000      -30792.820040
2352.0000      -30890.522634
2356.0000      -30805.091787
2360.0000      -30761.276019
2364.0000      -30931.496294
2368.0000      -31005.552099
2372.0000      -30916.101248
2376.0000      -30859.292129
2380.0000      -30903.627283
2384.0000      -30890.855387
2388.0000      -30792.141755
2392.0000      -30868.587759
2396.0000      -30958.622126
2400.0000      -30843.178433
2404.0000      -30860.619222
2408.0000      -30963.515617
2412.0000      -30848.728806
2416.0000      -30681.312875
2420.0000      -30942.622635
2424.0000      -31005.555604
2428.0000      -30851.927030
2432.0000      -30897.735443
2436.0000      -30816.825914
2440.0000      -30876.457315
2444.0000      -30927.592570
2448.0000      -30880.279748
2452.0000      -30781.462261
2456.0000      -30873.509217
2460.0000      -30959.836539
2464.0000      -30901.527195
2468.0000      -30835.048109
2472.0000      -30864.377365
2476.0000      -31030.823560
2480.0000      -31009.568705
2484.0000      -30939.620635
2488.0000      -31170.123340
2492.0000      -30948.714082
2496.0000      -30764.817622
2500.0000      -30793.225666
2504.0000      -30994.130549
2508.0000      -30965.067434
2512.0000      -30857.116320
2516.0000      -30905.292525
2520.0000      -30893.911200
2524.0000      -30980.420514
2528.0000      -30910.966070
2532.0000      -30869.823152
2536.0000      -31023.193045
2540.0000      -31072.335782
2544.0000      -30751.709339
2548.0000      -30804.010478
2552.0000      -30832.242587
2556.0000      -30956.603223
2560.0000      -31003.192505
2564.0000      -30756.945422
2568.0000      -30906.014230
2572.0000      -30928.225065
2576.0000      -30963.613681
2580.0000      -30850.906632
2584.0000      -30923.786626
2588.0000      -30894.219106
2592.0000      -30934.448445
2596.0000      -30898.885431
2600.0000      -30875.680808
2604.0000      -30777.996345
2608.0000      -30867.776659
2612.0000      -30882.038283
2616.0000      -30969.530633
2620.0000      -30867.475759
2624.0000      -30879.909414
2628.0000      -31063.273461
2632.0000      -30920.204890
2636.0000      -30971.220369
2640.0000      -30975.204688
2644.0000      -30761.727731
2648.0000      -30832.582068
2652.0000      -30941.295885
2656.0000      -30822.011985
2660.0000      -30920.997980
2664.0000      -30774.589403
2668.0000      -30907.382924
2672.0000      -30954.844153
2676.0000      -30917.094599
2680.0000      -30953.498863
2684.0000      -30955.618447
2688.0000      -30841.624459
2692.0000      -30821.570536
2696.0000      -30916.364361
2700.0000      -30901.054079
2704.0000      -30906.454654
2708.0000      -30874.893007
2712.0000      -30974.443951
2716.0000      -30969.294754
2720.0000      -30876.275551
2724.0000      -30846.453126
2728.0000      -30963.712012
2732.0000      -30845.458164
2736.0000      -30825.189040
2740.0000      -30897.189927
2744.0000      -31000.156283
2748.0000      -30755.795692
2752.0000      -30898.090571
2756.0000      -30844.924304
2760.0000      -31088.115172
2764.0000      -30836.722406
2768.0000      -31013.447683
2772.0000      -30889.385998
2776.0000      -30890.994465
2780.0000      -30779.384067
2784.0000      -30947.650997
2788.0000      -30927.797273
2792.0000      -30726.370096
2796.0000      -30884.845018
2800.0000      -30905.947620
2804.0000      -31077.550149
2808.0000      -31006.669168
2812.0000      -30940.923272
2816.0000      -31018.068589
2820.0000      -31034.879190
2824.0000      -31120.315922
2828.0000      -31019.577988
2832.0000      -30844.656086
2836.0000      -30812.273775
2840.0000      -30947.707028
2844.0000      -31036.321607
2848.0000      -30890.711421
2852.0000      -30938.121871
2856.0000      -30868.402077
2860.0000      -30789.416116
2864.0000      -30888.842183
2868.0000      -30816.976813
2872.0000      -30953.574944
2876.0000      -31073.212605
2880.0000      -30822.880656
2884.0000      -30910.168159
2888.0000      -31039.884586
2892.0000      -30899.145292
2896.0000      -30826.548554
2900.0000      -31023.948327
2904.0000      -31009.117572
2908.0000      -30889.588951
2912.0000      -30702.827832
2916.0000      -30833.051748
2920.0000      -30869.297991
2924.0000      -31003.032003
2928.0000      -30977.516416
2932.0000      -30797.719914
2936.0000      -31059.154575
2940.0000      -30965.482896
2944.0000      -30865.913132
2948.0000      -30828.541186
2952.0000      -30785.545027
2956.0000      -30925.269338
2960.0000      -30817.709372
2964.0000      -30986.029057
2968.0000      -30892.272236
2972.0000      -30887.141065
2976.0000      -30885.317989
2980.0000      -30895.539119
2984.0000      -30788.517599
2988.0000      -31075.841454
2992.0000      -30961.728324
2996.0000      -30804.499261
3000.0000      -30923.160590
3004.0000      -30948.523225
3008.0000      -30902.098706
3012.0000      -30890.947798
3016.0000      -30916.382902
3020.0000      -30778.025635
3024.0000      -30932.136058
3028.0000      -30747.283630
3032.0000      -30896.809071
3036.0000      -30967.250623
3040.0000      -30921.348952
3044.0000      -30932.314768
3048.0000      -30947.709414
3052.0000      -30894.510939
3056.0000      -30737.699308
3060.0000      -30838.677110
3064.0000      -30904.938394
3068.0000      -30804.049681
3072.0000      -30804.216634
3076.0000      -30971.680603
3080.0000      -30908.208826
3084.0000      -31007.968546
3088.0000      -30882.434129
3092.0000      -30843.189668
3096.0000      -30986.200841
3100.0000      -30805.687594
3104.0000      -31055.518052
3108.0000      -30887.574656
3112.0000      -30832.878569
3116.0000      -30850.747306
3120.0000      -30888.821329
3124.0000      -30806.757412
3128.0000      -30915.431491
3132.0000      -30912.258241
3136.0000      -30870.725360
3140.0000      -30864.503286
3144.0000      -30989.655075
3148.0000      -30921.405608
3152.0000      -30898.519566
3156.0000      -30947.925857
3160.0000      -31168.446327
3164.0000      -30897.663328
3168.0000      -30875.395884
3172.0000      -30862.241597
3176.0000      -31034.902095
3180.0000      -30872.806489
3184.0000      -31014.510796
3188.0000      -30878.240540
3192.0000      -30854.580995
3196.0000      -30855.123033
3200.0000      -30837.695802
3204.0000      -30972.520904
3208.0000      -30800.253027
3212.0000      -30846.418170
3216.0000      -30945.659412
3220.0000      -30758.037367
3224.0000      -30959.845482
3228.0000      -31005.007658
3232.0000      -30989.535015
3236.0000      -31021.267635
3240.0000      -30961.881879
3244.0000      -30866.389409
3248.0000      -30858.178857
3252.0000      -30885.167202
3256.0000      -30785.419042
3260.0000      -30823.383787
3264.0000      -30889.918409
3268.0000      -30953.996147
3272.0000      -30766.670834
3276.0000      -30972.666805
3280.0000      -30748.940193
3284.0000      -30880.028175
3288.0000      -30758.719694
3292.0000      -30799.257447
3296.0000      -30750.922806
3300.0000      -30968.496683
3304.0000      -30857.485670
3308.0000      -30915.981663
3312.0000      -30885.746403
3316.0000      -30949.481688
3320.0000      -30965.849822
3324.0000      -30961.702598
3328.0000      -30863.753342
3332.0000      -31086.709830
3336.0000      -30927.390855
3340.0000      -30803.498595
3344.0000      -30820.212869
3348.0000      -30947.046271
3352.0000      -31118.597762
3356.0000      -31067.493977
3360.0000      -30872.320848
3364.0000      -30865.498004
3368.0000      -30750.991892
3372.0000      -30686.068940
3376.0000      -30974.066218
3380.0000      -30790.192979
3384.0000      -31020.667079
3388.0000      -30761.295045
3392.0000      -30926.138188
3396.0000      -30836.284489
3400.0000      -30979.303512
3404.0000      -30915.772994
3408.0000      -30838.535736
3412.0000      -31069.582160
3416.0000      -30804.936685
3420.0000      -30852.135509
3424.0000      -30848.961168
3428.0000      -30878.928275
3432.0000      -30867.175040
3436.0000      -30865.694622
3440.0000      -30851.929527
3444.0000      -30747.943838
3448.0000      -30843.204650
3452.0000      -30937.049680
3456.0000      -30971.143403
3460.0000      -30847.946675
3464.0000      -30865.555456
3468.0000      -30898.196846
3472.0000      -30789.761657
3476.0000      -30891.586413
3480.0000      -30926.360918
3484.0000      -30970.707075
3488.0000      -30825.051387
3492.0000      -31045.179256
3496.0000      -30885.457720
3500.0000      -30761.320049
3504.0000      -30933.640254
3508.0000      -30911.766910
3512.0000      -31046.901822
3516.0000      -30853.140651
3520.0000      -30932.517531
3524.0000      -30925.037747
3528.0000      -30892.631703
3532.0000      -30961.113438
3536.0000      -30850.874259
3540.0000      -30926.590634
3544.0000      -30955.522493
3548.0000      -31114.045691
3552.0000      -30964.107446
3556.0000      -30638.338346
3560.0000      -30834.108220
3564.0000      -30846.158396
3568.0000      -30982.664286
3572.0000      -30819.297984
3576.0000      -30952.041785
3580.0000      -30869.774158
3584.0000      -30951.666149
3588.0000      -30935.200228
3592.0000      -30920.261735
3596.0000      -30988.946038
3600.0000      -30766.789077
3604.0000      -30891.469471
3608.0000      -30944.719923
3612.0000      -30953.350511
3616.0000      -30787.018908
3620.0000      -30959.959931
3624.0000      -31017.836136
3628.0000      -31052.587656
3632.0000      -30892.908725
3636.0000      -30829.880441
3640.0000      -31060.284957
3644.0000      -31002.214961
3648.0000      -30880.218983
3652.0000      -30862.580447
3656.0000      -30742.621736
3660.0000      -30769.040363
3664.0000      -30775.969009
3668.0000      -30936.899687
3672.0000      -30918.167804
3676.0000      -30765.536149
3680.0000      -31022.527789
3684.0000      -31002.501370
3688.0000      -30977.430503
3692.0000      -30994.448316
3696.0000      -30834.440040
3700.0000      -30949.024663
3704.0000      -30888.714722
3708.0000      -30833.251887
3712.0000      -30880.690424
3716.0000      -30780.482124
3720.0000      -30904.321613
3724.0000      -30883.912680
3728.0000      -30846.555798
3732.0000      -30981.807851
3736.0000      -30810.990522
3740.0000      -30824.672243
3744.0000      -30875.439999
3748.0000      -30948.961986
3752.0000      -30853.918611
3756.0000      -31066.205458
3760.0000      -30956.811322
3764.0000      -30896.593091
3768.0000      -30897.590159
3772.0000      -30916.911405
3776.0000      -30942.624227
3780.0000      -30956.244366
3784.0000      -31035.337681
3788.0000      -30799.871916
3792.0000      -30900.997233
3796.0000      -30907.267597
3800.0000      -30899.726668
3804.0000      -30831.128114
3808.0000      -30862.015293
3812.0000      -30904.568129
3816.0000      -30925.652257
3820.0000      -31064.935875
3824.0000      -30919.353708
3828.0000      -30782.073901
3832.0000      -30880.386383
3836.0000      -30818.901765
3840.0000      -30798.414052
3844.0000      -30649.635341
3848.0000      -30757.672563
3852.0000      -30851.185408
3856.0000      -30952.239452
3860.0000      -30796.808747
3864.0000      -30876.168405
3868.0000      -31029.881881
3872.0000      -30986.934367
3876.0000      -30836.437776
3880.0000      -31004.114459
3884.0000      -30821.372254
3888.0000      -30979.034213
3892.0000      -30946.406490
3896.0000      -30849.901976
3900.0000      -30807.767531
3904.0000      -30983.007078
3908.0000      -30920.996946
3912.0000      -30843.504730
3916.0000      -31016.052774
3920.0000      -30776.220991
3924.0000      -30890.352499
3928.0000      -30958.145409
3932.0000      -30821.984457
3936.0000      -30978.661003
3940.0000      -30884.842148
3944.0000      -30930.142533
3948.0000      -30850.068829
3952.0000      -31007.992430
3956.0000      -30993.802720
3960.0000      -30966.992849
3964.0000      -30923.223078
3968.0000      -31052.059375
3972.0000      -30795.721862
3976.0000      -30920.380033
3980.0000      -31006.657519
3984.0000      -30967.018886
3988.0000      -30902.038958
3992.0000      -30893.817240
3996.0000      -30948.933780
4000.0000      -31008.439700
4004.0000      -31008.439700
