4.0000     -733255.642283
8.0000     -732597.118416
12.0000     -732974.664660
16.0000     -732626.572448
20.0000     -733251.361923
24.0000     -732746.285711
28.0000     -733595.962247
32.0000     -732505.326591
36.0000     -732689.889629
40.0000     -732828.643455
44.0000     -733211.751202
48.0000     -732803.568506
52.0000     -732191.124714
56.0000     -733366.599948
60.0000     -733268.387733
64.0000     -732977.455385
68.0000     -733675.307990
72.0000     -733675.168516
76.0000     -733173.574987
80.0000     -733686.564200
84.0000     -732751.458469
88.0000     -733404.773084
92.0000     -733208.484545
96.0000     -733812.329111
100.0000     -732878.872744
104.0000     -733402.834536
108.0000     -733406.582793
112.0000     -732964.391735
116.0000     -733042.754153
120.0000     -733627.774447
124.0000     -733542.587923
128.0000     -734630.753412
132.0000     -734108.931613
136.0000     -733560.070412
140.0000     -733855.324260
144.0000     -733558.232656
148.0000     -733019.759742
152.0000     -732494.729620
156.0000     -733581.601629
160.0000     -733537.865305
164.0000     -733116.124180
168.0000     -733890.716850
172.0000     -732803.395925
176.0000     -732744.727183
180.0000     -733396.340994
184.0000     -733370.823954
188.0000     -732752.266284
192.0000     -733563.503612
196.0000     -733738.062126
200.0000     -732973.242262
204.0000     -732961.752059
208.0000     -733655.680889
212.0000     -733872.601765
216.0000     -733440.470606
220.0000     -734062.399175
224.0000     -732944.126228
228.0000     -733332.670697
232.0000     -733428.722358
236.0000     -733706.200557
240.0000     -732741.720842
244.0000     -733149.522302
248.0000     -733455.331814
252.0000     -733619.749738
256.0000     -733521.716534
260.0000     -732919.109563
264.0000     -733405.687141
268.0000     -733931.135421
272.0000     -734138.040654
276.0000     -733185.637584
280.0000     -733199.122025
284.0000     -733319.173447
288.0000     -733439.343437
292.0000     -732564.166332
296.0000     -733586.405237
300.0000     -732976.194968
304.0000     -733262.803953
308.0000     -732961.199162
312.0000     -733613.656620
316.0000     -733523.351596
320.0000     -733165.374671
324.0000     -732613.195911
328.0000     -733526.172886
332.0000     -733404.613343
336.0000     -733322.183452
340.0000     -733725.735147
344.0000     -733414.194084
348.0000     -733008.054667
352.0000     -733367.326573
356.0000     -734133.771517
360.0000     -733039.380894
364.0000     -733409.379400
368.0000     -732509.395324
372.0000     -733398.886043
376.0000     -732640.283112
380.0000     -733487.288574
384.0000     -733243.628997
388.0000     -732791.663891
392.0000     -733071.445463
396.0000     -733444.992120
400.0000     -733080.333533
404.0000     -733717.538878
408.0000     -732899.188383
412.0000     -733376.659925
416.0000     -734255.224760
420.0000     -733209.124213
424.0000     -733916.120140
428.0000     -733675.034946
432.0000     -733131.307984
436.0000     -733378.122339
440.0000     -733174.277320
444.0000     -733845.023239
448.0000     -733967.604676
452.0000     -733048.187976
456.0000     -733034.485254
460.0000     -733742.138183
464.0000     -734155.791149
468.0000     -733406.325666
472.0000     -732723.946670
476.0000     -732819.188987
480.0000     -734260.522323
484.0000     -732920.094590
488.0000     -732836.412077
492.0000     -733495.346370
496.0000     -732446.101388
500.0000     -733030.336258
504.0000     -733387.766594
508.0000     -732651.768166
512.0000     -734056.603989
516.0000     -734009.326341
520.0000     -733654.107772
524.0000     -733311.380237
528.0000     -733493.558459
532.0000     -733092.833553
536.0000     -733525.238054
540.0000     -733893.722102
544.0000     -733573.277884
548.0000     -733881.615937
552.0000     -733092.931163
556.0000     -733401.510349
560.0000     -734008.999217
564.0000     -733637.978966
568.0000     -733489.277185
572.0000     -733653.571860
576.0000     -733002.493615
580.0000     -732539.952252
584.0000     -733559.852168
588.0000     -733169.354277
592.0000     -733655.982090
596.0000     -734072.250596
600.0000     -733264.257358
604.0000     -732706.357680
608.0000     -732728.519481
612.0000     -733132.102574
616.0000     -732846.312157
620.0000     -733277.114074
624.0000     -732755.409442
628.0000     -733360.416569
632.0000     -733770.205132
636.0000     -733715.993342
640.0000     -732516.395071
644.0000     -733247.363740
648.0000     -732175.736567
652.0000     -732936.210295
656.0000     -733991.572259
660.0000     -733471.956049
664.0000     -733275.209550
668.0000     -733721.112445
672.0000     -733285.807560
676.0000     -734260.993862
680.0000     -733608.865973
684.0000     -733619.620115
688.0000     -733351.462323
692.0000     -733725.142369
696.0000     -733169.766975
700.0000     -733441.771015
704.0000     -733475.362489
708.0000     -733666.888745
712.0000     -733374.571495
716.0000     -733475.674420
720.0000     -733372.131685
724.0000     -734298.400701
728.0000     -733725.795397
732.0000     -734448.092895
736.0000     -733441.509840
740.0000     -733744.345169
744.0000     -733450.421803
748.0000     -733941.227249
752.0000     -733867.178736
756.0000     -733308.706005
760.0000     -733619.596537
764.0000     -733496.946499
768.0000     -733412.577452
772.0000     -733649.744926
776.0000     -733599.444799
780.0000     -733888.581954
784.0000     -733562.202046
788.0000     -733675.237706
792.0000     -733622.252632
796.0000     -733269.606972
800.0000     -733339.212583
804.0000     -733385.909176
808.0000     -732858.316619
812.0000     -734352.928481
816.0000     -733761.778998
820.0000     -733150.695721
824.0000     -733292.798488
828.0000     -733761.226822
832.0000     -733461.334687
836.0000     -733429.241780
840.0000     -733230.166467
844.0000     -733044.494999
848.0000     -732988.286555
852.0000     -733453.291534
856.0000     -733491.114684
860.0000     -733347.095756
864.0000     -733298.977704
868.0000     -733975.441409
872.0000     -732670.297173
876.0000     -733156.857735
880.0000     -732826.748001
884.0000     -733413.034771
888.0000     -732988.055441
892.0000     -733513.935395
896.0000     -732621.535151
900.0000     -733085.386150
904.0000     -733783.793472
908.0000     -732744.373622
912.0000     -733780.236547
916.0000     -732969.999921
920.0000     -733848.909605
924.0000     -732730.774355
928.0000     -733251.117769
932.0000     -733884.053103
936.0000     -733371.903251
940.0000     -733682.665179
944.0000     -734102.635940
948.0000     -733436.343091
952.0000     -734127.972817
956.0000     -733806.693740
960.0000     -733298.612134
964.0000     -734042.183129
968.0000     -734068.948504
972.0000     -733301.536629
976.0000     -732933.378704
980.0000     -733557.592384
984.0000     -733013.394868
988.0000     -733336.100584
992.0000     -733551.905672
996.0000     -733703.505591
1000.0000     -732782.216447
1004.0000     -733225.207158
1008.0000     -732713.263595
1012.0000     -733474.073983
1016.0000     -733656.546952
1020.0000     -733400.893953
1024.0000     -733045.147976
1028.0000     -733158.321341
1032.0000     -732587.996097
1036.0000     -732936.291238
1040.0000     -733459.113686
1044.0000     -732987.827460
1048.0000     -733938.454618
1052.0000     -733046.494316
1056.0000     -733058.926045
1060.0000     -733887.628988
1064.0000     -732892.672732
1068.0000     -733423.724178
1072.0000     -732954.237630
1076.0000     -733493.926194
1080.0000     -733169.044354
1084.0000     -733227.065552
1088.0000     -733488.677847
1092.0000     -733864.457167
1096.0000     -733828.119888
1100.0000     -733461.557986
1104.0000     -734105.388881
1108.0000     -733759.558446
1112.0000     -733209.050342
1116.0000     -732640.053616
1120.0000     -733235.322383
1124.0000     -733815.400217
1128.0000     -733317.527524
1132.0000     -733462.128814
1136.0000     -733471.991164
1140.0000     -733241.758782
1144.0000     -733343.413736
1148.0000     -733060.254249
1152.0000     -734101.367220
1156.0000     -733200.505544
1160.0000     -733596.763289
1164.0000     -733883.320292
1168.0000     -733450.793498
1172.0000     -732702.476467
1176.0000     -732922.711385
1180.0000     -733545.392144
1184.0000     -733552.192631
1188.0000     -733733.041596
1192.0000     -733319.707909
1196.0000     -733154.982909
1200.0000     -733520.461966
1204.0000     -732655.844847
1208.0000     -733259.055725
1212.0000     -732478.689840
1216.0000     -732871.898881
1220.0000     -733138.929216
1224.0000     -732912.011608
1228.0000     -733675.447926
1232.0000     -733497.154188
1236.0000     -732880.729240
1240.0000     -733051.117070
1244.0000     -733335.604408
1248.0000     -733104.350794
1252.0000     -733997.316031
1256.0000     -733956.488428
1260.0000     -733190.880095
1264.0000     -733304.047196
1268.0000     -732576.514225
1272.0000     -733323.181327
1276.0000     -733579.985854
1280.0000     -733940.051426
1284.0000     -733343.959725
1288.0000     -733358.287815
1292.0000     -732792.833310
1296.0000     -733234.004245
1300.0000     -733417.563190
1304.0000     -734411.959321
1308.0000     -733488.300383
1312.0000     -733901.379944
1316.0000     -733258.173743
1320.0000     -734159.898744
1324.0000     -733286.860207
1328.0000     -733537.297908
1332.0000     -733812.118816
1336.0000     -733753.207496
1340.0000     -733161.700136
1344.0000     -733291.728363
1348.0000     -733172.528667
1352.0000     -734102.080794
1356.0000     -733625.180138
1360.0000     -733102.190755
1364.0000     -733323.354270
1368.0000     -733660.542958
1372.0000     -733495.020855
1376.0000     -732606.928507
1380.0000     -733358.759150
1384.0000     -733166.996761
1388.0000     -733091.078137
1392.0000     -733447.523015
1396.0000     -733305.811746
1400.0000     -733694.420061
1404.0000     -733583.574509
1408.0000     -733740.978934
1412.0000     -732903.270889
1416.0000     -733091.392699
1420.0000     -734316.329869
1424.0000     -733189.427899
1428.0000     -732932.892863
1432.0000     -733080.644604
1436.0000     -733377.707031
1440.0000     -734251.016976
1444.0000     -732941.101799
1448.0000     -733547.322421
1452.0000     -733371.837493
1456.0000     -733382.127932
1460.0000     -733360.471044
1464.0000     -733489.315409
1468.0000     -733613.881932
1472.0000     -733799.980008
1476.0000     -734384.173072
1480.0000     -733857.891224
1484.0000     -734295.366442
1488.0000     -734102.400498
1492.0000     -733462.456392
1496.0000     -733767.802540
1500.0000     -733680.249250
1504.0000     -734251.126544
1508.0000     -733298.137042
1512.0000     -733731.200672
1516.0000     -734256.767553
1520.0000     -733689.064499
1524.0000     -734335.252927
1528.0000     -733283.104952
1532.0000     -734138.453123
1536.0000     -733145.482409
1540.0000     -733476.593544
1544.0000     -733877.439282
1548.0000     -733412.689862
1552.0000     -733248.865702
1556.0000     -733937.358216
1560.0000     -733812.912131
1564.0000     -733205.686216
1568.0000     -733952.495357
1572.0000     -733343.921593
1576.0000     -732847.226647
1580.0000     -733403.220064
1584.0000     -733979.305403
1588.0000     -733338.502279
1592.0000     -733018.006793
1596.0000     -732327.501759
1600.0000     -733286.416220
1604.0000     -733891.660913
1608.0000     -733445.188032
1612.0000     -733099.150801
1616.0000     -733007.507628
1620.0000     -733067.542866
1624.0000     -733298.645752
1628.0000     -733559.691877
1632.0000     -734114.152979
1636.0000     -733772.218944
1640.0000     -733701.064546
1644.0000     -732959.061025
1648.0000     -734219.982077
1652.0000     -733893.389482
1656.0000     -732679.133809
1660.0000     -732883.888505
1664.0000     -734191.566987
1668.0000     -733981.941708
1672.0000     -733797.113822
1676.0000     -733719.756925
1680.0000     -733415.606446
1684.0000     -734152.540768
1688.0000     -733556.654765
1692.0000     -733963.995928
1696.0000     -734424.438871
1700.0000     -734088.503236
1704.0000     -734569.118174
1708.0000     -733925.892334
1712.0000     -733524.116143
1716.0000     -734919.754520
1720.0000     -734126.860200
1724.0000     -733665.109848
1728.0000     -733655.507622
1732.0000     -732650.394415
1736.0000     -733423.121873
1740.0000     -734273.499293
1744.0000     -734009.141085
1748.0000     -732692.482293
1752.0000     -733166.678999
1756.0000     -733656.846748
1760.0000     -733668.604319
1764.0000     -733737.772156
1768.0000     -732914.072714
1772.0000     -733348.336950
1776.0000     -733548.139714
1780.0000     -733573.126175
1784.0000     -733795.864418
1788.0000     -733112.958720
1792.0000     -733148.956960
1796.0000     -733820.552051
1800.0000     -732254.953758
1804.0000     -733718.529543
1808.0000     -733850.791659
1812.0000     -732961.420493
1816.0000     -733645.222785
1820.0000     -733946.859350
1824.0000     -733822.102666
1828.0000     -733820.615439
1832.0000     -733785.996213
1836.0000     -733448.973183
1840.0000     -734062.061887
1844.0000     -733460.984877
1848.0000     -732335.998591
1852.0000     -733497.437350
1856.0000     -733126.076871
1860.0000     -733889.230298
1864.0000     -733430.978210
1868.0000     -733489.402020
1872.0000     -733379.833219
1876.0000     -733530.265494
1880.0000     -733577.420071
1884.0000     -733546.242147
1888.0000     -733555.104724
1892.0000     -733541.090914
1896.0000     -733340.373486
1900.0000     -733616.862635
1904.0000     -734794.952450
1908.0000     -733912.904899
1912.0000     -733175.238937
1916.0000     -733486.837157
1920.0000     -734741.694218
1924.0000     -733088.109438
1928.0000     -733554.468410
1932.0000     -733430.720386
1936.0000     -733810.148751
1940.0000     -733370.681492
1944.0000     -733241.790522
1948.0000     -732798.062033
1952.0000     -733422.434808
1956.0000     -733877.387360
1960.0000     -733844.851166
1964.0000     -733654.580350
1968.0000     -732942.659270
1972.0000     -734015.142089
1976.0000     -732816.245801
1980.0000     -734196.989911
1984.0000     -733493.218155
1988.0000     -732175.068110
1992.0000     -733337.148319
1996.0000     -733843.622110
2000.0000     -733511.831764
2004.0000     -734371.002939
2008.0000     -733874.921980
2012.0000     -733394.199197
2016.0000     -733542.624946
2020.0000     -733700.117538
2024.0000     -734236.903199
2028.0000     -733681.543925
2032.0000     -733372.220967
2036.0000     -732662.355645
2040.0000     -733017.992877
2044.0000     -733543.552141
2048.0000     -733325.122460
2052.0000     -733349.072844
2056.0000     -733292.374103
2060.0000     -733497.854154
2064.0000     -733709.726448
2068.0000     -732690.156812
2072.0000     -733268.605143
2076.0000     -732892.117744
2080.0000     -733465.838380
2084.0000     -733291.555753
2088.0000     -733816.782713
2092.0000     -733012.432429
2096.0000     -733690.725003
2100.0000     -733897.465883
2104.0000     -733887.038888
2108.0000     -733185.996286
2112.0000     -733484.556007
2116.0000     -733607.956749
2120.0000     -733745.151868
2124.0000     -733552.742689
2128.0000     -732975.283388
2132.0000     -732580.618301
2136.0000     -733371.254920
2140.0000     -733145.430468
2144.0000     -733872.213381
2148.0000     -733561.770791
2152.0000     -733799.930248
2156.0000     -733210.883505
2160.0000     -733588.545914
2164.0000     -733268.220086
2168.0000     -733098.777714
2172.0000     -733711.356840
2176.0000     -733683.014191
2180.0000     -733415.796797
2184.0000     -733603.692608
2188.0000     -733087.069570
2192.0000     -733680.625951
2196.0000     -734339.811699
2200.0000     -733810.598816
2204.0000     -733162.666814
2208.0000     -733433.894518
2212.0000     -732790.118155
2216.0000     -732979.048071
2220.0000     -732652.188352
2224.0000     -732803.867995
2228.0000     -733163.683885
2232.0000     -732894.492413
2236.0000     -733246.965374
2240.0000     -732926.057029
2244.0000     -733046.114723
2248.0000     -733273.227875
2252.0000     -733551.440957
2256.0000     -733998.540326
2260.0000     -733180.535544
2264.0000     -733057.211703
2268.0000     -733183.655816
2272.0000     -733471.031739
2276.0000     -733456.822494
2280.0000     -733222.257078
2284.0000     -733647.419478
2288.0000     -732819.706186
2292.0000     -733761.170045
2296.0000     -733002.216485
2300.0000     -733453.170658
2304.0000     -733321.476508
2308.0000     -733598.644820
2312.0000     -733479.181599
2316.0000     -733347.155541
2320.0000     -733357.032128
2324.0000     -733603.659696
2328.0000     -733951.735127
2332.0000     -733142.800843
2336.0000     -733590.906009
2340.0000     -733645.611146
2344.0000     -733232.999157
2348.0000     -732822.670304
2352.0000     -733467.530586
2356.0000     -733121.009708
2360.0000     -733400.903969
2364.0000     -732802.759309
2368.0000     -733734.959494
2372.0000     -733208.708599
2376.0000     -734080.536049
2380.0000     -733135.805516
2384.0000     -734081.712221
2388.0000     -733432.076151
2392.0000     -733692.836162
2396.0000     -732563.406977
2400.0000     -733152.576872
2404.0000     -733239.747819
2408.0000     -733632.014939
2412.0000     -733740.780190
2416.0000     -734068.270995
2420.0000     -734029.579227
2424.0000     -733941.819439
2428.0000     -733929.648731
2432.0000     -734027.092934
2436.0000     -733457.362070
2440.0000     -734660.410629
2444.0000     -733242.723101
2448.0000     -734011.928858
2452.0000     -734369.464303
2456.0000     -733397.762140
2460.0000     -734017.033345
2464.0000     -733425.323628
2468.0000     -733403.032899
2472.0000     -733992.618224
2476.0000     -733869.166011
2480.0000     -733872.392059
2484.0000     -733485.872075
2488.0000     -733334.404733
2492.0000     -733074.233541
2496.0000     -733950.823963
2500.0000     -733707.089143
2504.0000     -734587.509432
2508.0000     -733317.122703
2512.0000     -733772.815906
2516.0000     -734219.317059
2520.0000     -734564.166189
2524.0000     -733962.437564
2528.0000     -733690.465353
2532.0000     -733317.626666
2536.0000     -733454.232510
2540.0000     -733348.215282
2544.0000     -733144.405376
2548.0000     -734517.515283
2552.0000     -734124.998780
2556.0000     -734223.048723
2560.0000     -733269.956527
2564.0000     -734284.794196
2568.0000     -734241.849997
2572.0000     -733650.034811
2576.0000     -733789.994087
2580.0000     -734639.386687
2584.0000     -733920.027201
2588.0000     -734233.688877
2592.0000     -733908.261290
2596.0000     -734236.306070
2600.0000     -734704.832762
2604.0000     -733926.760993
2608.0000     -734586.958732
2612.0000     -733955.932352
2616.0000     -733802.663182
2620.0000     -733433.461873
2624.0000     -733298.495959
2628.0000     -734733.668822
2632.0000     -734230.796229
2636.0000     -733572.701435
2640.0000     -734566.565854
2644.0000     -733538.984767
2648.0000     -734068.102641
2652.0000     -733840.674666
2656.0000     -733202.139885
2660.0000     -733889.816138
2664.0000     -733205.447682
2668.0000     -733710.468450
2672.0000     -732997.922681
2676.0000     -732772.655106
2680.0000     -733236.172178
2684.0000     -733407.341933
2688.0000     -733322.782723
2692.0000     -733672.223958
2696.0000     -733763.724434
2700.0000     -733884.464299
2704.0000     -733094.714140
2708.0000     -733582.208719
2712.0000     -733478.976877
2716.0000     -733252.875988
2720.0000     -734226.234739
2724.0000     -733244.710434
2728.0000     -733681.302196
2732.0000     -733526.239569
2736.0000     -734002.883173
2740.0000     -733321.636169
2744.0000     -733034.542697
2748.0000     -734121.733643
2752.0000     -734453.403824
2756.0000     -733438.169758
2760.0000     -733520.128023
2764.0000     -733667.047814
2768.0000     -733873.571103
2772.0000     -733319.388657
2776.0000     -733738.885599
2780.0000     -733437.032445
2784.0000     -733409.771006
2788.0000     -734078.321568
2792.0000     -733550.266528
2796.0000     -733062.563387
2800.0000     -733616.137503
2804.0000     -733858.409036
2808.0000     -733169.112010
2812.0000     -733240.689006
2816.0000     -734005.187709
2820.0000     -733434.809282
2824.0000     -734278.114939
2828.0000     -734695.606322
2832.0000     -733600.329519
2836.0000     -733415.953167
2840.0000     -733475.923220
2844.0000     -734500.726771
2848.0000     -733482.152966
2852.0000     -733725.289144
2856.0000     -732441.473949
2860.0000     -733661.099032
2864.0000     -733746.364041
2868.0000     -733419.458235
2872.0000     -733663.522779
2876.0000     -732978.277684
2880.0000     -733387.573585
2884.0000     -732993.116708
2888.0000     -733830.022266
2892.0000     -733914.057904
2896.0000     -733774.859765
2900.0000     -733753.559509
2904.0000     -733654.939088
2908.0000     -733140.600046
2912.0000     -734291.557828
2916.0000     -734516.289539
2920.0000     -733714.642229
2924.0000     -734194.897587
2928.0000     -733710.981183
2932.0000     -733639.143414
2936.0000     -734427.361078
2940.0000     -733228.090452
2944.0000     -733687.264748
2948.0000     -733680.687722
2952.0000     -733036.946875
2956.0000     -734495.847223
2960.0000     -733313.102749
2964.0000     -733791.469653
2968.0000     -732705.048735
2972.0000     -733751.369366
2976.0000     -733991.423155
2980.0000     -733417.610310
2984.0000     -733537.089348
2988.0000     -733472.403913
2992.0000     -733490.745833
2996.0000     -733262.604242
3000.0000     -734048.993129
3004.0000     -733998.731060
3008.0000     -733413.653148
3012.0000     -733865.463207
3016.0000     -733073.203808
3020.0000     -733674.162194
3024.0000     -734543.300093
3028.0000     -733622.006148
3032.0000     -733530.233436
3036.0000     -735159.597855
3040.0000     -733383.793554
3044.0000     -733507.378000
3048.0000     -733478.005318
3052.0000     -733576.823792
3056.0000     -733617.029950
3060.0000     -733778.095900
3064.0000     -734212.405361
3068.0000     -733558.581238
3072.0000     -734007.276366
3076.0000     -734207.263719
3080.0000     -734245.402919
3084.0000     -734794.580931
3088.0000     -733617.464911
3092.0000     -733525.361850
3096.0000     -734028.321545
3100.0000     -734415.021630
3104.0000     -734344.771246
3108.0000     -734407.838479
3112.0000     -734073.783999
3116.0000     -733770.062127
3120.0000     -733589.199943
3124.0000     -733894.259340
3128.0000     -733765.438076
3132.0000     -733764.069218
3136.0000     -733591.290865
3140.0000     -733733.779417
3144.0000     -732705.899140
3148.0000     -733958.112899
3152.0000     -733467.772846
3156.0000     -733383.421902
3160.0000     -733045.768561
3164.0000     -734088.582678
3168.0000     -733494.698561
3172.0000     -733843.310399
3176.0000     -734697.449414
3180.0000     -733521.261027
3184.0000     -734203.754094
3188.0000     -733549.651705
3192.0000     -733775.556869
3196.0000     -733905.519759
3200.0000     -734722.328543
3204.0000     -733891.626055
3208.0000     -733349.156713
3212.0000     -734279.110335
3216.0000     -733677.261648
3220.0000     -734274.488826
3224.0000     -733704.014611
3228.0000     -733682.994666
3232.0000     -734181.542832
3236.0000     -733634.175678
3240.0000     -734232.464093
3244.0000     -733229.544867
3248.0000     -733187.265713
3252.0000     -733567.939708
3256.0000     -733392.755762
3260.0000     -733548.469926
3264.0000     -734465.919486
3268.0000     -733941.161646
3272.0000     -734071.537355
3276.0000     -732813.894888
3280.0000     -734029.971157
3284.0000     -733713.634258
3288.0000     -733434.016580
3292.0000     -733679.155952
3296.0000     -734447.882845
3300.0000     -733768.915036
3304.0000     -734119.811790
3308.0000     -734037.254930
3312.0000     -733341.717336
3316.0000     -734793.303152
3320.0000     -734392.356929
3324.0000     -733803.284736
3328.0000     -733149.186850
3332.0000     -734104.380508
3336.0000     -734255.132135
3340.0000     -733630.804744
3344.0000     -734274.169986
3348.0000     -733068.176932
3352.0000     -734424.147750
3356.0000     -734017.410963
3360.0000     -733772.078566
3364.0000     -734143.276314
3368.0000     -733927.913397
3372.0000     -734141.069096
3376.0000     -734156.861226
3380.0000     -734288.702308
3384.0000     -733957.573191
3388.0000     -734198.768403
3392.0000     -733748.291503
3396.0000     -733187.990667
3400.0000     -732965.621055
3404.0000     -733029.872142
3408.0000     -734010.286288
3412.0000     -733709.129473
3416.0000     -733856.596764
3420.0000     -733353.851314
3424.0000     -733705.376167
3428.0000     -734195.377182
3432.0000     -733694.590914
3436.0000     -733609.778004
3440.0000     -733768.734615
3444.0000     -733581.632118
3448.0000     -734402.094726
3452.0000     -734658.403563
3456.0000     -734105.951005
3460.0000     -733669.725899
3464.0000     -733942.462169
3468.0000     -733327.820362
3472.0000     -734184.230273
3476.0000     -733344.935646
3480.0000     -733504.564145
3484.0000     -733717.243042
3488.0000     -733138.866185
3492.0000     -733643.902927
3496.0000     -734063.834206
3500.0000     -734190.797009
3504.0000     -733419.927583
3508.0000     -733926.510741
3512.0000     -733571.524582
3516.0000     -733944.769459
3520.0000     -734023.769952
3524.0000     -734770.306525
3528.0000     -734364.060528
3532.0000     -733549.938644
3536.0000     -734025.918801
3540.0000     -733924.456927
3544.0000     -733727.750105
3548.0000     -733605.633469
3552.0000     -733980.988623
3556.0000     -733936.143139
3560.0000     -733143.256956
3564.0000     -733499.025320
3568.0000     -733240.119773
3572.0000     -733788.376104
3576.0000     -733626.865400
3580.0000     -733615.060150
3584.0000     -733416.013053
3588.0000     -733676.074954
3592.0000     -734057.082209
3596.0000     -732937.802221
3600.0000     -733616.922847
3604.0000     -733897.953485
3608.0000     -733084.491611
3612.0000     -733669.007172
3616.0000     -733994.390545
3620.0000     -733427.415828
3624.0000     -733903.849745
3628.0000     -734210.147949
3632.0000     -734663.503196
3636.0000     -733868.954519
3640.0000     -734735.822164
3644.0000     -733862.005471
3648.0000     -734663.986135
3652.0000     -734676.896994
3656.0000     -734139.117615
3660.0000     -733626.924460
3664.0000     -734302.622823
3668.0000     -733454.006119
3672.0000     -733604.905384
3676.0000     -733947.108064
3680.0000     -733762.413624
3684.0000     -734006.866662
3688.0000     -733854.534577
3692.0000     -734209.877804
3696.0000     -734510.041456
3700.0000     -733903.795884
3704.0000     -734271.897967
3708.0000     -734614.949038
3712.0000     -734229.905682
3716.0000     -733818.367937
3720.0000     -734049.006401
3724.0000     -734297.025486
3728.0000     -733375.121939
3732.0000     -734019.402011
3736.0000     -733954.902360
3740.0000     -733706.198135
3744.0000     -733357.672676
3748.0000     -733766.931354
3752.0000     -733784.065434
3756.0000     -734144.354703
3760.0000     -734384.867681
3764.0000     -734351.500198
3768.0000     -733911.801165
3772.0000     -733785.414540
3776.0000     -733655.793949
3780.0000     -734171.838634
3784.0000     -733434.104974
3788.0000     -733559.752946
3792.0000     -732988.731357
3796.0000     -733692.751854
3800.0000     -733030.410504
3804.0000     -733537.064226
3808.0000     -733230.005221
3812.0000     -733894.128671
3816.0000     -733553.324167
3820.0000     -733489.378086
3824.0000     -733646.551564
3828.0000     -733809.442355
3832.0000     -734055.878867
3836.0000     -734357.925285
3840.0000     -733697.596088
3844.0000     -734259.348328
3848.0000     -733849.586642
3852.0000     -733813.097352
3856.0000     -733295.312614
3860.0000     -733500.872083
3864.0000     -733779.381116
3868.0000     -733525.539379
3872.0000     -733640.202382
3876.0000     -733477.919590
3880.0000     -733368.405648
3884.0000     -734142.239973
3888.0000     -733287.696098
3892.0000     -733231.661282
3896.0000     -734226.001356
3900.0000     -733749.230495
3904.0000     -733527.609873
3908.0000     -733700.952525
3912.0000     -733038.873781
3916.0000     -733695.525980
3920.0000     -733450.992355
3924.0000     -732881.319487
3928.0000     -733914.597073
3932.0000     -733979.777523
3936.0000     -733747.380978
3940.0000     -733456.084556
3944.0000     -733543.735070
3948.0000     -733172.096648
3952.0000     -733530.036644
3956.0000     -733615.428478
3960.0000     -733510.710489
3964.0000     -733512.302591
3968.0000     -734378.710231
3972.0000     -733870.681816
3976.0000     -734205.462733
3980.0000     -733828.073339
3984.0000     -733441.635148
3988.0000     -734289.467418
3992.0000     -733945.355890
3996.0000     -734493.066401
4000.0000     -733649.243894
4004.0000     -733649.243894
