4.0000           0.000000
8.0000         -56.624600
12.0000         -67.962800
16.0000         -56.889200
20.0000         -63.127800
24.0000         -65.001100
28.0000         -58.098900
32.0000         -57.201900
36.0000         -51.141400
40.0000         -61.596900
44.0000         -62.297900
48.0000         -63.820800
52.0000         -58.936500
56.0000         -60.325000
60.0000         -61.197400
64.0000         -62.553600
68.0000         -61.995900
72.0000         -69.546800
76.0000         -60.919200
80.0000         -60.044600
84.0000         -64.780800
88.0000         -60.773500
92.0000         -65.485300
96.0000         -64.648400
100.0000         -62.613100
104.0000         -57.664300
108.0000         -51.087100
112.0000         -64.229400
116.0000         -60.317300
120.0000         -53.783800
124.0000         -63.754200
128.0000         -45.878200
132.0000         -58.487800
136.0000         -54.890600
140.0000         -62.537200
144.0000         -60.595000
148.0000         -59.904300
152.0000         -56.430000
156.0000         -61.850700
160.0000         -61.639200
164.0000         -59.069800
168.0000         -65.015700
172.0000         -57.470700
176.0000         -60.796000
180.0000         -57.475300
184.0000         -56.093800
188.0000         -62.409200
192.0000         -58.716900
196.0000         -62.737000
200.0000         -57.517100
204.0000         -59.925200
208.0000         -59.787500
212.0000         -57.305000
216.0000         -61.715800
220.0000         -56.270700
224.0000         -71.146700
228.0000         -59.489100
232.0000         -57.580900
236.0000         -58.388100
240.0000         -60.500500
244.0000         -60.703200
248.0000         -59.798900
252.0000         -59.711900
256.0000         -60.931500
260.0000         -53.483300
264.0000         -67.057600
268.0000         -63.431000
272.0000         -61.696700
276.0000         -63.113500
280.0000         -61.664400
284.0000         -50.444700
288.0000         -50.351600
292.0000         -55.412200
296.0000         -65.714200
300.0000         -65.482800
304.0000         -67.690200
308.0000         -54.611000
312.0000         -66.985700
316.0000         -62.427800
320.0000         -55.403500
324.0000         -59.339000
328.0000         -56.919700
332.0000         -58.730500
336.0000         -65.099400
340.0000         -54.636400
344.0000         -59.852500
348.0000         -60.868700
352.0000         -48.590200
356.0000         -59.974700
360.0000         -60.501800
364.0000         -55.034000
368.0000         -61.415700
372.0000         -58.425200
376.0000         -60.697500
380.0000         -59.617100
384.0000         -56.780700
388.0000         -57.178200
392.0000         -56.481600
396.0000         -66.266600
400.0000         -56.829400
404.0000         -54.348000
408.0000         -66.389400
412.0000         -57.420300
416.0000         -64.282900
420.0000         -64.671500
424.0000         -54.069500
428.0000         -59.498100
432.0000         -53.893200
436.0000         -60.542700
440.0000         -50.042400
444.0000         -56.165000
448.0000         -63.466400
452.0000         -51.907700
456.0000         -41.999300
460.0000         -59.882900
464.0000         -58.503400
468.0000         -59.252500
472.0000         -64.001500
476.0000         -72.539500
480.0000         -56.225600
484.0000         -61.483900
488.0000         -64.106400
492.0000         -68.898300
496.0000         -63.420600
500.0000         -60.109500
504.0000         -58.487400
508.0000         -59.482600
512.0000         -66.438600
516.0000         -63.331600
520.0000         -58.130000
524.0000         -55.540400
528.0000         -68.506400
532.0000         -62.490100
536.0000         -57.877300
540.0000         -59.349700
544.0000         -57.066600
548.0000         -57.886100
552.0000         -57.684200
556.0000         -59.103600
560.0000         -54.002300
564.0000         -55.120000
568.0000         -52.013900
572.0000         -54.390100
576.0000         -65.626200
580.0000         -53.702400
584.0000         -58.888300
588.0000         -53.505500
592.0000         -61.219300
596.0000         -60.185900
600.0000         -59.282000
604.0000         -59.156200
608.0000         -61.344400
612.0000         -65.841500
616.0000         -54.348300
620.0000         -45.321300
624.0000         -55.947000
628.0000         -60.300800
632.0000         -58.067600
636.0000         -60.826400
640.0000         -57.952100
644.0000         -49.832400
648.0000         -53.488300
652.0000         -47.075700
656.0000         -64.330700
660.0000         -55.404700
664.0000         -56.364600
668.0000         -55.614000
672.0000         -61.527900
676.0000         -60.384800
680.0000         -63.824100
684.0000         -65.074900
688.0000         -58.701400
692.0000         -59.653000
696.0000         -58.440400
700.0000         -64.726900
704.0000         -59.043900
708.0000         -65.391600
712.0000         -67.119700
716.0000         -58.039900
720.0000         -57.892500
724.0000         -54.098300
728.0000         -61.921200
732.0000         -51.984000
736.0000         -58.773200
740.0000         -56.613000
744.0000         -65.412300
748.0000         -54.530200
752.0000         -61.742100
756.0000         -62.516700
760.0000         -52.862300
764.0000         -59.050000
768.0000         -48.678000
772.0000         -57.425200
776.0000         -56.417600
780.0000         -58.626200
784.0000         -56.923800
788.0000         -59.778500
792.0000         -60.194100
796.0000         -51.650400
800.0000         -49.792000
804.0000         -63.316900
808.0000         -60.799300
812.0000         -66.933400
816.0000         -60.493500
820.0000         -56.544200
824.0000         -54.205800
828.0000         -51.785600
832.0000         -57.480000
836.0000         -61.514400
840.0000         -59.776300
844.0000         -57.922600
848.0000         -55.756600
852.0000         -56.206900
856.0000         -62.830600
860.0000         -55.500100
864.0000         -67.523400
868.0000         -60.181800
872.0000         -63.317700
876.0000         -52.075000
880.0000         -54.031500
884.0000         -54.305100
888.0000         -58.390500
892.0000         -60.159700
896.0000         -59.617000
900.0000         -48.524800
904.0000         -65.465600
908.0000         -62.388400
912.0000         -58.040000
916.0000         -60.508300
920.0000         -56.660300
924.0000         -67.050100
928.0000         -63.122200
932.0000         -60.108100
936.0000         -60.744900
940.0000         -37.792900
944.0000         -54.778800
948.0000         -62.280900
952.0000         -63.271400
956.0000         -58.913500
960.0000         -58.314100
964.0000         -66.202900
968.0000         -60.386500
972.0000         -58.307300
976.0000         -55.087300
980.0000         -64.087900
984.0000         -60.577800
988.0000         -62.126300
992.0000         -63.540200
996.0000         -59.012000
1000.0000         -54.901000
1004.0000         -57.357700
1008.0000         -67.555700
1012.0000         -54.840500
1016.0000         -66.003300
1020.0000         -57.385200
1024.0000         -49.080700
1028.0000         -50.690700
1032.0000         -55.037200
1036.0000         -56.441100
1040.0000         -55.210400
1044.0000         -65.046900
1048.0000         -60.114400
1052.0000         -58.794400
1056.0000         -68.398800
1060.0000         -61.872500
1064.0000         -56.964400
1068.0000         -60.109800
1072.0000         -58.535800
1076.0000         -64.048400
1080.0000         -64.699100
1084.0000         -56.439700
1088.0000         -61.695900
1092.0000         -56.906200
1096.0000         -60.849100
1100.0000         -60.341300
1104.0000         -62.152300
1108.0000         -56.659200
1112.0000         -59.592700
1116.0000         -39.930500
1120.0000         -62.020000
1124.0000         -59.008400
1128.0000         -56.347700
1132.0000         -62.767700
1136.0000         -49.267900
1140.0000         -67.177900
1144.0000         -57.442300
1148.0000         -61.527700
1152.0000         -51.373800
1156.0000         -53.316400
1160.0000         -61.589800
1164.0000         -56.848400
1168.0000         -55.192800
1172.0000         -65.723700
1176.0000         -62.475300
1180.0000         -63.890800
1184.0000         -61.119600
1188.0000         -60.121700
1192.0000         -56.803500
1196.0000         -60.323100
1200.0000         -61.697300
1204.0000         -46.256400
1208.0000         -71.127000
1212.0000         -63.342600
1216.0000         -58.842200
1220.0000         -70.158900
1224.0000         -54.286800
1228.0000         -57.208700
1232.0000         -54.393700
1236.0000         -58.562800
1240.0000         -58.086600
1244.0000         -54.923000
1248.0000         -60.676600
1252.0000         -62.478700
1256.0000         -57.693900
1260.0000         -59.295200
1264.0000         -62.690200
1268.0000         -67.952700
1272.0000         -57.310400
1276.0000         -60.843600
1280.0000         -64.743600
1284.0000         -52.985700
1288.0000         -60.969500
1292.0000         -61.908100
1296.0000         -70.499500
1300.0000         -61.695300
1304.0000         -62.381800
1308.0000         -58.115200
1312.0000         -51.490200
1316.0000         -67.843200
1320.0000         -69.512000
1324.0000         -47.702500
1328.0000         -58.985900
1332.0000         -57.736600
1336.0000         -51.435600
1340.0000         -60.675300
1344.0000         -58.676000
1348.0000         -56.519100
1352.0000         -60.429700
1356.0000         -59.184100
1360.0000         -59.956200
1364.0000         -65.403300
1368.0000         -61.982700
1372.0000         -62.398800
1376.0000         -63.360600
1380.0000         -56.928200
1384.0000         -59.006900
1388.0000         -58.538700
1392.0000         -55.158300
1396.0000         -59.633500
1400.0000         -49.141900
1404.0000         -59.778000
1408.0000         -56.272700
1412.0000         -61.775900
1416.0000         -54.166200
1420.0000         -59.847900
1424.0000         -63.691100
1428.0000         -60.374000
1432.0000         -56.811600
1436.0000         -65.251300
1440.0000         -64.246700
1444.0000         -62.471000
1448.0000         -63.611700
1452.0000         -55.985700
1456.0000         -58.993000
1460.0000         -62.395900
1464.0000         -50.671700
1468.0000         -61.472200
1472.0000         -60.835100
1476.0000         -57.894600
1480.0000         -53.117400
1484.0000         -53.591700
1488.0000         -59.412700
1492.0000         -53.468900
1496.0000         -56.683300
1500.0000         -62.199600
1504.0000         -62.250900
1508.0000         -60.382200
1512.0000         -58.295400
1516.0000         -60.391000
1520.0000         -64.510900
1524.0000         -59.375700
1528.0000         -57.970200
1532.0000         -45.900000
1536.0000         -62.460600
1540.0000         -50.890700
1544.0000         -65.474200
1548.0000         -53.908500
1552.0000         -69.699600
1556.0000         -57.266000
1560.0000         -55.089500
1564.0000         -63.597700
1568.0000         -61.501200
1572.0000         -62.862100
1576.0000         -64.957500
1580.0000         -55.234100
1584.0000         -57.981600
1588.0000         -59.385000
1592.0000         -57.700200
1596.0000         -61.499800
1600.0000         -58.790200
1604.0000         -46.176600
1608.0000         -57.862100
1612.0000         -64.685000
1616.0000         -68.156600
1620.0000         -61.411600
1624.0000         -53.009900
1628.0000         -56.381400
1632.0000         -60.629500
1636.0000         -58.050400
1640.0000         -65.141900
1644.0000         -63.365900
1648.0000         -61.133800
1652.0000         -56.610200
1656.0000         -60.175800
1660.0000         -59.138000
1664.0000         -63.566400
1668.0000         -54.053100
1672.0000         -63.931800
1676.0000         -61.897900
1680.0000         -60.000100
1684.0000         -51.647300
1688.0000         -61.729500
1692.0000         -85.864100
1696.0000         -67.611900
1700.0000         -47.370200
1704.0000         -57.772800
1708.0000         -62.618200
1712.0000         -60.844800
1716.0000         -62.549000
1720.0000         -62.479700
1724.0000         -65.657800
1728.0000         -60.754900
1732.0000         -46.617400
1736.0000         -47.956000
1740.0000         -58.761200
1744.0000         -52.583900
1748.0000         -57.242800
1752.0000         -58.299700
1756.0000         -55.237700
1760.0000         -55.252700
1764.0000         -58.573200
1768.0000         -63.680200
1772.0000         -62.638900
1776.0000         -61.010300
1780.0000         -63.794300
1784.0000         -69.503600
1788.0000         -60.511700
1792.0000         -61.579400
1796.0000         -60.006400
1800.0000         -58.339500
1804.0000         -51.093600
1808.0000         -53.558300
1812.0000         -47.573500
1816.0000         -54.305400
1820.0000         -68.335300
1824.0000         -67.927300
1828.0000         -58.600600
1832.0000         -60.351100
1836.0000         -50.360800
1840.0000         -61.968300
1844.0000         -58.438300
1848.0000         -53.664000
1852.0000         -50.686900
1856.0000         -57.863600
1860.0000         -60.093200
1864.0000         -55.397900
1868.0000         -63.243000
1872.0000         -58.272700
1876.0000         -56.128700
1880.0000         -60.123300
1884.0000         -67.065500
1888.0000         -60.034700
1892.0000         -67.880400
1896.0000         -55.763300
1900.0000         -62.261500
1904.0000         -58.057500
1908.0000         -57.735500
1912.0000         -58.917400
1916.0000         -64.176700
1920.0000         -55.392300
1924.0000         -59.548200
1928.0000         -49.746600
1932.0000         -67.360900
1936.0000         -65.861500
1940.0000         -55.666600
1944.0000         -61.331700
1948.0000         -51.398000
1952.0000         -64.079600
1956.0000         -50.876700
1960.0000         -61.377700
1964.0000         -59.675000
1968.0000         -58.686800
1972.0000         -65.248200
1976.0000         -55.792500
1980.0000         -56.515700
1984.0000         -57.037200
1988.0000         -58.001300
1992.0000         -54.422200
1996.0000         -58.096700
2000.0000         -70.639200
2004.0000         -65.724700
2008.0000         -61.521000
2012.0000         -54.737200
2016.0000         -58.155500
2020.0000         -64.772600
2024.0000         -64.551000
2028.0000         -61.200200
2032.0000         -45.418100
2036.0000         -59.419300
2040.0000         -57.654900
2044.0000         -58.080700
2048.0000         -56.242400
2052.0000         -57.867300
2056.0000         -61.078700
2060.0000         -52.956300
2064.0000         -55.544900
2068.0000         -57.492300
2072.0000         -48.030200
2076.0000         -62.363000
2080.0000         -70.148300
2084.0000         -59.721300
2088.0000         -52.587100
2092.0000         -57.413400
2096.0000         -54.222200
2100.0000         -56.892900
2104.0000         -59.823800
2108.0000         -55.879900
2112.0000         -64.510700
2116.0000         -60.997900
2120.0000         -56.229000
2124.0000         -52.081400
2128.0000         -64.920700
2132.0000         -63.294600
2136.0000         -57.563700
2140.0000         -55.733500
2144.0000         -56.431500
2148.0000         -57.476200
2152.0000         -60.388800
2156.0000         -67.799400
2160.0000         -60.436100
2164.0000         -53.484200
2168.0000         -62.303400
2172.0000         -56.992000
2176.0000         -58.580000
2180.0000         -57.959800
2184.0000         -52.982700
2188.0000         -56.119100
2192.0000         -63.083000
2196.0000         -60.440800
2200.0000         -60.395200
2204.0000         -59.772100
2208.0000         -69.192900
2212.0000         -58.141400
2216.0000         -70.911600
2220.0000         -55.160800
2224.0000         -57.533200
2228.0000         -62.508400
2232.0000         -54.722300
2236.0000         -53.148700
2240.0000         -62.124700
2244.0000         -63.991400
2248.0000         -52.688700
2252.0000         -54.230100
2256.0000         -55.064500
2260.0000         -63.040300
2264.0000         -59.088300
2268.0000         -68.594700
2272.0000         -55.762400
2276.0000         -46.975400
2280.0000         -50.728400
2284.0000         -57.255600
2288.0000         -60.711600
2292.0000         -63.698500
2296.0000         -55.251000
2300.0000         -61.234000
2304.0000         -60.350300
2308.0000         -61.650200
2312.0000         -64.430300
2316.0000         -66.129600
2320.0000         -60.710200
2324.0000         -49.806400
2328.0000         -59.570300
2332.0000         -33.617800
2336.0000         -66.259100
2340.0000         -60.772700
2344.0000         -71.838300
2348.0000         -66.311200
2352.0000         -68.629000
2356.0000         -49.254200
2360.0000         -52.305100
2364.0000         -55.390000
2368.0000         -62.285200
2372.0000         -58.983100
2376.0000         -66.320300
2380.0000         -64.418700
2384.0000         -60.888700
2388.0000         -52.770300
2392.0000         -64.609900
2396.0000         -54.987700
2400.0000         -66.367400
2404.0000         -59.461000
2408.0000         -57.331200
2412.0000         -57.719400
2416.0000         -54.530300
2420.0000         -65.126600
2424.0000         -55.292500
2428.0000         -44.655400
2432.0000         -55.979000
2436.0000         -56.963000
2440.0000         -56.709200
2444.0000         -55.244900
2448.0000         -59.353400
2452.0000         -60.087500
2456.0000         -59.621100
2460.0000         -61.170500
2464.0000         -61.040900
2468.0000         -55.677800
2472.0000         -66.174300
2476.0000         -62.211900
2480.0000         -64.016400
2484.0000         -60.396700
2488.0000         -61.196200
2492.0000         -57.826800
2496.0000         -61.792600
2500.0000         -74.859200
2504.0000         -65.138300
2508.0000         -59.323200
2512.0000         -46.498600
2516.0000         -71.915100
2520.0000         -55.617900
2524.0000         -61.956500
2528.0000         -56.294700
2532.0000         -62.627600
2536.0000         -62.278800
2540.0000         -61.507000
2544.0000         -49.827900
2548.0000         -61.232100
2552.0000         -61.204600
2556.0000         -59.477200
2560.0000         -60.431400
2564.0000         -55.050000
2568.0000         -64.026900
2572.0000         -56.167500
2576.0000         -52.944600
2580.0000         -61.329400
2584.0000         -53.879600
2588.0000         -61.736100
2592.0000         -64.787500
2596.0000         -61.300700
2600.0000         -59.551600
2604.0000         -52.671400
2608.0000         -62.407300
2612.0000         -52.974900
2616.0000         -56.306700
2620.0000         -55.421400
2624.0000         -65.799100
2628.0000         -61.112600
2632.0000         -60.449600
2636.0000         -57.952800
2640.0000         -59.694800
2644.0000         -60.007400
2648.0000         -60.988600
2652.0000         -55.935600
2656.0000         -58.022600
2660.0000         -51.731500
2664.0000         -56.787000
2668.0000         -60.537300
2672.0000         -57.966100
2676.0000         -66.173100
2680.0000         -63.372600
2684.0000         -59.054300
2688.0000         -56.160800
2692.0000         -52.501300
2696.0000         -67.986400
2700.0000         -55.663200
2704.0000         -63.184500
2708.0000         -62.839800
2712.0000         -64.416400
2716.0000         -63.387600
2720.0000         -57.729700
2724.0000         -57.569700
2728.0000         -57.376500
2732.0000         -60.632700
2736.0000         -73.223300
2740.0000         -60.117400
2744.0000         -65.428000
2748.0000         -58.310100
2752.0000         -56.311600
2756.0000         -53.971100
2760.0000         -58.962500
2764.0000         -60.976700
2768.0000         -69.159300
2772.0000         -63.717100
2776.0000         -53.808500
2780.0000         -62.136900
2784.0000         -62.445700
2788.0000         -64.029100
2792.0000         -52.323800
2796.0000         -60.846400
2800.0000         -59.647700
2804.0000         -57.624500
2808.0000         -59.523300
2812.0000         -70.981200
2816.0000         -62.845500
2820.0000         -49.090000
2824.0000         -61.114100
2828.0000         -61.925600
2832.0000         -60.653300
2836.0000         -59.835400
2840.0000         -53.964600
2844.0000         -49.862100
2848.0000         -60.491600
2852.0000         -65.146400
2856.0000         -61.342600
2860.0000         -56.487600
2864.0000         -63.330700
2868.0000         -64.956600
2872.0000         -67.712500
2876.0000         -64.463800
2880.0000         -60.440900
2884.0000         -58.509900
2888.0000         -56.361300
2892.0000         -59.724800
2896.0000         -56.721800
2900.0000         -49.177400
2904.0000         -62.239800
2908.0000         -58.471600
2912.0000         -61.180400
2916.0000         -54.708200
2920.0000         -63.685200
2924.0000         -60.602600
2928.0000         -62.658100
2932.0000         -69.886200
2936.0000         -50.750700
2940.0000         -57.107800
2944.0000         -62.604700
2948.0000         -54.168300
2952.0000         -69.214900
2956.0000         -57.865700
2960.0000         -53.730300
2964.0000         -61.754400
2968.0000         -54.436800
2972.0000         -65.182800
2976.0000         -51.620500
2980.0000         -62.069100
2984.0000         -61.045000
2988.0000         -50.146400
2992.0000         -59.156600
2996.0000         -46.766200
3000.0000         -61.378100
3004.0000         -51.838800
3008.0000         -54.941700
3012.0000         -55.504700
3016.0000         -56.457900
3020.0000         -55.996400
3024.0000         -60.837800
3028.0000         -56.939400
3032.0000         -53.014700
3036.0000         -60.928400
3040.0000         -65.712900
3044.0000         -64.099800
3048.0000         -59.082200
3052.0000         -70.492600
3056.0000         -68.056900
3060.0000         -71.628600
3064.0000         -58.760000
3068.0000         -64.697600
3072.0000         -69.597500
3076.0000         -69.460700
3080.0000         -63.875500
3084.0000         -57.616400
3088.0000         -57.785600
3092.0000         -69.470200
3096.0000         -68.746800
3100.0000         -61.305900
3104.0000         -67.029700
3108.0000         -63.442000
3112.0000         -59.235700
3116.0000         -67.306300
3120.0000         -66.007600
3124.0000         -63.652400
3128.0000         -70.041500
3132.0000         -74.457100
3136.0000         -71.543800
3140.0000         -60.400900
3144.0000         -70.996400
3148.0000         -60.957400
3152.0000         -67.616500
3156.0000         -69.391600
3160.0000         -62.424600
3164.0000         -61.230900
3168.0000         -57.951900
3172.0000         -56.612100
3176.0000         -62.357300
3180.0000         -63.399100
3184.0000         -51.890000
3188.0000         -73.758500
3192.0000         -55.365300
3196.0000         -64.566500
3200.0000         -69.857200
3204.0000         -67.821300
3208.0000         -68.500400
3212.0000         -64.146500
3216.0000         -63.220100
3220.0000         -65.682800
3224.0000         -64.694600
3228.0000         -59.271200
3232.0000         -64.575000
3236.0000         -63.493600
3240.0000         -66.690600
3244.0000         -60.236600
3248.0000         -56.094500
3252.0000         -56.587300
3256.0000         -61.191900
3260.0000         -58.401400
3264.0000         -56.799000
3268.0000         -52.389600
3272.0000         -52.217500
3276.0000         -58.990400
3280.0000         -61.401300
3284.0000         -56.567700
3288.0000         -66.170000
3292.0000         -57.054700
3296.0000         -72.791600
3300.0000         -59.297400
3304.0000         -56.677400
3308.0000         -59.074500
3312.0000         -58.770200
3316.0000         -66.579200
3320.0000         -57.254400
3324.0000         -54.123300
3328.0000         -62.875900
3332.0000         -68.023800
3336.0000         -61.710800
3340.0000         -51.952800
3344.0000         -57.094200
3348.0000         -61.660200
3352.0000         -58.170100
3356.0000         -64.103000
3360.0000         -69.305000
3364.0000         -60.274000
3368.0000         -58.869900
3372.0000         -65.223000
3376.0000         -63.267100
3380.0000         -61.249600
3384.0000         -55.047300
3388.0000         -62.579000
3392.0000         -67.710500
3396.0000         -60.530700
3400.0000         -59.319400
3404.0000         -63.738400
3408.0000         -61.603500
3412.0000         -51.979500
3416.0000         -63.976400
3420.0000         -63.682200
3424.0000         -58.338800
3428.0000         -65.370800
3432.0000         -60.244000
3436.0000         -61.139900
3440.0000         -61.045100
3444.0000         -54.931000
3448.0000         -59.971800
3452.0000         -65.693400
3456.0000         -59.710900
3460.0000         -55.413000
3464.0000         -55.125600
3468.0000         -59.468800
3472.0000         -59.505900
3476.0000         -60.118800
3480.0000         -60.015600
3484.0000         -61.012900
3488.0000         -55.672900
3492.0000         -63.365100
3496.0000         -65.440100
3500.0000         -53.487200
3504.0000         -60.815200
3508.0000         -67.515600
3512.0000         -58.074900
3516.0000         -58.377500
3520.0000         -63.056400
3524.0000         -62.150900
3528.0000         -58.907700
3532.0000         -64.876300
3536.0000         -58.673100
3540.0000         -65.685700
3544.0000         -66.275400
3548.0000         -66.730400
3552.0000         -61.265800
3556.0000         -65.466300
3560.0000         -63.353600
3564.0000         -52.014000
3568.0000         -62.224200
3572.0000         -63.031300
3576.0000         -65.248400
3580.0000         -61.052200
3584.0000         -57.360600
3588.0000         -64.647800
3592.0000         -59.823600
3596.0000         -66.204200
3600.0000         -68.759400
3604.0000         -59.529700
3608.0000         -49.806000
3612.0000         -61.997000
3616.0000         -57.063400
3620.0000         -61.606800
3624.0000         -60.203900
3628.0000         -57.816600
3632.0000         -62.874000
3636.0000         -50.567200
3640.0000         -65.577800
3644.0000         -52.720500
3648.0000         -58.908700
3652.0000         -58.114400
3656.0000         -63.542700
3660.0000         -60.155200
3664.0000         -56.363200
3668.0000         -51.090800
3672.0000         -61.708500
3676.0000         -59.621600
3680.0000         -59.423900
3684.0000         -47.817900
3688.0000         -70.638100
3692.0000         -64.421800
3696.0000         -57.869700
3700.0000         -59.663600
3704.0000         -66.390000
3708.0000         -62.591000
3712.0000         -46.197600
3716.0000         -63.406600
3720.0000         -54.801000
3724.0000         -61.383800
3728.0000         -71.714200
3732.0000         -65.871300
3736.0000         -60.990500
3740.0000         -57.473000
3744.0000         -67.492600
3748.0000         -55.098700
3752.0000         -62.686900
3756.0000         -59.546700
3760.0000         -59.941100
3764.0000         -68.545000
3768.0000         -55.338500
3772.0000         -62.181100
3776.0000         -60.460400
3780.0000         -57.759300
3784.0000         -56.785800
3788.0000         -59.751700
3792.0000         -60.939300
3796.0000         -58.445500
3800.0000         -59.245500
3804.0000         -62.962100
3808.0000         -67.165200
3812.0000         -61.215000
3816.0000         -68.129700
3820.0000         -71.341200
3824.0000         -69.767200
3828.0000         -69.574600
3832.0000         -58.376200
3836.0000         -64.071300
3840.0000         -61.172900
3844.0000         -70.043400
3848.0000         -56.096400
3852.0000         -65.612700
3856.0000         -62.205800
3860.0000         -70.367700
3864.0000         -75.188500
3868.0000         -67.580300
3872.0000         -59.566000
3876.0000         -62.855500
3880.0000         -61.982000
3884.0000         -67.827400
3888.0000         -68.897700
3892.0000         -61.749300
3896.0000         -60.219800
3900.0000         -62.244900
3904.0000         -61.653700
3908.0000         -56.847300
3912.0000         -50.416200
3916.0000         -72.668600
3920.0000         -56.599300
3924.0000         -73.840000
3928.0000         -60.835200
3932.0000         -65.458400
3936.0000         -68.099600
3940.0000         -59.754700
3944.0000         -64.492800
3948.0000         -61.525800
3952.0000         -56.740400
3956.0000         -58.842900
3960.0000         -67.604800
3964.0000         -67.984800
3968.0000         -65.655600
3972.0000         -64.769900
3976.0000         -59.171500
3980.0000         -57.776500
3984.0000         -65.865700
3988.0000         -66.237700
3992.0000         -60.244000
3996.0000         -58.068700
4000.0000         -60.668000
4004.0000         -65.188500
