4.0000      -30912.109533
8.0000      -30519.247842
12.0000      -30495.039878
16.0000      -30830.571285
20.0000      -30768.372667
24.0000      -27939.400625
28.0000      -30792.018695
32.0000      -30811.185506
36.0000      -30789.777270
40.0000      -30781.324162
44.0000      -30732.761723
48.0000      -30961.760891
52.0000      -30917.817586
56.0000      -30900.445038
60.0000      -30928.508702
64.0000      -30774.833496
68.0000      -30583.179119
72.0000      -30778.235933
76.0000      -30763.029320
80.0000      -30802.033894
84.0000      -30665.745667
88.0000      -30856.165913
92.0000      -30824.807326
96.0000      -30714.641104
100.0000      -30930.175975
104.0000      -30850.744603
108.0000      -30713.776491
112.0000      -30838.239114
116.0000      -30801.552910
120.0000      -30749.041831
124.0000      -30800.880847
128.0000      -30776.926483
132.0000      -26227.386428
136.0000      -30731.925110
140.0000      -30846.430468
144.0000      -29894.221607
148.0000      -30591.008399
152.0000      -30953.606515
156.0000      -31022.834527
160.0000      -30739.218703
164.0000      -30801.317286
168.0000      -30718.643367
172.0000      -30800.004796
176.0000      -30801.499217
180.0000      -30796.902080
184.0000      -30969.786942
188.0000      -30732.435707
192.0000      -30878.196735
196.0000      -30909.708289
200.0000      -30914.903751
204.0000      -30756.944876
208.0000      -30802.313584
212.0000      -30892.407845
216.0000      -30754.918093
220.0000      -31042.889782
224.0000      -30824.352762
228.0000      -30785.138477
232.0000      -30876.885974
236.0000      -30896.214057
240.0000      -30990.012653
244.0000      -30762.349310
248.0000      -30900.771688
252.0000      -30889.892157
256.0000      -30806.848895
260.0000      -30612.114934
264.0000      -30855.335585
268.0000      -30869.825521
272.0000      -30783.431353
276.0000      -30790.093992
280.0000      -30833.142832
284.0000      -30868.449474
288.0000      -30281.933154
292.0000      -30603.385672
296.0000      -30622.114059
300.0000      -30878.268609
304.0000      -30874.975555
308.0000      -29845.884705
312.0000      -30044.020596
316.0000      -30805.885205
320.0000      -30807.111535
324.0000      -30847.610679
328.0000      -30929.268546
332.0000      -30639.216853
336.0000      -30872.905654
340.0000      -30838.394366
344.0000      -30769.374192
348.0000      -30760.889290
352.0000      -30882.614908
356.0000      -30841.165854
360.0000      -30831.837345
364.0000      -30766.266814
368.0000      -29920.484048
372.0000      -30785.404620
376.0000      -30725.013350
380.0000      -30849.824300
384.0000      -30889.004824
388.0000      -30909.227114
392.0000      -30762.954698
396.0000      -30603.604630
400.0000      -30755.820023
404.0000      -30738.396184
408.0000      -30976.596706
412.0000      -30729.152737
416.0000      -30928.871815
420.0000      -30855.870917
424.0000      -30846.689332
428.0000      -31011.880914
432.0000      -30603.079530
436.0000      -30863.201605
440.0000      -30729.660463
444.0000      -30641.937108
448.0000      -30885.054979
452.0000      -30907.585342
456.0000      -30908.612526
460.0000      -30986.873551
464.0000      -30963.874125
468.0000      -30774.557853
472.0000      -30520.554554
476.0000      -30757.865472
480.0000      -29770.634759
484.0000      -30789.445240
488.0000      -30854.012048
492.0000      -30699.885519
496.0000      -30821.727071
500.0000      -30748.848393
504.0000      -30694.116107
508.0000      -30801.744750
512.0000      -30810.979470
516.0000      -30735.771041
520.0000      -31030.106846
524.0000      -30770.951398
528.0000      -30032.484978
532.0000      -30966.069882
536.0000      -30958.126253
540.0000      -30665.659417
544.0000      -30886.894624
548.0000      -31029.740396
552.0000      -30920.236405
556.0000      -30671.741120
560.0000      -28264.137695
564.0000      -30679.833710
568.0000      -30867.159075
572.0000      -30693.029096
576.0000      -30886.137928
580.0000      -30846.314473
584.0000      -30899.094243
588.0000      -30705.426386
592.0000      -30693.318679
596.0000      -30777.429124
600.0000      -30677.864438
604.0000      -30653.763317
608.0000      -29504.859931
612.0000      -30897.324994
616.0000      -30918.805383
620.0000      -30826.904633
624.0000      -31075.011646
628.0000      -30836.089557
632.0000      -30939.483070
636.0000      -30967.097320
640.0000      -30983.527662
644.0000      -30929.897860
648.0000      -30901.713617
652.0000      -30902.825232
656.0000      -30774.020971
660.0000      -30966.911892
664.0000      -30551.681962
668.0000      -30549.775324
672.0000      -30685.942884
676.0000      -30698.316019
680.0000      -30695.098161
684.0000      -30757.406149
688.0000      -30789.715158
692.0000      -30855.301729
696.0000      -30835.780040
700.0000      -30676.766723
704.0000      -30577.012383
708.0000      -30819.691510
712.0000      -30892.992803
716.0000      -30999.344817
720.0000      -30811.730115
724.0000      -30916.246442
728.0000      -30913.216554
732.0000      -30913.865701
736.0000      -30892.034506
740.0000      -30770.824971
744.0000      -30839.489547
748.0000       -1383.203458
752.0000      -30850.915478
756.0000      -30907.965126
760.0000      -30712.030565
764.0000      -30920.338778
768.0000      -30904.350496
772.0000      -30863.583449
776.0000      -30804.103873
780.0000      -30688.491640
784.0000      -31137.345214
788.0000      -31007.371955
792.0000      -31002.816341
796.0000      -30761.500317
800.0000      -30763.171970
804.0000      -30934.704810
808.0000      -30892.269371
812.0000      -30780.444624
816.0000      -30911.438291
820.0000      -30890.152160
824.0000      -30834.874526
828.0000      -30893.268304
832.0000      -30896.055437
836.0000      -30721.773874
840.0000      -30846.683938
844.0000      -30681.262690
848.0000      -30912.867559
852.0000      -31014.759029
856.0000      -30863.040893
860.0000      -30340.564526
864.0000      -30779.916806
868.0000      -30903.476206
872.0000      -30924.168278
876.0000      -30785.212802
880.0000      -30920.196024
884.0000      -30907.824535
888.0000      -30690.714289
892.0000      -30855.096267
896.0000      -30851.425975
900.0000      -30691.699281
904.0000      -30707.857085
908.0000      -30952.650969
912.0000      -30884.450466
916.0000      -30844.312828
920.0000      -30782.628337
924.0000      -30857.149642
928.0000      -30718.785861
932.0000      -30780.324150
936.0000      -30808.318520
940.0000      -31011.013490
944.0000      -29229.241890
948.0000      -30668.649320
952.0000      -30716.876001
956.0000      -30946.476301
960.0000      -30745.830978
964.0000      -30814.996021
968.0000      -30870.585938
972.0000      -30775.135239
976.0000      -30826.198724
980.0000      -28883.581971
984.0000      -30821.286533
988.0000      -30987.213162
992.0000      -30822.400146
996.0000      -30917.437285
1000.0000      -30939.226440
1004.0000      -30569.430359
1008.0000      -30744.074117
1012.0000      -30835.768132
1016.0000      -30940.990640
1020.0000      -30855.445946
1024.0000      -30911.238416
1028.0000      -30702.223699
1032.0000      -30948.097489
1036.0000      -30786.378793
1040.0000      -30793.643359
1044.0000      -30191.268986
1048.0000      -30951.143923
1052.0000      -30789.493449
1056.0000      -30895.299683
1060.0000      -30759.870130
1064.0000      -30715.820304
1068.0000      -30737.379722
1072.0000      -30310.101967
1076.0000      -30878.846636
1080.0000      -30854.510050
1084.0000      -30813.573821
1088.0000      -30939.745663
1092.0000      -30879.345037
1096.0000      -30926.873110
1100.0000      -30783.324123
1104.0000      -30644.401336
1108.0000      -30845.123327
1112.0000      -30131.964991
1116.0000      -30704.253112
1120.0000      -30892.896611
1124.0000      -30921.241527
1128.0000      -30758.225485
1132.0000      -30756.950890
1136.0000      -30776.845527
1140.0000      -30852.157192
1144.0000      -30770.632731
1148.0000      -30076.868977
1152.0000      -30788.693102
1156.0000      -30898.408213
1160.0000      -30982.971391
1164.0000      -30764.073521
1168.0000      -30855.192238
1172.0000      -30907.598405
1176.0000      -29836.959254
1180.0000      -30723.714157
1184.0000      -30838.246230
1188.0000      -30903.066074
1192.0000      -30363.095771
1196.0000      -30855.706818
1200.0000      179484.069714
1204.0000      -30638.750952
1208.0000      -30759.556078
1212.0000      -30840.968845
1216.0000      -29763.976875
1220.0000      -30849.210646
1224.0000      -30857.549924
1228.0000      -30837.048069
1232.0000      -30859.226710
1236.0000      -30879.649172
1240.0000      -30983.483391
1244.0000      -30832.284602
1248.0000      -30802.483313
1252.0000      -30841.889815
1256.0000      -31029.154395
1260.0000      -30864.049610
1264.0000      -30823.596537
1268.0000      -30873.107177
1272.0000      -30813.661748
1276.0000      -30737.039570
1280.0000      -30817.883972
1284.0000      -30830.402104
1288.0000      -30777.914483
1292.0000      -30800.995674
1296.0000      -30787.486668
1300.0000      -30505.650035
1304.0000      -30902.703155
1308.0000      -30848.375865
1312.0000      -30821.264066
1316.0000      -30832.455004
1320.0000      -30856.246060
1324.0000      -30768.941487
1328.0000      -30777.068486
1332.0000      -30773.080227
1336.0000      -30811.995027
1340.0000      -30859.391637
1344.0000      -30762.405914
1348.0000      -30844.179945
1352.0000      -30831.740255
1356.0000      -31032.839392
1360.0000      -30903.741996
1364.0000      -30767.254388
1368.0000      -30931.990269
1372.0000      -30824.299768
1376.0000      -30688.261957
1380.0000      -30995.229111
1384.0000      -30760.164123
1388.0000      -30745.669502
1392.0000      -30756.595021
1396.0000      -30906.533550
1400.0000      -30939.514306
1404.0000      -30782.852675
1408.0000      -30850.357840
1412.0000      -30985.870691
1416.0000      -30734.676115
1420.0000      -30764.532481
1424.0000      -30932.985396
1428.0000      -30880.948538
1432.0000      -30731.824066
1436.0000      -30865.151081
1440.0000      -30857.018880
1444.0000      -30124.410216
1448.0000      -30948.503297
1452.0000      -30764.266782
1456.0000      -30929.000240
1460.0000      -30898.558039
1464.0000      -30818.629380
1468.0000      -30857.323740
1472.0000      -30863.146715
1476.0000      -30809.009280
1480.0000      -30621.305652
1484.0000      -30810.659555
1488.0000      -30733.566843
1492.0000      -30980.497566
1496.0000      -30986.797236
1500.0000      -30866.217134
1504.0000      -30778.320074
1508.0000      -30710.767246
1512.0000      -30946.830025
1516.0000      -30819.091945
1520.0000      -30829.117724
1524.0000      -30665.442660
1528.0000      -30706.170628
1532.0000      -30924.454363
1536.0000      -30884.433193
1540.0000      -30348.373805
1544.0000      -30888.287755
1548.0000      -30732.606000
1552.0000      -30993.155445
1556.0000      -30687.983958
1560.0000      -30906.592884
1564.0000      -30762.053959
1568.0000      -30562.873130
1572.0000      -30777.458493
1576.0000      -31045.697445
1580.0000      -30963.384231
1584.0000      -30842.746980
1588.0000      -30912.412252
1592.0000      -30955.718182
1596.0000      -31021.707195
1600.0000      -30865.534327
1604.0000      -30745.402694
1608.0000      -30671.498050
1612.0000      -30782.990326
1616.0000      -30688.479910
1620.0000      -29782.405784
1624.0000      -30937.609023
1628.0000      -30807.452946
1632.0000      -30746.542567
1636.0000      -30853.731548
1640.0000      -30928.436883
1644.0000      -30813.493276
1648.0000      -30871.643916
1652.0000      -30865.815207
1656.0000      -30684.030709
1660.0000      -30726.716365
1664.0000      -30849.877585
1668.0000      -30663.631472
1672.0000      -30773.149242
1676.0000      -30797.239630
1680.0000      -30740.538089
1684.0000      -30680.847630
1688.0000      -26890.192838
1692.0000      -30666.447445
1696.0000      -30893.570584
1700.0000      -30876.025223
1704.0000      -30742.289118
1708.0000      -30782.864206
1712.0000      -30945.566940
1716.0000      -30889.106667
1720.0000      -30787.743089
1724.0000      -30800.895627
1728.0000      -30478.123502
1732.0000      -30815.130685
1736.0000      -30498.134657
1740.0000      -30725.191148
1744.0000      -30753.793806
1748.0000      -30895.613222
1752.0000      -30835.748523
1756.0000      -30816.326788
1760.0000      -30819.351891
1764.0000      -30711.082061
1768.0000      -30707.125283
1772.0000      -30787.839059
1776.0000      -30891.729558
1780.0000      -30834.106813
1784.0000      -30711.785912
1788.0000      -30618.140879
1792.0000      -30778.838146
1796.0000      -30652.216646
1800.0000      -26693.446672
1804.0000      -30806.745094
1808.0000      -30912.042080
1812.0000      -30828.238830
1816.0000      -28281.970608
1820.0000      -30713.122718
1824.0000      -30718.593073
1828.0000      -30792.607818
1832.0000      -30800.625107
1836.0000      -30932.852343
1840.0000      -30925.350868
1844.0000      -30835.920448
1848.0000      -30770.973252
1852.0000      -30802.225619
1856.0000      -30108.174401
1860.0000      -30841.853863
1864.0000      -30852.998646
1868.0000      -30842.094053
1872.0000      -30922.332874
1876.0000      -31017.737081
1880.0000      -30702.381957
1884.0000      -30668.226354
1888.0000      -30729.513399
1892.0000      -30705.135365
1896.0000      -30772.957955
1900.0000      -30646.973043
1904.0000      -30834.969263
1908.0000      -30893.200911
1912.0000      -30828.190370
1916.0000      -30738.613567
1920.0000      -30850.765120
1924.0000      -30900.682677
1928.0000     3438709.411270
1932.0000      -30918.038930
1936.0000      -30760.686173
1940.0000      -30769.019212
1944.0000      -30908.643058
1948.0000      -31004.014295
1952.0000      -30890.893864
1956.0000      -29763.748419
1960.0000      -30792.046061
1964.0000      -30879.374608
1968.0000      -30860.905342
1972.0000      -30813.863339
1976.0000      -30962.199973
1980.0000      -30569.035051
1984.0000      -30925.589552
1988.0000      -30959.363546
1992.0000      -30865.723699
1996.0000      -30396.194896
2000.0000      -30471.487183
2004.0000      -30647.055954
2008.0000      -30986.043444
2012.0000      -30808.458426
2016.0000      -30855.718505
2020.0000      -30852.924177
2024.0000      -30792.845529
2028.0000      -30659.606468
2032.0000      -30808.478347
2036.0000      -30775.027621
2040.0000      -30707.749934
2044.0000      -30859.000210
2048.0000      -30883.523329
2052.0000      -30905.700649
2056.0000      -30659.998683
2060.0000      -30640.504388
2064.0000      -30869.076753
2068.0000      -30813.719949
2072.0000      -30930.795730
2076.0000      -30789.243285
2080.0000      -30697.323844
2084.0000      -30947.979699
2088.0000      -31105.778348
2092.0000      -30739.571780
2096.0000      -30705.019289
2100.0000      -31038.788258
2104.0000      -30941.146903
2108.0000      -30864.295712
2112.0000      -30814.615570
2116.0000      -30954.478051
2120.0000      -30696.828831
2124.0000      -30855.408213
2128.0000      -30909.185731
2132.0000      -30961.829543
2136.0000      -30860.457268
2140.0000      -30724.677405
2144.0000      -30830.574494
2148.0000      -30866.224199
2152.0000      -30557.391288
2156.0000      -30667.432353
2160.0000      -30967.223239
2164.0000      -30966.570935
2168.0000      -30929.299944
2172.0000      -30937.679942
2176.0000      -30842.418227
2180.0000      -31087.152076
2184.0000      -30919.820090
2188.0000      -30908.922474
2192.0000      -30788.513775
2196.0000      -30931.074110
2200.0000      -30803.782130
2204.0000       52189.301886
2208.0000      -30889.421062
2212.0000      -26977.629406
2216.0000      -30161.136506
2220.0000      -30639.882501
2224.0000      -30865.174741
2228.0000      -30695.420681
2232.0000      -30801.297212
2236.0000      -30356.166302
2240.0000      -30827.932728
2244.0000      -30853.685364
2248.0000      -30344.492121
2252.0000      -30842.712578
2256.0000      -30771.901776
2260.0000      -30884.661657
2264.0000      -28476.388129
2268.0000      -31020.163542
2272.0000      -30762.634658
2276.0000      -30717.989451
2280.0000      -30862.210419
2284.0000      -30846.301998
2288.0000      -31019.565621
2292.0000      -30751.821283
2296.0000      -30982.256417
2300.0000      -30746.175290
2304.0000      -30825.491836
2308.0000      -30868.960593
2312.0000      -30430.263935
2316.0000      -30762.425569
2320.0000      -30711.366372
2324.0000      -30697.441963
2328.0000      -30703.764875
2332.0000      -30665.496414
2336.0000      -30353.376298
2340.0000      -30693.698951
2344.0000      -30794.199217
2348.0000      -30741.797996
2352.0000      -30767.643254
2356.0000      -30599.462221
2360.0000      -30762.010472
2364.0000      -30462.212861
2368.0000      -30948.446563
2372.0000      -30737.613511
2376.0000      -30955.966166
2380.0000      -31028.263874
2384.0000      -30627.629993
2388.0000      -30738.801814
2392.0000      -30846.922718
2396.0000      -30881.314185
2400.0000      -30624.174642
2404.0000      -30794.992135
2408.0000      -30886.688454
2412.0000      -30770.683610
2416.0000      -30781.565270
2420.0000      -30786.583258
2424.0000      -30834.521278
2428.0000      -30780.901875
2432.0000      -30810.597813
2436.0000      -30841.176535
2440.0000      -30875.202178
2444.0000      -30782.203132
2448.0000      -30803.613164
2452.0000      -30778.976129
2456.0000      -30722.933624
2460.0000      -30699.912403
2464.0000      -30863.609168
2468.0000      -30829.320090
2472.0000      -30759.134899
2476.0000      -30867.811477
2480.0000      -30933.511980
2484.0000      -30758.201137
2488.0000      -30868.922978
2492.0000      -30666.448455
2496.0000       10000.000000
2500.0000      -30717.955093
2504.0000      -30857.016813
2508.0000      -30835.584656
2512.0000      -30106.373569
2516.0000      -30926.027667
2520.0000      -30755.937742
2524.0000      -30425.850892
2528.0000      -30802.541239
2532.0000      -30897.047387
2536.0000      -30112.313057
2540.0000      -30740.528218
2544.0000      -30858.187301
2548.0000      -30453.493219
2552.0000      -30369.103271
2556.0000      -30926.291080
2560.0000      -30794.102308
2564.0000      -30662.503237
2568.0000      -30886.892356
2572.0000      -30737.803342
2576.0000      -30719.608214
2580.0000      -30984.568019
2584.0000      -21798.206312
2588.0000      -30608.443093
2592.0000      -30765.696365
2596.0000      -30273.396384
2600.0000      -30673.857237
2604.0000      -17047.683769
2608.0000      -30880.231643
2612.0000      -30765.885603
2616.0000      -30760.076485
2620.0000      -30661.869930
2624.0000      -31021.502437
2628.0000      -30840.492573
2632.0000      -30932.590457
2636.0000      -30735.980798
2640.0000      -30974.879800
2644.0000      -30731.954368
2648.0000      -30836.574538
2652.0000      -30917.275088
2656.0000      -28827.798356
2660.0000      -30910.242528
2664.0000      -30799.545436
2668.0000      -30848.527436
2672.0000      -30832.638956
2676.0000      -30672.325056
2680.0000      -30788.283980
2684.0000      -30850.335812
2688.0000      -30975.594338
2692.0000      -30454.456712
2696.0000      -30857.149284
2700.0000      -30943.301086
2704.0000      -30643.495344
2708.0000      -30760.400363
2712.0000      -30609.818427
2716.0000      -30876.078564
2720.0000      -30748.624973
2724.0000      -30800.842699
2728.0000      -30907.335120
2732.0000      -24001.664841
2736.0000      -30864.552802
2740.0000      -30797.671438
2744.0000      -30808.870331
2748.0000      -30651.276846
2752.0000      -30830.032243
2756.0000      -30863.425153
2760.0000      -30906.633815
2764.0000      -30660.384309
2768.0000      -30799.461382
2772.0000      -30831.558959
2776.0000      -30834.573041
2780.0000      -31027.572322
2784.0000      -30585.070578
2788.0000      -30901.061577
2792.0000      -30868.120735
2796.0000      -30587.630193
2800.0000      -30102.524677
2804.0000      -30807.594761
2808.0000      -30774.554775
2812.0000      -30844.188246
2816.0000      -30987.220448
2820.0000      -30668.003092
2824.0000      -30845.329519
2828.0000      -30906.534166
2832.0000      -31048.841841
2836.0000      -30815.819151
2840.0000      -30982.264247
2844.0000      -30756.037460
2848.0000      -31001.366907
2852.0000      -30753.686729
2856.0000      -30891.667027
2860.0000      -30852.374400
2864.0000      -30865.949982
2868.0000      -30629.376206
2872.0000      -30740.505019
2876.0000      -30920.788698
2880.0000      -30414.452619
2884.0000      -30856.799812
2888.0000      -30882.979897
2892.0000      -30644.780054
2896.0000      -30602.572815
2900.0000      -30924.117394
2904.0000      -30932.940273
2908.0000      -30944.775082
2912.0000      -30897.786239
2916.0000      -30791.225812
2920.0000      -30961.736349
2924.0000      -30841.693597
2928.0000      -30846.350679
2932.0000      -30907.157553
2936.0000      -30991.258274
2940.0000      -30607.426110
2944.0000      -30728.370703
2948.0000      -30954.203047
2952.0000      -30974.330270
2956.0000      -30687.767564
2960.0000      -30575.975806
2964.0000      -30674.480663
2968.0000      -30679.279801
2972.0000      -30993.450487
2976.0000      -30759.520354
2980.0000      -30717.218834
2984.0000      -30781.566919
2988.0000      -30732.933843
2992.0000      -30898.050295
2996.0000      -30917.347543
3000.0000      -30818.584516
3004.0000      -30857.091607
3008.0000      -30966.330387
3012.0000      -30879.563126
3016.0000      -30830.221386
3020.0000      -30856.414312
3024.0000      -29176.679296
3028.0000      -30722.718877
3032.0000      -30746.189242
3036.0000      -30826.913713
3040.0000      -31010.895359
3044.0000      -30784.872682
3048.0000      -30863.586867
3052.0000      -30790.018137
3056.0000      -30854.336952
3060.0000      -30961.564205
3064.0000      -30757.417393
3068.0000        8883.612178
3072.0000      -30664.566944
3076.0000      -30904.144112
3080.0000      -30882.167651
3084.0000      -30906.559465
3088.0000      -30839.974023
3092.0000      -30938.100926
3096.0000      -30771.984583
3100.0000      -30658.006394
3104.0000      -30930.645858
3108.0000      -30646.367508
3112.0000      -30970.370593
3116.0000      -30810.512459
3120.0000      -30782.080194
3124.0000      -30553.169804
3128.0000      -30618.333234
3132.0000      -30928.222148
3136.0000      -30951.257823
3140.0000      -31056.268991
3144.0000      -30718.711238
3148.0000      -30972.337898
3152.0000      -30667.110391
3156.0000      -30871.415888
3160.0000      -30796.608600
3164.0000      -30963.780961
3168.0000      -30758.142990
3172.0000      -30779.093306
3176.0000      -30754.083128
3180.0000      -30856.936341
3184.0000      -30738.880586
3188.0000      -30925.679036
3192.0000      -30841.289757
3196.0000      -30724.081524
3200.0000      -30843.911932
3204.0000      -30818.336197
3208.0000      -30797.298017
3212.0000      -30874.733537
3216.0000      -30875.062577
3220.0000      -30801.606865
3224.0000      -30977.289360
3228.0000      -29854.912975
3232.0000      -30936.139564
3236.0000      -30811.764033
3240.0000      -30927.684928
3244.0000      -30935.799537
3248.0000      -30900.193522
3252.0000      -30789.070935
3256.0000      -30817.255456
3260.0000      -30792.982354
3264.0000      -30783.228053
3268.0000      -30933.666525
3272.0000      -30874.854141
3276.0000      -29805.976202
3280.0000      -30604.436853
3284.0000      -30736.277271
3288.0000      -30860.359277
3292.0000      -29490.510229
3296.0000      -30904.750553
3300.0000      -30795.649558
3304.0000      -30709.521493
3308.0000      -30900.007971
3312.0000      -30682.480392
3316.0000      -30710.082182
3320.0000      -31092.086987
3324.0000      -30845.897911
3328.0000      -30645.964356
3332.0000      -31030.846848
3336.0000      -30803.036704
3340.0000      -30981.790370
3344.0000      -30645.808806
3348.0000      -31018.691643
3352.0000      -30974.654777
3356.0000      -30927.624329
3360.0000      -31021.234206
3364.0000      -30711.155596
3368.0000      -30785.349261
3372.0000      -30828.118548
3376.0000      -30663.801813
3380.0000      -30174.953786
3384.0000      -30880.963504
3388.0000      -30846.191115
3392.0000      -30767.176964
3396.0000      -30774.216654
3400.0000      -30678.904793
3404.0000      -27790.168419
3408.0000      -30571.336917
3412.0000      -30836.143374
3416.0000      -30920.262702
3420.0000      -30929.955682
3424.0000      -30256.268013
3428.0000      -30806.220774
3432.0000      -30657.027805
3436.0000      -30889.165573
3440.0000      -30909.812590
3444.0000      -30666.052171
3448.0000      -30056.286062
3452.0000      -30809.808238
3456.0000      -30702.851689
3460.0000      -30701.040685
3464.0000      -30611.331072
3468.0000      -30746.522576
3472.0000      -30806.162799
3476.0000      -30872.175253
3480.0000      -30864.591232
3484.0000      -31027.788554
3488.0000      -30692.027044
3492.0000      -30784.175460
3496.0000      -30788.020763
3500.0000      -30889.121064
3504.0000      -30700.468524
3508.0000      -30705.298633
3512.0000      -30602.396134
3516.0000      -30240.535978
3520.0000      -30709.587483
3524.0000      -30742.443876
3528.0000      -30700.969694
3532.0000      -30898.841865
3536.0000      -30860.182706
3540.0000      -30773.149193
3544.0000      -30858.473653
3548.0000      -31018.936610
3552.0000      -30154.945084
3556.0000      -30699.033334
3560.0000      -30862.433487
3564.0000      -30731.332677
3568.0000      -31109.266863
3572.0000      -30780.627349
3576.0000      -30859.281249
3580.0000      -30908.433141
3584.0000      -30842.273907
3588.0000      -30798.815363
3592.0000      -30926.108415
3596.0000      -30889.958192
3600.0000      -30989.814848
3604.0000      -30794.619376
3608.0000      -30815.786319
3612.0000      -30531.431340
3616.0000      -30782.274649
3620.0000      -30441.819707
3624.0000      -30756.036065
3628.0000      -30905.968727
3632.0000      -30743.324252
3636.0000      -30602.722915
3640.0000      -30786.633699
3644.0000      -30664.349455
3648.0000      -30827.718920
3652.0000      -30829.302949
3656.0000      -30759.208324
3660.0000      -30827.101526
3664.0000      -30712.651012
3668.0000      -30620.687351
3672.0000      -30381.608660
3676.0000      -30829.133026
3680.0000      -30790.008054
3684.0000      -30914.832452
3688.0000      -30644.481834
3692.0000      -30915.781700
3696.0000      -30637.305780
3700.0000      -30889.542533
3704.0000      -30718.137408
3708.0000      -30795.649991
3712.0000      -29306.077559
3716.0000      -30790.707036
3720.0000      -30780.136574
3724.0000      -23138.218574
3728.0000      -30995.345787
3732.0000      -30863.845569
3736.0000      -30941.588933
3740.0000      -30900.958495
3744.0000      -30846.534673
3748.0000      -29917.867499
3752.0000      -30896.403668
3756.0000      -30573.264135
3760.0000      -30665.381207
3764.0000      -30902.835213
3768.0000      -30915.878828
3772.0000      -30941.071692
3776.0000      -30910.195527
3780.0000      -30896.233197
3784.0000      -30827.308073
3788.0000      -30809.276938
3792.0000      -30731.030186
3796.0000      -31002.387018
3800.0000      -30937.001681
3804.0000      -30815.589171
3808.0000      -30904.103668
3812.0000      -31079.441052
3816.0000      -30634.307353
3820.0000      -30500.786369
3824.0000      -30480.334574
3828.0000      -30971.503016
3832.0000      -30583.877524
3836.0000      -30707.792425
3840.0000      -30766.895051
3844.0000      -30744.266939
3848.0000      -30980.311745
3852.0000      -30830.552881
3856.0000      -30850.101038
3860.0000      -29375.463544
3864.0000      -30432.501512
3868.0000      -30859.337571
3872.0000      -30761.405386
3876.0000      -30803.679234
3880.0000      -30692.158739
3884.0000      -30617.874166
3888.0000      -30804.422170
3892.0000      -11623.269103
3896.0000      -30484.601165
3900.0000      -30723.074960
3904.0000      -30913.967730
3908.0000      -30853.409174
3912.0000      -23037.616827
3916.0000      -30842.718045
3920.0000      -30933.635485
3924.0000      -30834.665653
3928.0000      -30581.602143
3932.0000      -30565.990131
3936.0000      -19680.968047
3940.0000     1930245.145383
3944.0000      -30720.343396
3948.0000      -30814.703180
3952.0000      -30848.397146
3956.0000      -30837.532690
3960.0000      -30845.040968
3964.0000      -30842.219035
3968.0000      -30731.063150
3972.0000      -29077.100014
3976.0000      -30726.581320
3980.0000      -30880.951593
3984.0000      -30710.756612
3988.0000      -31005.651921
3992.0000      -31026.345967
3996.0000      -30850.384130
4000.0000      -30811.702023
4004.0000      -30811.702023
