4.0000      -30903.781848
8.0000      -30835.186495
12.0000      -30831.939094
16.0000      -31004.547982
20.0000      -30991.974760
24.0000      -30777.009222
28.0000      -30876.996638
32.0000      -30872.744843
36.0000      -30926.103311
40.0000      -30793.841745
44.0000      -30965.804148
48.0000      -30902.123037
52.0000      -30902.766307
56.0000      -30791.752919
60.0000      -30757.656261
64.0000      -31034.988910
68.0000      -30971.505494
72.0000      -30888.365293
76.0000      -31147.168986
80.0000      -30903.961461
84.0000      -30867.086680
88.0000      -30953.507149
92.0000      -30768.397549
96.0000      -30829.712336
100.0000      -30939.912137
104.0000      -30828.278895
108.0000      -30876.027266
112.0000      -30712.033670
116.0000      -30773.457911
120.0000      -30876.812931
124.0000      -30922.793600
128.0000      -30854.715185
132.0000      -30948.195042
136.0000      -30920.238126
140.0000      -31040.062202
144.0000      -30891.104281
148.0000      -30932.278234
152.0000      -30949.397236
156.0000      -30768.850769
160.0000      -30803.566428
164.0000      -30691.256664
168.0000      -30887.881644
172.0000      -30722.920623
176.0000      -30916.108457
180.0000      -30828.712409
184.0000      -30872.452943
188.0000      -30841.259296
192.0000      -30782.577482
196.0000      -30895.192569
200.0000      -30746.056138
204.0000      -31015.248743
208.0000      -30778.549139
212.0000      -30725.827860
216.0000      -30870.846333
220.0000      -30873.422380
224.0000      -30841.533924
228.0000      -30830.770538
232.0000      -30934.805981
236.0000      -30844.412232
240.0000      -30938.323927
244.0000      -30881.304488
248.0000      -30926.053920
252.0000      -31078.010850
256.0000      -30805.356825
260.0000      -30914.632296
264.0000      -30739.154100
268.0000      -30861.056108
272.0000      -30876.552207
276.0000      -30903.075565
280.0000      -30962.807011
284.0000      -30969.069457
288.0000      -30790.080369
292.0000      -30851.074608
296.0000      -30759.590131
300.0000      -30810.745984
304.0000      -30792.774842
308.0000      -30767.802474
312.0000      -30850.397803
316.0000      -30878.682786
320.0000      -30729.784094
324.0000      -30833.029650
328.0000      -30695.295818
332.0000      -31026.559957
336.0000      -30827.037029
340.0000      -30986.584318
344.0000      -30916.407044
348.0000      -30926.416284
352.0000      -30809.745491
356.0000      -30999.465586
360.0000      -30815.351031
364.0000      -30801.100381
368.0000      -30750.187328
372.0000      -30820.922629
376.0000      -30753.041821
380.0000      -31031.763844
384.0000      -30875.367772
388.0000      -30826.097995
392.0000      -30908.315465
396.0000      -30905.221347
400.0000      -30819.208881
404.0000      -30913.491746
408.0000      -30723.340912
412.0000      -30918.176472
416.0000      -30859.611235
420.0000      -30735.035938
424.0000      -30813.766599
428.0000      -30881.107717
432.0000      -30872.606612
436.0000      -30871.520343
440.0000      -30956.969049
444.0000      -30970.142900
448.0000      -30787.706705
452.0000      -30816.690839
456.0000      -30929.187736
460.0000      -30805.265735
464.0000      -31004.114004
468.0000      -30916.593328
472.0000      -30748.145646
476.0000      -30747.470530
480.0000      -30844.800901
484.0000      -30973.795507
488.0000      -30989.217115
492.0000      -30858.027171
496.0000      -30814.212244
500.0000      -30849.968265
504.0000      -30776.181049
508.0000      -30790.775882
512.0000      -30804.507344
516.0000      -30914.257574
520.0000      -31006.887585
524.0000      -30998.525672
528.0000      -30910.870600
532.0000      -30940.073087
536.0000      -30840.436597
540.0000      -30832.409753
544.0000      -30865.666671
548.0000      -30807.008414
552.0000      -30882.313115
556.0000      -30795.697708
560.0000      -30988.225594
564.0000      -30875.019650
568.0000      -30843.018192
572.0000      -30794.997293
576.0000      -30972.025799
580.0000      -31036.150588
584.0000      -30995.356474
588.0000      -30937.066152
592.0000      -30973.444448
596.0000      -30982.693214
600.0000      -30956.685356
604.0000      -30783.905787
608.0000      -30738.496841
612.0000      -30863.642611
616.0000      -31025.251173
620.0000      -31093.416774
624.0000      -30938.208898
628.0000      -30859.458361
632.0000      -30891.554907
636.0000      -30914.404565
640.0000      -30902.704917
644.0000      -30825.489279
648.0000      -30931.009834
652.0000      -30976.418684
656.0000      -31012.134336
660.0000      -30859.776403
664.0000      -30868.796747
668.0000      -30991.540247
672.0000      -30821.644855
676.0000      -30880.733083
680.0000      -30828.098639
684.0000      -30892.724249
688.0000      -30862.953055
692.0000      -30840.855067
696.0000      -30850.480910
700.0000      -30994.074394
704.0000      -30906.582745
708.0000      -30938.318181
712.0000      -30849.394366
716.0000      -31011.280525
720.0000      -30915.218426
724.0000      -30874.042292
728.0000      -30854.118828
732.0000      -30950.973516
736.0000      -31005.622804
740.0000      -30852.209202
744.0000      -30812.768303
748.0000      -30845.507854
752.0000      -30805.029016
756.0000      -30758.232802
760.0000      -30767.634563
764.0000      -30972.268451
768.0000      -30897.941698
772.0000      -30886.804281
776.0000      -30873.662117
780.0000      -30817.701140
784.0000      -30886.118404
788.0000      -30893.865726
792.0000      -30790.760867
796.0000      -30784.052129
800.0000      -30765.434483
804.0000      -30839.802223
808.0000      -30776.631802
812.0000      -30991.187747
816.0000      -31051.394548
820.0000      -30882.496606
824.0000      -30955.272265
828.0000      -30817.985726
832.0000      -30766.980453
836.0000      -30779.960202
840.0000      -30879.629546
844.0000      -30956.385308
848.0000      -30901.930780
852.0000      -30982.909053
856.0000      -30911.023000
860.0000      -30791.513776
864.0000      -30871.010527
868.0000      -30977.982790
872.0000      -30996.669925
876.0000      -30996.763574
880.0000      -30763.158064
884.0000      -30871.060505
888.0000      -30959.667158
892.0000      -30900.794466
896.0000      -31072.499768
900.0000      -30920.790434
904.0000      -30710.444777
908.0000      -30753.753782
912.0000      -30984.222175
916.0000      -30881.127334
920.0000      -31023.023039
924.0000      -30821.255699
928.0000      -30743.213298
932.0000      -31037.939409
936.0000      -30846.477897
940.0000      -30712.332444
944.0000      -30878.352962
948.0000      -30752.111063
952.0000      -30970.523311
956.0000      -30750.184758
960.0000      -30854.295284
964.0000      -30941.712099
968.0000      -30765.531379
972.0000      -30856.474685
976.0000      -30784.049280
980.0000      -30952.421264
984.0000      -30967.366757
988.0000      -31088.652607
992.0000      -31050.152484
996.0000      -30862.584123
1000.0000      -30924.381629
1004.0000      -30940.139197
1008.0000      -30929.820560
1012.0000      -30993.131239
1016.0000      -30903.946734
1020.0000      -30816.570754
1024.0000      -30751.224657
1028.0000      -30727.648257
1032.0000      -30893.227187
1036.0000      -31038.809025
1040.0000      -30897.869005
1044.0000      -30958.127217
1048.0000      -30844.653545
1052.0000      -30998.975970
1056.0000      -30784.827579
1060.0000      -30897.796499
1064.0000      -30830.054769
1068.0000      -30871.604134
1072.0000      -31067.022904
1076.0000      -30788.431502
1080.0000      -30844.234670
1084.0000      -30959.398600
1088.0000      -30849.037674
1092.0000      -30955.760206
1096.0000      -30721.452443
1100.0000      -30888.874716
1104.0000      -30785.855681
1108.0000      -30779.393889
1112.0000      -30733.758162
1116.0000      -30863.702678
1120.0000      -30860.652363
1124.0000      -30883.018630
1128.0000      -30909.623067
1132.0000      -30979.739573
1136.0000      -30998.505268
1140.0000      -30875.684990
1144.0000      -30882.833573
1148.0000      -30902.159864
1152.0000      -30878.560254
1156.0000      -30887.256945
1160.0000      -30754.567464
1164.0000      -30840.919041
1168.0000      -30765.431561
1172.0000      -30954.433193
1176.0000      -30877.773482
1180.0000      -31006.878193
1184.0000      -30922.950988
1188.0000      -30999.860062
1192.0000      -30927.647035
1196.0000      -31114.691247
1200.0000      -31023.650732
1204.0000      -30886.837281
1208.0000      -30925.929278
1212.0000      -30999.430017
1216.0000      -30713.472981
1220.0000      -31030.700746
1224.0000      -30985.666438
1228.0000      -30840.735123
1232.0000      -30861.778237
1236.0000      -30970.528392
1240.0000      -31006.220969
1244.0000      -30898.140289
1248.0000      -30854.620684
1252.0000      -30814.947691
1256.0000      -30821.732351
1260.0000      -30797.470828
1264.0000      -30747.783547
1268.0000      -30822.992107
1272.0000      -31013.648316
1276.0000      -30967.054900
1280.0000      -30865.563616
1284.0000      -30975.126047
1288.0000      -30873.914068
1292.0000      -30878.942753
1296.0000      -30905.004945
1300.0000      -30859.630264
1304.0000      -30831.747200
1308.0000      -30928.166394
1312.0000      -30817.478623
1316.0000      -30830.350587
1320.0000      -30862.181059
1324.0000      -30836.719200
1328.0000      -30756.484770
1332.0000      -30633.504071
1336.0000      -30671.996196
1340.0000      -30898.400565
1344.0000      -30804.044991
1348.0000      -30841.066141
1352.0000      -30990.790492
1356.0000      -31009.456085
1360.0000      -30855.440058
1364.0000      -30760.301206
1368.0000      -30808.932498
1372.0000      -30904.317337
1376.0000      -30900.178090
1380.0000      -30860.330006
1384.0000      -30985.694929
1388.0000      -30808.455790
1392.0000      -30834.778512
1396.0000      -30883.282219
1400.0000      -31035.552453
1404.0000      -30869.428743
1408.0000      -30842.297246
1412.0000      -31108.934045
1416.0000      -30905.634885
1420.0000      -30751.061864
1424.0000      -30939.025429
1428.0000      -30748.811605
1432.0000      -30965.554427
1436.0000      -30779.747494
1440.0000      -30993.271007
1444.0000      -30927.162154
1448.0000      -30843.160181
1452.0000      -30718.994544
1456.0000      -30849.594112
1460.0000      -30904.071804
1464.0000      -30939.690234
1468.0000      -30870.703361
1472.0000      -30958.354357
1476.0000      -30935.573612
1480.0000      -30962.294496
1484.0000      -30935.720818
1488.0000      -30999.542254
1492.0000      -30869.137256
1496.0000      -30864.675679
1500.0000      -30761.382081
1504.0000      -30795.945623
1508.0000      -30875.690218
1512.0000      -30787.938727
1516.0000      -30938.081005
1520.0000      -30849.583443
1524.0000      -30948.175901
1528.0000      -30773.600465
1532.0000      -30975.973638
1536.0000      -30907.088605
1540.0000      -30867.712448
1544.0000      -30992.029741
1548.0000      -30937.215724
1552.0000      -30889.470201
1556.0000      -30849.589970
1560.0000      -30864.249583
1564.0000      -30778.552531
1568.0000      -30875.295122
1572.0000      -30831.436431
1576.0000      -30928.478917
1580.0000      -30872.277968
1584.0000      -30884.016499
1588.0000      -30972.548777
1592.0000      -30986.182180
1596.0000      -30828.323257
1600.0000      -30846.581095
1604.0000      -30971.495966
1608.0000      -30784.636460
1612.0000      -30973.055052
1616.0000      -30912.103768
1620.0000      -30930.906077
1624.0000      -30859.000115
1628.0000      -30946.046247
1632.0000      -30823.131517
1636.0000      -30844.158006
1640.0000      -30752.379108
1644.0000      -30715.300254
1648.0000      -30905.829875
1652.0000      -30918.530408
1656.0000      -30783.155854
1660.0000      -30911.412205
1664.0000      -30776.087128
1668.0000      -30807.735230
1672.0000      -30776.906543
1676.0000      -31106.149893
1680.0000      -30988.166243
1684.0000      -30886.915559
1688.0000      -30956.327503
1692.0000      -30936.565706
1696.0000      -30953.752209
1700.0000      -30902.961130
1704.0000      -30668.030278
1708.0000      -30942.025327
1712.0000      -30697.242828
1716.0000      -30857.942384
1720.0000      -30814.890001
1724.0000      -30929.437356
1728.0000      -30820.343247
1732.0000      -30933.251823
1736.0000      -30980.452951
1740.0000      -30832.074062
1744.0000      -30901.207908
1748.0000      -30976.482762
1752.0000      -30922.018910
1756.0000      -30841.392934
1760.0000      -30809.070834
1764.0000      -30968.668170
1768.0000      -30936.897225
1772.0000      -30882.657493
1776.0000      -30834.097820
1780.0000      -30948.092711
1784.0000      -30889.801514
1788.0000      -30903.792913
1792.0000      -30768.071839
1796.0000      -30775.665803
1800.0000      -30904.915789
1804.0000      -30859.720539
1808.0000      -30860.682665
1812.0000      -30948.855338
1816.0000      -30991.647344
1820.0000      -30922.936055
1824.0000      -30858.727431
1828.0000      -30827.541079
1832.0000      -30797.384843
1836.0000      -30974.097492
1840.0000      -30978.505899
1844.0000      -30991.941464
1848.0000      -30885.203859
1852.0000      -30976.974526
1856.0000      -30921.510235
1860.0000      -30923.575184
1864.0000      -30881.301987
1868.0000      -30790.545986
1872.0000      -30848.237799
1876.0000      -30985.592631
1880.0000      -30757.202771
1884.0000      -30764.911026
1888.0000      -30808.365563
1892.0000      -30899.091980
1896.0000      -30767.030934
1900.0000      -30690.602049
1904.0000      -30805.177133
1908.0000      -30678.089864
1912.0000      -30910.801389
1916.0000      -30846.519740
1920.0000      -30928.583598
1924.0000      -30953.295030
1928.0000      -30854.293238
1932.0000      -30877.296888
1936.0000      -30892.442298
1940.0000      -30952.403469
1944.0000      -30804.407682
1948.0000      -30816.339793
1952.0000      -30850.745857
1956.0000      -30871.756346
1960.0000      -30914.503250
1964.0000      -30936.871067
1968.0000      -30809.949991
1972.0000      -30796.362165
1976.0000      -30781.617391
1980.0000      -30969.130664
1984.0000      -30881.900382
1988.0000      -30944.111272
1992.0000      -30957.387137
1996.0000      -30920.195868
2000.0000      -30997.049542
2004.0000      -30914.978844
2008.0000      -30871.113172
2012.0000      -30768.765520
2016.0000      -30700.668091
2020.0000      -30932.448441
2024.0000      -30840.132397
2028.0000      -30907.362383
2032.0000      -30761.174631
2036.0000      -30787.537758
2040.0000      -31038.888845
2044.0000      -30910.557854
2048.0000      -30927.513487
2052.0000      -30997.680336
2056.0000      -30982.165851
2060.0000      -31042.616269
2064.0000      -30880.309998
2068.0000      -30968.564092
2072.0000      -30972.992748
2076.0000      -30862.116725
2080.0000      -30908.191924
2084.0000      -30809.213281
2088.0000      -30836.826561
2092.0000      -30802.568689
2096.0000      -30985.466166
2100.0000      -30864.499438
2104.0000      -30891.935367
2108.0000      -30805.373906
2112.0000      -30829.231320
2116.0000      -30842.045809
2120.0000      -30897.425887
2124.0000      -30915.270634
2128.0000      -30936.989470
2132.0000      -30866.854410
2136.0000      -30870.029779
2140.0000      -30954.807170
2144.0000      -30718.522595
2148.0000      -30825.975062
2152.0000      -31027.174704
2156.0000      -30790.552555
2160.0000      -30762.679950
2164.0000      -30883.474465
2168.0000      -30986.887055
2172.0000      -30816.748112
2176.0000      -30942.976797
2180.0000      -30848.173731
2184.0000      -31061.629394
2188.0000      -30886.717359
2192.0000      -30908.953590
2196.0000      -30955.046281
2200.0000      -30978.288942
2204.0000      -30976.864766
2208.0000      -30976.439721
2212.0000      -30874.935265
2216.0000      -30779.790649
2220.0000      -30895.085535
2224.0000      -30868.445327
2228.0000      -31049.086993
2232.0000      -30900.698071
2236.0000      -30737.715994
2240.0000      -30833.876297
2244.0000      -30879.117424
2248.0000      -30879.908291
2252.0000      -30793.042337
2256.0000      -30880.940709
2260.0000      -30915.046188
2264.0000      -30805.552563
2268.0000      -30873.667026
2272.0000      -30869.652479
2276.0000      -30717.830313
2280.0000      -30926.881052
2284.0000      -30947.776299
2288.0000      -30988.708678
2292.0000      -31028.749982
2296.0000      -30987.175329
2300.0000      -30818.216409
2304.0000      -30981.507089
2308.0000      -30953.440420
2312.0000      -31024.882898
2316.0000      -30924.709545
2320.0000      -30887.470291
2324.0000      -30845.598710
2328.0000      -30747.315952
2332.0000      -30755.097447
2336.0000      -30842.722969
2340.0000      -30851.338062
2344.0000      -30900.168430
2348.0000      -30838.325428
2352.0000      -30909.516892
2356.0000      -30983.245212
2360.0000      -30780.415144
2364.0000      -30896.863028
2368.0000      -30814.274429
2372.0000      -30995.964464
2376.0000      -30816.256963
2380.0000      -31107.058823
2384.0000      -30877.631973
2388.0000      -30850.943750
2392.0000      -30921.861406
2396.0000      -30965.208985
2400.0000      -30814.395452
2404.0000      -30901.001613
2408.0000      -30711.596521
2412.0000      -30822.693406
2416.0000      -30759.351283
2420.0000      -30783.834467
2424.0000      -30872.215004
2428.0000      -30874.276478
2432.0000      -30817.859838
2436.0000      -30812.097975
2440.0000      -30749.070701
2444.0000      -30757.743316
2448.0000      -30805.827013
2452.0000      -30820.090117
2456.0000      -30861.866783
2460.0000      -30777.282458
2464.0000      -30913.586026
2468.0000      -30726.106986
2472.0000      -30853.168568
2476.0000      -30692.149243
2480.0000      -30802.336546
2484.0000      -30714.084195
2488.0000      -30842.948899
2492.0000      -30766.248014
2496.0000      -30904.293884
2500.0000      -30957.055595
2504.0000      -30849.181807
2508.0000      -30885.143330
2512.0000      -30741.108760
2516.0000      -30880.844947
2520.0000      -30854.059347
2524.0000      -30810.109319
2528.0000      -30784.804959
2532.0000      -30702.738065
2536.0000      -30805.688423
2540.0000      -30890.005288
2544.0000      -30706.699233
2548.0000      -30830.550407
2552.0000      -30802.491419
2556.0000      -31100.688426
2560.0000      -30914.000781
2564.0000      -30951.365542
2568.0000      -30867.694691
2572.0000      -30974.495996
2576.0000      -30786.550467
2580.0000      -30898.965679
2584.0000      -30928.896846
2588.0000      -30886.317780
2592.0000      -30769.192173
2596.0000      -30943.562231
2600.0000      -30781.925507
2604.0000      -30817.362165
2608.0000      -31015.271013
2612.0000      -30851.751884
2616.0000      -31062.162045
2620.0000      -30921.059023
2624.0000      -30869.921130
2628.0000      -30863.274284
2632.0000      -30907.042391
2636.0000      -30850.692482
2640.0000      -30901.822899
2644.0000      -30812.902159
2648.0000      -30859.576787
2652.0000      -31139.315086
2656.0000      -30696.375283
2660.0000      -30892.826404
2664.0000      -30823.476484
2668.0000      -30835.371991
2672.0000      -30692.313102
2676.0000      -30885.847399
2680.0000      -30918.391385
2684.0000      -30995.924566
2688.0000      -30676.958083
2692.0000      -30748.810679
2696.0000      -30865.702050
2700.0000      -30993.898856
2704.0000      -30993.712775
2708.0000      -30908.091455
2712.0000      -30784.930355
2716.0000      -30806.896570
2720.0000      -30821.036379
2724.0000      -30701.274592
2728.0000      -30935.264464
2732.0000      -30903.109337
2736.0000      -30989.611982
2740.0000      -30736.330059
2744.0000      -30809.041578
2748.0000      -30934.987650
2752.0000      -30776.686740
2756.0000      -30853.126776
2760.0000      -30809.886115
2764.0000      -30877.962273
2768.0000      -30902.661247
2772.0000      -30965.397895
2776.0000      -30936.268701
2780.0000      -30831.178032
2784.0000      -30868.784602
2788.0000      -30896.031698
2792.0000      -30733.956178
2796.0000      -30721.537722
2800.0000      -30784.932077
2804.0000      -30800.752519
2808.0000      -30769.093919
2812.0000      -30929.349966
2816.0000      -30856.569297
2820.0000      -30979.768932
2824.0000      -30933.929888
2828.0000      -31012.610467
2832.0000      -30798.863149
2836.0000      -30873.724651
2840.0000      -30935.329806
2844.0000      -30881.572951
2848.0000      -30917.434468
2852.0000      -30952.523455
2856.0000      -30796.205274
2860.0000      -30881.194296
2864.0000      -30825.604237
2868.0000      -31032.366258
2872.0000      -30971.928526
2876.0000      -30903.572620
2880.0000      -30754.156972
2884.0000      -30764.778570
2888.0000      -30698.413598
2892.0000      -30933.030811
2896.0000      -30920.935372
2900.0000      -30744.600515
2904.0000      -30805.317308
2908.0000      -30859.339059
2912.0000      -30958.333922
2916.0000      -30952.434168
2920.0000      -30954.259973
2924.0000      -30814.428045
2928.0000      -30829.813761
2932.0000      -30851.542880
2936.0000      -30874.802430
2940.0000      -30708.040329
2944.0000      -30869.809935
2948.0000      -30774.185032
2952.0000      -30741.847025
2956.0000      -30872.701624
2960.0000      -30867.665755
2964.0000      -30881.488706
2968.0000      -31007.564682
2972.0000      -30955.399600
2976.0000      -30663.378038
2980.0000      -31194.175599
2984.0000      -30712.973356
2988.0000      -31046.984496
2992.0000      -30948.093758
2996.0000      -30921.548170
3000.0000      -31004.802458
3004.0000      -30742.449091
3008.0000      -30891.701645
3012.0000      -30940.301448
3016.0000      -30830.944562
3020.0000      -30937.173308
3024.0000      -30807.214796
3028.0000      -30828.998213
3032.0000      -30795.337414
3036.0000      -30836.916480
3040.0000      -30900.118083
3044.0000      -30906.876490
3048.0000      -30887.558102
3052.0000      -30958.796104
3056.0000      -30808.459766
3060.0000      -30884.407372
3064.0000      -30707.087464
3068.0000      -30831.536860
3072.0000      -30942.938566
3076.0000      -30991.105962
3080.0000      -30793.070482
3084.0000      -30767.937234
3088.0000      -30855.134254
3092.0000      -31102.337611
3096.0000      -30886.389507
3100.0000      -31192.645069
3104.0000      -30765.143424
3108.0000      -30710.501077
3112.0000      -31017.063457
3116.0000      -30916.373351
3120.0000      -31037.510291
3124.0000      -30838.822925
3128.0000      -30898.539120
3132.0000      -30732.839002
3136.0000      -30768.175691
3140.0000      -30854.407835
3144.0000      -30945.457023
3148.0000      -31025.987149
3152.0000      -30830.585782
3156.0000      -31007.393035
3160.0000      -30827.864952
3164.0000      -30793.925687
3168.0000      -30980.218960
3172.0000      -30807.766760
3176.0000      -31023.995718
3180.0000      -31062.227510
3184.0000      -30861.752841
3188.0000      -30828.446676
3192.0000      -30852.340300
3196.0000      -30918.281228
3200.0000      -30862.821991
3204.0000      -30747.041464
3208.0000      -31084.678538
3212.0000      -30781.996281
3216.0000      -30927.775768
3220.0000      -30945.814311
3224.0000      -30789.785978
3228.0000      -30786.093117
3232.0000      -30914.256896
3236.0000      -30718.570303
3240.0000      -30950.228763
3244.0000      -31056.600430
3248.0000      -30847.434351
3252.0000      -30924.296561
3256.0000      -31000.727696
3260.0000      -30867.640593
3264.0000      -30915.229697
3268.0000      -30992.434000
3272.0000      -30883.816979
3276.0000      -30912.567401
3280.0000      -30853.456046
3284.0000      -30929.611868
3288.0000      -31036.208792
3292.0000      -30872.242622
3296.0000      -30957.883197
3300.0000      -31092.176125
3304.0000      -30844.748841
3308.0000      -30959.993062
3312.0000      -30902.836656
3316.0000      -31000.698735
3320.0000      -30828.414019
3324.0000      -30903.107010
3328.0000      -31082.537485
3332.0000      -31120.661832
3336.0000      -30995.054996
3340.0000      -30916.919338
3344.0000      -30911.782711
3348.0000      -30875.103638
3352.0000      -30853.206396
3356.0000      -30885.180637
3360.0000      -30876.529585
3364.0000      -30880.070425
3368.0000      -30905.256625
3372.0000      -30892.598095
3376.0000      -31013.969605
3380.0000      -30939.270463
3384.0000      -30955.373772
3388.0000      -30908.196175
3392.0000      -30977.872986
3396.0000      -30891.555895
3400.0000      -30827.164720
3404.0000      -30755.250162
3408.0000      -30967.939478
3412.0000      -30894.027499
3416.0000      -30876.025318
3420.0000      -30787.719389
3424.0000      -30784.031235
3428.0000      -30769.941577
3432.0000      -30781.410955
3436.0000      -30864.990969
3440.0000      -30988.658421
3444.0000      -30940.557668
3448.0000      -30831.694329
3452.0000      -31002.650990
3456.0000      -30904.463175
3460.0000      -30730.194285
3464.0000      -30887.393642
3468.0000      -30875.298383
3472.0000      -30796.026478
3476.0000      -30916.067967
3480.0000      -30727.364541
3484.0000      -30897.233609
3488.0000      -30867.117158
3492.0000      -30994.475381
3496.0000      -30923.684177
3500.0000      -30937.167444
3504.0000      -30919.205976
3508.0000      -30877.855248
3512.0000      -30765.141697
3516.0000      -30935.101817
3520.0000      -30776.642691
3524.0000      -30721.787882
3528.0000      -30754.414331
3532.0000      -30781.435251
3536.0000      -30905.376886
3540.0000      -30924.410822
3544.0000      -30889.454610
3548.0000      -30856.265982
3552.0000      -30782.827319
3556.0000      -30810.844427
3560.0000      -30920.175305
3564.0000      -30899.472497
3568.0000      -30861.386284
3572.0000      -30766.846609
3576.0000      -31002.270672
3580.0000      -30919.660474
3584.0000      -30881.737402
3588.0000      -30957.452739
3592.0000      -30987.807886
3596.0000      -30956.979877
3600.0000      -30947.912805
3604.0000      -30841.120509
3608.0000      -30809.049844
3612.0000      -30898.474901
3616.0000      -30925.263789
3620.0000      -30821.259456
3624.0000      -30891.777828
3628.0000      -30770.598166
3632.0000      -30837.578673
3636.0000      -30892.330489
3640.0000      -30840.549437
3644.0000      -30912.994039
3648.0000      -30793.908383
3652.0000      -30855.672115
3656.0000      -30771.648038
3660.0000      -30818.181073
3664.0000      -30958.945230
3668.0000      -30942.965847
3672.0000      -30876.734963
3676.0000      -30990.147232
3680.0000      -30893.602190
3684.0000      -30760.302711
3688.0000      -30932.145992
3692.0000      -30695.929549
3696.0000      -30874.188234
3700.0000      -30850.215713
3704.0000      -30906.205582
3708.0000      -30879.885283
3712.0000      -30847.795555
3716.0000      -30840.254118
3720.0000      -30898.013379
3724.0000      -30870.319024
3728.0000      -30867.052035
3732.0000      -30704.737299
3736.0000      -30811.739806
3740.0000      -30848.279035
3744.0000      -30749.019990
3748.0000      -30910.913766
3752.0000      -30972.253188
3756.0000      -30837.616215
3760.0000      -30872.935445
3764.0000      -30960.644888
3768.0000      -30820.668017
3772.0000      -30916.857096
3776.0000      -31032.054405
3780.0000      -30977.024791
3784.0000      -30921.350123
3788.0000      -30986.760894
3792.0000      -30852.313281
3796.0000      -30975.151623
3800.0000      -30982.501124
3804.0000      -30958.208678
3808.0000      -31005.242992
3812.0000      -30814.495679
3816.0000      -30887.793292
3820.0000      -30757.802074
3824.0000      -30810.330243
3828.0000      -30936.809687
3832.0000      -30877.261377
3836.0000      -30816.684692
3840.0000      -30916.718761
3844.0000      -30953.475906
3848.0000      -30864.762588
3852.0000      -31017.539108
3856.0000      -30836.908980
3860.0000      -30843.731910
3864.0000      -30883.509806
3868.0000      -30943.620039
3872.0000      -30911.630560
3876.0000      -30759.077939
3880.0000      -30821.482140
3884.0000      -30838.514437
3888.0000      -30775.052128
3892.0000      -31053.109850
3896.0000      -30879.010460
3900.0000      -31098.213912
3904.0000      -30774.154204
3908.0000      -30914.087911
3912.0000      -30779.134430
3916.0000      -30916.800174
3920.0000      -30843.254906
3924.0000      -30920.387549
3928.0000      -30843.761546
3932.0000      -30996.120509
3936.0000      -30937.827893
3940.0000      -30951.301418
3944.0000      -30863.450255
3948.0000      -31102.615778
3952.0000      -30852.907119
3956.0000      -31001.424425
3960.0000      -30705.062208
3964.0000      -30879.614068
3968.0000      -30854.383093
3972.0000      -30936.656398
3976.0000      -30936.703740
3980.0000      -30939.216246
3984.0000      -30915.793788
3988.0000      -30882.519313
3992.0000      -30748.245971
3996.0000      -30949.198355
4000.0000      -30861.648596
4004.0000      -30861.648596
