4.0000     -732830.346765
8.0000     -732887.010805
12.0000     -733037.091119
16.0000     -732755.443328
20.0000     -732276.805382
24.0000     -732984.543185
28.0000     -732760.785151
32.0000     -732787.577900
36.0000     -732629.791821
40.0000     -733371.549440
44.0000     -732890.945808
48.0000     -733083.650983
52.0000     -733116.261515
56.0000     -733050.493151
60.0000     -733082.294568
64.0000     -732845.807910
68.0000     -733338.609407
72.0000     -731961.543550
76.0000     -733270.851643
80.0000     -732855.350384
84.0000     -733418.551734
88.0000     -733516.386592
92.0000     -733699.998638
96.0000     -732653.475436
100.0000     -732697.144811
104.0000     -733316.630136
108.0000     -733074.430915
112.0000     -733411.255957
116.0000     -732912.776099
120.0000     -733303.577168
124.0000     -733335.614539
128.0000     -733399.793524
132.0000     -732552.438474
136.0000     -732212.907873
140.0000     -732374.040650
144.0000     -732554.857320
148.0000     -733287.055098
152.0000     -732579.998820
156.0000     -733562.205357
160.0000     -732275.104875
164.0000     -732271.867381
168.0000     -732689.006878
172.0000     -732543.532477
176.0000     -732813.429952
180.0000     -733224.200751
184.0000     -732648.200284
188.0000     -732458.149757
192.0000     -733444.954404
196.0000     -733425.879864
200.0000     -733309.033226
204.0000     -733990.646977
208.0000     -733284.702967
212.0000     -733534.070722
216.0000     -733197.288835
220.0000     -734099.204618
224.0000     -733795.121909
228.0000     -733514.529756
232.0000     -733328.318558
236.0000     -732852.406675
240.0000     -733072.016103
244.0000     -733645.982629
248.0000     -732425.473715
252.0000     -732307.921386
256.0000     -733990.203859
260.0000     -733111.303891
264.0000     -732799.196806
268.0000     -733489.699348
272.0000     -732480.324695
276.0000     -732620.763145
280.0000     -732938.162733
284.0000     -732975.412132
288.0000     -733288.344699
292.0000     -733739.532135
296.0000     -733594.859650
300.0000     -732984.334334
304.0000     -732914.333968
308.0000     -732498.737006
312.0000     -732373.846110
316.0000     -732440.093588
320.0000     -732318.994335
324.0000     -732381.111487
328.0000     -733651.158212
332.0000     -732434.723605
336.0000     -732679.014869
340.0000     -733860.539995
344.0000     -732502.226078
348.0000     -732930.099952
352.0000     -733391.623720
356.0000     -734058.522342
360.0000     -733237.933386
364.0000     -732765.336878
368.0000     -733285.938778
372.0000     -733050.769726
376.0000     -733224.447113
380.0000     -733350.820048
384.0000     -733280.951140
388.0000     -732799.299567
392.0000     -732968.847118
396.0000     -732652.633586
400.0000     -732983.737423
404.0000     -732892.834536
408.0000     -732638.738393
412.0000     -732328.876441
416.0000     -733525.163203
420.0000     -733037.707579
424.0000     -733234.286342
428.0000     -732911.611405
432.0000     -733405.663432
436.0000     -733495.618460
440.0000     -733200.746405
444.0000     -733909.143808
448.0000     -733756.257529
452.0000     -732962.193399
456.0000     -733879.022522
460.0000     -733472.663219
464.0000     -733243.612625
468.0000     -732693.546767
472.0000     -733666.121630
476.0000     -733214.526890
480.0000     -732653.068620
484.0000     -732950.161692
488.0000     -733333.239538
492.0000     -733094.528931
496.0000     -733439.593925
500.0000     -733283.937764
504.0000     -733371.706514
508.0000     -733003.036668
512.0000     -733523.061849
516.0000     -733296.579544
520.0000     -733608.030410
524.0000     -733384.641108
528.0000     -733564.250352
532.0000     -733000.635043
536.0000     -733608.224563
540.0000     -733103.305775
544.0000     -732872.217878
548.0000     -733079.241287
552.0000     -733281.422067
556.0000     -733800.816115
560.0000     -734312.212933
564.0000     -733014.454328
568.0000     -732963.693535
572.0000     -733948.765792
576.0000     -732774.265558
580.0000     -732981.543135
584.0000     -733007.371521
588.0000     -732798.254284
592.0000     -733120.713003
596.0000     -732976.619440
600.0000     -732510.132866
604.0000     -733695.988339
608.0000     -733537.902990
612.0000     -732834.284144
616.0000     -733115.437202
620.0000     -733299.269080
624.0000     -733708.864891
628.0000     -733035.597745
632.0000     -733144.877955
636.0000     -733592.441339
640.0000     -733612.260768
644.0000     -733179.084203
648.0000     -733230.531625
652.0000     -733054.384851
656.0000     -732520.389982
660.0000     -733455.234365
664.0000     -732922.345611
668.0000     -733095.807373
672.0000     -733329.217868
676.0000     -733113.416990
680.0000     -732857.063789
684.0000     -732517.524706
688.0000     -732996.052991
692.0000     -733411.944033
696.0000     -733478.955103
700.0000     -733607.935392
704.0000     -733206.803537
708.0000     -732752.914713
712.0000     -733002.875806
716.0000     -733024.522049
720.0000     -733024.616911
724.0000     -733249.527435
728.0000     -732698.810604
732.0000     -732584.760034
736.0000     -733266.490322
740.0000     -733263.168694
744.0000     -733789.563551
748.0000     -733267.694569
752.0000     -732413.078630
756.0000     -733461.987505
760.0000     -733921.439323
764.0000     -733096.315579
768.0000     -732624.908022
772.0000     -734140.544340
776.0000     -733160.250757
780.0000     -733589.056425
784.0000     -733295.481727
788.0000     -732811.949885
792.0000     -733305.239333
796.0000     -733899.242426
800.0000     -733124.931037
804.0000     -733778.629765
808.0000     -733010.391629
812.0000     -733404.302642
816.0000     -733865.475414
820.0000     -732713.680561
824.0000     -733444.803287
828.0000     -733242.837241
832.0000     -733666.911513
836.0000     -733564.729324
840.0000     -733820.549009
844.0000     -733135.444771
848.0000     -733047.203611
852.0000     -732848.567374
856.0000     -733900.464417
860.0000     -733926.317029
864.0000     -733685.850532
868.0000     -733399.949699
872.0000     -733118.558702
876.0000     -733140.449327
880.0000     -733204.532361
884.0000     -733711.489420
888.0000     -733784.493688
892.0000     -733967.328948
896.0000     -733281.081218
900.0000     -733556.431548
904.0000     -732808.955640
908.0000     -734506.987394
912.0000     -733586.424613
916.0000     -733014.125381
920.0000     -733414.243047
924.0000     -732841.293389
928.0000     -733432.793486
932.0000     -733370.686742
936.0000     -733208.527252
940.0000     -733643.690817
944.0000     -732860.173440
948.0000     -733448.968248
952.0000     -733803.977322
956.0000     -733095.134587
960.0000     -733964.796398
964.0000     -733027.743891
968.0000     -733160.436397
972.0000     -733348.785239
976.0000     -733684.681415
980.0000     -733350.012548
984.0000     -734184.576462
988.0000     -734663.003498
992.0000     -734143.591206
996.0000     -733455.581888
1000.0000     -733576.133914
1004.0000     -733704.617483
1008.0000     -733575.319507
1012.0000     -733673.076596
1016.0000     -733297.945261
1020.0000     -733401.490680
1024.0000     -733176.375803
1028.0000     -733545.126185
1032.0000     -733041.315729
1036.0000     -733441.788131
1040.0000     -733786.855014
1044.0000     -732825.256713
1048.0000     -733522.882322
1052.0000     -733786.340843
1056.0000     -732961.863852
1060.0000     -734182.171608
1064.0000     -733682.996646
1068.0000     -733596.726020
1072.0000     -733388.246688
1076.0000     -733652.311330
1080.0000     -733692.700471
1084.0000     -733670.412536
1088.0000     -733539.543502
1092.0000     -733566.834610
1096.0000     -733514.423829
1100.0000     -734079.384978
1104.0000     -733920.328375
1108.0000     -734140.818770
1112.0000     -733626.064157
1116.0000     -733503.781023
1120.0000     -733051.004336
1124.0000     -733354.017826
1128.0000     -733136.768687
1132.0000     -732136.268904
1136.0000     -733171.667496
1140.0000     -734121.620887
1144.0000     -733132.719564
1148.0000     -734046.025845
1152.0000     -732542.368864
1156.0000     -734128.220830
1160.0000     -733833.039078
1164.0000     -733771.278378
1168.0000     -734442.110904
1172.0000     -733409.448760
1176.0000     -733631.422610
1180.0000     -733395.652621
1184.0000     -733495.543935
1188.0000     -733624.941343
1192.0000     -732944.250996
1196.0000     -733492.395826
1200.0000     -733398.312116
1204.0000     -733589.621778
1208.0000     -733813.647539
1212.0000     -733609.003821
1216.0000     -733816.502274
1220.0000     -732997.495502
1224.0000     -733962.271366
1228.0000     -733613.222333
1232.0000     -733972.510228
1236.0000     -734069.322397
1240.0000     -733458.553664
1244.0000     -733744.329181
1248.0000     -733523.295779
1252.0000     -734084.019672
1256.0000     -733520.159132
1260.0000     -733805.664578
1264.0000     -733285.797353
1268.0000     -733075.209128
1272.0000     -733692.431735
1276.0000     -733846.040446
1280.0000     -733456.295439
1284.0000     -732660.686405
1288.0000     -733994.433607
1292.0000     -733217.872468
1296.0000     -733409.162517
1300.0000     -733584.763162
1304.0000     -733842.124945
1308.0000     -733110.131414
1312.0000     -733617.295346
1316.0000     -734111.352820
1320.0000     -733404.653154
1324.0000     -733813.375371
1328.0000     -733498.610767
1332.0000     -732595.438794
1336.0000     -732475.893272
1340.0000     -732652.457823
1344.0000     -732867.899315
1348.0000     -733360.462396
1352.0000     -733731.359690
1356.0000     -733835.703093
1360.0000     -733193.940455
1364.0000     -733280.070448
1368.0000     -734105.065067
1372.0000     -733543.447581
1376.0000     -732999.616551
1380.0000     -733659.862022
1384.0000     -733557.143122
1388.0000     -733573.921797
1392.0000     -733267.149336
1396.0000     -733231.609547
1400.0000     -733184.983369
1404.0000     -733623.785447
1408.0000     -733592.341437
1412.0000     -733864.006906
1416.0000     -733301.272352
1420.0000     -733756.099091
1424.0000     -733055.557414
1428.0000     -732775.245094
1432.0000     -733748.924087
1436.0000     -734100.024689
1440.0000     -733726.984137
1444.0000     -734376.519363
1448.0000     -732765.125278
1452.0000     -732612.089954
1456.0000     -733968.255072
1460.0000     -733410.738752
1464.0000     -733731.451435
1468.0000     -734500.901560
1472.0000     -734556.847697
1476.0000     -734545.040576
1480.0000     -734079.055438
1484.0000     -733475.476694
1488.0000     -732847.830577
1492.0000     -732902.377496
1496.0000     -733839.147284
1500.0000     -733418.537669
1504.0000     -733267.079303
1508.0000     -733109.089401
1512.0000     -733635.715123
1516.0000     -734445.701236
1520.0000     -733195.181611
1524.0000     -733875.979738
1528.0000     -732825.722639
1532.0000     -733389.946998
1536.0000     -733564.499351
1540.0000     -732418.361895
1544.0000     -733208.710715
1548.0000     -733603.734936
1552.0000     -733499.720518
1556.0000     -733778.091105
1560.0000     -734031.509873
1564.0000     -733289.517653
1568.0000     -733825.461988
1572.0000     -733415.692497
1576.0000     -733393.987326
1580.0000     -733597.078423
1584.0000     -733517.434967
1588.0000     -733898.359123
1592.0000     -733202.409266
1596.0000     -733864.483292
1600.0000     -734149.139461
1604.0000     -733999.904749
1608.0000     -734084.693520
1612.0000     -733250.724161
1616.0000     -734097.446920
1620.0000     -734464.537951
1624.0000     -733130.280367
1628.0000     -733420.425350
1632.0000     -733197.229242
1636.0000     -733635.407560
1640.0000     -733250.704036
1644.0000     -733072.476749
1648.0000     -733595.477495
1652.0000     -733208.466451
1656.0000     -733359.210656
1660.0000     -734194.454965
1664.0000     -733574.286178
1668.0000     -733419.134316
1672.0000     -733880.927668
1676.0000     -733846.848291
1680.0000     -733457.197115
1684.0000     -733554.019266
1688.0000     -732718.425235
1692.0000     -732682.872572
1696.0000     -733004.919115
1700.0000     -733294.835217
1704.0000     -733107.555512
1708.0000     -733087.730986
1712.0000     -732906.534999
1716.0000     -732895.364383
1720.0000     -733067.626986
1724.0000     -733586.578356
1728.0000     -733977.679056
1732.0000     -733293.171185
1736.0000     -733749.952856
1740.0000     -733085.619662
1744.0000     -732838.518637
1748.0000     -734067.004959
1752.0000     -733584.417032
1756.0000     -733867.808882
1760.0000     -732965.054164
1764.0000     -733147.530998
1768.0000     -733236.347533
1772.0000     -733601.090602
1776.0000     -733425.808768
1780.0000     -733300.332879
1784.0000     -732826.379888
1788.0000     -733570.585096
1792.0000     -733706.129527
1796.0000     -733645.022188
1800.0000     -733738.980058
1804.0000     -733466.984539
1808.0000     -733184.198949
1812.0000     -733761.519627
1816.0000     -733830.998822
1820.0000     -733423.396885
1824.0000     -733360.697871
1828.0000     -733786.505851
1832.0000     -733641.948028
1836.0000     -732471.456089
1840.0000     -732935.637731
1844.0000     -732899.061725
1848.0000     -732434.816450
1852.0000     -732956.015929
1856.0000     -733073.557461
1860.0000     -733061.723140
1864.0000     -732934.066092
1868.0000     -734128.327740
1872.0000     -733616.874561
1876.0000     -733044.982093
1880.0000     -733890.369526
1884.0000     -733410.811570
1888.0000     -733761.008793
1892.0000     -732845.450100
1896.0000     -733431.917474
1900.0000     -733382.279792
1904.0000     -733671.393363
1908.0000     -733739.256356
1912.0000     -733630.766784
1916.0000     -733304.803028
1920.0000     -732963.527073
1924.0000     -732463.460542
1928.0000     -733438.913940
1932.0000     -733338.506679
1936.0000     -734431.381724
1940.0000     -734304.041709
1944.0000     -733964.292944
1948.0000     -733167.250492
1952.0000     -733603.249421
1956.0000     -733675.907549
1960.0000     -733443.569408
1964.0000     -733207.743407
1968.0000     -734212.102155
1972.0000     -732877.438226
1976.0000     -732484.133171
1980.0000     -733104.439183
1984.0000     -733672.096322
1988.0000     -733088.656408
1992.0000     -733846.323572
1996.0000     -733360.511499
2000.0000     -733641.080920
2004.0000     -733089.837670
2008.0000     -732810.222493
2012.0000     -734060.185891
2016.0000     -733416.470170
2020.0000     -734173.942023
2024.0000     -733594.164470
2028.0000     -733319.351565
2032.0000     -733171.397078
2036.0000     -733524.226323
2040.0000     -733634.935468
2044.0000     -733777.999375
2048.0000     -733561.894537
2052.0000     -734005.267817
2056.0000     -734082.000265
2060.0000     -733753.232816
2064.0000     -733810.802476
2068.0000     -734623.526735
2072.0000     -733134.074932
2076.0000     -733261.246075
2080.0000     -732834.843618
2084.0000     -733374.059472
2088.0000     -734110.724932
2092.0000     -733810.822249
2096.0000     -733949.820280
2100.0000     -734656.526685
2104.0000     -733197.805252
2108.0000     -733235.282135
2112.0000     -733510.975072
2116.0000     -733612.821459
2120.0000     -733893.401796
2124.0000     -734549.256338
2128.0000     -733738.557908
2132.0000     -734517.536143
2136.0000     -733726.367677
2140.0000     -733576.589670
2144.0000     -734108.275847
2148.0000     -733199.979545
2152.0000     -734241.671532
2156.0000     -734017.853383
2160.0000     -733670.688084
2164.0000     -733679.242613
2168.0000     -733887.220438
2172.0000     -733128.399227
2176.0000     -734431.657348
2180.0000     -733786.612684
2184.0000     -734013.995813
2188.0000     -733453.786753
2192.0000     -733248.680453
2196.0000     -733897.226792
2200.0000     -733410.673515
2204.0000     -733616.702527
2208.0000     -733121.290035
2212.0000     -733677.802883
2216.0000     -734415.750806
2220.0000     -733471.807994
2224.0000     -733403.446559
2228.0000     -733655.792617
2232.0000     -733550.614335
2236.0000     -733481.588260
2240.0000     -734339.977759
2244.0000     -733187.449359
2248.0000     -732839.738942
2252.0000     -733536.145432
2256.0000     -733346.604679
2260.0000     -733645.928294
2264.0000     -733932.561522
2268.0000     -734262.207842
2272.0000     -734142.766491
2276.0000     -733276.954543
2280.0000     -734137.047336
2284.0000     -733199.810293
2288.0000     -733212.321649
2292.0000     -733652.605990
2296.0000     -733573.859706
2300.0000     -733770.128546
2304.0000     -733040.921574
2308.0000     -733866.762942
2312.0000     -733209.580672
2316.0000     -733206.201972
2320.0000     -733004.515646
2324.0000     -732599.477051
2328.0000     -733536.684702
2332.0000     -733972.764284
2336.0000     -732922.312491
2340.0000     -733442.666761
2344.0000     -732939.554841
2348.0000     -733182.101083
2352.0000     -734329.727761
2356.0000     -733379.648258
2360.0000     -733319.231247
2364.0000     -733743.822532
2368.0000     -733322.673071
2372.0000     -733308.678803
2376.0000     -733312.729850
2380.0000     -733738.070681
2384.0000     -732768.636055
2388.0000     -733167.077208
2392.0000     -734062.245773
2396.0000     -734374.818131
2400.0000     -732596.890998
2404.0000     -734275.810295
2408.0000     -734682.705308
2412.0000     -733904.166305
2416.0000     -733985.973821
2420.0000     -733957.576221
2424.0000     -733501.819859
2428.0000     -734192.019014
2432.0000     -733053.477188
2436.0000     -733913.137198
2440.0000     -734367.441374
2444.0000     -733569.325271
2448.0000     -733560.427554
2452.0000     -733811.516694
2456.0000     -734336.749315
2460.0000     -734009.746240
2464.0000     -734469.525252
2468.0000     -734220.085563
2472.0000     -734451.977289
2476.0000     -733494.817040
2480.0000     -733731.042792
2484.0000     -733176.872320
2488.0000     -734907.451403
2492.0000     -733184.752150
2496.0000     -734425.697765
2500.0000     -733885.769084
2504.0000     -733525.149970
2508.0000     -733476.423268
2512.0000     -733927.863552
2516.0000     -733355.608383
2520.0000     -734176.086353
2524.0000     -733330.809027
2528.0000     -733712.569276
2532.0000     -733554.777205
2536.0000     -734312.253215
2540.0000     -733583.266659
2544.0000     -733926.937767
2548.0000     -733823.677937
2552.0000     -734290.034474
2556.0000     -733853.317069
2560.0000     -733799.309676
2564.0000     -733602.730773
2568.0000     -733347.070069
2572.0000     -734008.504272
2576.0000     -733589.433041
2580.0000     -733370.727740
2584.0000     -732988.486357
2588.0000     -733402.828170
2592.0000     -734137.103138
2596.0000     -733777.006723
2600.0000     -733878.310802
2604.0000     -732908.021770
2608.0000     -733383.402062
2612.0000     -733624.646407
2616.0000     -733763.302914
2620.0000     -733114.927199
2624.0000     -732953.684549
2628.0000     -733515.478077
2632.0000     -733721.109222
2636.0000     -733522.537716
2640.0000     -733183.101974
2644.0000     -733428.401443
2648.0000     -733432.181301
2652.0000     -733611.625360
2656.0000     -733648.973087
2660.0000     -734015.189209
2664.0000     -732914.086098
2668.0000     -732970.619138
2672.0000     -733362.555793
2676.0000     -733730.771149
2680.0000     -734088.946858
2684.0000     -733538.828471
2688.0000     -733767.412120
2692.0000     -734123.257410
2696.0000     -732996.297194
2700.0000     -733560.137659
2704.0000     -734677.461942
2708.0000     -733541.954862
2712.0000     -733170.515126
2716.0000     -733180.901592
2720.0000     -734023.218792
2724.0000     -733620.345987
2728.0000     -734290.745790
2732.0000     -734479.105476
2736.0000     -733260.677459
2740.0000     -733946.858504
2744.0000     -733195.620967
2748.0000     -734104.416889
2752.0000     -733788.993618
2756.0000     -733555.546907
2760.0000     -733458.685989
2764.0000     -733831.879324
2768.0000     -733294.465870
2772.0000     -733757.900960
2776.0000     -733502.396421
2780.0000     -733549.760410
2784.0000     -732996.936779
2788.0000     -733583.698847
2792.0000     -734105.133668
2796.0000     -733914.756637
2800.0000     -733227.442506
2804.0000     -733884.174823
2808.0000     -733627.758320
2812.0000     -734108.104638
2816.0000     -733799.792641
2820.0000     -733770.594679
2824.0000     -733556.524493
2828.0000     -733947.965173
2832.0000     -733587.631631
2836.0000     -733469.334413
2840.0000     -733242.314630
2844.0000     -732982.743902
2848.0000     -732540.144977
2852.0000     -733093.265162
2856.0000     -733376.846040
2860.0000     -733629.418606
2864.0000     -733460.743612
2868.0000     -732747.664716
2872.0000     -733073.216830
2876.0000     -733645.237889
2880.0000     -734064.824867
2884.0000     -734328.931965
2888.0000     -733456.558815
2892.0000     -733768.195586
2896.0000     -733243.725804
2900.0000     -733809.736835
2904.0000     -733317.593813
2908.0000     -733956.243165
2912.0000     -734471.665273
2916.0000     -733999.658610
2920.0000     -733993.474076
2924.0000     -734227.193997
2928.0000     -733284.327299
2932.0000     -733805.138020
2936.0000     -733190.653187
2940.0000     -733855.253845
2944.0000     -734172.716347
2948.0000     -733787.364967
2952.0000     -733572.938657
2956.0000     -734263.107701
2960.0000     -733680.410648
2964.0000     -733526.770639
2968.0000     -733333.613050
2972.0000     -733760.094383
2976.0000     -733577.335434
2980.0000     -732633.451756
2984.0000     -733862.056093
2988.0000     -733121.175824
2992.0000     -733730.074136
2996.0000     -733001.971895
3000.0000     -733854.558924
3004.0000     -734211.149047
3008.0000     -733867.325441
3012.0000     -734575.446819
3016.0000     -734022.936185
3020.0000     -733250.156951
3024.0000     -733357.411805
3028.0000     -733430.948311
3032.0000     -733902.592029
3036.0000     -734555.404101
3040.0000     -734328.114242
3044.0000     -733235.518257
3048.0000     -733302.372077
3052.0000     -733947.708017
3056.0000     -733028.649892
3060.0000     -733382.916736
3064.0000     -733500.383202
3068.0000     -733892.094783
3072.0000     -733655.258512
3076.0000     -733925.200037
3080.0000     -733462.526028
3084.0000     -733499.416374
3088.0000     -733564.942695
3092.0000     -734556.645306
3096.0000     -733880.357542
3100.0000     -733522.822969
3104.0000     -733316.229348
3108.0000     -733212.726619
3112.0000     -734309.112401
3116.0000     -733585.779371
3120.0000     -734271.648760
3124.0000     -734093.006671
3128.0000     -733682.311917
3132.0000     -733242.077573
3136.0000     -734116.606220
3140.0000     -733810.666900
3144.0000     -733224.134474
3148.0000     -733603.333957
3152.0000     -734133.840628
3156.0000     -733069.501327
3160.0000     -733159.932341
3164.0000     -733892.131502
3168.0000     -734406.497335
3172.0000     -733087.692193
3176.0000     -734433.672079
3180.0000     -733949.870817
3184.0000     -733433.432890
3188.0000     -733731.338182
3192.0000     -733378.668641
3196.0000     -734129.802311
3200.0000     -734316.430744
3204.0000     -733998.862489
3208.0000     -734358.879986
3212.0000     -734205.503776
3216.0000     -733759.726461
3220.0000     -732859.302598
3224.0000     -733641.873421
3228.0000     -733513.097887
3232.0000     -733480.057566
3236.0000     -734224.736991
3240.0000     -734046.442979
3244.0000     -733584.972686
3248.0000     -734015.924654
3252.0000     -732984.655681
3256.0000     -733617.748536
3260.0000     -733627.271790
3264.0000     -733978.670255
3268.0000     -734245.150575
3272.0000     -733424.744834
3276.0000     -733927.722639
3280.0000     -733274.675927
3284.0000     -734173.664646
3288.0000     -734332.853222
3292.0000     -733554.710515
3296.0000     -734441.787009
3300.0000     -734837.845543
3304.0000     -734139.423117
3308.0000     -733506.664783
3312.0000     -733513.112900
3316.0000     -733725.829941
3320.0000     -734407.539542
3324.0000     -735033.724076
3328.0000     -733392.451138
3332.0000     -733745.471007
3336.0000     -733934.964579
3340.0000     -733564.759055
3344.0000     -733372.008432
3348.0000     -733669.784686
3352.0000     -734165.224709
3356.0000     -732532.746245
3360.0000     -733290.863836
3364.0000     -733354.507278
3368.0000     -733664.306154
3372.0000     -734600.177059
3376.0000     -733642.930669
3380.0000     -733989.266670
3384.0000     -733353.754495
3388.0000     -734348.089864
3392.0000     -733512.470115
3396.0000     -734599.508529
3400.0000     -733582.882936
3404.0000     -734156.906853
3408.0000     -733287.701305
3412.0000     -732998.865871
3416.0000     -733051.066726
3420.0000     -734377.638110
3424.0000     -733257.226020
3428.0000     -733405.193532
3432.0000     -733453.412479
3436.0000     -733847.990162
3440.0000     -734556.455063
3444.0000     -733838.303820
3448.0000     -733926.280709
3452.0000     -734643.859960
3456.0000     -734057.059058
3460.0000     -733590.732597
3464.0000     -733952.601180
3468.0000     -734120.072982
3472.0000     -734369.683944
3476.0000     -733649.466757
3480.0000     -733150.643554
3484.0000     -733909.948519
3488.0000     -733536.067126
3492.0000     -733905.584206
3496.0000     -734053.369328
3500.0000     -734535.127098
3504.0000     -733363.483169
3508.0000     -734838.311262
3512.0000     -734427.806210
3516.0000     -735144.466672
3520.0000     -734098.350284
3524.0000     -734824.730091
3528.0000     -734379.266855
3532.0000     -734427.338371
3536.0000     -733898.106474
3540.0000     -733527.303919
3544.0000     -734455.377834
3548.0000     -733527.179951
3552.0000     -733753.061649
3556.0000     -733489.688071
3560.0000     -734100.923079
3564.0000     -733314.618498
3568.0000     -734317.629644
3572.0000     -734032.449737
3576.0000     -733966.188486
3580.0000     -734390.345716
3584.0000     -734036.188390
3588.0000     -734147.877514
3592.0000     -733874.984074
3596.0000     -734326.522076
3600.0000     -734216.581082
3604.0000     -734423.359192
3608.0000     -734166.821069
3612.0000     -734463.707635
3616.0000     -734428.614083
3620.0000     -734656.896380
3624.0000     -733897.646573
3628.0000     -733501.514055
3632.0000     -733930.261559
3636.0000     -733637.489174
3640.0000     -732807.931329
3644.0000     -733755.620370
3648.0000     -734042.823712
3652.0000     -734215.231631
3656.0000     -734228.829308
3660.0000     -733170.303915
3664.0000     -733818.009188
3668.0000     -733303.074101
3672.0000     -733266.479641
3676.0000     -733534.862642
3680.0000     -733742.046674
3684.0000     -734258.321488
3688.0000     -734011.799576
3692.0000     -734533.324180
3696.0000     -733964.496795
3700.0000     -733329.529081
3704.0000     -733330.793024
3708.0000     -733996.572535
3712.0000     -732935.229267
3716.0000     -734833.527097
3720.0000     -733939.435652
3724.0000     -733595.059820
3728.0000     -733589.864374
3732.0000     -733316.122038
3736.0000     -733244.037397
3740.0000     -733804.794939
3744.0000     -734218.793923
3748.0000     -733755.269253
3752.0000     -734006.355491
3756.0000     -733446.824689
3760.0000     -733008.988722
3764.0000     -733396.579459
3768.0000     -733631.756347
3772.0000     -733835.648177
3776.0000     -733303.811573
3780.0000     -733979.989981
3784.0000     -733934.899003
3788.0000     -733660.883289
3792.0000     -733638.051546
3796.0000     -733395.456493
3800.0000     -732732.644787
3804.0000     -733728.325854
3808.0000     -732904.388106
3812.0000     -733290.646584
3816.0000     -733436.638066
3820.0000     -733676.755782
3824.0000     -734403.996790
3828.0000     -734172.283662
3832.0000     -734975.418719
3836.0000     -733977.356712
3840.0000     -734199.379105
3844.0000     -733176.378833
3848.0000     -733520.522437
3852.0000     -733759.262422
3856.0000     -734337.216743
3860.0000     -733026.420822
3864.0000     -733614.196009
3868.0000     -733699.052553
3872.0000     -733254.836095
3876.0000     -733628.560821
3880.0000     -733419.323831
3884.0000     -734193.365696
3888.0000     -733545.509597
3892.0000     -733701.780494
3896.0000     -734335.880933
3900.0000     -734027.043590
3904.0000     -734244.670414
3908.0000     -734513.968658
3912.0000     -733439.054832
3916.0000     -733668.465931
3920.0000     -734034.254459
3924.0000     -733304.359477
3928.0000     -733925.936647
3932.0000     -733880.979499
3936.0000     -733231.071548
3940.0000     -733423.687285
3944.0000     -733168.658662
3948.0000     -733861.585669
3952.0000     -733712.262595
3956.0000     -733876.348662
3960.0000     -733571.572238
3964.0000     -733756.014722
3968.0000     -733722.821949
3972.0000     -733394.186533
3976.0000     -734043.909576
3980.0000     -734192.543522
3984.0000     -733951.282516
3988.0000     -734362.035355
3992.0000     -733383.057993
3996.0000     -733857.426841
4000.0000     -733632.204069
4004.0000     -733632.204069
