4.0000     -732496.940946
8.0000     -731866.498427
12.0000     -732718.173055
16.0000     -732668.256975
20.0000     -732145.664589
24.0000     -732930.969711
28.0000     -732676.120345
32.0000     -732738.761980
36.0000     -732557.791110
40.0000     -733286.528937
44.0000     -732837.777769
48.0000     -732998.996364
52.0000     -733055.369709
56.0000     -732776.420716
60.0000     -732968.484649
64.0000     -732787.054898
68.0000     -733095.480305
72.0000     -731908.805036
76.0000     -733211.507450
80.0000     -732750.852199
84.0000     -733373.538097
88.0000     -733445.052798
92.0000     -733642.363851
96.0000     -732545.539919
100.0000     -732628.101371
104.0000     -733202.753964
108.0000     -733006.824436
112.0000     -733356.425929
116.0000     -732873.322395
120.0000     -733241.007973
124.0000     -733290.516734
128.0000     -733355.620361
132.0000     -732499.022027
136.0000     -732100.396960
140.0000     -732327.605395
144.0000     -732244.066770
148.0000     -733243.564460
152.0000     -732461.927192
156.0000     -730104.374617
160.0000     -732204.989186
164.0000     -732209.212180
168.0000     -732611.368525
172.0000     -732481.735932
176.0000     -732740.654562
180.0000     -733179.831695
184.0000     -732600.289985
188.0000     -732389.632238
192.0000     -733391.123122
196.0000     -733369.784821
200.0000     -733253.557339
204.0000     -733939.319019
208.0000     -733223.429222
212.0000     -733489.688096
216.0000     -732860.982941
220.0000     -734048.656669
224.0000     -733735.393872
228.0000     -733456.319103
232.0000     -733274.489333
236.0000     -732794.014417
240.0000     -732972.784842
244.0000     -732676.220370
248.0000     -732369.958931
252.0000     -732225.546051
256.0000     -733690.957793
260.0000     -732981.949441
264.0000     -732731.269487
268.0000     -733451.776453
272.0000     -732333.901051
276.0000     -732544.394459
280.0000     -732891.623849
284.0000     -732922.237148
288.0000     -733215.636686
292.0000     -733502.759200
296.0000     -733477.418249
300.0000     -732927.524009
304.0000     -732707.693362
308.0000     -731965.686979
312.0000     -732291.746448
316.0000     -732378.860377
320.0000     -732262.541879
324.0000     -732299.695558
328.0000     -733567.954432
332.0000     -732395.301597
336.0000     -732477.638604
340.0000     -733509.096048
344.0000     -732060.676565
348.0000     -732885.538811
352.0000     -733338.221030
356.0000     -733932.555750
360.0000     -733198.301489
364.0000     -732704.947348
368.0000     -733175.215804
372.0000     -732985.446267
376.0000     -733186.713014
380.0000     -733296.973765
384.0000     -717766.692013
388.0000     -732720.954755
392.0000     -732927.825608
396.0000     -732590.352784
400.0000     -732936.397235
404.0000     -732834.575013
408.0000     -732531.643077
412.0000     -732268.863266
416.0000     -733464.624553
420.0000     -732846.091998
424.0000     -733178.022559
428.0000     -732859.023262
432.0000     -732894.291478
436.0000     -733382.325976
440.0000     -733053.100606
444.0000     -733768.619695
448.0000     -733525.334629
452.0000     -731860.075160
456.0000     -732271.597750
460.0000     -733414.751895
464.0000     -706527.775778
468.0000     -731725.268237
472.0000     -733139.627249
476.0000     -733179.968801
480.0000     -732595.540748
484.0000     -732639.471640
488.0000     -732820.957145
492.0000     -733003.326148
496.0000     -733389.006496
500.0000     -733201.639685
504.0000     -733317.591051
508.0000     -731950.164201
512.0000     -732494.025856
516.0000     -733259.202912
520.0000     -733551.986760
524.0000     -733231.378236
528.0000     -733490.004995
532.0000     -732420.003070
536.0000     -733560.441702
540.0000     -732988.820465
544.0000     -732639.835263
548.0000     -732871.694201
552.0000     -733237.589488
556.0000     -733730.088857
560.0000     -734218.997979
564.0000     -732951.025608
568.0000     -732910.730778
572.0000     -733898.496851
576.0000     -732655.523546
580.0000     -698316.121225
584.0000     -729182.343781
588.0000     -731606.273240
592.0000     -723990.392286
596.0000     -732873.794917
600.0000     -732449.041241
604.0000     -733554.199027
608.0000     -733442.833772
612.0000     -732698.541975
616.0000     -733054.346100
620.0000     -733185.772241
624.0000     -733401.286345
628.0000     -732961.583586
632.0000     -731616.842268
636.0000     -733475.819914
640.0000     -733527.023815
644.0000     -731720.439977
648.0000     -732883.419250
652.0000     -732941.287602
656.0000     -732411.288450
660.0000     -732062.626643
664.0000     -732737.412410
668.0000     -732967.674617
672.0000     -733095.425564
676.0000     -733054.698922
680.0000     -732786.786047
684.0000     -732455.085212
688.0000     -732932.449572
692.0000     -733232.569775
696.0000     -733166.249803
700.0000     -733564.457884
704.0000     -733169.200252
708.0000     -732710.382351
712.0000     -732890.170938
716.0000     -732939.136509
720.0000     -732837.761924
724.0000     -732356.443866
728.0000     -732471.837233
732.0000     -732485.486693
736.0000     -733089.369713
740.0000     -733223.099949
744.0000     -733443.103484
748.0000     -733036.861907
752.0000     -732080.814725
756.0000     -733225.485432
760.0000     -733479.690166
764.0000     -733028.428760
768.0000     -732563.037034
772.0000     -734045.528957
776.0000     -732751.973241
780.0000     -733548.468478
784.0000     -733050.115335
788.0000     -732415.916295
792.0000     -733266.346454
796.0000     -733829.284161
800.0000     -733072.185209
804.0000     -733715.147715
808.0000     -730945.184401
812.0000     -733290.650958
816.0000     -733783.871887
820.0000     -732434.649063
824.0000     -733354.698324
828.0000     -733118.404934
832.0000     -733600.712555
836.0000     -733044.665459
840.0000     -733262.643471
844.0000     -732027.292723
848.0000     -732951.155228
852.0000     -732254.701359
856.0000     -733021.395750
860.0000     -733880.158358
864.0000     -733627.481768
868.0000     -619422.061337
872.0000     -733006.916497
876.0000     -732947.534918
880.0000     -733160.565049
884.0000     -733448.941470
888.0000     -733731.563069
892.0000     -733877.533494
896.0000     -733235.124663
900.0000     -732883.131870
904.0000     -732638.411603
908.0000     -734466.800164
912.0000     -733509.504971
916.0000     -732949.608589
920.0000     -733311.209201
924.0000     -724523.352212
928.0000     -733216.353526
932.0000     -733187.932006
936.0000     -733165.664126
940.0000     -733608.938584
944.0000     -732649.708153
948.0000     -732001.747171
952.0000     -733732.016043
956.0000     -731810.169195
960.0000     -733912.797124
964.0000     -732819.654770
968.0000     -732805.497887
972.0000     -733133.885601
976.0000     -729652.493895
980.0000     -733299.591777
984.0000     -734144.137720
988.0000     -733848.474201
992.0000     -734076.244792
996.0000     -733391.946303
1000.0000     -733453.279605
1004.0000     -732846.290630
1008.0000     -729620.694642
1012.0000     -733602.856090
1016.0000     -733193.593786
1020.0000     -733354.527165
1024.0000     -733097.453832
1028.0000     -733281.361620
1032.0000     -732983.250698
1036.0000     -733232.198544
1040.0000     -733695.410921
1044.0000     -732775.998918
1048.0000     -733289.529878
1052.0000     -733654.886974
1056.0000     -731600.316675
1060.0000     -734076.721542
1064.0000     -729432.251153
1068.0000     -733492.261598
1072.0000     -733252.038817
1076.0000     -733584.366720
1080.0000     -733540.264255
1084.0000     -733029.054479
1088.0000     -700810.498828
1092.0000     -733439.123503
1096.0000     -733390.594110
1100.0000     -733294.507115
1104.0000     -733857.312553
1108.0000     -734102.780236
1112.0000     -733522.477256
1116.0000     -733455.948386
1120.0000     -732957.168923
1124.0000     -733271.839372
1128.0000     3129979.567845
1132.0000     -731012.431379
1136.0000     -732948.984808
1140.0000     -734010.899982
1144.0000     -733076.821469
1148.0000     -733998.877367
1152.0000     -731996.018807
1156.0000     -734048.655351
1160.0000     -732534.097023
1164.0000     -733572.266398
1168.0000     -733377.362322
1172.0000     -733170.605221
1176.0000     3083802.623943
1180.0000     -733289.649429
1184.0000     -728835.600677
1188.0000     -733525.138276
1192.0000     -732699.447591
1196.0000     -733261.626565
1200.0000     -732453.446905
1204.0000     -733504.892746
1208.0000     -733086.019616
1212.0000     -733475.288345
1216.0000     -732943.208349
1220.0000     -732873.776041
1224.0000     -733866.939156
1228.0000     -733281.340102
1232.0000     -729994.896699
1236.0000     -733799.702542
1240.0000     -733357.801381
1244.0000     -733697.814943
1248.0000     -733052.992459
1252.0000     -732669.667011
1256.0000     -393149.244818
1260.0000     -733753.547346
1264.0000     -710400.689730
1268.0000     -733005.229604
1272.0000     -732794.508796
1276.0000     -733756.056303
1280.0000     -732838.098727
1284.0000     -732609.551665
1288.0000     -733949.248033
1292.0000     -733160.951495
1296.0000     -733350.774102
1300.0000     -733546.554912
1304.0000     -733805.803704
1308.0000     -733005.622673
1312.0000     -732462.303704
1316.0000     -732764.563923
1320.0000     -733311.478440
1324.0000     -733700.878809
1328.0000     -733403.531507
1332.0000     -732447.291549
1336.0000     -732417.426019
1340.0000     -732331.113087
1344.0000     -732829.377592
1348.0000     -733306.524867
1352.0000     -733681.813948
1356.0000     -733720.397458
1360.0000     -732560.097681
1364.0000     -733191.990919
1368.0000     -732806.622382
1372.0000     -733494.291183
1376.0000     -732868.620704
1380.0000     -733588.534232
1384.0000     -733356.018385
1388.0000     -733374.925259
1392.0000     -733204.560247
1396.0000     -733119.207728
1400.0000     -733040.112989
1404.0000     -733582.927025
1408.0000     -733404.983971
1412.0000     -733807.373532
1416.0000     -733187.706444
1420.0000     -733700.811804
1424.0000     -732679.599226
1428.0000     -732712.810968
1432.0000     -733512.394112
1436.0000     -733433.976153
1440.0000     -733360.819775
1444.0000     -734110.249130
1448.0000     -732723.210731
1452.0000     -732555.888624
1456.0000     -733915.508782
1460.0000     -733373.152855
1464.0000     -733685.026314
1468.0000     -734463.667344
1472.0000     -734497.480490
1476.0000     -734476.175315
1480.0000     -733933.309277
1484.0000     -733427.176700
1488.0000     -732798.000280
1492.0000     -732826.931100
1496.0000     -733776.690140
1500.0000     -733373.335386
1504.0000     -733225.200446
1508.0000     -733066.484476
1512.0000     -733582.129687
1516.0000     -734232.548898
1520.0000     -732888.849988
1524.0000     -732904.302978
1528.0000     -732786.936320
1532.0000     -733320.580670
1536.0000     -733516.927868
1540.0000     -732358.796997
1544.0000     -733153.598947
1548.0000     -733499.239821
1552.0000     -733443.729813
1556.0000     -733718.345161
1560.0000     -733954.971825
1564.0000     -732977.698229
1568.0000     -733768.284939
1572.0000     -733336.707715
1576.0000     -733330.803210
1580.0000     -733193.557955
1584.0000     -733470.152018
1588.0000     -733779.925827
1592.0000     -733043.595162
1596.0000     -733714.547179
1600.0000     -734108.584436
1604.0000     -733957.418436
1608.0000     -734017.912376
1612.0000     -727788.893532
1616.0000     -733897.317853
1620.0000     -734393.752811
1624.0000     -733057.444886
1628.0000     -733381.031624
1632.0000     -732760.799570
1636.0000     -733569.733498
1640.0000     -733204.486352
1644.0000     -733021.432248
1648.0000     -733524.412680
1652.0000     -733066.626024
1656.0000     -733322.775248
1660.0000     -733132.265691
1664.0000     -733222.736943
1668.0000     -733318.236410
1672.0000     -733752.213150
1676.0000     -733299.998893
1680.0000     -733391.688818
1684.0000     -733520.606702
1688.0000     -732671.917503
1692.0000     -732630.388770
1696.0000     -732935.867392
1700.0000     -733230.453945
1704.0000     -733052.546303
1708.0000     -733021.715531
1712.0000     -732858.971169
1716.0000     -732791.619171
1720.0000     -733000.474830
1724.0000     -733499.222486
1728.0000     -733910.911949
1732.0000     -733198.566832
1736.0000     -733704.688813
1740.0000     -732908.066139
1744.0000     -732782.721674
1748.0000     -733992.583497
1752.0000     -733511.541534
1756.0000     -733779.234650
1760.0000     -732914.247124
1764.0000     -733077.975939
1768.0000     -732917.012555
1772.0000     -733469.734155
1776.0000     -733372.558429
1780.0000     -733151.332049
1784.0000     -732513.772205
1788.0000     -733502.033951
1792.0000     -733175.761432
1796.0000     -733594.051211
1800.0000     -733676.655973
1804.0000     -733433.474050
1808.0000     -733143.722985
1812.0000     -733656.156597
1816.0000     -733779.070725
1820.0000     -733325.252935
1824.0000     -733303.736917
1828.0000     -733735.192437
1832.0000     -733586.982666
1836.0000     -732424.526462
1840.0000     -732840.472884
1844.0000     -732854.517410
1848.0000     -732370.762701
1852.0000     -732881.084760
1856.0000     -732970.314826
1860.0000     -732975.118552
1864.0000     -713602.992060
1868.0000     -734084.869110
1872.0000     -733575.747999
1876.0000     -732989.590878
1880.0000     -733848.227398
1884.0000     -733364.196569
1888.0000     -733704.878187
1892.0000     -732799.693197
1896.0000     -733389.070921
1900.0000     -733014.884212
1904.0000     -733511.157458
1908.0000     -733667.638969
1912.0000     -733117.977367
1916.0000     -733057.710077
1920.0000     -732927.543413
1924.0000     -732420.195109
1928.0000     -733260.893995
1932.0000     -732997.913535
1936.0000     -734386.195754
1940.0000     -734187.525512
1944.0000     -733915.297322
1948.0000     -733118.838621
1952.0000     -733566.105029
1956.0000     -731583.049929
1960.0000     -733390.366449
1964.0000     -733158.832107
1968.0000     -734161.015542
1972.0000     -732737.722843
1976.0000     -732398.653889
1980.0000     -733054.344196
1984.0000     -733618.557124
1988.0000     -732819.882967
1992.0000     -733773.294715
1996.0000     -733223.149296
2000.0000     -733595.364684
2004.0000     -732883.397734
2008.0000     -732699.336454
2012.0000     -733391.852063
2016.0000     -733330.439872
2020.0000     -734132.202710
2024.0000     -733529.376318
2028.0000     -733267.241076
2032.0000     -733112.983231
2036.0000     -733380.933831
2040.0000     -733387.920265
2044.0000     -733338.959138
2048.0000     -733510.690952
2052.0000     -733947.011640
2056.0000     -734018.802204
2060.0000     -733701.765352
2064.0000     -733771.093601
2068.0000     -734570.343555
2072.0000     -733024.635959
2076.0000     -733209.799772
2080.0000     -732752.448139
2084.0000     -733332.224062
2088.0000     -734042.058980
2092.0000     -733672.117506
2096.0000     -733893.450919
2100.0000     -734597.862913
2104.0000     -733123.058909
2108.0000     -733048.501517
2112.0000     -733433.312380
2116.0000     -733564.329233
2120.0000     -732933.427143
2124.0000     -734421.794477
2128.0000     -733683.066749
2132.0000     -734414.387461
2136.0000     -733591.911040
2140.0000     -733508.026028
2144.0000     -733114.114987
2148.0000     -733148.757455
2152.0000     -734199.068142
2156.0000     -733967.817948
2160.0000     -733564.292336
2164.0000     -733627.878429
2168.0000     -733821.406906
2172.0000     -733062.192115
2176.0000     -734222.395794
2180.0000     -733717.355843
2184.0000     -733969.051531
2188.0000     -733412.669133
2192.0000     -733177.281918
2196.0000     -733852.766518
2200.0000     -733344.828008
2204.0000     -733535.326345
2208.0000     -733083.018944
2212.0000     -730729.725819
2216.0000     -734102.730037
2220.0000     -733373.920738
2224.0000     -733356.950072
2228.0000     -733579.224979
2232.0000     -733457.664319
2236.0000     -733257.091301
2240.0000     -734298.757654
2244.0000     -733144.894724
2248.0000     -732664.192460
2252.0000     -733444.732663
2256.0000     -733242.691879
2260.0000     -733582.028821
2264.0000     -733874.577187
2268.0000     -734007.879401
2272.0000     -734044.119133
2276.0000     -733223.194991
2280.0000     -734084.268502
2284.0000     -733126.748634
2288.0000     -733034.483564
2292.0000     -733543.821997
2296.0000     -723313.660418
2300.0000     -733728.462072
2304.0000     -731624.749258
2308.0000     -732583.091055
2312.0000     -733095.914810
2316.0000     -733117.583970
2320.0000     -732954.131910
2324.0000     -562667.784923
2328.0000     -733475.517197
2332.0000     -733882.032030
2336.0000     -732735.218185
2340.0000     -732985.160719
2344.0000     -732856.430744
2348.0000     -733140.653115
2352.0000     -734250.463573
2356.0000     -733321.315766
2360.0000     -733153.525223
2364.0000     -733150.239602
2368.0000     -733201.528144
2372.0000     -733267.249683
2376.0000     -733250.566654
2380.0000     -617338.017133
2384.0000     -731827.847127
2388.0000     -732888.946771
2392.0000     -734012.359920
2396.0000     -734320.275579
2400.0000     -732524.515778
2404.0000     -732960.649718
2408.0000     -734607.199787
2412.0000     -733871.688447
2416.0000     -733884.186184
2420.0000     -733854.288154
2424.0000     -733290.826123
2428.0000     -733859.854539
2432.0000     -732949.116946
2436.0000     -733716.714813
2440.0000     -734157.628277
2444.0000     -733522.252079
2448.0000     -732538.764788
2452.0000     -733730.156013
2456.0000     -734238.305491
2460.0000     -733963.521448
2464.0000     -734423.780327
2468.0000     -734171.611991
2472.0000     -734287.503013
2476.0000     -733449.309916
2480.0000     -354698.951111
2484.0000     -733076.046923
2488.0000     -734562.447652
2492.0000     -733066.607682
2496.0000     -734386.403933
2500.0000     -733842.444997
2504.0000     -733479.068804
2508.0000     -733371.532797
2512.0000     -733892.465246
2516.0000     -733278.825703
2520.0000     -731815.970152
2524.0000     -733273.139638
2528.0000     -733607.448624
2532.0000     -733233.511038
2536.0000     -734170.226449
2540.0000     -733405.181371
2544.0000     -733881.072156
2548.0000     -733767.310948
2552.0000     -734110.494615
2556.0000     -733792.070021
2560.0000     -731542.274531
2564.0000     -733486.299824
2568.0000     -732171.941772
2572.0000     -733925.997300
2576.0000     -733369.270030
2580.0000     -733275.907405
2584.0000     -732903.037507
2588.0000     -732646.339756
2592.0000     -734085.110572
2596.0000     -733682.164364
2600.0000     -733675.983402
2604.0000     -732556.818129
2608.0000     -733049.160451
2612.0000     -733490.764143
2616.0000     -733612.018228
2620.0000     -733014.561153
2624.0000     -731069.607442
2628.0000     -733455.005153
2632.0000     -733682.553070
2636.0000     -733469.572311
2640.0000     -732801.138933
2644.0000     -733331.908097
2648.0000     -733195.908329
2652.0000     -733544.993482
2656.0000     -733511.288678
2660.0000     -733966.162120
2664.0000     -732840.668591
2668.0000     -732880.404829
2672.0000     -733308.469918
2676.0000     -733678.751820
2680.0000     -732441.388126
2684.0000     -733391.858029
2688.0000     -733641.338657
2692.0000     -734055.670849
2696.0000     -732903.616236
2700.0000     -733517.101842
2704.0000     -734597.085662
2708.0000     -733456.118640
2712.0000     -733122.703722
2716.0000     -732286.155756
2720.0000     -733974.268527
2724.0000     -733359.752755
2728.0000     -734218.115162
2732.0000     -734385.692907
2736.0000     -733155.001848
2740.0000     -733603.504593
2744.0000     -730746.485236
2748.0000     -731748.131677
2752.0000     -733716.054963
2756.0000     -733459.285804
2760.0000     -733394.275345
2764.0000     -733769.181929
2768.0000     -733227.777550
2772.0000     -733718.517693
2776.0000     -732670.779609
2780.0000     -728126.073457
2784.0000     -732944.877899
2788.0000     -733537.292208
2792.0000     -734048.053403
2796.0000     -733182.445414
2800.0000     -733031.846908
2804.0000     -733644.249803
2808.0000     -733497.635772
2812.0000     -733993.482458
2816.0000     -733750.871832
2820.0000     -733702.011107
2824.0000     -733509.667238
2828.0000     -733905.335819
2832.0000     -733519.280232
2836.0000     -733408.825937
2840.0000     -733036.050892
2844.0000     -732860.522717
2848.0000     -729604.550419
2852.0000     -733044.250184
2856.0000     -733239.465244
2860.0000     -733527.139509
2864.0000     -733390.827778
2868.0000     -732669.840395
2872.0000     -733035.314281
2876.0000     -733531.018780
2880.0000     -734003.495270
2884.0000     -734215.800939
2888.0000     -733398.310430
2892.0000     -733427.020118
2896.0000     -733137.361772
2900.0000     -733637.632972
2904.0000     -733278.774432
2908.0000     -733857.415256
2912.0000     -734403.521549
2916.0000     -733950.629574
2920.0000     -733945.553813
2924.0000     -734090.656594
2928.0000     -733240.362721
2932.0000     -733746.175901
2936.0000     -733021.893160
2940.0000     -733738.349184
2944.0000     -734126.193005
2948.0000     -733750.799448
2952.0000     -733026.634222
2956.0000     -734207.332941
2960.0000     -733621.999470
2964.0000     -733485.312214
2968.0000     -733277.478348
2972.0000     -733661.628662
2976.0000     -733529.963714
2980.0000     -732571.237718
2984.0000     -733620.952271
2988.0000     -733025.088865
2992.0000     -733627.486573
2996.0000     -732896.130822
3000.0000      176976.117345
3004.0000     -734161.188250
3008.0000     -733819.875888
3012.0000     -734279.999453
3016.0000     -733928.475063
3020.0000     -733198.828098
3024.0000     -732434.487288
3028.0000     -732516.705252
3032.0000     -733832.075513
3036.0000     -734494.067996
3040.0000     -734255.233803
3044.0000     -732914.356993
3048.0000     -657925.017318
3052.0000     -733903.311928
3056.0000     -732954.496273
3060.0000     -733263.365186
3064.0000     -733455.478855
3068.0000     -729869.316156
3072.0000     -733427.980762
3076.0000     -733886.329330
3080.0000     -733400.424226
3084.0000     -733436.577189
3088.0000     -733511.136617
3092.0000     -734507.761885
3096.0000     -733833.303674
3100.0000     -733364.438128
3104.0000     -733260.996949
3108.0000     -732076.765231
3112.0000     -734204.040528
3116.0000     -733551.959539
3120.0000     -734229.262403
3124.0000     -734025.079228
3128.0000     -733618.127613
3132.0000     -733183.998506
3136.0000     -734041.577432
3140.0000     -733762.649761
3144.0000     -732946.637240
3148.0000     -733440.057042
3152.0000     -734093.569509
3156.0000     -732515.059173
3160.0000     -733114.894835
3164.0000     -731109.187299
3168.0000     -734332.241805
3172.0000     -733029.814413
3176.0000     -734371.249330
3180.0000     -704445.763670
3184.0000     -733390.277660
3188.0000     -733679.360057
3192.0000     -733338.991028
3196.0000     -733845.124670
3200.0000     -734269.617025
3204.0000     -733872.849862
3208.0000     -734300.991157
3212.0000     -734111.141707
3216.0000     -733700.457874
3220.0000     -732785.522402
3224.0000     -733605.516305
3228.0000     -733445.009360
3232.0000     -733418.863261
3236.0000     -733918.605035
3240.0000     -734001.786734
3244.0000     -733458.396826
3248.0000     -733915.488852
3252.0000     -732880.535500
3256.0000     -733485.791253
3260.0000     -733423.478493
3264.0000     -733565.696431
3268.0000     -734176.262057
3272.0000     -733366.353058
3276.0000     -733845.893755
3280.0000     -732271.844855
3284.0000     -730224.154022
3288.0000     -734282.622484
3292.0000     -733479.354561
3296.0000     -734394.738263
3300.0000     -734797.330747
3304.0000     -734007.823176
3308.0000     -733432.924888
3312.0000     -733443.976352
3316.0000     -732112.230487
3320.0000     -734372.130125
3324.0000     -734956.933391
3328.0000     -733256.382790
3332.0000     -733659.239483
3336.0000     -733889.689856
3340.0000     -733514.919047
3344.0000     -733202.387554
3348.0000     -733605.046560
3352.0000     -511449.756832
3356.0000     -732451.942690
3360.0000     -733232.541891
3364.0000     -733191.095325
3368.0000     -733564.916496
3372.0000     -734541.214975
3376.0000     -733603.544515
3380.0000     -733951.177340
3384.0000     -730181.050889
3388.0000     -734291.528759
3392.0000     -733453.953660
3396.0000     -734443.483597
3400.0000     -733495.808393
3404.0000     -734026.863410
3408.0000     -732660.992766
3412.0000     -732956.108818
3416.0000     -732888.223324
3420.0000     -734301.662078
3424.0000     -733133.631739
3428.0000     -733169.676645
3432.0000     -733150.106603
3436.0000     -733524.400334
3440.0000     -734418.420471
3444.0000     -733752.804681
3448.0000     -733816.888462
3452.0000     -734594.220150
3456.0000     -733981.109697
3460.0000     -733534.771105
3464.0000     -733902.332504
3468.0000     -734052.038453
3472.0000     -734314.511528
3476.0000     -733407.770532
3480.0000     -733034.052629
3484.0000     -733863.109223
3488.0000     -733490.440924
3492.0000     -733822.467889
3496.0000     -734003.864760
3500.0000     -734271.660760
3504.0000     -733273.326867
3508.0000     -734776.249730
3512.0000     -685639.202493
3516.0000     -735010.025150
3520.0000     -734054.535340
3524.0000     -734748.523378
3528.0000     -733768.629052
3532.0000     -467379.532919
3536.0000     -733334.803280
3540.0000     -733403.452459
3544.0000     -734387.340838
3548.0000     -700732.068724
3552.0000     -733663.100120
3556.0000     -733431.054688
3560.0000     -734045.297807
3564.0000     -733103.888339
3568.0000     -734205.443164
3572.0000     -733970.891198
3576.0000     -733810.129107
3580.0000     -734335.536812
3584.0000     -733988.387896
3588.0000     -734109.317077
3592.0000     -733812.760222
3596.0000     -734289.009783
3600.0000     -733743.467614
3604.0000     -734353.560191
3608.0000     -734123.459523
3612.0000     -734326.286839
3616.0000     -734383.339273
3620.0000     -734618.964174
3624.0000     -733843.671569
3628.0000     -733403.090777
3632.0000     -733827.936083
3636.0000     -733499.085830
3640.0000     -731732.566254
3644.0000     -733445.839214
3648.0000     -733940.807027
3652.0000     -734163.058719
3656.0000     -734049.774971
3660.0000     -733048.922604
3664.0000     -733766.987386
3668.0000     -733257.083328
3672.0000     -733171.891815
3676.0000     -733104.082962
3680.0000     -733598.358372
3684.0000     -734199.086922
3688.0000     -733748.057012
3692.0000     -734462.134605
3696.0000     -733913.887605
3700.0000     -733248.903771
3704.0000     -733205.790070
3708.0000     -733863.526995
3712.0000     -732745.720502
3716.0000     -734714.616405
3720.0000     -733898.010566
3724.0000     -732740.650511
3728.0000     -733495.953027
3732.0000     -733251.485645
3736.0000     -733171.739011
3740.0000     -733716.186729
3744.0000     -734160.618915
3748.0000     -733651.829856
3752.0000     -728758.220297
3756.0000     -733406.688136
3760.0000     -732727.986866
3764.0000     -733339.323587
3768.0000     -733529.610420
3772.0000     -733791.832932
3776.0000     -733261.791442
3780.0000     -733935.079559
3784.0000     -733868.663780
3788.0000     -733611.873532
3792.0000     -732830.672139
3796.0000     -733355.867311
3800.0000     -732696.300868
3804.0000     -733402.745669
3808.0000     -732773.242193
3812.0000     -733108.623600
3816.0000     -733393.341529
3820.0000     -733497.521593
3824.0000     -734316.514721
3828.0000     -734044.886657
3832.0000     -731424.422714
3836.0000     -733926.226233
3840.0000     -734076.156258
3844.0000     -733004.681617
3848.0000     -730865.293525
3852.0000     -733686.855705
3856.0000     -734267.576190
3860.0000     -732888.369080
3864.0000     -733469.918960
3868.0000     -733305.323319
3872.0000     -733010.787269
3876.0000     -733570.726016
3880.0000     -732760.866810
3884.0000     -734135.308058
3888.0000     -733425.641078
3892.0000     -733577.345278
3896.0000     -734061.063926
3900.0000     -733932.430479
3904.0000     -732002.156829
3908.0000     -734409.549553
3912.0000     -733256.405741
3916.0000     -733598.211334
3920.0000     -733981.152290
3924.0000     -733211.196081
3928.0000     -733871.681605
3932.0000     -733829.660499
3936.0000     -732945.970442
3940.0000     -733186.666009
3944.0000     -732898.003643
3948.0000     -731305.839265
3952.0000     -733659.311777
3956.0000     -733762.757583
3960.0000     -733311.105207
3964.0000     -733504.739323
3968.0000     -733634.724594
3972.0000     -733342.234097
3976.0000     -733911.354853
3980.0000     -734121.436241
3984.0000     -733892.764351
3988.0000     -734240.256847
3992.0000     -733326.774737
3996.0000     -733807.379063
4000.0000     -732875.529549
4004.0000     -732875.529549
