4.0000     -733058.578142
8.0000     -733051.219073
12.0000     -732683.333189
16.0000     -732628.357424
20.0000     -733494.486322
24.0000     -733248.970140
28.0000     -733520.332564
32.0000     -733491.436139
36.0000     -732784.584445
40.0000     -733245.704823
44.0000     -733610.638060
48.0000     -733813.281924
52.0000     -733542.194993
56.0000     -732706.219944
60.0000     -733931.812189
64.0000     -733528.761768
68.0000     -733382.141933
72.0000     -733053.575599
76.0000     -732678.657398
80.0000     -733033.259244
84.0000     -733168.502714
88.0000     -733411.303120
92.0000     -733295.529836
96.0000     -733003.245225
100.0000     -732667.488324
104.0000     -734109.981620
108.0000     -734146.833314
112.0000     -732535.412822
116.0000     -733043.308965
120.0000     -733298.820929
124.0000     -733391.222692
128.0000     -733368.999011
132.0000     -733247.635666
136.0000     -732862.317451
140.0000     -733397.671553
144.0000     -733452.848919
148.0000     -732432.546707
152.0000     -732634.504016
156.0000     -732912.259155
160.0000     -733106.343335
164.0000     -731705.842064
168.0000     -733164.331822
172.0000     -732901.447048
176.0000     -732982.131968
180.0000     -732996.009589
184.0000     -733011.406661
188.0000     -733606.066002
192.0000     -733043.598814
196.0000     -733400.536748
200.0000     -733145.211941
204.0000     -732797.156295
208.0000     -732769.444136
212.0000     -732449.207456
216.0000     -732820.784952
220.0000     -733125.388654
224.0000     -733483.012557
228.0000     -733339.766398
232.0000     -732735.377665
236.0000     -733225.251854
240.0000     -733347.401317
244.0000     -732477.560863
248.0000     -732611.914788
252.0000     -733490.656018
256.0000     -733743.420299
260.0000     -733462.442568
264.0000     -733086.152921
268.0000     -733441.517524
272.0000     -733052.884036
276.0000     -732723.352353
280.0000     -733501.777185
284.0000     -733623.299720
288.0000     -733262.604294
292.0000     -733666.497530
296.0000     -733676.195343
300.0000     -733981.016064
304.0000     -733118.591553
308.0000     -733489.691886
312.0000     -733462.988846
316.0000     -733679.719737
320.0000     -733173.142106
324.0000     -733123.146336
328.0000     -733202.912657
332.0000     -733109.981498
336.0000     -732911.692189
340.0000     -732802.170962
344.0000     -732313.707095
348.0000     -732780.205184
352.0000     -733829.716783
356.0000     -733075.518280
360.0000     -732603.345271
364.0000     -733261.962197
368.0000     -732384.332117
372.0000     -733171.384663
376.0000     -732916.946683
380.0000     -733419.082469
384.0000     -732941.548279
388.0000     -732174.332451
392.0000     -733357.131854
396.0000     -733771.447112
400.0000     -733565.326216
404.0000     -732729.688750
408.0000     -732839.872231
412.0000     -733274.613662
416.0000     -733220.752042
420.0000     -733150.434447
424.0000     -732966.430463
428.0000     -733248.392098
432.0000     -733243.966235
436.0000     -733287.958291
440.0000     -734148.370656
444.0000     -733314.355840
448.0000     -733558.826356
452.0000     -733298.562452
456.0000     -733190.653320
460.0000     -733221.840689
464.0000     -732743.238189
468.0000     -732577.724810
472.0000     -732950.298448
476.0000     -733639.636620
480.0000     -732926.037691
484.0000     -733373.877805
488.0000     -733788.766047
492.0000     -733077.734300
496.0000     -732882.281081
500.0000     -733821.707120
504.0000     -733553.304992
508.0000     -733757.849716
512.0000     -733850.672761
516.0000     -734607.006243
520.0000     -733271.876100
524.0000     -734271.782677
528.0000     -733925.218701
532.0000     -733509.887095
536.0000     -733464.505876
540.0000     -732892.152393
544.0000     -733597.273691
548.0000     -733356.507459
552.0000     -732937.035638
556.0000     -733365.742929
560.0000     -732990.277071
564.0000     -732960.781909
568.0000     -733492.866871
572.0000     -733015.983842
576.0000     -732403.039597
580.0000     -732991.033295
584.0000     -732966.437579
588.0000     -732859.362283
592.0000     -733279.441372
596.0000     -733481.950676
600.0000     -733740.703792
604.0000     -733545.993300
608.0000     -733294.901212
612.0000     -733390.400809
616.0000     -733035.969515
620.0000     -732745.837258
624.0000     -732725.673937
628.0000     -732672.583949
632.0000     -733641.056753
636.0000     -733651.887330
640.0000     -733536.311113
644.0000     -733266.398134
648.0000     -733375.664820
652.0000     -733223.044922
656.0000     -734243.305979
660.0000     -733414.665577
664.0000     -734288.916856
668.0000     -733615.151206
672.0000     -734094.207330
676.0000     -733488.110951
680.0000     -734045.629839
684.0000     -733913.675641
688.0000     -733758.730355
692.0000     -734610.442856
696.0000     -733174.129303
700.0000     -733475.481873
704.0000     -733504.828263
708.0000     -734056.618571
712.0000     -734104.085703
716.0000     -734074.557185
720.0000     -733415.496455
724.0000     -733177.003225
728.0000     -732630.716241
732.0000     -732656.216583
736.0000     -734150.314647
740.0000     -732786.903773
744.0000     -733438.127225
748.0000     -734070.342987
752.0000     -733385.769975
756.0000     -733170.637642
760.0000     -734432.044115
764.0000     -734111.716452
768.0000     -733277.433572
772.0000     -733983.009210
776.0000     -733628.891321
780.0000     -733117.094530
784.0000     -733905.015681
788.0000     -733928.350598
792.0000     -733014.570842
796.0000     -733838.209580
800.0000     -733475.085217
804.0000     -732940.091664
808.0000     -733552.576671
812.0000     -732917.751753
816.0000     -733160.059042
820.0000     -733600.685822
824.0000     -733487.216280
828.0000     -734234.181125
832.0000     -733356.418319
836.0000     -733130.132894
840.0000     -733094.525158
844.0000     -732860.581248
848.0000     -734300.945721
852.0000     -733701.407847
856.0000     -733548.298357
860.0000     -733410.762965
864.0000     -733274.422671
868.0000     -733276.181505
872.0000     -733060.130885
876.0000     -733710.485571
880.0000     -733008.302368
884.0000     -732677.622544
888.0000     -732314.097007
892.0000     -732807.611288
896.0000     -733355.127796
900.0000     -733008.077301
904.0000     -733723.301929
908.0000     -732895.480537
912.0000     -732695.563699
916.0000     -732790.958301
920.0000     -732885.855445
924.0000     -732878.294075
928.0000     -732938.815865
932.0000     -733722.149440
936.0000     -733236.285273
940.0000     -732881.281401
944.0000     -733251.151262
948.0000     -733121.672022
952.0000     -733036.759081
956.0000     -733409.205625
960.0000     -733491.455104
964.0000     -733944.602197
968.0000     -733945.380147
972.0000     -733776.697967
976.0000     -732958.510186
980.0000     -734282.126506
984.0000     -733315.730983
988.0000     -733240.729307
992.0000     -733693.016055
996.0000     -733871.895251
1000.0000     -733666.055245
1004.0000     -733197.788543
1008.0000     -733696.294988
1012.0000     -733808.621614
1016.0000     -733326.465202
1020.0000     -733153.194832
1024.0000     -733963.427796
1028.0000     -732950.040746
1032.0000     -733342.143974
1036.0000     -733695.612902
1040.0000     -733678.503886
1044.0000     -732959.829041
1048.0000     -733193.519254
1052.0000     -734306.934729
1056.0000     -733570.035259
1060.0000     -733479.923053
1064.0000     -733596.700487
1068.0000     -732920.870840
1072.0000     -733620.824077
1076.0000     -734621.791370
1080.0000     -732982.224888
1084.0000     -733030.122927
1088.0000     -733718.795542
1092.0000     -733284.778539
1096.0000     -732938.544675
1100.0000     -732776.811083
1104.0000     -732555.607673
1108.0000     -733541.135639
1112.0000     -733302.190567
1116.0000     -734316.981298
1120.0000     -733175.658481
1124.0000     -733475.786995
1128.0000     -733938.304558
1132.0000     -734409.646355
1136.0000     -733585.440736
1140.0000     -733573.412292
1144.0000     -733237.909850
1148.0000     -733312.091781
1152.0000     -733348.110309
1156.0000     -732997.533400
1160.0000     -732377.426041
1164.0000     -733539.146677
1168.0000     -733873.091892
1172.0000     -734074.160641
1176.0000     -732765.240007
1180.0000     -733243.123938
1184.0000     -733156.379332
1188.0000     -733111.090117
1192.0000     -733396.121890
1196.0000     -733659.014436
1200.0000     -733390.831360
1204.0000     -733174.381081
1208.0000     -732453.071104
1212.0000     -732456.896674
1216.0000     -733631.611037
1220.0000     -733120.583860
1224.0000     -733394.618424
1228.0000     -732824.872243
1232.0000     -732887.800594
1236.0000     -732936.859806
1240.0000     -734219.615444
1244.0000     -733285.563886
1248.0000     -733675.214138
1252.0000     -732858.297568
1256.0000     -733061.521125
1260.0000     -733400.330439
1264.0000     -733913.254865
1268.0000     -732940.757378
1272.0000     -732805.382518
1276.0000     -732681.327641
1280.0000     -732859.898077
1284.0000     -733341.648740
1288.0000     -733267.506071
1292.0000     -732495.812872
1296.0000     -732544.871406
1300.0000     -733824.918887
1304.0000     -733190.474398
1308.0000     -732745.679416
1312.0000     -733162.192470
1316.0000     -732979.155682
1320.0000     -733224.885285
1324.0000     -733501.372872
1328.0000     -732878.498462
1332.0000     -733248.611332
1336.0000     -732981.397272
1340.0000     -733502.834457
1344.0000     -732649.268483
1348.0000     -733870.461506
1352.0000     -733711.828476
1356.0000     -733486.765737
1360.0000     -734118.834956
1364.0000     -732964.797216
1368.0000     -733869.153728
1372.0000     -733434.550015
1376.0000     -733608.895436
1380.0000     -733904.446651
1384.0000     -733347.424557
1388.0000     -733956.972573
1392.0000     -733709.616231
1396.0000     -734041.252410
1400.0000     -733102.179461
1404.0000     -733974.022757
1408.0000     -733950.098569
1412.0000     -733019.079373
1416.0000     -733381.592475
1420.0000     -733604.170128
1424.0000     -733373.668343
1428.0000     -733185.961986
1432.0000     -733281.690710
1436.0000     -733307.161204
1440.0000     -733753.058081
1444.0000     -733444.838900
1448.0000     -732798.841993
1452.0000     -733346.902632
1456.0000     -733157.627183
1460.0000     -733172.554852
1464.0000     -733422.345390
1468.0000     -732706.461495
1472.0000     -732305.984030
1476.0000     -732997.292460
1480.0000     -732874.526016
1484.0000     -733360.263827
1488.0000     -732214.482262
1492.0000     -732589.377238
1496.0000     -733055.828707
1500.0000     -733599.566081
1504.0000     -732379.760468
1508.0000     -733733.519452
1512.0000     -732923.877543
1516.0000     -733220.298577
1520.0000     -733405.265629
1524.0000     -733248.979094
1528.0000     -733289.966064
1532.0000     -733107.267569
1536.0000     -733333.556897
1540.0000     -733723.305103
1544.0000     -733104.463844
1548.0000     -733205.828106
1552.0000     -732966.673020
1556.0000     -732763.227370
1560.0000     -733397.746713
1564.0000     -732879.813648
1568.0000     -732957.522860
1572.0000     -733471.343012
1576.0000     -733226.504411
1580.0000     -733479.314858
1584.0000     -732605.799460
1588.0000     -733669.418044
1592.0000     -733939.507254
1596.0000     -733478.611625
1600.0000     -733259.215156
1604.0000     -734109.467457
1608.0000     -733141.041666
1612.0000     -733520.895112
1616.0000     -734039.406324
1620.0000     -733597.577196
1624.0000     -733232.522710
1628.0000     -733212.109315
1632.0000     -733008.619737
1636.0000     -733524.426386
1640.0000     -733768.572633
1644.0000     -733517.618405
1648.0000     -732936.702342
1652.0000     -733310.967104
1656.0000     -733212.856342
1660.0000     -733332.769520
1664.0000     -733337.669630
1668.0000     -733478.939006
1672.0000     -733850.238164
1676.0000     -733946.024571
1680.0000     -734229.652375
1684.0000     -733925.562950
1688.0000     -734199.639096
1692.0000     -733209.583225
1696.0000     -733203.816746
1700.0000     -733339.374475
1704.0000     -733679.807251
1708.0000     -732467.798151
1712.0000     -733627.462749
1716.0000     -732882.185918
1720.0000     -733076.653473
1724.0000     -733483.818981
1728.0000     -733505.880673
1732.0000     -732969.003381
1736.0000     -732206.916667
1740.0000     -733755.002972
1744.0000     -733438.416988
1748.0000     -733108.023543
1752.0000     -733013.831628
1756.0000     -732825.601511
1760.0000     -734028.320786
1764.0000     -733703.890387
1768.0000     -733620.263367
1772.0000     -732968.302681
1776.0000     -734057.248965
1780.0000     -732922.997903
1784.0000     -732739.510274
1788.0000     -733318.805816
1792.0000     -733485.798636
1796.0000     -733562.331160
1800.0000     -732679.654086
1804.0000     -733357.964422
1808.0000     -733960.306327
1812.0000     -732960.733271
1816.0000     -733974.439637
1820.0000     -733175.423802
1824.0000     -732813.239986
1828.0000     -733293.134941
1832.0000     -733321.822367
1836.0000     -733929.609823
1840.0000     -732652.291153
1844.0000     -733517.158012
1848.0000     -733424.086433
1852.0000     -733637.090774
1856.0000     -733239.257828
1860.0000     -734138.753000
1864.0000     -733226.192598
1868.0000     -733883.713992
1872.0000     -733385.622176
1876.0000     -732775.113347
1880.0000     -733903.419419
1884.0000     -733459.503849
1888.0000     -733623.530271
1892.0000     -732241.929574
1896.0000     -733456.630198
1900.0000     -732234.371575
1904.0000     -733544.899065
1908.0000     -732694.385706
1912.0000     -733134.418376
1916.0000     -733647.138864
1920.0000     -733369.677625
1924.0000     -732761.231118
1928.0000     -733433.010565
1932.0000     -733296.109064
1936.0000     -733471.289178
1940.0000     -733102.905250
1944.0000     -733043.931800
1948.0000     -733909.761680
1952.0000     -733216.937117
1956.0000     -732655.767070
1960.0000     -733921.144115
1964.0000     -733791.898301
1968.0000     -733997.758394
1972.0000     -734109.959186
1976.0000     -733011.059775
1980.0000     -732768.988618
1984.0000     -733192.359911
1988.0000     -733868.800046
1992.0000     -734176.587012
1996.0000     -732800.908411
2000.0000     -732824.504076
2004.0000     -733463.207721
2008.0000     -734035.395122
2012.0000     -733294.237400
2016.0000     -733574.824786
2020.0000     -733653.051001
2024.0000     -733685.541255
2028.0000     -732607.611506
2032.0000     -734179.657777
2036.0000     -733010.148052
2040.0000     -732821.048436
2044.0000     -733252.897904
2048.0000     -732902.543937
2052.0000     -733713.906752
2056.0000     -734131.410153
2060.0000     -733209.461576
2064.0000     -734047.301768
2068.0000     -734079.402006
2072.0000     -732587.910751
2076.0000     -732697.509398
2080.0000     -734178.334670
2084.0000     -733596.082372
2088.0000     -734197.922367
2092.0000     -733600.378880
2096.0000     -734612.245620
2100.0000     -732728.325253
2104.0000     -734397.684184
2108.0000     -733034.871402
2112.0000     -734030.781297
2116.0000     -733232.578560
2120.0000     -733831.144216
2124.0000     -732743.555867
2128.0000     -733446.784305
2132.0000     -733490.586231
2136.0000     -733147.271518
2140.0000     -734403.881717
2144.0000     -734566.358805
2148.0000     -733648.529490
2152.0000     -734027.934221
2156.0000     -733148.816082
2160.0000     -733369.677229
2164.0000     -733603.702420
2168.0000     -733759.859395
2172.0000     -733364.180688
2176.0000     -733408.582317
2180.0000     -732974.694388
2184.0000     -733479.930113
2188.0000     -733624.320237
2192.0000     -733439.542666
2196.0000     -733772.584236
2200.0000     -734172.228426
2204.0000     -733719.162328
2208.0000     -733005.169787
2212.0000     -732292.934968
2216.0000     -733705.403284
2220.0000     -734106.384646
2224.0000     -733124.749376
2228.0000     -733423.559274
2232.0000     -733760.481420
2236.0000     -732939.106860
2240.0000     -733353.426413
2244.0000     -733917.384778
2248.0000     -733273.514249
2252.0000     -734113.251680
2256.0000     -733467.224812
2260.0000     -733644.059083
2264.0000     -733783.090651
2268.0000     -733326.362037
2272.0000     -732726.039824
2276.0000     -733791.921922
2280.0000     -733616.907897
2284.0000     -733960.569564
2288.0000     -733509.359322
2292.0000     -733927.857737
2296.0000     -733242.524506
2300.0000     -733376.345542
2304.0000     -733832.578249
2308.0000     -733682.382139
2312.0000     -733231.084765
2316.0000     -733878.584337
2320.0000     -734033.870086
2324.0000     -733762.790857
2328.0000     -733874.953914
2332.0000     -732784.073414
2336.0000     -734349.084759
2340.0000     -733596.968888
2344.0000     -733028.966015
2348.0000     -733301.185639
2352.0000     -733228.142177
2356.0000     -733209.653358
2360.0000     -733791.933457
2364.0000     -733733.947807
2368.0000     -733680.866404
2372.0000     -732907.950484
2376.0000     -733196.122360
2380.0000     -733836.872792
2384.0000     -733751.602288
2388.0000     -733776.063827
2392.0000     -734330.029711
2396.0000     -733315.485394
2400.0000     -733164.340113
2404.0000     -732733.021457
2408.0000     -733388.648830
2412.0000     -734113.318025
2416.0000     -733689.403513
2420.0000     -732807.891944
2424.0000     -734067.805987
2428.0000     -733125.764600
2432.0000     -733494.919191
2436.0000     -733668.413645
2440.0000     -734251.648730
2444.0000     -733642.361051
2448.0000     -733389.750572
2452.0000     -734567.655430
2456.0000     -734319.486992
2460.0000     -733655.439324
2464.0000     -734009.707653
2468.0000     -733478.812748
2472.0000     -733901.988195
2476.0000     -733367.829925
2480.0000     -733322.491274
2484.0000     -733322.443035
2488.0000     -733811.149083
2492.0000     -733735.624547
2496.0000     -733457.795381
2500.0000     -732594.087808
2504.0000     -733615.311051
2508.0000     -733366.064932
2512.0000     -733257.905874
2516.0000     -733930.268682
2520.0000     -734126.309248
2524.0000     -733209.240015
2528.0000     -732670.388565
2532.0000     -734203.666858
2536.0000     -733596.941145
2540.0000     -732736.938525
2544.0000     -733209.910981
2548.0000     -732513.087462
2552.0000     -732762.811403
2556.0000     -733052.290367
2560.0000     -733205.330634
2564.0000     -733811.694499
2568.0000     -732348.832208
2572.0000     -733365.268117
2576.0000     -732976.091810
2580.0000     -732699.164965
2584.0000     -733214.098082
2588.0000     -734429.248846
2592.0000     -733308.443413
2596.0000     -732864.031412
2600.0000     -732664.675736
2604.0000     -733495.518024
2608.0000     -733008.348108
2612.0000     -732438.602202
2616.0000     -733816.849387
2620.0000     -733697.042121
2624.0000     -733177.811960
2628.0000     -733405.138970
2632.0000     -733324.212644
2636.0000     -734140.816997
2640.0000     -733351.488168
2644.0000     -733650.673901
2648.0000     -733410.545852
2652.0000     -734169.980156
2656.0000     -733503.808666
2660.0000     -733429.116444
2664.0000     -733795.683103
2668.0000     -733689.183930
2672.0000     -734433.279496
2676.0000     -733861.906069
2680.0000     -733433.931881
2684.0000     -733056.169537
2688.0000     -733865.956943
2692.0000     -733366.568010
2696.0000     -733042.433032
2700.0000     -733605.127096
2704.0000     -734166.295141
2708.0000     -733119.336963
2712.0000     -733601.595479
2716.0000     -732679.496711
2720.0000     -733537.284389
2724.0000     -732935.085287
2728.0000     -733519.742835
2732.0000     -733754.905113
2736.0000     -733732.573046
2740.0000     -733873.912256
2744.0000     -733404.700287
2748.0000     -733009.266591
2752.0000     -732562.619356
2756.0000     -733842.612214
2760.0000     -734333.443038
2764.0000     -733955.356026
2768.0000     -734069.650287
2772.0000     -733546.676839
2776.0000     -734366.236388
2780.0000     -733902.732306
2784.0000     -734942.822170
2788.0000     -733811.249777
2792.0000     -733657.289537
2796.0000     -733092.765248
2800.0000     -733672.604465
2804.0000     -733757.704304
2808.0000     -733286.867084
2812.0000     -733518.359016
2816.0000     -732799.548929
2820.0000     -732842.787294
2824.0000     -733193.791438
2828.0000     -733549.785054
2832.0000     -733402.377449
2836.0000     -733022.393636
2840.0000     -733623.361640
2844.0000     -732504.446974
2848.0000     -733178.962666
2852.0000     -733246.694537
2856.0000     -734023.658363
2860.0000     -733671.718249
2864.0000     -733452.907635
2868.0000     -733707.977660
2872.0000     -733443.550214
2876.0000     -733842.937231
2880.0000     -734993.437661
2884.0000     -733244.345651
2888.0000     -733895.189500
2892.0000     -733583.288383
2896.0000     -733821.962697
2900.0000     -733086.377611
2904.0000     -734558.091891
2908.0000     -734130.674223
2912.0000     -733332.168947
2916.0000     -734068.829940
2920.0000     -733802.823289
2924.0000     -733610.815480
2928.0000     -734082.561109
2932.0000     -734090.216841
2936.0000     -733880.466319
2940.0000     -733957.653964
2944.0000     -733601.714593
2948.0000     -733219.052189
2952.0000     -732761.562905
2956.0000     -733596.539316
2960.0000     -733778.443617
2964.0000     -734285.181920
2968.0000     -733190.087263
2972.0000     -733558.561996
2976.0000     -733828.309433
2980.0000     -734193.464267
2984.0000     -734266.912236
2988.0000     -733164.425521
2992.0000     -732851.778777
2996.0000     -734463.142043
3000.0000     -734590.134694
3004.0000     -733650.355057
3008.0000     -732690.880645
3012.0000     -732961.425171
3016.0000     -733236.456128
3020.0000     -733077.972648
3024.0000     -733639.918457
3028.0000     -733580.857848
3032.0000     -733538.629468
3036.0000     -733618.713268
3040.0000     -733244.618689
3044.0000     -733637.811087
3048.0000     -733585.272050
3052.0000     -734458.813273
3056.0000     -734179.077894
3060.0000     -733327.867564
3064.0000     -732575.901092
3068.0000     -733774.614464
3072.0000     -733499.012945
3076.0000     -733175.881770
3080.0000     -732444.559136
3084.0000     -733651.060116
3088.0000     -733978.220670
3092.0000     -733870.530727
3096.0000     -733039.241300
3100.0000     -733518.303478
3104.0000     -733685.244752
3108.0000     -733059.908557
3112.0000     -732138.271293
3116.0000     -732865.339155
3120.0000     -733769.696422
3124.0000     -733630.836360
3128.0000     -733754.892952
3132.0000     -734290.940114
3136.0000     -733230.736835
3140.0000     -733251.249447
3144.0000     -733870.043535
3148.0000     -733278.980396
3152.0000     -733841.688979
3156.0000     -732682.277382
3160.0000     -733540.943157
3164.0000     -733138.012146
3168.0000     -733034.382793
3172.0000     -733248.084588
3176.0000     -733420.463972
3180.0000     -733982.466768
3184.0000     -733949.230072
3188.0000     -732960.372072
3192.0000     -733600.978877
3196.0000     -733594.070553
3200.0000     -733648.721744
3204.0000     -734114.081295
3208.0000     -733071.175101
3212.0000     -733434.855055
3216.0000     -734261.311619
3220.0000     -732870.118205
3224.0000     -733543.534253
3228.0000     -733633.111633
3232.0000     -734732.659263
3236.0000     -733388.274984
3240.0000     -734383.673873
3244.0000     -733970.001427
3248.0000     -733622.196744
3252.0000     -733900.747335
3256.0000     -733281.909051
3260.0000     -733091.675122
3264.0000     -732807.524832
3268.0000     -733309.417841
3272.0000     -734206.195505
3276.0000     -733607.265798
3280.0000     -733044.963476
3284.0000     -733576.296924
3288.0000     -732494.262690
3292.0000     -732516.530978
3296.0000     -733585.051763
3300.0000     -733153.569477
3304.0000     -732951.586876
3308.0000     -733612.092823
3312.0000     -733757.994907
3316.0000     -733595.762875
3320.0000     -733380.847963
3324.0000     -733081.174810
3328.0000     -734381.622388
3332.0000     -733541.812100
3336.0000     -733635.435084
3340.0000     -734066.157615
3344.0000     -733259.578652
3348.0000     -733987.596222
3352.0000     -734683.257811
3356.0000     -733973.567781
3360.0000     -733293.197977
3364.0000     -733333.305102
3368.0000     -734413.307601
3372.0000     -733051.388181
3376.0000     -732803.870008
3380.0000     -733519.252064
3384.0000     -733689.254934
3388.0000     -733381.111934
3392.0000     -733680.559487
3396.0000     -733494.630518
3400.0000     -733300.881035
3404.0000     -733441.521899
3408.0000     -733457.876838
3412.0000     -733442.973410
3416.0000     -733955.419931
3420.0000     -732999.183726
3424.0000     -733331.291855
3428.0000     -733166.849245
3432.0000     -733746.233291
3436.0000     -733196.599456
3440.0000     -733599.763984
3444.0000     -733413.380767
3448.0000     -734004.224206
3452.0000     -734184.604592
3456.0000     -732780.680971
3460.0000     -733294.010736
3464.0000     -734177.329830
3468.0000     -733620.895003
3472.0000     -732994.529413
3476.0000     -734421.936053
3480.0000     -733694.128307
3484.0000     -733766.216887
3488.0000     -733497.018766
3492.0000     -733434.657157
3496.0000     -733773.991456
3500.0000     -733442.396789
3504.0000     -733801.421867
3508.0000     -734691.669229
3512.0000     -733235.024096
3516.0000     -733500.958075
3520.0000     -734093.021331
3524.0000     -733019.822712
3528.0000     -733779.098568
3532.0000     -733960.359656
3536.0000     -733180.017311
3540.0000     -733609.348943
3544.0000     -733143.709206
3548.0000     -733196.101550
3552.0000     -733812.814874
3556.0000     -733634.473761
3560.0000     -733182.876548
3564.0000     -733983.583027
3568.0000     -733808.203100
3572.0000     -733968.133737
3576.0000     -733980.657213
3580.0000     -733537.193528
3584.0000     -733053.309492
3588.0000     -734022.948699
3592.0000     -733455.153100
3596.0000     -733738.941241
3600.0000     -733117.471052
3604.0000     -733091.272360
3608.0000     -733701.701358
3612.0000     -733620.928184
3616.0000     -733720.742041
3620.0000     -733575.185027
3624.0000     -733015.421253
3628.0000     -733203.812565
3632.0000     -733432.847371
3636.0000     -733663.021261
3640.0000     -733795.806984
3644.0000     -733818.487234
3648.0000     -733761.818576
3652.0000     -734143.848172
3656.0000     -733311.337913
3660.0000     -733229.690861
3664.0000     -733994.063916
3668.0000     -732924.987730
3672.0000     -733167.320426
3676.0000     -734240.038275
3680.0000     -734134.540558
3684.0000     -733217.897670
3688.0000     -734567.236583
3692.0000     -733891.354375
3696.0000     -733507.272253
3700.0000     -733725.600582
3704.0000     -734574.548189
3708.0000     -733292.288537
3712.0000     -733818.896321
3716.0000     -733553.533508
3720.0000     -733437.986713
3724.0000     -732703.996658
3728.0000     -733244.228569
3732.0000     -733891.535910
3736.0000     -732864.069424
3740.0000     -733116.560129
3744.0000     -733805.528509
3748.0000     -733581.861620
3752.0000     -733768.761179
3756.0000     -734365.680304
3760.0000     -734214.118723
3764.0000     -733522.782549
3768.0000     -734386.857114
3772.0000     -733572.049199
3776.0000     -733248.552270
3780.0000     -733899.785459
3784.0000     -733480.781726
3788.0000     -733461.912143
3792.0000     -733688.677551
3796.0000     -733766.774153
3800.0000     -733222.163822
3804.0000     -734093.250518
3808.0000     -733829.011299
3812.0000     -733327.999642
3816.0000     -733315.741834
3820.0000     -732851.603254
3824.0000     -734092.891077
3828.0000     -734103.301065
3832.0000     -733700.973159
3836.0000     -733099.788611
3840.0000     -733824.646021
3844.0000     -733557.151984
3848.0000     -732879.439376
3852.0000     -734378.393156
3856.0000     -734029.717336
3860.0000     -733003.101963
3864.0000     -733517.761828
3868.0000     -734303.203376
3872.0000     -734685.234675
3876.0000     -733432.338945
3880.0000     -733096.970373
3884.0000     -732694.579750
3888.0000     -733432.803776
3892.0000     -733617.724618
3896.0000     -733583.397801
3900.0000     -733168.915043
3904.0000     -733648.648401
3908.0000     -734193.643115
3912.0000     -733911.583515
3916.0000     -733723.368849
3920.0000     -734411.803738
3924.0000     -734273.589317
3928.0000     -734381.827040
3932.0000     -733538.195712
3936.0000     -734488.317437
3940.0000     -733250.331018
3944.0000     -733609.239528
3948.0000     -733494.196427
3952.0000     -733676.648802
3956.0000     -733962.887587
3960.0000     -732779.634333
3964.0000     -733600.134645
3968.0000     -733986.758294
3972.0000     -733939.979159
3976.0000     -733420.809724
3980.0000     -733582.094937
3984.0000     -733320.683572
3988.0000     -734320.165558
3992.0000     -734550.453181
3996.0000     -733974.226488
4000.0000     -733578.542685
4004.0000     -733578.542685
