4.0000     -733091.027578
8.0000     -733040.087306
12.0000     -732712.722972
16.0000     -732642.875124
20.0000     -733531.957656
24.0000     -733283.641326
28.0000     -733559.028861
32.0000     -733530.576144
36.0000     -732822.401519
40.0000     -733277.623519
44.0000     -733532.059376
48.0000     -733819.113854
52.0000     -733582.565267
56.0000     -732699.496420
60.0000     -733967.794325
64.0000     -733557.792357
68.0000     -733421.397870
72.0000     -733093.786889
76.0000     -732716.802586
80.0000     -733051.536229
84.0000     -733168.256316
88.0000     -733442.453639
92.0000     -733335.664755
96.0000     -733037.255173
100.0000     -732627.268610
104.0000     -734146.785640
108.0000     -734173.924527
112.0000     -732573.101744
116.0000     -733081.448077
120.0000     -733336.876321
124.0000     -733396.839561
128.0000     -733401.929471
132.0000     -733255.554124
136.0000     -732892.558579
140.0000     -733417.818726
144.0000     -733482.327760
148.0000     -732464.659366
152.0000     -732674.007772
156.0000     -732854.837663
160.0000     -733137.668042
164.0000     -731744.578753
168.0000     -733205.015201
172.0000     -732940.935561
176.0000     -733020.360803
180.0000     -733032.915018
184.0000     -733051.849145
188.0000     -733644.287486
192.0000     -733075.222553
196.0000     -733441.184312
200.0000     -733186.904621
204.0000     -732832.827270
208.0000     -732808.367233
212.0000     -732455.424484
216.0000     -732857.128265
220.0000     -733160.341219
224.0000     -733521.112852
228.0000     -733375.414200
232.0000     -732775.393731
236.0000     -733266.685199
240.0000     -733387.393204
244.0000     -732505.927816
248.0000     -732652.323484
252.0000     -733499.257043
256.0000     -733777.989786
260.0000     -733497.052951
264.0000     -733126.089598
268.0000     -733477.227521
272.0000     -733073.441333
276.0000     -732761.221646
280.0000     -733528.348322
284.0000     -733662.608478
288.0000     -733302.807284
292.0000     -733701.514329
296.0000     -733705.450974
300.0000     -734015.398723
304.0000     -733154.685103
308.0000     -733487.633138
312.0000     -733502.972942
316.0000     -733719.201117
320.0000     -733213.015013
324.0000     -733162.012305
328.0000     -733240.260360
332.0000     -733150.787561
336.0000     -732933.255213
340.0000     -732844.071559
344.0000     -732348.155548
348.0000     -732820.426254
352.0000     -733870.359781
356.0000     -733111.705247
360.0000     -732639.867297
364.0000     -733270.619801
368.0000     -732417.817751
372.0000     -733209.328208
376.0000     -732955.571020
380.0000     -733457.463720
384.0000     -732947.401843
388.0000     -732212.309165
392.0000     -733398.995822
396.0000     -733810.568478
400.0000     -733590.895226
404.0000     -732713.099317
408.0000     -732874.110924
412.0000     -733247.353194
416.0000     -733240.407833
420.0000     -733186.122030
424.0000     -733005.914392
428.0000     -733287.380796
432.0000     -733283.568543
436.0000     -733327.256295
440.0000     -734188.289823
444.0000     -733354.848434
448.0000     -733594.780602
452.0000     -733335.520491
456.0000     -732940.030544
460.0000     -733262.957693
464.0000     -732731.610904
468.0000     -732607.983942
472.0000     -732985.397666
476.0000     -733680.271004
480.0000     -732967.759957
484.0000     -733410.022012
488.0000     -733805.355396
492.0000     -733115.445929
496.0000     -732916.667419
500.0000     -733850.889090
504.0000     -733593.801345
508.0000     -733761.693588
512.0000     -733877.693042
516.0000     -734642.598487
520.0000     -733171.061968
524.0000     -734284.209755
528.0000     -733961.358898
532.0000     -733517.561790
536.0000     -733504.326251
540.0000     -732917.342058
544.0000     -733629.631424
548.0000     -733391.112979
552.0000     -732941.786500
556.0000     -733398.894118
560.0000     -732997.392030
564.0000     -732991.280449
568.0000     -733529.271133
572.0000     -733052.397086
576.0000     -732438.418179
580.0000     -733009.263938
584.0000     -732938.067121
588.0000     -732892.460152
592.0000     -733318.398844
596.0000     -733517.312069
600.0000     -733778.384083
604.0000     -733585.943423
608.0000     -733328.690660
612.0000     -733430.181246
616.0000     -733019.289541
620.0000     -732785.969367
624.0000     -732763.796677
628.0000     -732670.679168
632.0000     -733676.246488
636.0000     -733687.800342
640.0000     -733564.411658
644.0000     -733287.685570
648.0000     -733415.068251
652.0000     -733254.302538
656.0000     -734276.054883
660.0000     -733414.902577
664.0000     -734327.408974
668.0000     -733650.109763
672.0000     -734130.420298
676.0000     -733458.108623
680.0000     -734070.561075
684.0000     -733846.701472
688.0000     -733799.622236
692.0000     -734642.696730
696.0000     -733051.178871
700.0000     -733432.483489
704.0000     -733433.923207
708.0000     -734090.070331
712.0000     -734144.400668
716.0000     -734107.584963
720.0000     -733447.044632
724.0000     -733205.268645
728.0000     -732666.609590
732.0000     -732693.382541
736.0000     -734175.746143
740.0000     -732805.297141
744.0000     -733460.978792
748.0000     -734090.330042
752.0000     -733426.414835
756.0000     -733195.765955
760.0000     -734461.009764
764.0000     -734136.936798
768.0000     -733307.898971
772.0000     -734019.665688
776.0000     -733667.265919
780.0000     -733152.883745
784.0000     -733942.954653
788.0000     -733968.195560
792.0000     -733052.451645
796.0000     -733876.764195
800.0000     -733508.746872
804.0000     -732964.882126
808.0000     -733590.481950
812.0000     -732937.447028
816.0000     -733199.649759
820.0000     -733640.576311
824.0000     -733521.138581
828.0000     -734252.532993
832.0000     -733390.233825
836.0000     -733144.344062
840.0000     -733098.548139
844.0000     -732894.028388
848.0000     -734328.245721
852.0000     -733736.455424
856.0000     -733581.689430
860.0000     -733446.442796
864.0000     -733310.719295
868.0000     -733294.195156
872.0000     -733061.969214
876.0000     -733745.868312
880.0000     -733025.784366
884.0000     -732708.658371
888.0000     -732347.465237
892.0000     -732833.361835
896.0000     -733241.003512
900.0000     -733036.414734
904.0000     -733758.426270
908.0000     -732926.597064
912.0000     -732711.089865
916.0000     -732821.633278
920.0000     -732909.997087
924.0000     -732913.181120
928.0000     -732976.201819
932.0000     -733704.938028
936.0000     -733269.871560
940.0000     -732921.414301
944.0000     -733258.576720
948.0000     -733137.143514
952.0000     -733066.003195
956.0000     -733439.712482
960.0000     -733448.799807
964.0000     -733979.301889
968.0000     -733979.052521
972.0000     -733805.368972
976.0000     -732992.330257
980.0000     -734303.092767
984.0000     -733353.553088
988.0000     -733251.962816
992.0000     -733731.249116
996.0000     -733905.252942
1000.0000     -733703.183684
1004.0000     -733230.599522
1008.0000     -733728.742729
1012.0000     -733833.582002
1016.0000     -733353.436633
1020.0000     -733193.095318
1024.0000     -733997.197176
1028.0000     -732978.909839
1032.0000     -733379.595590
1036.0000     -733717.696433
1040.0000     -733714.325618
1044.0000     -732940.955990
1048.0000     -733229.334239
1052.0000     -734329.390390
1056.0000     -733596.079272
1060.0000     -733514.220233
1064.0000     -733625.484774
1068.0000     -732953.260154
1072.0000     -733643.603607
1076.0000     -734659.805065
1080.0000     -733012.151368
1084.0000     -733058.433892
1088.0000     -733757.095079
1092.0000     -733322.696487
1096.0000     -732974.200401
1100.0000     -732811.922023
1104.0000     -732566.333822
1108.0000     -733569.680548
1112.0000     -733341.402476
1116.0000     -734352.504894
1120.0000     -733212.810686
1124.0000     -733507.486278
1128.0000     -733970.290385
1132.0000     -734440.684966
1136.0000     -733613.000758
1140.0000     -733609.836336
1144.0000     -733256.507575
1148.0000     -733341.354493
1152.0000     -733343.910175
1156.0000     -733014.438499
1160.0000     -732382.766146
1164.0000     -733565.222934
1168.0000     -733890.609469
1172.0000     -734106.124174
1176.0000     -732800.960534
1180.0000     -733273.490336
1184.0000     -733098.339629
1188.0000     -733135.917839
1192.0000     -733434.238983
1196.0000     -733687.382475
1200.0000     -733362.544169
1204.0000     -733212.979264
1208.0000     -732487.640609
1212.0000     -732473.809252
1216.0000     -733666.671224
1220.0000     -733154.223248
1224.0000     -733432.028680
1228.0000     -732843.975495
1232.0000     -732882.949827
1236.0000     -732973.585982
1240.0000     -734253.406387
1244.0000     -733316.855833
1248.0000     -733714.041999
1252.0000     -732859.364089
1256.0000     -733085.601468
1260.0000     -733412.567626
1264.0000     -733948.849419
1268.0000     -732963.211276
1272.0000     -732844.081192
1276.0000     -732717.997668
1280.0000     -732869.176437
1284.0000     -733345.861271
1288.0000     -733282.739659
1292.0000     -732516.980311
1296.0000     -732563.438173
1300.0000     -733860.507346
1304.0000     -733182.216005
1308.0000     -732767.376062
1312.0000     -733198.182573
1316.0000     -733012.483864
1320.0000     -733262.265434
1324.0000     -733509.955214
1328.0000     -732913.386222
1332.0000     -733265.183644
1336.0000     -733016.959428
1340.0000     -733535.004289
1344.0000     -732679.431833
1348.0000     -733895.013039
1352.0000     -733681.404699
1356.0000     -733511.329213
1360.0000     -734154.034564
1364.0000     -733004.330444
1368.0000     -733751.548655
1372.0000     -733443.243645
1376.0000     -733632.229752
1380.0000     -733825.138325
1384.0000     -733386.194124
1388.0000     -733993.286521
1392.0000     -733740.178023
1396.0000     -734062.048038
1400.0000     -733132.792220
1404.0000     -733999.063014
1408.0000     -733987.761184
1412.0000     -733058.825120
1416.0000     -733393.866576
1420.0000     -733632.708218
1424.0000     -733409.744757
1428.0000     -733219.766660
1432.0000     -733262.483737
1436.0000     -733342.900411
1440.0000     -733778.155463
1444.0000     -733480.933232
1448.0000     -732795.179188
1452.0000     -733378.353845
1456.0000     -733191.645740
1460.0000     -733204.012631
1464.0000     -733389.487481
1468.0000     -732730.032040
1472.0000     -732306.085782
1476.0000     -733034.380844
1480.0000     -732895.173530
1484.0000     -733397.316308
1488.0000     -732253.943239
1492.0000     -732628.345385
1496.0000     -733094.040454
1500.0000     -733629.623690
1504.0000     -732414.139528
1508.0000     -733770.542836
1512.0000     -732798.040761
1516.0000     -733258.175040
1520.0000     -733442.045154
1524.0000     -733267.196071
1528.0000     -733305.607539
1532.0000     -733132.728964
1536.0000     -733370.598039
1540.0000     -733755.136601
1544.0000     -733140.278260
1548.0000     -733243.815445
1552.0000     -732981.021102
1556.0000     -732793.110522
1560.0000     -733430.694525
1564.0000     -732898.446276
1568.0000     -732996.882938
1572.0000     -733499.214949
1576.0000     -733261.157427
1580.0000     -733518.771359
1584.0000     -732642.077078
1588.0000     -733702.195638
1592.0000     -733976.898488
1596.0000     -733512.476340
1600.0000     -733151.090774
1604.0000     -734141.182395
1608.0000     -733175.829349
1612.0000     -733554.164192
1616.0000     -734056.367217
1620.0000     -733628.634656
1624.0000     -733266.489015
1628.0000     -733231.205255
1632.0000     -733044.496953
1636.0000     -733558.938644
1640.0000     -733809.718931
1644.0000     -733547.168169
1648.0000     -732958.405113
1652.0000     -733333.845201
1656.0000     -733250.127869
1660.0000     -733360.717547
1664.0000     -733368.936907
1668.0000     -733514.008504
1672.0000     -733878.518663
1676.0000     -733973.510109
1680.0000     -734171.055747
1684.0000     -733957.139933
1688.0000     -734227.298896
1692.0000     -733238.401258
1696.0000     -733161.032740
1700.0000     -733329.202594
1704.0000     -733714.668942
1708.0000     -732507.492342
1712.0000     -733638.625460
1716.0000     -732878.780049
1720.0000     -733100.774286
1724.0000     -733517.305501
1728.0000     -733520.464045
1732.0000     -732999.017779
1736.0000     -732239.271069
1740.0000     -733684.620839
1744.0000     -733476.384088
1748.0000     -733139.040058
1752.0000     -733048.560622
1756.0000     -732836.156826
1760.0000     -734062.385793
1764.0000     -733742.264455
1768.0000     -733658.271735
1772.0000     -733001.700383
1776.0000     -734096.708741
1780.0000     -732955.327361
1784.0000     -732764.616258
1788.0000     -733354.163245
1792.0000     -733502.322433
1796.0000     -733595.016370
1800.0000     -732717.989592
1804.0000     -733311.986085
1808.0000     -733995.799575
1812.0000     -732998.403696
1816.0000     -734008.146288
1820.0000     -733205.904458
1824.0000     -732819.754197
1828.0000     -733297.775281
1832.0000     -733360.015562
1836.0000     -733963.536012
1840.0000     -732640.660827
1844.0000     -733550.735641
1848.0000     -733454.479379
1852.0000     -733569.092673
1856.0000     -733271.078244
1860.0000     -734162.855595
1864.0000     -733261.568409
1868.0000     -733916.917101
1872.0000     -733419.526595
1876.0000     -732804.064646
1880.0000     -733939.721032
1884.0000     -733496.477137
1888.0000     -733661.036090
1892.0000     -732262.818438
1896.0000     -733490.028029
1900.0000     -732272.859277
1904.0000     -733569.155397
1908.0000     -732732.752325
1912.0000     -733165.871541
1916.0000     -733659.055494
1920.0000     -733403.294400
1924.0000     -732793.738759
1928.0000     -733470.113547
1932.0000     -733324.190775
1936.0000     -733503.744984
1940.0000     -733085.317545
1944.0000     -733063.739127
1948.0000     -733946.310127
1952.0000     -733241.719747
1956.0000     -732688.664229
1960.0000     -733946.634710
1964.0000     -733821.100002
1968.0000     -734033.808320
1972.0000     -734102.417446
1976.0000     -733046.193675
1980.0000     -732807.591768
1984.0000     -733230.753452
1988.0000     -733903.479702
1992.0000     -733835.813711
1996.0000     -732831.368903
2000.0000     -732866.862663
2004.0000     -733498.481988
2008.0000     -734057.246242
2012.0000     -733319.465523
2016.0000     -733596.818352
2020.0000     -733461.370651
2024.0000     -733717.563051
2028.0000     -732305.522021
2032.0000     -734213.045267
2036.0000     -733048.689808
2040.0000     -732847.535452
2044.0000     -733148.940650
2048.0000     -732936.278945
2052.0000     -733748.364212
2056.0000     -734150.649174
2060.0000     -733236.123278
2064.0000     -734058.474680
2068.0000     -734079.368196
2072.0000     -732616.181697
2076.0000     -732735.597115
2080.0000     -734147.294596
2084.0000     -733604.949680
2088.0000     -734232.172876
2092.0000     -733588.811566
2096.0000     -734647.942187
2100.0000     -732680.705243
2104.0000     -734416.167802
2108.0000     -733063.205138
2112.0000     -733956.576630
2116.0000     -733160.831044
2120.0000     -733866.787558
2124.0000     -732780.273640
2128.0000     -733470.125466
2132.0000     -733427.196694
2136.0000     -733172.394983
2140.0000     -734441.087866
2144.0000     -734592.900811
2148.0000     -733683.361534
2152.0000     -734062.198605
2156.0000     -733150.798623
2160.0000     -733402.719360
2164.0000     -733639.938213
2168.0000     -733789.577399
2172.0000     -733402.178074
2176.0000     -733446.360900
2180.0000     -733005.869357
2184.0000     -733508.547901
2188.0000     -733616.644887
2192.0000     -733475.142052
2196.0000     -733805.389225
2200.0000     -734204.867508
2204.0000     -733750.381614
2208.0000     -733038.973421
2212.0000     -732298.769885
2216.0000     -733713.549225
2220.0000     -734144.471144
2224.0000     -733155.020201
2228.0000     -733379.116204
2232.0000     -733786.227421
2236.0000     -732976.358163
2240.0000     -733385.100079
2244.0000     -733896.857756
2248.0000     -733300.159843
2252.0000     -734141.451484
2256.0000     -733496.411252
2260.0000     -733672.584922
2264.0000     -733820.835940
2268.0000     -733362.586625
2272.0000     -732760.609163
2276.0000     -733831.109752
2280.0000     -733652.401949
2284.0000     -733964.392925
2288.0000     -733546.174343
2292.0000     -733963.586135
2296.0000     -733262.275832
2300.0000     -733409.880700
2304.0000     -733869.861777
2308.0000     -733720.140374
2312.0000     -733266.736608
2316.0000     -733917.324700
2320.0000     -734071.637340
2324.0000     -733796.740100
2328.0000     -733894.937474
2332.0000     -732825.707650
2336.0000     -734390.673816
2340.0000     -733493.219237
2344.0000     -733065.568420
2348.0000     -733333.280867
2352.0000     -733265.200598
2356.0000     -733248.167716
2360.0000     -733832.094781
2364.0000     -733768.757265
2368.0000     -733700.058156
2372.0000     -732943.806826
2376.0000     -733219.827630
2380.0000     -733873.302386
2384.0000     -733789.802624
2388.0000     -733805.808906
2392.0000     -734365.060993
2396.0000     -733353.073934
2400.0000     -733199.119569
2404.0000     -732770.184232
2408.0000     -733417.833024
2412.0000     -734116.047804
2416.0000     -733728.480269
2420.0000     -732816.105342
2424.0000     -734101.261396
2428.0000     -733147.979586
2432.0000     -733402.048637
2436.0000     -733701.658385
2440.0000     -734283.768941
2444.0000     -733667.941490
2448.0000     -733373.748920
2452.0000     -734548.869591
2456.0000     -734328.255782
2460.0000     -733404.159616
2464.0000     -734037.753646
2468.0000     -733513.257451
2472.0000     -733939.980975
2476.0000     -733387.773007
2480.0000     -733329.169077
2484.0000     -733323.838146
2488.0000     -733847.366494
2492.0000     -733771.502427
2496.0000     -733488.543957
2500.0000     -732618.500733
2504.0000     -733653.658605
2508.0000     -733297.747767
2512.0000     -733185.410064
2516.0000     -733942.304012
2520.0000     -734159.053920
2524.0000     -733247.376893
2528.0000     -732702.242844
2532.0000     -734231.205243
2536.0000     -733636.481406
2540.0000     -732775.812963
2544.0000     -733190.156108
2548.0000     -732551.396892
2552.0000     -732802.037217
2556.0000     -733089.584853
2560.0000     -733245.647789
2564.0000     -733610.784052
2568.0000     -732370.419299
2572.0000     -733389.896836
2576.0000     -732995.649259
2580.0000     -732732.846657
2584.0000     -733248.588805
2588.0000     -734465.269657
2592.0000     -733331.786666
2596.0000     -732875.790922
2600.0000     -732678.798737
2604.0000     -733493.700450
2608.0000     -733027.447450
2612.0000     -732472.357917
2616.0000     -733855.349245
2620.0000     -733676.599412
2624.0000     -733206.779704
2628.0000     -733442.431634
2632.0000     -733364.240148
2636.0000     -734174.294406
2640.0000     -733371.406492
2644.0000     -733687.795678
2648.0000     -733448.395414
2652.0000     -734146.431850
2656.0000     -733540.512125
2660.0000     -733461.200460
2664.0000     -733832.498304
2668.0000     -733725.055695
2672.0000     -734309.186264
2676.0000     -733897.047801
2680.0000     -733470.059252
2684.0000     -733090.815829
2688.0000     -733826.406689
2692.0000     -733400.429520
2696.0000     -733082.232131
2700.0000     -733627.258720
2704.0000     -734177.307820
2708.0000     -733156.597699
2712.0000     -733635.366382
2716.0000     -732717.382623
2720.0000     -733486.219503
2724.0000     -732958.829397
2728.0000     -733515.433331
2732.0000     -733794.254105
2736.0000     -733710.326106
2740.0000     -733895.615124
2744.0000     -733443.367540
2748.0000     -732985.708890
2752.0000     -732555.805970
2756.0000     -733884.066962
2760.0000     -734370.527805
2764.0000     -733995.095137
2768.0000     -734080.845320
2772.0000     -733513.201752
2776.0000     -734394.329473
2780.0000     -733938.061543
2784.0000     -734966.185788
2788.0000     -733837.274117
2792.0000     -733667.835710
2796.0000     -733129.470965
2800.0000     -733711.122095
2804.0000     -733739.116591
2808.0000     -733314.240075
2812.0000     -733551.810821
2816.0000     -732834.644675
2820.0000     -732875.729382
2824.0000     -733225.994217
2828.0000     -733557.165524
2832.0000     -733440.602683
2836.0000     -733055.831582
2840.0000     -733636.470645
2844.0000     -732534.028276
2848.0000     -733207.748974
2852.0000     -733240.603309
2856.0000     -734045.245916
2860.0000     -733710.681669
2864.0000     -733087.407074
2868.0000     -733691.356982
2872.0000     -733477.504213
2876.0000     -733878.994612
2880.0000     -734969.919670
2884.0000     -733265.003071
2888.0000     -733933.208080
2892.0000     -733586.864250
2896.0000     -733855.265660
2900.0000     -733125.183126
2904.0000     -734591.636116
2908.0000     -734157.597986
2912.0000     -733363.853313
2916.0000     -734080.824926
2920.0000     -733069.846217
2924.0000     -733626.051863
2928.0000     -733987.219048
2932.0000     -734073.411703
2936.0000     -733487.595833
2940.0000     -733993.587217
2944.0000     -733623.189634
2948.0000     -733251.105487
2952.0000     -732794.536702
2956.0000     -733609.944889
2960.0000     -733804.762326
2964.0000     -734313.399423
2968.0000     -733218.186114
2972.0000     -733596.106062
2976.0000     -733866.383136
2980.0000     -734229.360122
2984.0000     -734305.136240
2988.0000     -733191.302293
2992.0000     -732885.406692
2996.0000     -734476.682476
3000.0000     -734612.983771
3004.0000     -733684.168300
3008.0000     -732728.425582
3012.0000     -732992.411694
3016.0000     -733263.036541
3020.0000     -733113.844292
3024.0000     -733673.480555
3028.0000     -733506.411492
3032.0000     -733569.565098
3036.0000     -733653.983657
3040.0000     -733278.135050
3044.0000     -733643.730855
3048.0000     -733594.571472
3052.0000     -734465.072699
3056.0000     -734214.172141
3060.0000     -733359.139775
3064.0000     -732583.491881
3068.0000     -733721.307812
3072.0000     -733536.547553
3076.0000     -733209.832676
3080.0000     -732481.353366
3084.0000     -733687.114280
3088.0000     -734010.138111
3092.0000     -733905.006486
3096.0000     -733073.443364
3100.0000     -733559.197235
3104.0000     -733724.394850
3108.0000     -733094.221014
3112.0000     -732178.778243
3116.0000     -732875.158553
3120.0000     -733782.861299
3124.0000     -733668.010401
3128.0000     -733763.339407
3132.0000     -734333.001494
3136.0000     -733226.990738
3140.0000     -733272.168791
3144.0000     -733900.209881
3148.0000     -733311.472917
3152.0000     -733870.769479
3156.0000     -732703.431519
3160.0000     -733574.559396
3164.0000     -733174.797477
3168.0000     -733069.403490
3172.0000     -733276.317430
3176.0000     -733436.271313
3180.0000     -734024.872073
3184.0000     -733972.775466
3188.0000     -732998.559545
3192.0000     -733571.149984
3196.0000     -733569.168683
3200.0000     -733684.171730
3204.0000     -733971.928576
3208.0000     -733042.730994
3212.0000     -733454.591307
3216.0000     -734289.819680
3220.0000     -732903.965325
3224.0000     -733535.708522
3228.0000     -733652.320740
3232.0000     -734769.359076
3236.0000     -733414.168367
3240.0000     -734386.179483
3244.0000     -733985.535352
3248.0000     -733642.912358
3252.0000     -733928.530785
3256.0000     -733305.327822
3260.0000     -733106.526749
3264.0000     -732812.536147
3268.0000     -733333.988797
3272.0000     -734207.721212
3276.0000     -733643.235724
3280.0000     -733054.897574
3284.0000     -733606.971851
3288.0000     -732516.259947
3292.0000     -732555.281708
3296.0000     -733613.682405
3300.0000     -733181.189522
3304.0000     -732989.817648
3308.0000     -733644.428959
3312.0000     -733778.331221
3316.0000     -733624.559750
3320.0000     -733391.830697
3324.0000     -733085.514181
3328.0000     -734422.295516
3332.0000     -733445.176909
3336.0000     -733665.800136
3340.0000     -734084.931153
3344.0000     -733281.886332
3348.0000     -733989.794780
3352.0000     -734720.278534
3356.0000     -734005.670954
3360.0000     -733317.004629
3364.0000     -733368.578283
3368.0000     -734441.220812
3372.0000     -733086.408526
3376.0000     -732800.958372
3380.0000     -733562.825197
3384.0000     -733589.604945
3388.0000     -733312.363506
3392.0000     -733712.920341
3396.0000     -733527.636622
3400.0000     -733337.760858
3404.0000     -733476.181673
3408.0000     -733239.275918
3412.0000     -733471.751540
3416.0000     -733975.743075
3420.0000     -733026.256734
3424.0000     -733340.392757
3428.0000     -733206.259498
3432.0000     -733780.216969
3436.0000     -733183.451307
3440.0000     -733589.326691
3444.0000     -733436.554938
3448.0000     -734040.629388
3452.0000     -734216.534323
3456.0000     -732804.938187
3460.0000     -733268.747949
3464.0000     -734205.458231
3468.0000     -733647.913595
3472.0000     -732867.921378
3476.0000     -734458.089903
3480.0000     -733730.907309
3484.0000     -733800.145517
3488.0000     -733523.706656
3492.0000     -733422.020324
3496.0000     -733651.989717
3500.0000     -733459.709666
3504.0000     -733790.651410
3508.0000     -734695.543037
3512.0000     -733234.007247
3516.0000     -733536.761801
3520.0000     -734100.016076
3524.0000     -733045.368381
3528.0000     -733812.729725
3532.0000     -733980.937085
3536.0000     -733211.098108
3540.0000     -733633.121499
3544.0000     -733177.933599
3548.0000     -733231.029778
3552.0000     -733847.882518
3556.0000     -733656.139160
3560.0000     -733203.907523
3564.0000     -733949.964531
3568.0000     -733767.148624
3572.0000     -734004.035795
3576.0000     -734006.328497
3580.0000     -733572.599423
3584.0000     -733087.869388
3588.0000     -734059.796401
3592.0000     -733437.593768
3596.0000     -733753.741780
3600.0000     -733145.992886
3604.0000     -733121.106992
3608.0000     -733738.341646
3612.0000     -733655.416643
3616.0000     -733758.093033
3620.0000     -733614.644635
3624.0000     -733047.311246
3628.0000     -733202.780725
3632.0000     -733446.539482
3636.0000     -733680.438441
3640.0000     -733821.181322
3644.0000     -733857.424451
3648.0000     -733734.930337
3652.0000     -734178.295136
3656.0000     -733348.411577
3660.0000     -733264.628749
3664.0000     -733963.927322
3668.0000     -732750.382749
3672.0000     -733184.957033
3676.0000     -734259.264446
3680.0000     -734164.231812
3684.0000     -733259.000300
3688.0000     -734604.802561
3692.0000     -733917.548146
3696.0000     -733543.083641
3700.0000     -733762.815687
3704.0000     -734597.209411
3708.0000     -733303.725860
3712.0000     -733852.940611
3716.0000     -733585.330686
3720.0000     -733454.433706
3724.0000     -732713.674974
3728.0000     -733279.595089
3732.0000     -733921.133057
3736.0000     -732875.941883
3740.0000     -733134.643812
3744.0000     -733840.611225
3748.0000     -733614.318421
3752.0000     -733805.317676
3756.0000     -734406.497604
3760.0000     -734239.410955
3764.0000     -733461.828133
3768.0000     -734422.747441
3772.0000     -733576.621512
3776.0000     -733214.876729
3780.0000     -733939.577014
3784.0000     -733512.428783
3788.0000     -733479.877534
3792.0000     -733707.889417
3796.0000     -733799.842266
3800.0000     -733124.638833
3804.0000     -734108.450218
3808.0000     -733637.135102
3812.0000     -733365.067949
3816.0000     -733312.499502
3820.0000     -732880.080651
3824.0000     -734009.247444
3828.0000     -734140.934266
3832.0000     -733721.959161
3836.0000     -733048.130947
3840.0000     -733858.444654
3844.0000     -733594.829867
3848.0000     -732912.773481
3852.0000     -734416.901048
3856.0000     -734065.581225
3860.0000     -733030.170844
3864.0000     -733537.165571
3868.0000     -734336.760085
3872.0000     -734724.472398
3876.0000     -733460.965304
3880.0000     -733130.808343
3884.0000     -732710.987036
3888.0000     -733410.453552
3892.0000     -733649.816848
3896.0000     -733619.904548
3900.0000     -733153.246433
3904.0000     -733676.050803
3908.0000     -734232.444209
3912.0000     -733942.409267
3916.0000     -733518.633841
3920.0000     -734447.100465
3924.0000     -734309.516451
3928.0000     -734417.841793
3932.0000     -733573.486444
3936.0000     -734521.090729
3940.0000     -733217.084264
3944.0000     -733610.183513
3948.0000     -733527.387385
3952.0000     -733702.016548
3956.0000     -733994.234063
3960.0000     -732820.361101
3964.0000     -733610.900306
3968.0000     -733993.957213
3972.0000     -733977.409421
3976.0000     -733454.929020
3980.0000     -733619.633349
3984.0000     -733359.852212
3988.0000     -734357.374665
3992.0000     -734585.395353
3996.0000     -733875.732088
4000.0000     -733584.203283
4004.0000     -733584.203283
