4.0000      -30923.987643
8.0000      -30914.896698
12.0000      -30891.856218
16.0000      -30897.362357
20.0000      -30963.629231
24.0000      -30938.976232
28.0000      -30900.271962
32.0000      -30792.122567
36.0000      -30830.791145
40.0000      -30791.707180
44.0000      -30949.884516
48.0000      -30956.181688
52.0000      -30898.713246
56.0000      -30897.878965
60.0000      -30844.928961
64.0000      -30850.899703
68.0000      -30976.109248
72.0000      -30972.972613
76.0000      -30810.512902
80.0000      -30962.394954
84.0000      -30944.083335
88.0000      -30614.540154
92.0000      -30572.803709
96.0000      -30768.241240
100.0000      -30898.788584
104.0000      -30751.637141
108.0000      -30833.714541
112.0000      -30841.502687
116.0000      -30770.331577
120.0000      -30780.935399
124.0000      -30932.252738
128.0000      -30774.046047
132.0000      -30823.112530
136.0000      -30813.880053
140.0000      -30821.399907
144.0000      -30755.795664
148.0000      -30978.985260
152.0000      -30862.774116
156.0000      -30800.789320
160.0000      -30981.043442
164.0000      -30917.178998
168.0000      -30750.179289
172.0000      -30808.864716
176.0000      -30807.059627
180.0000      -30935.518766
184.0000      -30860.157161
188.0000      -31043.085544
192.0000      -30807.930353
196.0000      -30916.145316
200.0000      -30833.605954
204.0000      -30680.306701
208.0000      -30882.837095
212.0000      -30844.490844
216.0000      -30993.886032
220.0000      -30876.938332
224.0000      -30829.886237
228.0000      -30826.166776
232.0000      -30922.017923
236.0000      -30824.261869
240.0000      -30880.714710
244.0000      -30869.070693
248.0000      -30761.027594
252.0000      -30903.816874
256.0000      -30878.351559
260.0000      -30668.417948
264.0000      -30989.398523
268.0000      -30960.761215
272.0000      -31005.119740
276.0000      -30901.783088
280.0000      -30835.096371
284.0000      -30827.343339
288.0000      -30904.937696
292.0000      -30839.253322
296.0000      -30823.140609
300.0000      -30937.801620
304.0000      -30865.452965
308.0000      -30803.924421
312.0000      -30905.869770
316.0000      -31007.997397
320.0000      -31020.627793
324.0000      -30853.099245
328.0000      -30897.716165
332.0000      -31041.533495
336.0000      -30934.031286
340.0000      -30798.474314
344.0000      -30919.901484
348.0000      -30981.319271
352.0000      -31036.709352
356.0000      -30892.193701
360.0000      -30892.752117
364.0000      -31114.809280
368.0000      -30877.989015
372.0000      -31062.914228
376.0000      -30805.173322
380.0000      -30873.301955
384.0000      -30932.800542
388.0000      -30839.442508
392.0000      -30624.470350
396.0000      -30708.563378
400.0000      -30766.969494
404.0000      -30761.425370
408.0000      -30799.937249
412.0000      -30872.774065
416.0000      -31008.798067
420.0000      -30834.827576
424.0000      -30864.852909
428.0000      -30870.410529
432.0000      -30723.843467
436.0000      -30970.118699
440.0000      -30813.901958
444.0000      -30728.007936
448.0000      -30875.739068
452.0000      -30757.440122
456.0000      -31030.867952
460.0000      -30951.745721
464.0000      -30759.979793
468.0000      -30806.566640
472.0000      -30939.854505
476.0000      -30846.789342
480.0000      -30976.777231
484.0000      -30886.271027
488.0000      -30957.895059
492.0000      -30825.568153
496.0000      -30926.585056
500.0000      -30957.673985
504.0000      -30869.051692
508.0000      -30894.857816
512.0000      -30926.944850
516.0000      -30937.750005
520.0000      -30867.098246
524.0000      -30880.228712
528.0000      -30978.485268
532.0000      -30863.080139
536.0000      -30918.511292
540.0000      -30989.758606
544.0000      -30752.521544
548.0000      -30854.479143
552.0000      -30821.692454
556.0000      -30993.219844
560.0000      -30929.072609
564.0000      -31082.481885
568.0000      -30996.394458
572.0000      -30803.815468
576.0000      -30898.457147
580.0000      -30826.243928
584.0000      -30818.713489
588.0000      -30951.255107
592.0000      -30887.720393
596.0000      -30640.171752
600.0000      -30850.265105
604.0000      -31015.229344
608.0000      -30888.187786
612.0000      -30947.955182
616.0000      -30857.729477
620.0000      -30786.602958
624.0000      -31014.897436
628.0000      -30899.859841
632.0000      -30755.070816
636.0000      -30798.411641
640.0000      -30925.565471
644.0000      -31015.885629
648.0000      -30857.562690
652.0000      -30770.060303
656.0000      -30947.754611
660.0000      -30864.530237
664.0000      -30953.701025
668.0000      -30967.592455
672.0000      -30791.855800
676.0000      -30851.798292
680.0000      -30809.116787
684.0000      -30852.013828
688.0000      -30951.865505
692.0000      -30867.973639
696.0000      -30945.839052
700.0000      -30889.034405
704.0000      -30792.001763
708.0000      -30824.634726
712.0000      -30866.705877
716.0000      -30802.511654
720.0000      -30799.169508
724.0000      -30799.933577
728.0000      -30839.029892
732.0000      -30736.315095
736.0000      -30896.258524
740.0000      -30847.575274
744.0000      -30868.111572
748.0000      -30835.750484
752.0000      -30856.300357
756.0000      -30928.193657
760.0000      -30975.776554
764.0000      -30909.973214
768.0000      -31060.255966
772.0000      -30947.139968
776.0000      -30875.384014
780.0000      -30822.207842
784.0000      -30771.154951
788.0000      -30882.111969
792.0000      -30837.230160
796.0000      -30727.125831
800.0000      -30924.398254
804.0000      -30965.685441
808.0000      -30966.711251
812.0000      -31174.599531
816.0000      -30921.985630
820.0000      -30843.973689
824.0000      -30900.139425
828.0000      -30931.249411
832.0000      -30961.828454
836.0000      -30783.365491
840.0000      -30929.285837
844.0000      -30808.016180
848.0000      -30841.687579
852.0000      -30904.272959
856.0000      -30976.707666
860.0000      -30730.956282
864.0000      -30959.072834
868.0000      -30986.518314
872.0000      -30855.413468
876.0000      -30943.947218
880.0000      -30845.849235
884.0000      -30725.302965
888.0000      -31012.623516
892.0000      -30796.755833
896.0000      -30791.389424
900.0000      -30897.261638
904.0000      -30967.028629
908.0000      -30957.358697
912.0000      -30833.847692
916.0000      -30872.681898
920.0000      -30930.428447
924.0000      -30805.074674
928.0000      -30855.623059
932.0000      -30732.632755
936.0000      -30710.726151
940.0000      -30943.431874
944.0000      -30658.554166
948.0000      -30951.772659
952.0000      -30704.455621
956.0000      -30934.693787
960.0000      -30877.603307
964.0000      -30891.001516
968.0000      -30816.500675
972.0000      -30962.294305
976.0000      -30698.744129
980.0000      -30837.786516
984.0000      -30855.833158
988.0000      -30990.048358
992.0000      -30952.885459
996.0000      -30833.561427
1000.0000      -30914.649229
1004.0000      -30840.010022
1008.0000      -30966.998494
1012.0000      -30899.616758
1016.0000      -30847.810475
1020.0000      -30829.551925
1024.0000      -30865.328776
1028.0000      -30823.516945
1032.0000      -30884.049166
1036.0000      -30904.945759
1040.0000      -30705.235618
1044.0000      -30813.858894
1048.0000      -30745.550792
1052.0000      -30890.317929
1056.0000      -30850.589695
1060.0000      -30962.384300
1064.0000      -30963.160239
1068.0000      -30830.059044
1072.0000      -31033.828232
1076.0000      -30943.376559
1080.0000      -31044.408481
1084.0000      -30785.029320
1088.0000      -30926.935039
1092.0000      -30874.369181
1096.0000      -30925.004950
1100.0000      -31013.199961
1104.0000      -30900.589115
1108.0000      -30901.499525
1112.0000      -30931.132721
1116.0000      -30914.331282
1120.0000      -30798.472545
1124.0000      -30831.490403
1128.0000      -31011.709877
1132.0000      -30751.762426
1136.0000      -30921.121907
1140.0000      -30713.947250
1144.0000      -30904.356707
1148.0000      -30990.758173
1152.0000      -30843.756622
1156.0000      -30772.775102
1160.0000      -30781.743031
1164.0000      -30763.737916
1168.0000      -31044.364379
1172.0000      -31015.707831
1176.0000      -30874.727893
1180.0000      -30834.123374
1184.0000      -30917.819314
1188.0000      -30847.105802
1192.0000      -30744.363311
1196.0000      -31032.237644
1200.0000      -30745.867782
1204.0000      -30853.370459
1208.0000      -30834.647059
1212.0000      -30886.356887
1216.0000      -30898.508209
1220.0000      -30915.772413
1224.0000      -30836.633018
1228.0000      -30760.707320
1232.0000      -30794.560003
1236.0000      -30703.850645
1240.0000      -30837.786066
1244.0000      -30737.653546
1248.0000      -31004.377786
1252.0000      -30958.950174
1256.0000      -30942.037273
1260.0000      -30720.556805
1264.0000      -30827.058654
1268.0000      -30827.583196
1272.0000      -30935.157987
1276.0000      -30863.460556
1280.0000      -30869.235121
1284.0000      -30907.282399
1288.0000      -30749.965357
1292.0000      -30839.261724
1296.0000      -30876.151006
1300.0000      -30927.420855
1304.0000      -30756.805157
1308.0000      -30799.823295
1312.0000      -30860.306073
1316.0000      -30791.041223
1320.0000      -30807.904623
1324.0000      -30873.220045
1328.0000      -30735.510633
1332.0000      -30816.164522
1336.0000      -30840.784659
1340.0000      -30951.330122
1344.0000      -30854.335593
1348.0000      -30787.221570
1352.0000      -30967.513078
1356.0000      -30971.798855
1360.0000      -30999.953375
1364.0000      -30764.171407
1368.0000      -30829.245587
1372.0000      -30924.043253
1376.0000      -30945.255534
1380.0000      -30796.805623
1384.0000      -31082.552412
1388.0000      -30998.225316
1392.0000      -31034.367943
1396.0000      -30783.762011
1400.0000      -31018.420283
1404.0000      -30875.109943
1408.0000      -30864.089715
1412.0000      -31037.931415
1416.0000      -31033.626241
1420.0000      -30906.937939
1424.0000      -30926.264634
1428.0000      -30935.060120
1432.0000      -30886.835247
1436.0000      -30781.352190
1440.0000      -30832.678646
1444.0000      -30956.086315
1448.0000      -30778.882459
1452.0000      -30709.958838
1456.0000      -30885.666782
1460.0000      -30825.503816
1464.0000      -30778.979846
1468.0000      -30977.323182
1472.0000      -30859.914358
1476.0000      -30883.147941
1480.0000      -30789.352509
1484.0000      -30932.655092
1488.0000      -30924.539066
1492.0000      -31002.190672
1496.0000      -30706.502261
1500.0000      -30834.086149
1504.0000      -30808.673605
1508.0000      -31074.566825
1512.0000      -30791.566338
1516.0000      -30889.277563
1520.0000      -30709.327570
1524.0000      -30837.124226
1528.0000      -30969.401858
1532.0000      -30840.828045
1536.0000      -30918.694252
1540.0000      -30849.862745
1544.0000      -30810.290295
1548.0000      -30839.644239
1552.0000      -30734.423271
1556.0000      -30898.292119
1560.0000      -30995.516981
1564.0000      -30860.735946
1568.0000      -30820.057470
1572.0000      -30991.295200
1576.0000      -30865.628782
1580.0000      -30905.797149
1584.0000      -30930.894730
1588.0000      -30902.634308
1592.0000      -30874.204911
1596.0000      -30793.736560
1600.0000      -30877.145143
1604.0000      -30949.685632
1608.0000      -31000.398785
1612.0000      -31053.225046
1616.0000      -30961.469691
1620.0000      -31112.711376
1624.0000      -30790.987675
1628.0000      -30874.683247
1632.0000      -30873.588753
1636.0000      -30882.918920
1640.0000      -30932.237548
1644.0000      -31001.371782
1648.0000      -30985.353700
1652.0000      -31140.207706
1656.0000      -30837.713493
1660.0000      -30831.855482
1664.0000      -30802.220934
1668.0000      -30788.163184
1672.0000      -30784.107087
1676.0000      -30722.739239
1680.0000      -30695.565941
1684.0000      -30852.772105
1688.0000      -31045.839320
1692.0000      -30947.928404
1696.0000      -30801.521917
1700.0000      -30972.202766
1704.0000      -30883.555726
1708.0000      -30891.978422
1712.0000      -31068.339032
1716.0000      -30952.724633
1720.0000      -30999.049657
1724.0000      -30860.696573
1728.0000      -30716.442779
1732.0000      -30834.229002
1736.0000      -30868.513207
1740.0000      -30958.853672
1744.0000      -30904.086925
1748.0000      -30924.145299
1752.0000      -30751.268205
1756.0000      -30916.553354
1760.0000      -30935.798751
1764.0000      -30809.614302
1768.0000      -30926.800389
1772.0000      -31026.707476
1776.0000      -30709.912556
1780.0000      -30825.282365
1784.0000      -30884.375867
1788.0000      -30783.873656
1792.0000      -30941.320920
1796.0000      -30855.365862
1800.0000      -30836.464849
1804.0000      -30918.416661
1808.0000      -30883.295910
1812.0000      -30942.365201
1816.0000      -31080.943633
1820.0000      -30765.172907
1824.0000      -30950.518896
1828.0000      -30811.137203
1832.0000      -30943.182202
1836.0000      -30994.961097
1840.0000      -30937.560410
1844.0000      -30676.197321
1848.0000      -30803.520894
1852.0000      -30854.094286
1856.0000      -31010.885700
1860.0000      -30737.736370
1864.0000      -30914.150194
1868.0000      -30890.426530
1872.0000      -30930.368326
1876.0000      -30920.842116
1880.0000      -30804.713108
1884.0000      -31013.708354
1888.0000      -30878.942920
1892.0000      -30922.736645
1896.0000      -30702.519032
1900.0000      -30884.005831
1904.0000      -30909.658215
1908.0000      -30768.929727
1912.0000      -30880.221641
1916.0000      -30972.314418
1920.0000      -30953.861204
1924.0000      -31106.062783
1928.0000      -30901.705131
1932.0000      -30834.844239
1936.0000      -30659.779388
1940.0000      -30821.775923
1944.0000      -30912.443864
1948.0000      -30968.988356
1952.0000      -30913.056138
1956.0000      -30936.599966
1960.0000      -30813.610633
1964.0000      -30944.671336
1968.0000      -30879.272621
1972.0000      -30959.149325
1976.0000      -30817.932752
1980.0000      -30999.481299
1984.0000      -31045.206090
1988.0000      -30943.933893
1992.0000      -30966.426956
1996.0000      -30744.764767
2000.0000      -30852.452552
2004.0000      -30912.347490
2008.0000      -30943.690134
2012.0000      -30793.822535
2016.0000      -30726.246961
2020.0000      -30904.069447
2024.0000      -30826.839029
2028.0000      -30959.915472
2032.0000      -30852.062219
2036.0000      -30893.755281
2040.0000      -30856.897178
2044.0000      -30826.601289
2048.0000      -30910.792270
2052.0000      -30897.548336
2056.0000      -30950.064971
2060.0000      -30932.270372
2064.0000      -30797.122016
2068.0000      -30784.685793
2072.0000      -30898.381535
2076.0000      -30778.444777
2080.0000      -31021.661489
2084.0000      -30982.531524
2088.0000      -30957.443124
2092.0000      -30835.888420
2096.0000      -30852.361151
2100.0000      -30662.200813
2104.0000      -30862.764316
2108.0000      -30776.559794
2112.0000      -30841.299630
2116.0000      -30919.489774
2120.0000      -30841.438906
2124.0000      -30650.324621
2128.0000      -30868.410454
2132.0000      -30950.472364
2136.0000      -30859.214127
2140.0000      -30923.340614
2144.0000      -30873.273187
2148.0000      -30964.391220
2152.0000      -30860.325025
2156.0000      -30798.782941
2160.0000      -30887.109662
2164.0000      -30814.741376
2168.0000      -30845.058205
2172.0000      -30947.571318
2176.0000      -30974.318771
2180.0000      -31048.617804
2184.0000      -30840.061605
2188.0000      -30765.954608
2192.0000      -30793.906290
2196.0000      -30829.067983
2200.0000      -30854.868001
2204.0000      -30853.696197
2208.0000      -30939.750995
2212.0000      -30758.684399
2216.0000      -30874.308889
2220.0000      -30826.028165
2224.0000      -30897.457437
2228.0000      -30843.799325
2232.0000      -31008.440204
2236.0000      -30946.812259
2240.0000      -30862.122365
2244.0000      -30848.783560
2248.0000      -30784.561614
2252.0000      -31061.615451
2256.0000      -30946.758824
2260.0000      -30878.778731
2264.0000      -31037.284523
2268.0000      -30917.556555
2272.0000      -31055.944773
2276.0000      -30609.459780
2280.0000      -31072.237535
2284.0000      -30928.524225
2288.0000      -30840.834393
2292.0000      -30820.506932
2296.0000      -30905.924487
2300.0000      -30873.045931
2304.0000      -30919.887052
2308.0000      -30985.838729
2312.0000      -30998.034765
2316.0000      -30903.672829
2320.0000      -30823.590999
2324.0000      -30802.502079
2328.0000      -30958.178079
2332.0000      -30865.811276
2336.0000      -30818.149074
2340.0000      -30730.095930
2344.0000      -30838.074799
2348.0000      -30910.266797
2352.0000      -30959.705970
2356.0000      -31014.547687
2360.0000      -30858.893640
2364.0000      -30903.761054
2368.0000      -30822.566131
2372.0000      -30979.539896
2376.0000      -30891.926261
2380.0000      -30780.723603
2384.0000      -30762.370232
2388.0000      -30683.211642
2392.0000      -30880.585583
2396.0000      -30778.123908
2400.0000      -30914.848452
2404.0000      -30755.529774
2408.0000      -31006.556449
2412.0000      -30963.640158
2416.0000      -30994.092576
2420.0000      -30955.896316
2424.0000      -31055.583156
2428.0000      -30991.751097
2432.0000      -30826.260767
2436.0000      -30955.476617
2440.0000      -30896.280608
2444.0000      -30891.882107
2448.0000      -30834.053192
2452.0000      -30771.000988
2456.0000      -30896.530837
2460.0000      -30802.270074
2464.0000      -30894.296237
2468.0000      -30905.954982
2472.0000      -31058.166734
2476.0000      -30849.310285
2480.0000      -30938.363349
2484.0000      -30842.030936
2488.0000      -30986.889699
2492.0000      -30970.757890
2496.0000      -31019.220263
2500.0000      -30859.937374
2504.0000      -30967.689711
2508.0000      -30814.170284
2512.0000      -30810.737031
2516.0000      -30890.154657
2520.0000      -30894.575412
2524.0000      -30774.696780
2528.0000      -30851.840694
2532.0000      -30897.681721
2536.0000      -30962.136706
2540.0000      -30898.268899
2544.0000      -30967.878453
2548.0000      -30834.111437
2552.0000      -30830.761351
2556.0000      -30990.083864
2560.0000      -30803.367952
2564.0000      -30950.063684
2568.0000      -30876.938601
2572.0000      -30980.230861
2576.0000      -30847.222435
2580.0000      -30858.592766
2584.0000      -30736.202511
2588.0000      -30833.805406
2592.0000      -30833.697125
2596.0000      -30830.373473
2600.0000      -30940.173321
2604.0000      -30889.026624
2608.0000      -30944.691607
2612.0000      -30928.783021
2616.0000      -30769.000201
2620.0000      -30885.785466
2624.0000      -30893.899002
2628.0000      -30875.855691
2632.0000      -30857.094300
2636.0000      -30836.998314
2640.0000      -30817.335519
2644.0000      -30720.176817
2648.0000      -30731.587523
2652.0000      -30943.637389
2656.0000      -30967.804871
2660.0000      -30806.937527
2664.0000      -30759.119576
2668.0000      -30703.962736
2672.0000      -30957.825619
2676.0000      -30798.520050
2680.0000      -30775.745998
2684.0000      -30974.229723
2688.0000      -30963.526695
2692.0000      -30931.098176
2696.0000      -30901.437283
2700.0000      -30740.970643
2704.0000      -30869.542351
2708.0000      -30920.336026
2712.0000      -30751.712210
2716.0000      -30838.280141
2720.0000      -30905.183310
2724.0000      -30801.480045
2728.0000      -30899.091375
2732.0000      -30736.287789
2736.0000      -30746.088596
2740.0000      -30937.577895
2744.0000      -30888.477782
2748.0000      -30969.824148
2752.0000      -30845.794350
2756.0000      -30875.789067
2760.0000      -30943.325002
2764.0000      -30819.613191
2768.0000      -30766.376570
2772.0000      -31001.482663
2776.0000      -30671.074496
2780.0000      -30740.982991
2784.0000      -30823.058706
2788.0000      -30920.533232
2792.0000      -30878.372353
2796.0000      -30971.277439
2800.0000      -30910.019574
2804.0000      -31094.157034
2808.0000      -31072.572940
2812.0000      -31022.858979
2816.0000      -31101.886853
2820.0000      -30943.753183
2824.0000      -30910.616983
2828.0000      -30859.860329
2832.0000      -30920.724672
2836.0000      -30897.403849
2840.0000      -30889.017473
2844.0000      -30710.653899
2848.0000      -30711.934060
2852.0000      -30821.783959
2856.0000      -30755.065188
2860.0000      -30860.169379
2864.0000      -30867.904786
2868.0000      -31039.289963
2872.0000      -31030.776150
2876.0000      -30865.223700
2880.0000      -30808.121843
2884.0000      -30908.074568
2888.0000      -30913.656301
2892.0000      -30875.324610
2896.0000      -30892.125026
2900.0000      -30712.508716
2904.0000      -30823.401005
2908.0000      -30993.443839
2912.0000      -30942.516563
2916.0000      -30830.967565
2920.0000      -30887.273935
2924.0000      -30902.375976
2928.0000      -30758.184325
2932.0000      -30880.988740
2936.0000      -30839.721786
2940.0000      -30856.896181
2944.0000      -30903.526620
2948.0000      -30801.736785
2952.0000      -30844.242532
2956.0000      -30885.102962
2960.0000      -30801.947630
2964.0000      -30896.862338
2968.0000      -30974.002380
2972.0000      -30943.895293
2976.0000      -30832.637844
2980.0000      -30798.291517
2984.0000      -30805.853451
2988.0000      -30898.885648
2992.0000      -30947.720487
2996.0000      -30899.186691
3000.0000      -30987.555741
3004.0000      -30954.085409
3008.0000      -30939.926563
3012.0000      -30896.775806
3016.0000      -30837.661917
3020.0000      -30903.695931
3024.0000      -30915.965680
3028.0000      -30918.558021
3032.0000      -30946.002725
3036.0000      -30909.000805
3040.0000      -30891.751217
3044.0000      -30824.032556
3048.0000      -31017.901057
3052.0000      -30920.867202
3056.0000      -30954.097170
3060.0000      -30993.750236
3064.0000      -30859.177062
3068.0000      -30940.753239
3072.0000      -30994.658554
3076.0000      -30924.089887
3080.0000      -31073.808157
3084.0000      -31007.460712
3088.0000      -30925.491788
3092.0000      -30768.336992
3096.0000      -30928.900749
3100.0000      -30958.172922
3104.0000      -30914.919536
3108.0000      -30674.084876
3112.0000      -30831.849228
3116.0000      -30720.439649
3120.0000      -30952.816362
3124.0000      -30895.618427
3128.0000      -30842.748760
3132.0000      -30829.711664
3136.0000      -30880.882941
3140.0000      -30774.841677
3144.0000      -30757.426966
3148.0000      -30927.330279
3152.0000      -30926.514153
3156.0000      -31011.037055
3160.0000      -30990.252249
3164.0000      -30861.273681
3168.0000      -30927.645101
3172.0000      -30932.726918
3176.0000      -30945.266641
3180.0000      -30895.498989
3184.0000      -30852.996068
3188.0000      -30919.739283
3192.0000      -30768.335828
3196.0000      -30903.507001
3200.0000      -31070.863335
3204.0000      -31006.076532
3208.0000      -31033.387654
3212.0000      -30769.324751
3216.0000      -30930.774535
3220.0000      -30848.755383
3224.0000      -30923.286169
3228.0000      -30941.918971
3232.0000      -31071.597496
3236.0000      -30733.572481
3240.0000      -30828.623309
3244.0000      -30881.309338
3248.0000      -30730.000681
3252.0000      -30860.831945
3256.0000      -30804.321094
3260.0000      -30806.256136
3264.0000      -30803.857952
3268.0000      -31056.050924
3272.0000      -30798.984154
3276.0000      -30845.042017
3280.0000      -30816.385224
3284.0000      -30845.641802
3288.0000      -30825.945130
3292.0000      -30907.237876
3296.0000      -30994.358421
3300.0000      -30957.446647
3304.0000      -30846.944116
3308.0000      -30854.096860
3312.0000      -30915.913651
3316.0000      -30893.055649
3320.0000      -30963.228089
3324.0000      -30811.468486
3328.0000      -31047.427678
3332.0000      -30770.495291
3336.0000      -31018.961205
3340.0000      -30951.562123
3344.0000      -30891.112531
3348.0000      -30908.258020
3352.0000      -30839.618648
3356.0000      -30944.991401
3360.0000      -31046.187494
3364.0000      -30995.948858
3368.0000      -31063.968268
3372.0000      -31000.447714
3376.0000      -30988.743869
3380.0000      -30858.561014
3384.0000      -30898.754838
3388.0000      -30925.779622
3392.0000      -30907.223039
3396.0000      -30871.214750
3400.0000      -30785.273999
3404.0000      -30753.696119
3408.0000      -30945.911225
3412.0000      -30829.435297
3416.0000      -30992.521879
3420.0000      -30887.506031
3424.0000      -30755.403649
3428.0000      -30822.446153
3432.0000      -30864.002445
3436.0000      -30800.322198
3440.0000      -30853.102085
3444.0000      -30887.027527
3448.0000      -30846.256262
3452.0000      -30824.499441
3456.0000      -30892.206019
3460.0000      -30805.588313
3464.0000      -30855.203212
3468.0000      -31008.046426
3472.0000      -30907.090007
3476.0000      -30871.879036
3480.0000      -30808.033484
3484.0000      -30852.322138
3488.0000      -30995.081074
3492.0000      -30888.223160
3496.0000      -30818.974553
3500.0000      -30994.472018
3504.0000      -30651.894602
3508.0000      -30844.727577
3512.0000      -30864.854388
3516.0000      -31056.310301
3520.0000      -30844.422262
3524.0000      -30871.422148
3528.0000      -30898.768526
3532.0000      -30876.942461
3536.0000      -30884.938910
3540.0000      -30819.888654
3544.0000      -30892.344386
3548.0000      -30737.908026
3552.0000      -30924.164379
3556.0000      -30861.894663
3560.0000      -30969.017122
3564.0000      -30731.065107
3568.0000      -30836.636197
3572.0000      -30783.446336
3576.0000      -30896.764722
3580.0000      -30806.173022
3584.0000      -30721.374868
3588.0000      -30901.567534
3592.0000      -30984.386655
3596.0000      -31018.434900
3600.0000      -30816.905833
3604.0000      -30887.365905
3608.0000      -30834.104539
3612.0000      -30762.438651
3616.0000      -30913.302042
3620.0000      -30963.462406
3624.0000      -30883.528947
3628.0000      -30817.955147
3632.0000      -30857.523870
3636.0000      -30860.094693
3640.0000      -30868.492238
3644.0000      -30701.240069
3648.0000      -31018.446472
3652.0000      -31143.244396
3656.0000      -30929.784336
3660.0000      -30830.505205
3664.0000      -30856.975405
3668.0000      -30894.705316
3672.0000      -30908.209323
3676.0000      -30766.505798
3680.0000      -30750.287179
3684.0000      -30923.391514
3688.0000      -30911.869018
3692.0000      -30818.147762
3696.0000      -30697.521226
3700.0000      -30806.520781
3704.0000      -30997.808473
3708.0000      -31063.590902
3712.0000      -30953.911456
3716.0000      -30906.265624
3720.0000      -30959.327118
3724.0000      -30714.860668
3728.0000      -30691.534426
3732.0000      -31051.117889
3736.0000      -30866.080395
3740.0000      -30780.075280
3744.0000      -30902.336485
3748.0000      -30940.379871
3752.0000      -30940.832736
3756.0000      -30860.083787
3760.0000      -30848.154488
3764.0000      -30871.203338
3768.0000      -30735.020852
3772.0000      -30814.542697
3776.0000      -30959.353011
3780.0000      -30996.396464
3784.0000      -30861.802801
3788.0000      -30895.633877
3792.0000      -30969.281504
3796.0000      -30890.215949
3800.0000      -30882.393835
3804.0000      -30849.573493
3808.0000      -30943.020573
3812.0000      -30931.137232
3816.0000      -30893.623418
3820.0000      -30920.566007
3824.0000      -30929.631741
3828.0000      -30967.116059
3832.0000      -30939.370861
3836.0000      -30890.365637
3840.0000      -30703.601049
3844.0000      -30945.186383
3848.0000      -30802.772820
3852.0000      -30736.705784
3856.0000      -30775.449498
3860.0000      -31060.999473
3864.0000      -30745.794201
3868.0000      -30630.479440
3872.0000      -30874.548933
3876.0000      -30701.373258
3880.0000      -30945.375905
3884.0000      -30841.729489
3888.0000      -30939.039454
3892.0000      -30917.591724
3896.0000      -30873.993949
3900.0000      -31030.633030
3904.0000      -30934.155616
3908.0000      -30962.750759
3912.0000      -30990.177591
3916.0000      -31039.504297
3920.0000      -31130.109051
3924.0000      -30898.220762
3928.0000      -30939.729898
3932.0000      -30726.035550
3936.0000      -30988.862269
3940.0000      -30765.706688
3944.0000      -30881.191646
3948.0000      -30821.181882
3952.0000      -30856.057035
3956.0000      -30818.086088
3960.0000      -30839.022285
3964.0000      -30754.540241
3968.0000      -30822.468491
3972.0000      -30773.700776
3976.0000      -31027.090587
3980.0000      -31025.834545
3984.0000      -31204.247021
3988.0000      -30897.250384
3992.0000      -30948.211812
3996.0000      -30857.329582
4000.0000      -30719.750017
4004.0000      -30719.750017
