4.0000      -30938.399193
8.0000      -30934.587940
12.0000      -30909.618666
16.0000      -30915.030051
20.0000      -30978.002015
24.0000      -30956.449396
28.0000      -30912.743948
32.0000      -30803.292650
36.0000      -30846.618225
40.0000      -30809.625979
44.0000      -30963.672135
48.0000      -30972.352290
52.0000      -30913.556509
56.0000      -30913.892032
60.0000      -30858.219643
64.0000      -30862.413834
68.0000      -30989.910705
72.0000      -30990.530715
76.0000      -30823.663905
80.0000      -30979.215639
84.0000      -30957.436281
88.0000      -30625.696575
92.0000      -30585.905801
96.0000      -30778.461160
100.0000      -30912.485813
104.0000      -30767.399980
108.0000      -30850.943034
112.0000      -30853.634363
116.0000      -30783.880298
120.0000      -30795.298518
124.0000      -30940.099115
128.0000      -30792.975418
132.0000      -30839.168631
136.0000      -30830.322747
140.0000      -30837.516939
144.0000      -30763.769408
148.0000      -30992.484854
152.0000      -30875.145210
156.0000      -30819.265571
160.0000      -30991.966542
164.0000      -30929.565477
168.0000      -30762.335952
172.0000      -30824.584384
176.0000      -30818.348145
180.0000      -30948.750094
184.0000      -30874.755171
188.0000      -31052.928643
192.0000      -30819.380014
196.0000      -30933.511351
200.0000      -30841.225282
204.0000      -30696.686115
208.0000      -30899.974865
212.0000      -30863.746765
216.0000      -31005.879202
220.0000      -30887.831355
224.0000      -30840.928590
228.0000      -30839.670127
232.0000      -30933.298227
236.0000      -30838.478158
240.0000      -30891.317653
244.0000      -30882.224224
248.0000      -30777.543159
252.0000      -30919.219477
256.0000      -30890.863329
260.0000      -30680.806026
264.0000      -31001.044750
268.0000      -30972.629826
272.0000      -31015.800628
276.0000      -30917.281411
280.0000      -30852.093782
284.0000      -30841.256215
288.0000      -30921.744518
292.0000      -30852.730195
296.0000      -30839.200774
300.0000      -30952.863085
304.0000      -30879.363421
308.0000      -30812.919280
312.0000      -30920.842103
316.0000      -31018.937141
320.0000      -31037.064416
324.0000      -30863.318357
328.0000      -30910.265549
332.0000      -31055.568528
336.0000      -30948.044475
340.0000      -30814.449870
344.0000      -30929.919631
348.0000      -30994.678654
352.0000      -31050.224070
356.0000      -30907.561260
360.0000      -30905.692180
364.0000      -31130.969616
368.0000      -30890.022713
372.0000      -31076.142114
376.0000      -30819.844275
380.0000      -30884.394854
384.0000      -30946.707587
388.0000      -30854.387282
392.0000      -30640.101400
396.0000      -30719.527917
400.0000      -30781.766297
404.0000      -30777.045118
408.0000      -30814.561899
412.0000      -30888.375623
416.0000      -31024.126760
420.0000      -30848.161070
424.0000      -30877.325388
428.0000      -30882.022006
432.0000      -30741.597912
436.0000      -30986.246110
440.0000      -30830.033026
444.0000      -30740.872195
448.0000      -30890.605013
452.0000      -30768.303070
456.0000      -31038.079995
460.0000      -30962.798949
464.0000      -30772.583141
468.0000      -30818.011868
472.0000      -30956.232813
476.0000      -30861.631225
480.0000      -30991.150398
484.0000      -30902.584343
488.0000      -30973.915449
492.0000      -30844.925375
496.0000      -30942.405350
500.0000      -30976.133761
504.0000      -30877.526754
508.0000      -30912.242620
512.0000      -30940.961019
516.0000      -30953.938130
520.0000      -30883.228818
524.0000      -30892.681810
528.0000      -30994.310374
532.0000      -30877.540242
536.0000      -30932.970719
540.0000      -31005.455425
544.0000      -30768.609394
548.0000      -30866.254895
552.0000      -30836.694137
556.0000      -31005.713939
560.0000      -30943.425513
564.0000      -31097.685350
568.0000      -31008.826287
572.0000      -30818.529480
576.0000      -30914.149320
580.0000      -30840.835149
584.0000      -30834.770606
588.0000      -30972.176979
592.0000      -30902.426391
596.0000      -30658.715441
600.0000      -30864.306137
604.0000      -31029.315452
608.0000      -30905.846845
612.0000      -30964.811233
616.0000      -30870.490773
620.0000      -30802.646189
624.0000      -31033.146061
628.0000      -30913.728854
632.0000      -30768.519961
636.0000      -30815.031177
640.0000      -30941.481068
644.0000      -31025.755991
648.0000      -30871.542807
652.0000      -30782.823607
656.0000      -30964.179607
660.0000      -30879.494087
664.0000      -30969.058943
668.0000      -30982.283458
672.0000      -30808.554679
676.0000      -30866.597701
680.0000      -30824.078900
684.0000      -30865.628275
688.0000      -30966.755907
692.0000      -30885.276482
696.0000      -30958.247932
700.0000      -30908.373114
704.0000      -30799.510175
708.0000      -30835.670131
712.0000      -30881.335196
716.0000      -30819.054615
720.0000      -30810.999712
724.0000      -30814.364431
728.0000      -30854.352532
732.0000      -30751.688995
736.0000      -30905.839137
740.0000      -30859.331778
744.0000      -30881.273501
748.0000      -30848.363264
752.0000      -30867.895752
756.0000      -30944.254284
760.0000      -30990.268807
764.0000      -30924.100499
768.0000      -31077.039084
772.0000      -30965.787960
776.0000      -30891.190332
780.0000      -30836.530649
784.0000      -30785.822261
788.0000      -30901.486872
792.0000      -30849.977297
796.0000      -30743.223503
800.0000      -30941.064960
804.0000      -30979.169028
808.0000      -30981.679490
812.0000      -31181.734217
816.0000      -30934.900916
820.0000      -30858.949000
824.0000      -30912.994081
828.0000      -30943.450157
832.0000      -30975.474560
836.0000      -30795.935750
840.0000      -30941.803047
844.0000      -30820.660388
848.0000      -30858.191131
852.0000      -30918.374805
856.0000      -30993.845987
860.0000      -30745.539572
864.0000      -30977.078110
868.0000      -31003.984909
872.0000      -30868.832426
876.0000      -30957.694744
880.0000      -30862.175074
884.0000      -30740.850785
888.0000      -31024.963990
892.0000      -30814.124491
896.0000      -30806.903254
900.0000      -30914.987563
904.0000      -30985.221827
908.0000      -30971.773630
912.0000      -30846.227790
916.0000      -30884.768030
920.0000      -30947.321511
924.0000      -30821.253412
928.0000      -30871.780485
932.0000      -30747.607851
936.0000      -30724.509014
940.0000      -30962.357428
944.0000      -30675.546296
948.0000      -30963.512727
952.0000      -30720.487603
956.0000      -30948.755760
960.0000      -30891.244698
964.0000      -30906.510249
968.0000      -30826.858121
972.0000      -30978.860394
976.0000      -30711.201905
980.0000      -30850.498494
984.0000      -30868.106694
988.0000      -31004.782442
992.0000      -30965.919331
996.0000      -30848.875616
1000.0000      -30927.713901
1004.0000      -30854.843635
1008.0000      -30980.632058
1012.0000      -30911.000678
1016.0000      -30866.017142
1020.0000      -30845.638536
1024.0000      -30880.307024
1028.0000      -30836.756188
1032.0000      -30898.827596
1036.0000      -30920.173233
1040.0000      -30721.133697
1044.0000      -30829.605094
1048.0000      -30761.831714
1052.0000      -30902.216017
1056.0000      -30859.707362
1060.0000      -30973.570937
1064.0000      -30978.575639
1068.0000      -30845.324997
1072.0000      -31047.808741
1076.0000      -30955.593953
1080.0000      -31061.487087
1084.0000      -30800.331501
1088.0000      -30939.748485
1092.0000      -30890.366670
1096.0000      -30938.057458
1100.0000      -31031.473293
1104.0000      -30915.654807
1108.0000      -30916.493374
1112.0000      -30943.281495
1116.0000      -30929.890008
1120.0000      -30813.863624
1124.0000      -30846.467646
1128.0000      -31019.644171
1132.0000      -30768.651738
1136.0000      -30933.811075
1140.0000      -30729.126811
1144.0000      -30921.758857
1148.0000      -31005.083145
1152.0000      -30859.221270
1156.0000      -30788.238599
1160.0000      -30800.819860
1164.0000      -30778.373517
1168.0000      -31057.188578
1172.0000      -31030.034077
1176.0000      -30894.811809
1180.0000      -30845.099967
1184.0000      -30931.764038
1188.0000      -30860.617442
1192.0000      -30760.710296
1196.0000      -31050.285745
1200.0000      -30760.047148
1204.0000      -30867.354925
1208.0000      -30848.024808
1212.0000      -30901.510460
1216.0000      -30911.096401
1220.0000      -30930.667780
1224.0000      -30851.535231
1228.0000      -30778.928243
1232.0000      -30807.109443
1236.0000      -30717.156030
1240.0000      -30850.554041
1244.0000      -30750.245790
1248.0000      -31023.139876
1252.0000      -30974.430955
1256.0000      -30957.401563
1260.0000      -30737.328759
1264.0000      -30841.296442
1268.0000      -30847.641128
1272.0000      -30949.689691
1276.0000      -30878.407668
1280.0000      -30885.631356
1284.0000      -30919.748553
1288.0000      -30764.095505
1292.0000      -30852.122269
1296.0000      -30887.553170
1300.0000      -30942.424651
1304.0000      -30773.016926
1308.0000      -30816.797830
1312.0000      -30872.775524
1316.0000      -30807.522231
1320.0000      -30822.392790
1324.0000      -30887.376086
1328.0000      -30753.691788
1332.0000      -30832.619529
1336.0000      -30857.214715
1340.0000      -30966.441793
1344.0000      -30867.715107
1348.0000      -30801.930460
1352.0000      -30983.805360
1356.0000      -30985.342316
1360.0000      -31012.055177
1364.0000      -30774.746732
1368.0000      -30843.110320
1372.0000      -30939.854504
1376.0000      -30958.201135
1380.0000      -30810.275094
1384.0000      -31096.100284
1388.0000      -31011.406190
1392.0000      -31047.747720
1396.0000      -30794.758697
1400.0000      -31031.780867
1404.0000      -30885.609451
1408.0000      -30881.195552
1412.0000      -31052.936278
1416.0000      -31044.610097
1420.0000      -30922.161534
1424.0000      -30940.651187
1428.0000      -30952.254911
1432.0000      -30900.734810
1436.0000      -30798.904041
1440.0000      -30846.904129
1444.0000      -30972.942014
1448.0000      -30792.582566
1452.0000      -30725.813571
1456.0000      -30898.886836
1460.0000      -30842.618743
1464.0000      -30790.802666
1468.0000      -30994.089034
1472.0000      -30874.712584
1476.0000      -30896.215540
1480.0000      -30802.979216
1484.0000      -30945.435342
1488.0000      -30944.658900
1492.0000      -31017.609528
1496.0000      -30720.024901
1500.0000      -30848.144350
1504.0000      -30822.414629
1508.0000      -31087.997719
1512.0000      -30804.239602
1516.0000      -30898.188641
1520.0000      -30724.084989
1524.0000      -30850.528049
1528.0000      -30984.266192
1532.0000      -30856.030243
1536.0000      -30934.881224
1540.0000      -30863.842878
1544.0000      -30825.321827
1548.0000      -30852.408769
1552.0000      -30748.713245
1556.0000      -30906.169504
1560.0000      -31007.289848
1564.0000      -30872.477607
1568.0000      -30835.699165
1572.0000      -31005.091536
1576.0000      -30875.567351
1580.0000      -30917.544244
1584.0000      -30947.116671
1588.0000      -30920.518742
1592.0000      -30890.893295
1596.0000      -30805.590306
1600.0000      -30894.003412
1604.0000      -30957.069824
1608.0000      -31013.946006
1612.0000      -31070.749427
1616.0000      -30974.418619
1620.0000      -31125.181254
1624.0000      -30805.509776
1628.0000      -30886.825637
1632.0000      -30887.478704
1636.0000      -30893.618036
1640.0000      -30946.857547
1644.0000      -31020.874598
1648.0000      -30999.175089
1652.0000      -31154.828594
1656.0000      -30852.944348
1660.0000      -30847.590792
1664.0000      -30818.388068
1668.0000      -30804.031190
1672.0000      -30792.266967
1676.0000      -30741.389580
1680.0000      -30710.309479
1684.0000      -30869.393516
1688.0000      -31063.854777
1692.0000      -30965.228853
1696.0000      -30816.928553
1700.0000      -30987.810455
1704.0000      -30899.270725
1708.0000      -30904.661377
1712.0000      -31083.721446
1716.0000      -30960.429444
1720.0000      -31013.593010
1724.0000      -30874.842932
1728.0000      -30732.589716
1732.0000      -30847.138544
1736.0000      -30882.940562
1740.0000      -30974.429332
1744.0000      -30916.176732
1748.0000      -30941.902838
1752.0000      -30767.812879
1756.0000      -30930.295540
1760.0000      -30951.771922
1764.0000      -30819.650009
1768.0000      -30942.289174
1772.0000      -31034.909498
1776.0000      -30724.414564
1780.0000      -30841.746393
1784.0000      -30897.639372
1788.0000      -30799.460964
1792.0000      -30956.937430
1796.0000      -30864.557436
1800.0000      -30850.005032
1804.0000      -30931.441450
1808.0000      -30899.391504
1812.0000      -30953.046539
1816.0000      -31094.062244
1820.0000      -30778.356336
1824.0000      -30965.264946
1828.0000      -30826.056776
1832.0000      -30956.455686
1836.0000      -31009.265312
1840.0000      -30951.467952
1844.0000      -30693.689967
1848.0000      -30822.908527
1852.0000      -30870.504495
1856.0000      -31024.208522
1860.0000      -30748.806261
1864.0000      -30930.116548
1868.0000      -30905.683740
1872.0000      -30944.953693
1876.0000      -30934.879643
1880.0000      -30820.714116
1884.0000      -31026.704438
1888.0000      -30892.559857
1892.0000      -30938.136682
1896.0000      -30717.118535
1900.0000      -30896.365434
1904.0000      -30922.556351
1908.0000      -30784.325799
1912.0000      -30896.562419
1916.0000      -30986.697395
1920.0000      -30967.471365
1924.0000      -31120.284749
1928.0000      -30917.078420
1932.0000      -30845.333125
1936.0000      -30672.650623
1940.0000      -30836.722428
1944.0000      -30928.516170
1948.0000      -30981.816900
1952.0000      -30926.895958
1956.0000      -30952.205539
1960.0000      -30828.511471
1964.0000      -30958.765336
1968.0000      -30892.817088
1972.0000      -30973.372986
1976.0000      -30831.510008
1980.0000      -31015.477150
1984.0000      -31062.169761
1988.0000      -30960.766810
1992.0000      -30982.089155
1996.0000      -30761.653909
2000.0000      -30864.845567
2004.0000      -30929.303752
2008.0000      -30957.098424
2012.0000      -30808.068216
2016.0000      -30739.776670
2020.0000      -30917.945074
2024.0000      -30841.003932
2028.0000      -30974.718046
2032.0000      -30867.214373
2036.0000      -30906.271102
2040.0000      -30873.723650
2044.0000      -30842.664465
2048.0000      -30926.847016
2052.0000      -30910.213917
2056.0000      -30962.960832
2060.0000      -30947.772320
2064.0000      -30811.568999
2068.0000      -30802.913539
2072.0000      -30913.716437
2076.0000      -30792.881878
2080.0000      -31036.365755
2084.0000      -31000.563452
2088.0000      -30970.385819
2092.0000      -30850.242021
2096.0000      -30860.886018
2100.0000      -30679.938072
2104.0000      -30875.148994
2108.0000      -30788.244377
2112.0000      -30856.326579
2116.0000      -30934.711563
2120.0000      -30856.490891
2124.0000      -30664.232941
2128.0000      -30884.092680
2132.0000      -30963.305977
2136.0000      -30876.029518
2140.0000      -30934.456725
2144.0000      -30887.334940
2148.0000      -30978.879444
2152.0000      -30875.567199
2156.0000      -30811.890245
2160.0000      -30903.434674
2164.0000      -30828.601780
2168.0000      -30859.810719
2172.0000      -30962.136303
2176.0000      -30991.137498
2180.0000      -31064.054118
2184.0000      -30856.373380
2188.0000      -30769.040142
2192.0000      -30806.392539
2196.0000      -30843.881235
2200.0000      -30871.853792
2204.0000      -30865.317037
2208.0000      -30955.173876
2212.0000      -30774.566665
2216.0000      -30888.831482
2220.0000      -30840.231829
2224.0000      -30912.221483
2228.0000      -30856.957351
2232.0000      -31012.048252
2236.0000      -30959.880094
2240.0000      -30876.478063
2244.0000      -30861.617158
2248.0000      -30792.810692
2252.0000      -31074.093451
2256.0000      -30963.120195
2260.0000      -30887.909306
2264.0000      -31053.287671
2268.0000      -30930.974688
2272.0000      -31065.433262
2276.0000      -30624.398082
2280.0000      -31083.034976
2284.0000      -30946.476503
2288.0000      -30852.927795
2292.0000      -30832.978250
2296.0000      -30917.699441
2300.0000      -30888.637171
2304.0000      -30935.024601
2308.0000      -30998.383785
2312.0000      -31012.505259
2316.0000      -30917.086555
2320.0000      -30842.744351
2324.0000      -30816.166652
2328.0000      -30974.003227
2332.0000      -30875.861998
2336.0000      -30838.524989
2340.0000      -30747.507502
2344.0000      -30850.823875
2348.0000      -30924.177127
2352.0000      -30976.343984
2356.0000      -31029.578688
2360.0000      -30871.392899
2364.0000      -30921.143730
2368.0000      -30836.995226
2372.0000      -30996.442137
2376.0000      -30905.864697
2380.0000      -30797.178211
2384.0000      -30776.722977
2388.0000      -30698.452691
2392.0000      -30894.405529
2396.0000      -30792.526295
2400.0000      -30927.796867
2404.0000      -30770.399635
2408.0000      -31023.277640
2412.0000      -30976.443856
2416.0000      -31008.392217
2420.0000      -30971.706327
2424.0000      -31067.909776
2428.0000      -31004.743986
2432.0000      -30842.960387
2436.0000      -30969.716671
2440.0000      -30909.260922
2444.0000      -30907.235170
2448.0000      -30850.001302
2452.0000      -30788.023172
2456.0000      -30912.117364
2460.0000      -30818.957672
2464.0000      -30905.840513
2468.0000      -30920.501495
2472.0000      -31073.328357
2476.0000      -30865.567690
2480.0000      -30948.212661
2484.0000      -30858.256027
2488.0000      -31001.603331
2492.0000      -30984.507947
2496.0000      -31031.073143
2500.0000      -30871.010736
2504.0000      -30983.111080
2508.0000      -30822.960787
2512.0000      -30823.315982
2516.0000      -30905.703674
2520.0000      -30909.261288
2524.0000      -30793.184531
2528.0000      -30868.261729
2532.0000      -30906.824639
2536.0000      -30971.327057
2540.0000      -30914.569507
2544.0000      -30984.316254
2548.0000      -30852.190415
2552.0000      -30845.548173
2556.0000      -31000.833843
2560.0000      -30820.935135
2564.0000      -30963.864817
2568.0000      -30888.970074
2572.0000      -30997.978725
2576.0000      -30860.987623
2580.0000      -30875.504667
2584.0000      -30750.428139
2588.0000      -30846.175786
2592.0000      -30848.077880
2596.0000      -30842.978548
2600.0000      -30956.310939
2604.0000      -30905.612491
2608.0000      -30961.610971
2612.0000      -30941.867985
2616.0000      -30785.386785
2620.0000      -30900.376199
2624.0000      -30907.885879
2628.0000      -30893.699503
2632.0000      -30873.405446
2636.0000      -30852.576540
2640.0000      -30832.681521
2644.0000      -30735.712269
2648.0000      -30744.817334
2652.0000      -30957.966563
2656.0000      -30981.744536
2660.0000      -30821.994996
2664.0000      -30771.469915
2668.0000      -30719.450438
2672.0000      -30971.948802
2676.0000      -30809.714665
2680.0000      -30791.320859
2684.0000      -30986.316257
2688.0000      -30979.149813
2692.0000      -30945.146008
2696.0000      -30915.951050
2700.0000      -30748.336264
2704.0000      -30883.803739
2708.0000      -30933.806860
2712.0000      -30765.529285
2716.0000      -30853.530651
2720.0000      -30924.325196
2724.0000      -30815.935234
2728.0000      -30914.910313
2732.0000      -30752.006979
2736.0000      -30760.783959
2740.0000      -30949.274400
2744.0000      -30902.825023
2748.0000      -30983.700077
2752.0000      -30863.212229
2756.0000      -30891.349346
2760.0000      -30959.000332
2764.0000      -30835.025906
2768.0000      -30781.463571
2772.0000      -31017.717291
2776.0000      -30684.927272
2780.0000      -30756.542730
2784.0000      -30838.383479
2788.0000      -30937.473808
2792.0000      -30893.738626
2796.0000      -30985.113276
2800.0000      -30924.287455
2804.0000      -31107.026909
2808.0000      -31089.128366
2812.0000      -31038.593384
2816.0000      -31115.797370
2820.0000      -30957.087354
2824.0000      -30925.748522
2828.0000      -30872.153554
2832.0000      -30937.670868
2836.0000      -30915.643173
2840.0000      -30906.322327
2844.0000      -30729.797011
2848.0000      -30724.125666
2852.0000      -30836.311211
2856.0000      -30769.223068
2860.0000      -30871.586912
2864.0000      -30883.078532
2868.0000      -31054.727313
2872.0000      -31044.146241
2876.0000      -30881.094839
2880.0000      -30822.928767
2884.0000      -30923.087790
2888.0000      -30931.020723
2892.0000      -30892.101512
2896.0000      -30911.672002
2900.0000      -30725.170039
2904.0000      -30834.658927
2908.0000      -31009.946853
2912.0000      -30954.232446
2916.0000      -30845.736863
2920.0000      -30898.698577
2924.0000      -30917.173180
2928.0000      -30773.278134
2932.0000      -30896.166404
2936.0000      -30854.568770
2940.0000      -30871.819641
2944.0000      -30915.444639
2948.0000      -30815.424748
2952.0000      -30858.769228
2956.0000      -30897.565345
2960.0000      -30819.572312
2964.0000      -30908.186808
2968.0000      -30988.865103
2972.0000      -30957.419419
2976.0000      -30848.818258
2980.0000      -30810.309670
2984.0000      -30819.623904
2988.0000      -30912.571123
2992.0000      -30963.368903
2996.0000      -30912.470211
3000.0000      -31001.185953
3004.0000      -30970.105875
3008.0000      -30958.504571
3012.0000      -30909.411284
3016.0000      -30853.431977
3020.0000      -30919.565124
3024.0000      -30931.094441
3028.0000      -30930.777129
3032.0000      -30959.965939
3036.0000      -30923.335122
3040.0000      -30904.747208
3044.0000      -30838.934632
3048.0000      -31032.129079
3052.0000      -30936.826198
3056.0000      -30969.568870
3060.0000      -31009.078953
3064.0000      -30875.762026
3068.0000      -30951.649843
3072.0000      -31007.665664
3076.0000      -30930.701783
3080.0000      -31085.862296
3084.0000      -31018.870590
3088.0000      -30940.311455
3092.0000      -30782.762803
3096.0000      -30944.409145
3100.0000      -30975.854980
3104.0000      -30930.747229
3108.0000      -30686.208007
3112.0000      -30845.848079
3116.0000      -30735.091629
3120.0000      -30966.731746
3124.0000      -30910.549361
3128.0000      -30855.306860
3132.0000      -30841.470107
3136.0000      -30894.332643
3140.0000      -30789.927200
3144.0000      -30771.321107
3148.0000      -30942.980014
3152.0000      -30941.101511
3156.0000      -31023.281629
3160.0000      -31004.068840
3164.0000      -30873.741109
3168.0000      -30945.527530
3172.0000      -30948.150503
3176.0000      -30956.615869
3180.0000      -30910.800056
3184.0000      -30865.719416
3188.0000      -30935.690276
3192.0000      -30783.526291
3196.0000      -30916.028210
3200.0000      -31085.173419
3204.0000      -31019.257705
3208.0000      -31048.156588
3212.0000      -30783.668158
3216.0000      -30949.539181
3220.0000      -30862.719518
3224.0000      -30938.131675
3228.0000      -30956.030491
3232.0000      -31086.028864
3236.0000      -30748.427302
3240.0000      -30841.562973
3244.0000      -30897.375862
3248.0000      -30745.091879
3252.0000      -30876.508802
3256.0000      -30820.815948
3260.0000      -30819.722534
3264.0000      -30820.336304
3268.0000      -31072.145810
3272.0000      -30815.773053
3276.0000      -30858.781845
3280.0000      -30831.390400
3284.0000      -30858.861153
3288.0000      -30839.779693
3292.0000      -30921.911748
3296.0000      -31010.450819
3300.0000      -30971.894417
3304.0000      -30865.244492
3308.0000      -30870.506662
3312.0000      -30927.175800
3316.0000      -30906.571595
3320.0000      -30976.017589
3324.0000      -30824.401773
3328.0000      -31061.056444
3332.0000      -30788.624547
3336.0000      -31035.690556
3340.0000      -30967.473395
3344.0000      -30907.720377
3348.0000      -30917.522552
3352.0000      -30851.134636
3356.0000      -30958.873502
3360.0000      -31059.881447
3364.0000      -31004.953161
3368.0000      -31078.011731
3372.0000      -31015.303127
3376.0000      -31000.843812
3380.0000      -30870.867793
3384.0000      -30914.077606
3388.0000      -30938.453674
3392.0000      -30924.087662
3396.0000      -30885.153356
3400.0000      -30801.868686
3404.0000      -30769.755945
3408.0000      -30957.183861
3412.0000      -30844.084529
3416.0000      -31001.606947
3420.0000      -30903.458007
3424.0000      -30773.090723
3428.0000      -30834.243241
3432.0000      -30874.588305
3436.0000      -30815.081243
3440.0000      -30865.315840
3444.0000      -30902.314615
3448.0000      -30860.328159
3452.0000      -30838.092711
3456.0000      -30905.793232
3460.0000      -30818.109325
3464.0000      -30870.457282
3468.0000      -31024.255673
3472.0000      -30921.418634
3476.0000      -30888.668988
3480.0000      -30824.174868
3484.0000      -30869.873093
3488.0000      -31010.920949
3492.0000      -30900.983346
3496.0000      -30832.880197
3500.0000      -31005.735455
3504.0000      -30666.201514
3508.0000      -30863.628196
3512.0000      -30879.033366
3516.0000      -31074.561326
3520.0000      -30853.404641
3524.0000      -30886.532290
3528.0000      -30909.941230
3532.0000      -30891.272153
3536.0000      -30900.225211
3540.0000      -30829.573844
3544.0000      -30910.202787
3548.0000      -30753.361552
3552.0000      -30933.857610
3556.0000      -30877.497664
3560.0000      -30985.591871
3564.0000      -30746.821310
3568.0000      -30850.330454
3572.0000      -30796.019010
3576.0000      -30911.531484
3580.0000      -30820.479076
3584.0000      -30735.213861
3588.0000      -30917.324430
3592.0000      -30997.529101
3596.0000      -31033.009349
3600.0000      -30834.376712
3604.0000      -30900.936233
3608.0000      -30849.450045
3612.0000      -30776.476699
3616.0000      -30926.367401
3620.0000      -30978.031997
3624.0000      -30900.696700
3628.0000      -30831.932738
3632.0000      -30873.760826
3636.0000      -30876.582352
3640.0000      -30883.812957
3644.0000      -30713.996555
3648.0000      -31032.331031
3652.0000      -31157.115221
3656.0000      -30945.966506
3660.0000      -30846.282726
3664.0000      -30868.232766
3668.0000      -30909.756568
3672.0000      -30924.855173
3676.0000      -30781.871437
3680.0000      -30764.753356
3684.0000      -30937.506164
3688.0000      -30924.568191
3692.0000      -30831.546645
3696.0000      -30713.829467
3700.0000      -30824.025041
3704.0000      -31014.169272
3708.0000      -31077.120353
3712.0000      -30966.508398
3716.0000      -30922.345543
3720.0000      -30973.324700
3724.0000      -30726.970297
3728.0000      -30708.039196
3732.0000      -31061.541677
3736.0000      -30883.081751
3740.0000      -30796.086983
3744.0000      -30916.139969
3748.0000      -30955.049120
3752.0000      -30953.082539
3756.0000      -30875.183348
3760.0000      -30861.321703
3764.0000      -30887.123250
3768.0000      -30750.955318
3772.0000      -30830.919611
3776.0000      -30977.201425
3780.0000      -31011.644223
3784.0000      -30876.746808
3788.0000      -30909.185475
3792.0000      -30984.756234
3796.0000      -30903.845932
3800.0000      -30896.170217
3804.0000      -30865.152490
3808.0000      -30958.661652
3812.0000      -30947.658446
3816.0000      -30908.012835
3820.0000      -30931.731807
3824.0000      -30944.511274
3828.0000      -30980.418082
3832.0000      -30954.840291
3836.0000      -30903.914044
3840.0000      -30718.440173
3844.0000      -30963.269952
3848.0000      -30817.211569
3852.0000      -30750.811575
3856.0000      -30792.217863
3860.0000      -31078.734332
3864.0000      -30757.875289
3868.0000      -30646.439879
3872.0000      -30888.818907
3876.0000      -30711.700321
3880.0000      -30962.781954
3884.0000      -30855.070093
3888.0000      -30955.016313
3892.0000      -30928.839556
3896.0000      -30890.638937
3900.0000      -31046.699424
3904.0000      -30947.881074
3908.0000      -30977.807593
3912.0000      -31007.117796
3916.0000      -31056.113668
3920.0000      -31141.089377
3924.0000      -30911.536436
3928.0000      -30957.275569
3932.0000      -30742.524349
3936.0000      -31001.653651
3940.0000      -30780.651259
3944.0000      -30896.777843
3948.0000      -30836.133649
3952.0000      -30870.510008
3956.0000      -30833.060697
3960.0000      -30850.639001
3964.0000      -30772.822907
3968.0000      -30838.450651
3972.0000      -30789.611224
3976.0000      -31037.658813
3980.0000      -31041.467170
3984.0000      -31221.409302
3988.0000      -30909.349833
3992.0000      -30961.542965
3996.0000      -30868.474426
4000.0000      -30733.400791
4004.0000      -30733.400791
