4.0000      -30928.185823
8.0000      -30974.086304
12.0000      -30821.903531
16.0000      -30943.794245
20.0000      -30885.614888
24.0000      -30891.063435
28.0000      -30841.829431
32.0000      -30872.247453
36.0000      -30842.094812
40.0000      -30987.826886
44.0000      -31019.108742
48.0000      -30759.928700
52.0000      -30810.517315
56.0000      -30781.258860
60.0000      -30872.371520
64.0000      -31012.533442
68.0000      -30947.717135
72.0000      -30766.444532
76.0000      -30921.086045
80.0000      -30840.421933
84.0000      -31022.996967
88.0000      -30940.915650
92.0000      -30916.758161
96.0000      -30862.957813
100.0000      -30990.189990
104.0000      -30870.642307
108.0000      -30838.036010
112.0000      -31106.136485
116.0000      -30942.574933
120.0000      -30904.594818
124.0000      -30959.079807
128.0000      -31013.876010
132.0000      -30903.128518
136.0000      -31131.474974
140.0000      -30848.750358
144.0000      -30895.012135
148.0000      -30827.248978
152.0000      -30886.338177
156.0000      -30901.743279
160.0000      -30991.660478
164.0000      -30866.120952
168.0000      -30757.838192
172.0000      -30906.925345
176.0000      -30981.449926
180.0000      -30894.817070
184.0000      -31008.891066
188.0000      -30970.074045
192.0000      -30808.071087
196.0000      -30730.082959
200.0000      -30937.362852
204.0000      -30815.527460
208.0000      -30948.088792
212.0000      -30881.957356
216.0000      -30971.848291
220.0000      -30977.582064
224.0000      -30909.168721
228.0000      -31030.130301
232.0000      -30939.781887
236.0000      -30900.009156
240.0000      -30779.081834
244.0000      -30950.639703
248.0000      -30862.876031
252.0000      -31068.992549
256.0000      -31070.812738
260.0000      -30950.823345
264.0000      -30981.056268
268.0000      -30787.698230
272.0000      -30910.072777
276.0000      -30908.370287
280.0000      -30921.949059
284.0000      -30909.859174
288.0000      -30989.421063
292.0000      -30864.557946
296.0000      -30917.065477
300.0000      -30854.911387
304.0000      -31046.486440
308.0000      -31021.783021
312.0000      -30972.905135
316.0000      -31051.074940
320.0000      -30964.112133
324.0000      -31013.174384
328.0000      -30968.328039
332.0000      -30929.461592
336.0000      -30801.540050
340.0000      -31009.177367
344.0000      -30935.202219
348.0000      -31043.835528
352.0000      -30855.316761
356.0000      -30955.567664
360.0000      -30861.979689
364.0000      -31023.447297
368.0000      -31032.102124
372.0000      -30878.730156
376.0000      -30865.447181
380.0000      -30880.017259
384.0000      -30998.785151
388.0000      -30897.629210
392.0000      -30848.001506
396.0000      -30909.014931
400.0000      -31042.456099
404.0000      -30949.737590
408.0000      -31134.923785
412.0000      -30848.821901
416.0000      -30883.029310
420.0000      -30796.845104
424.0000      -31067.588459
428.0000      -31056.050020
432.0000      -30880.614167
436.0000      -31030.070713
440.0000      -30816.447386
444.0000      -30836.251574
448.0000      -30893.549844
452.0000      -30890.262048
456.0000      -30849.875491
460.0000      -31010.023744
464.0000      -30664.790260
468.0000      -30956.749085
472.0000      -30893.488611
476.0000      -30840.140478
480.0000      -30931.268999
484.0000      -30963.996022
488.0000      -30893.735618
492.0000      -30740.605310
496.0000      -30991.870242
500.0000      -30895.273882
504.0000      -30885.735455
508.0000      -30886.523794
512.0000      -30956.609921
516.0000      -30868.555831
520.0000      -30829.501486
524.0000      -30891.766128
528.0000      -30989.496559
532.0000      -30947.089433
536.0000      -30926.248633
540.0000      -30974.954844
544.0000      -30963.458753
548.0000      -31052.292869
552.0000      -30789.487479
556.0000      -30845.676614
560.0000      -31065.759405
564.0000      -30931.742241
568.0000      -31073.927677
572.0000      -30775.006429
576.0000      -30737.225694
580.0000      -30969.951412
584.0000      -30892.592970
588.0000      -30994.773091
592.0000      -30920.276104
596.0000      -30992.457032
600.0000      -31057.750670
604.0000      -30951.143024
608.0000      -30798.101613
612.0000      -30770.097581
616.0000      -30845.872502
620.0000      -30922.195528
624.0000      -30994.377219
628.0000      -30879.820040
632.0000      -31009.900317
636.0000      -30785.858152
640.0000      -31058.132658
644.0000      -30892.924894
648.0000      -30986.768299
652.0000      -30898.635890
656.0000      -30995.032988
660.0000      -30969.412998
664.0000      -31014.499703
668.0000      -30993.089327
672.0000      -30818.261125
676.0000      -30895.681355
680.0000      -30830.213418
684.0000      -30898.062775
688.0000      -30811.606882
692.0000      -30979.909698
696.0000      -31035.893541
700.0000      -30963.023444
704.0000      -30692.543092
708.0000      -30987.327058
712.0000      -30925.571370
716.0000      -31089.298764
720.0000      -30758.136125
724.0000      -30919.627315
728.0000      -30950.597746
732.0000      -30956.285133
736.0000      -30981.409491
740.0000      -30821.210214
744.0000      -31068.126757
748.0000      -30899.040634
752.0000      -30815.381585
756.0000      -30979.504796
760.0000      -30785.034337
764.0000      -31031.923404
768.0000      -31056.562884
772.0000      -30849.829234
776.0000      -30772.543527
780.0000      -30822.759528
784.0000      -30943.253477
788.0000      -30814.928555
792.0000      -30885.967400
796.0000      -30918.065298
800.0000      -30854.335310
804.0000      -30908.296235
808.0000      -30937.688057
812.0000      -31105.381572
816.0000      -30895.885761
820.0000      -30788.929888
824.0000      -30803.397448
828.0000      -30960.022667
832.0000      -30901.660910
836.0000      -31123.218565
840.0000      -30927.063843
844.0000      -31005.089471
848.0000      -30929.577534
852.0000      -30907.922744
856.0000      -31006.501409
860.0000      -30814.747997
864.0000      -30996.748318
868.0000      -30905.170026
872.0000      -30948.841557
876.0000      -31125.208648
880.0000      -31005.504279
884.0000      -30805.202934
888.0000      -30951.957657
892.0000      -30864.538394
896.0000      -30907.947302
900.0000      -30914.992777
904.0000      -30918.807710
908.0000      -30997.821114
912.0000      -30816.536799
916.0000      -31011.085142
920.0000      -30972.536515
924.0000      -30974.927244
928.0000      -30942.596498
932.0000      -30803.139196
936.0000      -30836.590137
940.0000      -30762.307435
944.0000      -30908.460634
948.0000      -30834.381646
952.0000      -31081.693015
956.0000      -30994.466874
960.0000      -30877.986710
964.0000      -30910.036388
968.0000      -30872.928407
972.0000      -31004.843621
976.0000      -30954.304372
980.0000      -30801.845570
984.0000      -30915.372519
988.0000      -30814.361598
992.0000      -30915.522756
996.0000      -31106.414716
1000.0000      -30995.857839
1004.0000      -30948.256298
1008.0000      -30874.691949
1012.0000      -30756.012621
1016.0000      -30867.487816
1020.0000      -30922.720514
1024.0000      -30878.390307
1028.0000      -30988.725083
1032.0000      -30815.804030
1036.0000      -30879.197279
1040.0000      -30941.761184
1044.0000      -31232.277490
1048.0000      -30912.950776
1052.0000      -31028.422749
1056.0000      -31038.838459
1060.0000      -30915.985835
1064.0000      -30988.154848
1068.0000      -30823.453354
1072.0000      -30813.480180
1076.0000      -31026.235230
1080.0000      -30949.924178
1084.0000      -30985.813535
1088.0000      -30899.827077
1092.0000      -30916.907565
1096.0000      -30831.647995
1100.0000      -30817.417038
1104.0000      -31032.139799
1108.0000      -30689.241940
1112.0000      -30867.799814
1116.0000      -30967.176181
1120.0000      -30865.847002
1124.0000      -31035.726324
1128.0000      -30886.579789
1132.0000      -30720.584366
1136.0000      -30918.910589
1140.0000      -31019.104412
1144.0000      -30767.916832
1148.0000      -30885.524738
1152.0000      -30976.840074
1156.0000      -30929.797718
1160.0000      -30854.856501
1164.0000      -30754.880828
1168.0000      -30903.562628
1172.0000      -30770.720475
1176.0000      -30918.071838
1180.0000      -30788.442045
1184.0000      -30974.577568
1188.0000      -30855.903875
1192.0000      -30937.650592
1196.0000      -30930.366119
1200.0000      -31133.561379
1204.0000      -30894.337893
1208.0000      -31004.826581
1212.0000      -30940.596499
1216.0000      -30830.564663
1220.0000      -30864.805069
1224.0000      -30813.247893
1228.0000      -30815.140868
1232.0000      -30883.355180
1236.0000      -30861.636064
1240.0000      -30872.526437
1244.0000      -30772.312418
1248.0000      -30898.496320
1252.0000      -30948.004664
1256.0000      -30957.928032
1260.0000      -30857.445721
1264.0000      -30901.859032
1268.0000      -30976.361022
1272.0000      -30926.204691
1276.0000      -30973.745110
1280.0000      -31025.314895
1284.0000      -31026.372007
1288.0000      -30712.076563
1292.0000      -30808.373001
1296.0000      -31048.958169
1300.0000      -30956.440087
1304.0000      -30843.774492
1308.0000      -30812.565558
1312.0000      -30971.084669
1316.0000      -30944.736937
1320.0000      -30769.177118
1324.0000      -30878.787176
1328.0000      -30963.213093
1332.0000      -30730.626630
1336.0000      -30999.745373
1340.0000      -30759.947337
1344.0000      -30770.902147
1348.0000      -30794.522955
1352.0000      -31076.369033
1356.0000      -30898.167857
1360.0000      -30939.991678
1364.0000      -31053.807734
1368.0000      -30786.389491
1372.0000      -30922.108924
1376.0000      -30941.471452
1380.0000      -30962.444361
1384.0000      -30806.202845
1388.0000      -30776.654542
1392.0000      -31056.145285
1396.0000      -30847.026157
1400.0000      -30860.640922
1404.0000      -30900.595065
1408.0000      -30815.350205
1412.0000      -30701.135911
1416.0000      -30948.269876
1420.0000      -30993.689670
1424.0000      -30777.161806
1428.0000      -31028.180839
1432.0000      -30932.943015
1436.0000      -30913.423755
1440.0000      -30891.610254
1444.0000      -31063.913371
1448.0000      -30834.558805
1452.0000      -30950.537369
1456.0000      -31072.923413
1460.0000      -30902.493646
1464.0000      -30903.802642
1468.0000      -31018.879071
1472.0000      -30993.362024
1476.0000      -30799.895333
1480.0000      -31086.668627
1484.0000      -31054.056156
1488.0000      -30836.925416
1492.0000      -31052.702133
1496.0000      -30931.636909
1500.0000      -30892.594531
1504.0000      -30757.768164
1508.0000      -30919.426609
1512.0000      -30859.501517
1516.0000      -31053.247764
1520.0000      -31042.318353
1524.0000      -30947.913077
1528.0000      -30929.858904
1532.0000      -30939.599656
1536.0000      -31087.721955
1540.0000      -30932.975422
1544.0000      -30920.064962
1548.0000      -31085.753158
1552.0000      -30847.374950
1556.0000      -31023.822236
1560.0000      -30895.611285
1564.0000      -31031.014343
1568.0000      -31023.534259
1572.0000      -30858.194850
1576.0000      -30968.267316
1580.0000      -30963.873516
1584.0000      -30895.116088
1588.0000      -31170.238590
1592.0000      -30819.193607
1596.0000      -30828.694960
1600.0000      -30810.447481
1604.0000      -30727.946207
1608.0000      -31043.299213
1612.0000      -30997.161545
1616.0000      -30969.517270
1620.0000      -30833.016929
1624.0000      -30838.787489
1628.0000      -31008.429118
1632.0000      -30986.660935
1636.0000      -30962.326234
1640.0000      -30838.666302
1644.0000      -30802.021334
1648.0000      -30834.367667
1652.0000      -30876.777655
1656.0000      -30849.793555
1660.0000      -30827.196337
1664.0000      -31133.574760
1668.0000      -30978.496790
1672.0000      -30984.190754
1676.0000      -30897.848291
1680.0000      -30858.326556
1684.0000      -30913.961372
1688.0000      -30958.958358
1692.0000      -30981.585969
1696.0000      -30985.205732
1700.0000      -30812.293438
1704.0000      -31043.724583
1708.0000      -30933.860648
1712.0000      -30844.629813
1716.0000      -30902.121764
1720.0000      -30837.127867
1724.0000      -30845.003986
1728.0000      -30926.714718
1732.0000      -31101.975129
1736.0000      -30788.353882
1740.0000      -30924.206234
1744.0000      -30953.091226
1748.0000      -30932.209491
1752.0000      -31063.749926
1756.0000      -30951.598287
1760.0000      -30875.416513
1764.0000      -30983.429242
1768.0000      -30948.951735
1772.0000      -31021.239331
1776.0000      -31029.202586
1780.0000      -30978.053595
1784.0000      -31001.020986
1788.0000      -31024.002154
1792.0000      -30922.469709
1796.0000      -30844.627294
1800.0000      -31067.576448
1804.0000      -31178.886720
1808.0000      -30919.849530
1812.0000      -30910.081839
1816.0000      -30947.877926
1820.0000      -30896.834142
1824.0000      -30967.122813
1828.0000      -30816.019918
1832.0000      -30841.143667
1836.0000      -30927.832475
1840.0000      -30981.977063
1844.0000      -30917.576754
1848.0000      -30909.087991
1852.0000      -30867.003276
1856.0000      -30785.501040
1860.0000      -30895.234654
1864.0000      -30738.522934
1868.0000      -30816.223646
1872.0000      -30781.135082
1876.0000      -30998.762389
1880.0000      -30824.469966
1884.0000      -31147.135638
1888.0000      -30910.036478
1892.0000      -30956.079361
1896.0000      -30962.691120
1900.0000      -30947.658584
1904.0000      -30842.658616
1908.0000      -30979.763040
1912.0000      -30845.096128
1916.0000      -30980.898587
1920.0000      -30799.999028
1924.0000      -30968.788182
1928.0000      -31071.094572
1932.0000      -30878.473169
1936.0000      -30918.735048
1940.0000      -30867.324082
1944.0000      -30954.225835
1948.0000      -30745.959380
1952.0000      -31064.068908
1956.0000      -30865.676634
1960.0000      -30970.699307
1964.0000      -30934.130331
1968.0000      -30862.326103
1972.0000      -30801.563152
1976.0000      -30936.945644
1980.0000      -31002.295190
1984.0000      -31001.640686
1988.0000      -30818.039674
1992.0000      -30823.455032
1996.0000      -30810.378330
2000.0000      -30688.641877
2004.0000      -30925.127892
2008.0000      -30856.991170
2012.0000      -30923.540413
2016.0000      -30862.988649
2020.0000      -30894.636900
2024.0000      -31005.375669
2028.0000      -30839.195232
2032.0000      -30937.181261
2036.0000      -30914.147985
2040.0000      -30889.066825
2044.0000      -30915.990272
2048.0000      -30721.162079
2052.0000      -31035.217712
2056.0000      -30826.725446
2060.0000      -30785.109936
2064.0000      -30719.670634
2068.0000      -31022.807034
2072.0000      -30989.266532
2076.0000      -30837.183611
2080.0000      -30942.186209
2084.0000      -30942.890686
2088.0000      -30706.200350
2092.0000      -30843.522787
2096.0000      -30852.566588
2100.0000      -30772.909231
2104.0000      -31086.387393
2108.0000      -30874.020326
2112.0000      -31014.764933
2116.0000      -31008.189799
2120.0000      -30757.927732
2124.0000      -30993.320672
2128.0000      -30938.211299
2132.0000      -30841.877339
2136.0000      -30978.031270
2140.0000      -30922.244965
2144.0000      -30944.786179
2148.0000      -30904.549238
2152.0000      -30901.275025
2156.0000      -30842.365732
2160.0000      -30939.331665
2164.0000      -31020.546114
2168.0000      -31268.413984
2172.0000      -30868.204381
2176.0000      -30846.472685
2180.0000      -30856.400257
2184.0000      -30829.124033
2188.0000      -30972.047553
2192.0000      -30837.447750
2196.0000      -30710.321108
2200.0000      -31014.512710
2204.0000      -30944.447752
2208.0000      -30950.081968
2212.0000      -30976.729229
2216.0000      -31055.318604
2220.0000      -30987.617929
2224.0000      -31043.756544
2228.0000      -30886.947570
2232.0000      -30990.996813
2236.0000      -30892.220597
2240.0000      -31019.489268
2244.0000      -30982.078747
2248.0000      -30860.958368
2252.0000      -30895.204991
2256.0000      -30967.281106
2260.0000      -31012.026492
2264.0000      -30950.853465
2268.0000      -30943.144127
2272.0000      -30883.672964
2276.0000      -30795.854556
2280.0000      -30868.619946
2284.0000      -30809.699124
2288.0000      -31057.982505
2292.0000      -30912.739318
2296.0000      -30947.687682
2300.0000      -30831.497527
2304.0000      -30871.268287
2308.0000      -30930.420718
2312.0000      -30873.848058
2316.0000      -30837.508646
2320.0000      -30795.706818
2324.0000      -30800.643812
2328.0000      -30949.889676
2332.0000      -30767.981676
2336.0000      -30952.462269
2340.0000      -30935.452506
2344.0000      -30703.751499
2348.0000      -30916.941679
2352.0000      -30972.477369
2356.0000      -30920.495966
2360.0000      -30728.462351
2364.0000      -30935.843970
2368.0000      -30862.020116
2372.0000      -31007.113805
2376.0000      -30907.186210
2380.0000      -30820.697842
2384.0000      -31002.900303
2388.0000      -30973.414278
2392.0000      -30984.763958
2396.0000      -30861.175563
2400.0000      -30906.096948
2404.0000      -30760.508507
2408.0000      -30810.728056
2412.0000      -30709.903203
2416.0000      -30991.577185
2420.0000      -30888.320803
2424.0000      -30820.455197
2428.0000      -31006.700712
2432.0000      -30844.861635
2436.0000      -30929.714663
2440.0000      -30931.209180
2444.0000      -30800.100277
2448.0000      -30871.768662
2452.0000      -30890.091488
2456.0000      -31054.188462
2460.0000      -30959.940235
2464.0000      -30800.859566
2468.0000      -30817.826324
2472.0000      -30995.734842
2476.0000      -31015.641054
2480.0000      -30946.033632
2484.0000      -30884.700003
2488.0000      -30880.515514
2492.0000      -30852.739939
2496.0000      -31054.203565
2500.0000      -30865.889139
2504.0000      -30854.994887
2508.0000      -30724.231509
2512.0000      -30844.346429
2516.0000      -30936.412064
2520.0000      -31061.220931
2524.0000      -30900.257780
2528.0000      -30952.982675
2532.0000      -30912.364250
2536.0000      -30925.998917
2540.0000      -30962.311021
2544.0000      -30910.516722
2548.0000      -30943.841828
2552.0000      -30934.502809
2556.0000      -30874.688020
2560.0000      -30990.603225
2564.0000      -30875.095736
2568.0000      -30898.191605
2572.0000      -30912.585561
2576.0000      -30725.074851
2580.0000      -30907.060143
2584.0000      -31010.032103
2588.0000      -30862.473275
2592.0000      -30847.143665
2596.0000      -30789.080570
2600.0000      -30838.487896
2604.0000      -31017.742518
2608.0000      -30928.051168
2612.0000      -30768.803545
2616.0000      -30611.534779
2620.0000      -30768.868031
2624.0000      -30942.101694
2628.0000      -30817.938300
2632.0000      -30780.862928
2636.0000      -30810.076972
2640.0000      -30868.721455
2644.0000      -30836.636150
2648.0000      -30821.652611
2652.0000      -30784.892781
2656.0000      -30928.978129
2660.0000      -30829.947821
2664.0000      -30991.373141
2668.0000      -30863.260536
2672.0000      -30790.538910
2676.0000      -30785.996989
2680.0000      -30776.840260
2684.0000      -30870.303624
2688.0000      -30833.352306
2692.0000      -31045.116412
2696.0000      -30826.423078
2700.0000      -30964.328836
2704.0000      -30858.238679
2708.0000      -30898.077306
2712.0000      -30899.844552
2716.0000      -30831.303229
2720.0000      -30832.628236
2724.0000      -31046.501854
2728.0000      -31075.940261
2732.0000      -30948.363987
2736.0000      -30862.569210
2740.0000      -30944.328612
2744.0000      -30837.701621
2748.0000      -30927.543982
2752.0000      -30995.944570
2756.0000      -30843.439750
2760.0000      -30948.846961
2764.0000      -30963.564065
2768.0000      -31005.376575
2772.0000      -31117.141614
2776.0000      -30953.487513
2780.0000      -31028.917941
2784.0000      -30701.473101
2788.0000      -30856.339454
2792.0000      -30851.690900
2796.0000      -30747.156283
2800.0000      -30825.552846
2804.0000      -30805.550407
2808.0000      -30819.748391
2812.0000      -30887.874736
2816.0000      -30884.426004
2820.0000      -30908.223938
2824.0000      -30723.564444
2828.0000      -31015.106022
2832.0000      -30988.154011
2836.0000      -31039.610598
2840.0000      -30738.804805
2844.0000      -30967.290454
2848.0000      -30808.444869
2852.0000      -30933.325440
2856.0000      -30977.505402
2860.0000      -30850.384153
2864.0000      -31046.183313
2868.0000      -30808.980897
2872.0000      -30943.773381
2876.0000      -30992.188594
2880.0000      -30921.620734
2884.0000      -30781.464911
2888.0000      -30856.587130
2892.0000      -30998.711240
2896.0000      -31029.360379
2900.0000      -30909.212033
2904.0000      -30809.382679
2908.0000      -30963.555061
2912.0000      -30884.156573
2916.0000      -31089.493748
2920.0000      -31012.792190
2924.0000      -30845.420556
2928.0000      -30883.030656
2932.0000      -31049.376154
2936.0000      -30846.854786
2940.0000      -30975.164671
2944.0000      -30728.540656
2948.0000      -30771.082455
2952.0000      -30847.136641
2956.0000      -30791.927696
2960.0000      -30854.131021
2964.0000      -30939.714027
2968.0000      -30896.106664
2972.0000      -30902.215096
2976.0000      -30985.127663
2980.0000      -30888.092343
2984.0000      -30850.491863
2988.0000      -31026.518316
2992.0000      -30817.435524
2996.0000      -31051.263466
3000.0000      -30735.462081
3004.0000      -31036.588209
3008.0000      -31055.617039
3012.0000      -30885.528732
3016.0000      -31026.599267
3020.0000      -30998.465429
3024.0000      -30874.817523
3028.0000      -30952.519484
3032.0000      -30873.882284
3036.0000      -31056.614354
3040.0000      -31220.129297
3044.0000      -30928.631743
3048.0000      -31040.098519
3052.0000      -30972.262027
3056.0000      -30789.799994
3060.0000      -30787.551464
3064.0000      -30940.730174
3068.0000      -30867.744858
3072.0000      -30915.578176
3076.0000      -30887.430683
3080.0000      -30971.335189
3084.0000      -30951.821142
3088.0000      -30945.739023
3092.0000      -30959.867028
3096.0000      -31026.398477
3100.0000      -31112.315163
3104.0000      -30913.409208
3108.0000      -30855.388434
3112.0000      -31018.028083
3116.0000      -30931.926099
3120.0000      -30983.276620
3124.0000      -30857.050196
3128.0000      -30916.942667
3132.0000      -30881.336310
3136.0000      -30941.862791
3140.0000      -30930.363588
3144.0000      -31030.094658
3148.0000      -30726.214693
3152.0000      -30857.943783
3156.0000      -31001.810943
3160.0000      -30944.170985
3164.0000      -30751.898094
3168.0000      -31058.673318
3172.0000      -30994.793282
3176.0000      -30810.429303
3180.0000      -31024.911241
3184.0000      -30922.427539
3188.0000      -30804.328074
3192.0000      -30896.694015
3196.0000      -30838.880336
3200.0000      -30954.738680
3204.0000      -30976.256152
3208.0000      -31000.960657
3212.0000      -30823.384892
3216.0000      -30903.227882
3220.0000      -30973.107438
3224.0000      -31001.651697
3228.0000      -31019.088428
3232.0000      -30874.169592
3236.0000      -31011.954432
3240.0000      -30836.997291
3244.0000      -30961.676395
3248.0000      -30849.154356
3252.0000      -30887.379940
3256.0000      -31073.322396
3260.0000      -31025.806282
3264.0000      -30916.223975
3268.0000      -30982.254973
3272.0000      -30797.168817
3276.0000      -30936.416871
3280.0000      -30884.144718
3284.0000      -30963.879096
3288.0000      -31060.795086
3292.0000      -31014.209123
3296.0000      -30814.068682
3300.0000      -31140.065192
3304.0000      -30985.136310
3308.0000      -31039.911292
3312.0000      -31001.591003
3316.0000      -31027.739761
3320.0000      -30911.669299
3324.0000      -31024.553986
3328.0000      -30953.638952
3332.0000      -30847.162023
3336.0000      -30926.590165
3340.0000      -30812.644505
3344.0000      -30983.624000
3348.0000      -31027.043520
3352.0000      -30841.718996
3356.0000      -30788.234234
3360.0000      -30894.387807
3364.0000      -30768.709976
3368.0000      -30903.423267
3372.0000      -30946.210478
3376.0000      -30867.469164
3380.0000      -30892.234984
3384.0000      -31004.683414
3388.0000      -30903.499126
3392.0000      -30889.639874
3396.0000      -30853.808371
3400.0000      -30650.881780
3404.0000      -30895.836678
3408.0000      -30839.470567
3412.0000      -30683.789718
3416.0000      -30928.908552
3420.0000      -30868.109809
3424.0000      -30931.842508
3428.0000      -30786.395788
3432.0000      -30792.378259
3436.0000      -30853.211096
3440.0000      -30847.856748
3444.0000      -30762.044015
3448.0000      -30865.701266
3452.0000      -30829.496902
3456.0000      -30757.858977
3460.0000      -30849.551717
3464.0000      -30846.994386
3468.0000      -30873.875402
3472.0000      -30840.955044
3476.0000      -30835.699206
3480.0000      -30811.199697
3484.0000      -30827.292759
3488.0000      -30820.920907
3492.0000      -30940.527382
3496.0000      -30930.384772
3500.0000      -30892.237892
3504.0000      -30783.402878
3508.0000      -30965.892475
3512.0000      -30916.588648
3516.0000      -30984.834049
3520.0000      -30947.734046
3524.0000      -30961.197311
3528.0000      -30848.966527
3532.0000      -30754.860679
3536.0000      -30847.586727
3540.0000      -30977.405736
3544.0000      -31005.845183
3548.0000      -31058.624366
3552.0000      -30797.886242
3556.0000      -30952.813585
3560.0000      -30940.136344
3564.0000      -31055.928058
3568.0000      -31093.881771
3572.0000      -30814.465469
3576.0000      -30723.502743
3580.0000      -30751.212211
3584.0000      -30864.849524
3588.0000      -30963.453226
3592.0000      -30868.403655
3596.0000      -30994.764456
3600.0000      -30823.619380
3604.0000      -30805.775056
3608.0000      -30782.294320
3612.0000      -31024.277875
3616.0000      -30903.386456
3620.0000      -30745.478009
3624.0000      -30807.703642
3628.0000      -30933.854277
3632.0000      -30923.512277
3636.0000      -30896.886483
3640.0000      -30863.518860
3644.0000      -30844.043168
3648.0000      -30797.093304
3652.0000      -30932.814417
3656.0000      -30921.008142
3660.0000      -30857.200178
3664.0000      -30896.251346
3668.0000      -30874.602722
3672.0000      -30871.412287
3676.0000      -30868.897879
3680.0000      -30875.090097
3684.0000      -30932.901372
3688.0000      -30896.850444
3692.0000      -31013.928828
3696.0000      -30891.625827
3700.0000      -30806.584507
3704.0000      -30849.915154
3708.0000      -30889.696031
3712.0000      -30856.536843
3716.0000      -30964.839536
3720.0000      -30853.771834
3724.0000      -31033.376865
3728.0000      -30994.628557
3732.0000      -30856.244125
3736.0000      -30984.456603
3740.0000      -30776.119028
3744.0000      -30862.783358
3748.0000      -30974.007729
3752.0000      -30816.400543
3756.0000      -30817.417214
3760.0000      -30864.136658
3764.0000      -31004.860365
3768.0000      -30866.183813
3772.0000      -30786.791725
3776.0000      -30901.597353
3780.0000      -30909.558152
3784.0000      -30974.794552
3788.0000      -31039.602614
3792.0000      -30870.516672
3796.0000      -31072.389093
3800.0000      -30965.976811
3804.0000      -30825.898584
3808.0000      -30945.105597
3812.0000      -30906.428253
3816.0000      -30825.398521
3820.0000      -30935.042209
3824.0000      -30920.915328
3828.0000      -30780.868135
3832.0000      -30882.649566
3836.0000      -30946.329664
3840.0000      -30919.469967
3844.0000      -31100.447197
3848.0000      -31098.848704
3852.0000      -30972.752447
3856.0000      -30729.473059
3860.0000      -31023.988344
3864.0000      -31193.041013
3868.0000      -31055.630369
3872.0000      -30947.710689
3876.0000      -30854.500887
3880.0000      -30817.127116
3884.0000      -30895.995790
3888.0000      -30778.119291
3892.0000      -30946.728075
3896.0000      -30979.415976
3900.0000      -31151.612185
3904.0000      -30944.952870
3908.0000      -30958.202866
3912.0000      -31027.391228
3916.0000      -30946.444861
3920.0000      -31043.962425
3924.0000      -31040.611159
3928.0000      -30963.823646
3932.0000      -30963.876068
3936.0000      -30986.415613
3940.0000      -30950.100549
3944.0000      -31006.506719
3948.0000      -30966.142308
3952.0000      -31077.218628
3956.0000      -30836.142315
3960.0000      -30792.887641
3964.0000      -30934.259962
3968.0000      -30910.509100
3972.0000      -30851.351342
3976.0000      -30856.207205
3980.0000      -31039.888805
3984.0000      -30832.723348
3988.0000      -30883.609762
3992.0000      -30746.579555
3996.0000      -30921.020503
4000.0000      -30971.024844
4004.0000      -30971.024844
