4.0000     -733076.632472
8.0000     -733066.263507
12.0000     -732700.406585
16.0000     -732645.874579
20.0000     -733511.934148
24.0000     -733265.953345
28.0000     -733539.117166
32.0000     -733510.848911
36.0000     -732804.754515
40.0000     -733262.736467
44.0000     -733622.772489
48.0000     -733831.315566
52.0000     -733561.289416
56.0000     -732722.597282
60.0000     -733949.860223
64.0000     -733546.823618
68.0000     -733401.278306
72.0000     -733073.793346
76.0000     -732698.000969
80.0000     -733050.572503
84.0000     -733183.918706
88.0000     -733429.541101
92.0000     -733315.424283
96.0000     -733020.771026
100.0000     -732684.287473
104.0000     -734129.221778
108.0000     -734165.477801
112.0000     -732556.919012
116.0000     -733062.759642
120.0000     -733318.065931
124.0000     -733407.567879
128.0000     -733388.831631
132.0000     -733263.513401
136.0000     -732880.567291
140.0000     -733418.489415
144.0000     -733473.175763
148.0000     -732451.154078
152.0000     -732652.980208
156.0000     -732926.671384
160.0000     -733125.021640
164.0000     -731724.370192
168.0000     -733183.478418
172.0000     -732920.201677
176.0000     -733001.156204
180.0000     -733013.880241
184.0000     -733030.791409
188.0000     -733624.473659
192.0000     -733062.178285
196.0000     -733420.209665
200.0000     -733164.844930
204.0000     -732815.113857
208.0000     -732787.969119
212.0000     -732467.641045
216.0000     -732839.094208
220.0000     -733142.325757
224.0000     -733501.602756
228.0000     -733357.503452
232.0000     -732754.551852
236.0000     -733246.507654
240.0000     -733367.508894
244.0000     -732496.859399
248.0000     -732631.264148
252.0000     -733507.222473
256.0000     -733761.011972
260.0000     -733479.296448
264.0000     -733105.040681
268.0000     -733459.524445
272.0000     -733068.612219
276.0000     -732742.405982
280.0000     -733520.607822
284.0000     -733642.647182
288.0000     -733282.140711
292.0000     -733684.650957
296.0000     -733693.816934
300.0000     -733999.175852
304.0000     -733135.983465
308.0000     -733504.258743
312.0000     -733482.656861
316.0000     -733698.688541
320.0000     -733195.357805
324.0000     -733142.329906
328.0000     -733221.479370
332.0000     -733129.497778
336.0000     -732929.225154
340.0000     -732822.595316
344.0000     -732331.015792
348.0000     -732799.347403
352.0000     -733849.006692
356.0000     -733093.318696
360.0000     -732621.649109
364.0000     -733277.652259
368.0000     -732401.320796
372.0000     -733189.713784
376.0000     -732936.458120
380.0000     -733438.246310
384.0000     -732957.381323
388.0000     -732192.669135
392.0000     -733377.918297
396.0000     -733791.961014
400.0000     -733584.488075
404.0000     -732745.749109
408.0000     -732858.061312
412.0000     -733288.148966
416.0000     -733237.345443
420.0000     -733170.125450
424.0000     -732985.563069
428.0000     -733268.016859
432.0000     -733263.044089
436.0000     -733307.456280
440.0000     -734167.445007
444.0000     -733333.600997
448.0000     -733576.423027
452.0000     -733316.812573
456.0000     -733204.535910
460.0000     -733241.833253
464.0000     -732759.389257
468.0000     -732596.289149
472.0000     -732966.714033
476.0000     -733658.609030
480.0000     -732946.330653
484.0000     -733391.837846
488.0000     -733806.497181
492.0000     -733096.435168
496.0000     -732900.413177
500.0000     -733838.098472
504.0000     -733573.397776
508.0000     -733774.233351
512.0000     -733868.239736
516.0000     -734625.915491
520.0000     -733282.536260
524.0000     -734289.650232
528.0000     -733942.267862
532.0000     -733524.342135
536.0000     -733484.246406
540.0000     -732908.250243
544.0000     -733613.843159
548.0000     -733374.675588
552.0000     -732953.017197
556.0000     -733383.046245
560.0000     -733004.864286
564.0000     -732977.329889
568.0000     -733510.436408
572.0000     -733034.935245
576.0000     -732421.510212
580.0000     -733009.036406
584.0000     -732981.368248
588.0000     -732877.621595
592.0000     -733297.821841
596.0000     -733499.305100
600.0000     -733758.512487
604.0000     -733565.033084
608.0000     -733312.317857
612.0000     -733409.213010
616.0000     -733051.651571
620.0000     -732766.557422
624.0000     -732744.177599
628.0000     -732690.098763
632.0000     -733659.382375
636.0000     -733668.848991
640.0000     -733553.777452
644.0000     -733283.575883
648.0000     -733394.807558
652.0000     -733241.107684
656.0000     -734260.698978
660.0000     -733432.282769
664.0000     -734307.695153
668.0000     -733632.752227
672.0000     -734112.289697
676.0000     -733503.821295
680.0000     -734062.668625
684.0000     -733928.787127
688.0000     -733779.510597
692.0000     -734627.356755
696.0000     -733189.286062
700.0000     -733488.965238
704.0000     -733517.660574
708.0000     -734074.688520
712.0000     -734125.172893
716.0000     -734091.441235
720.0000     -733433.265650
724.0000     -733195.571160
728.0000     -732648.739366
732.0000     -732676.134491
736.0000     -734170.559325
740.0000     -732803.241232
744.0000     -733455.327107
748.0000     -734088.036910
752.0000     -733405.699140
756.0000     -733187.104361
760.0000     -734450.933183
764.0000     -734130.446178
768.0000     -733294.979773
772.0000     -734001.090111
776.0000     -733646.977511
780.0000     -733135.207430
784.0000     -733924.136602
788.0000     -733947.603989
792.0000     -733033.755179
796.0000     -733857.155887
800.0000     -733492.921796
804.0000     -732957.409948
808.0000     -733574.265108
812.0000     -732938.166118
816.0000     -733180.532275
820.0000     -733620.529839
824.0000     -733505.599052
828.0000     -734250.958568
832.0000     -733374.899080
836.0000     -733146.910107
840.0000     -733110.842571
844.0000     -732877.683977
848.0000     -734318.057645
852.0000     -733719.931813
856.0000     -733566.269752
860.0000     -733428.855310
864.0000     -733293.963848
868.0000     -733290.666727
872.0000     -733078.490021
876.0000     -733727.577467
880.0000     -733027.404242
884.0000     -732696.375773
888.0000     -732331.386513
892.0000     -732824.859173
896.0000     -733364.475772
900.0000     -733025.247511
904.0000     -733742.408449
908.0000     -732913.051311
912.0000     -732713.349229
916.0000     -732810.589014
920.0000     -732901.377768
924.0000     -732896.758899
928.0000     -732957.102892
932.0000     -733738.254492
936.0000     -733255.115870
940.0000     -732902.060815
944.0000     -733265.950421
948.0000     -733139.595232
952.0000     -733054.656440
956.0000     -733425.978186
960.0000     -733505.186099
964.0000     -733961.391370
968.0000     -733964.493413
972.0000     -733793.894363
976.0000     -732974.994769
980.0000     -734297.735520
984.0000     -733334.637956
988.0000     -733254.779578
992.0000     -733711.903841
996.0000     -733889.869196
1000.0000     -733685.384994
1004.0000     -733215.982219
1008.0000     -733715.741067
1012.0000     -733827.031330
1016.0000     -733344.532365
1020.0000     -733172.084048
1024.0000     -733981.791433
1028.0000     -732967.104327
1032.0000     -733361.890335
1036.0000     -733714.115440
1040.0000     -733695.789964
1044.0000     -732973.916704
1048.0000     -733212.555156
1052.0000     -734324.982784
1056.0000     -733587.504715
1060.0000     -733497.295620
1064.0000     -733614.540176
1068.0000     -732938.287323
1072.0000     -733638.060967
1076.0000     -734640.424299
1080.0000     -733000.199876
1084.0000     -733047.513020
1088.0000     -733737.531245
1092.0000     -733302.669183
1096.0000     -732957.167644
1100.0000     -732793.994016
1104.0000     -732573.449993
1108.0000     -733558.360405
1112.0000     -733321.349883
1116.0000     -734335.479986
1120.0000     -733193.401616
1124.0000     -733492.793350
1128.0000     -733955.332758
1132.0000     -734425.833222
1136.0000     -733601.133886
1140.0000     -733592.136702
1144.0000     -733254.931306
1148.0000     -733329.863173
1152.0000     -733364.312175
1156.0000     -733014.958305
1160.0000     -732391.803420
1164.0000     -733555.899865
1168.0000     -733888.833538
1172.0000     -734092.894137
1176.0000     -732784.233262
1180.0000     -733261.508083
1184.0000     -733172.219053
1188.0000     -733128.727738
1192.0000     -733415.286272
1196.0000     -733678.434737
1200.0000     -733405.379614
1204.0000     -733193.858842
1208.0000     -732472.709907
1212.0000     -732474.978871
1216.0000     -733649.429712
1220.0000     -733138.976663
1224.0000     -733413.026630
1228.0000     -732840.940927
1232.0000     -732902.519319
1236.0000     -732954.830325
1240.0000     -734238.056589
1244.0000     -733303.445035
1248.0000     -733694.514453
1252.0000     -732873.581984
1256.0000     -733077.671100
1260.0000     -733417.698318
1264.0000     -733930.929197
1268.0000     -732955.465529
1272.0000     -732824.259893
1276.0000     -732699.282715
1280.0000     -732875.137377
1284.0000     -733355.971794
1288.0000     -733281.898557
1292.0000     -732512.383725
1296.0000     -732560.062874
1300.0000     -733842.970910
1304.0000     -733205.970267
1308.0000     -732762.305995
1312.0000     -733179.587015
1316.0000     -732996.561231
1320.0000     -733246.212615
1324.0000     -733518.618425
1328.0000     -732896.166750
1332.0000     -733265.113973
1336.0000     -732999.643664
1340.0000     -733519.528290
1344.0000     -732665.436413
1348.0000     -733887.863422
1352.0000     -733724.493201
1356.0000     -733504.937984
1360.0000     -734136.780534
1364.0000     -732984.525789
1368.0000     -733881.286557
1372.0000     -733450.663075
1376.0000     -733626.474469
1380.0000     -733919.880660
1384.0000     -733366.033401
1388.0000     -733975.496814
1392.0000     -733726.861924
1396.0000     -734056.947060
1400.0000     -733120.205247
1404.0000     -733990.422514
1408.0000     -733971.149221
1412.0000     -733038.335790
1416.0000     -733397.103077
1420.0000     -733619.860057
1424.0000     -733391.703814
1428.0000     -733204.647804
1432.0000     -733296.182292
1436.0000     -733324.086776
1440.0000     -733770.775106
1444.0000     -733463.618898
1448.0000     -732814.865240
1452.0000     -733363.543158
1456.0000     -733175.716006
1460.0000     -733189.596977
1464.0000     -733437.069187
1468.0000     -732722.427264
1472.0000     -732323.921742
1476.0000     -733015.448778
1480.0000     -732889.624996
1484.0000     -733377.473984
1488.0000     -732232.993580
1492.0000     -732607.846941
1496.0000     -733073.604609
1500.0000     -733616.435423
1504.0000     -732398.596707
1508.0000     -733751.329825
1512.0000     -732935.320356
1516.0000     -733239.629006
1520.0000     -733422.499881
1524.0000     -733264.103111
1528.0000     -733305.610123
1532.0000     -733125.210546
1536.0000     -733352.443554
1540.0000     -733739.574421
1544.0000     -733122.423453
1548.0000     -733223.882052
1552.0000     -732982.509053
1556.0000     -732782.424042
1560.0000     -733414.126102
1564.0000     -732896.953646
1568.0000     -732976.954277
1572.0000     -733488.668506
1576.0000     -733243.987972
1580.0000     -733499.220207
1584.0000     -732624.228595
1588.0000     -733686.009450
1592.0000     -733957.172523
1596.0000     -733495.644000
1600.0000     -733271.684448
1604.0000     -734125.216967
1608.0000     -733158.224989
1612.0000     -733538.292788
1616.0000     -734053.805049
1620.0000     -733614.863654
1624.0000     -733249.671860
1628.0000     -733230.169963
1632.0000     -733026.799761
1636.0000     -733541.569779
1640.0000     -733788.208887
1644.0000     -733534.371462
1648.0000     -732952.196121
1652.0000     -733327.507624
1656.0000     -733232.566737
1660.0000     -733350.391731
1664.0000     -733355.662763
1668.0000     -733497.538021
1672.0000     -733866.774429
1676.0000     -733962.864695
1680.0000     -734239.819917
1684.0000     -733942.675180
1688.0000     -734216.599188
1692.0000     -733228.314901
1696.0000     -733221.708412
1700.0000     -733356.193300
1704.0000     -733697.908156
1708.0000     -732487.808930
1712.0000     -733641.837701
1716.0000     -732894.395578
1720.0000     -733094.410487
1724.0000     -733501.224211
1728.0000     -733524.874742
1732.0000     -732985.993375
1736.0000     -732224.824534
1740.0000     -733766.925380
1744.0000     -733457.726739
1748.0000     -733126.119648
1752.0000     -733032.054648
1756.0000     -732841.397444
1760.0000     -734046.498082
1764.0000     -733723.803576
1768.0000     -733639.317816
1772.0000     -732985.281605
1776.0000     -734076.812621
1780.0000     -732939.790487
1784.0000     -732754.746204
1788.0000     -733337.408667
1792.0000     -733501.314768
1796.0000     -733579.182725
1800.0000     -732700.134356
1804.0000     -733374.700844
1808.0000     -733977.337931
1812.0000     -732979.136395
1816.0000     -733992.185567
1820.0000     -733192.967496
1824.0000     -732829.193099
1828.0000     -733308.440915
1832.0000     -733339.765713
1836.0000     -733946.123464
1840.0000     -732666.853636
1844.0000     -733534.629677
1848.0000     -733442.335199
1852.0000     -733651.831876
1856.0000     -733256.294528
1860.0000     -734155.659781
1864.0000     -733243.997309
1868.0000     -733901.414591
1872.0000     -733403.514560
1876.0000     -732791.642615
1880.0000     -733922.006733
1884.0000     -733476.691774
1888.0000     -733641.577842
1892.0000     -732256.577668
1896.0000     -733474.080046
1900.0000     -732252.384538
1904.0000     -733560.651898
1908.0000     -732713.400445
1912.0000     -733152.707863
1916.0000     -733663.139724
1920.0000     -733386.827618
1924.0000     -732778.484330
1928.0000     -733450.843941
1932.0000     -733312.162218
1936.0000     -733489.685703
1940.0000     -733118.106006
1944.0000     -733061.626538
1948.0000     -733927.558738
1952.0000     -733232.908654
1956.0000     -732674.248568
1960.0000     -733939.060691
1964.0000     -733808.744458
1968.0000     -734016.061314
1972.0000     -734124.141995
1976.0000     -733029.358479
1980.0000     -732788.000947
1984.0000     -733210.976479
1988.0000     -733887.261324
1992.0000     -734183.342646
1996.0000     -732817.708949
2000.0000     -732846.035983
2004.0000     -733481.432566
2008.0000     -734053.398270
2012.0000     -733310.112311
2016.0000     -733593.764201
2020.0000     -733665.278836
2024.0000     -733704.061596
2028.0000     -732611.511549
2032.0000     -734196.599553
2036.0000     -733030.268193
2040.0000     -732838.721011
2044.0000     -733266.171422
2048.0000     -732921.256186
2052.0000     -733731.269067
2056.0000     -734145.274377
2060.0000     -733225.995784
2064.0000     -734062.813918
2068.0000     -734095.425855
2072.0000     -732604.626776
2076.0000     -732715.001614
2080.0000     -734196.733355
2084.0000     -733611.720515
2088.0000     -734217.642824
2092.0000     -733617.656963
2096.0000     -734629.510302
2100.0000     -732744.150937
2104.0000     -734412.798124
2108.0000     -733052.574372
2112.0000     -734046.261173
2116.0000     -733246.768266
2120.0000     -733850.514774
2124.0000     -732762.768414
2128.0000     -733464.112061
2132.0000     -733504.502681
2136.0000     -733164.261773
2140.0000     -734423.198954
2144.0000     -734585.574370
2148.0000     -733666.649743
2152.0000     -734045.666022
2156.0000     -733164.587271
2160.0000     -733387.325875
2164.0000     -733621.976461
2168.0000     -733776.635629
2172.0000     -733382.742359
2176.0000     -733427.050887
2180.0000     -732991.753383
2184.0000     -733496.314773
2188.0000     -733640.007232
2192.0000     -733458.195858
2196.0000     -733789.717747
2200.0000     -734188.677043
2204.0000     -733735.052949
2208.0000     -733021.387459
2212.0000     -732307.313348
2216.0000     -733720.796720
2220.0000     -734125.735499
2224.0000     -733142.053923
2228.0000     -733439.328352
2232.0000     -733776.190516
2236.0000     -732957.263780
2240.0000     -733369.573195
2244.0000     -733932.221836
2248.0000     -733289.567547
2252.0000     -734130.388853
2256.0000     -733483.681887
2260.0000     -733660.756379
2264.0000     -733802.195132
2268.0000     -733344.886384
2272.0000     -732743.611254
2276.0000     -733811.144007
2280.0000     -733634.073803
2284.0000     -733978.624693
2288.0000     -733528.521764
2292.0000     -733944.956956
2296.0000     -733259.536417
2300.0000     -733393.449971
2304.0000     -733850.890668
2308.0000     -733700.835531
2312.0000     -733247.979005
2316.0000     -733898.453125
2320.0000     -734052.169387
2324.0000     -733780.458672
2328.0000     -733891.850941
2332.0000     -732804.926433
2336.0000     -734369.135905
2340.0000     -733608.912995
2344.0000     -733048.223944
2348.0000     -733319.249624
2352.0000     -733246.273667
2356.0000     -733227.826293
2360.0000     -733811.369205
2364.0000     -733751.789429
2368.0000     -733695.592239
2372.0000     -732925.135135
2376.0000     -733215.514742
2380.0000     -733854.142700
2384.0000     -733771.803977
2388.0000     -733792.809000
2392.0000     -734347.272446
2396.0000     -733334.332855
2400.0000     -733180.815851
2404.0000     -732751.421391
2408.0000     -733406.570472
2412.0000     -734131.289646
2416.0000     -733708.881637
2420.0000     -732822.686586
2424.0000     -734085.588698
2428.0000     -733143.693883
2432.0000     -733509.677797
2436.0000     -733686.209708
2440.0000     -734270.188597
2444.0000     -733663.662169
2448.0000     -733404.822857
2452.0000     -734582.837569
2456.0000     -734338.018971
2460.0000     -733670.578930
2464.0000     -734026.209593
2468.0000     -733496.775777
2472.0000     -733919.826795
2476.0000     -733383.894649
2480.0000     -733340.253390
2484.0000     -733338.784476
2488.0000     -733828.896088
2492.0000     -733752.665712
2496.0000     -733474.619321
2500.0000     -732611.282252
2504.0000     -733634.922692
2508.0000     -733377.084449
2512.0000     -733273.059793
2516.0000     -733945.276446
2520.0000     -734142.599290
2524.0000     -733227.769400
2528.0000     -732686.543473
2532.0000     -734218.766327
2536.0000     -733615.907302
2540.0000     -732756.237067
2544.0000     -733226.233846
2548.0000     -732531.636491
2552.0000     -732782.276753
2556.0000     -733070.411711
2560.0000     -733225.154287
2564.0000     -733828.097423
2568.0000     -732366.557719
2572.0000     -733381.799802
2576.0000     -732992.408171
2580.0000     -732717.774716
2584.0000     -733233.224318
2588.0000     -734446.674960
2592.0000     -733324.182475
2596.0000     -732880.005451
2600.0000     -732682.085987
2604.0000     -733512.906524
2608.0000     -733025.453539
2612.0000     -732457.044202
2616.0000     -733835.176365
2620.0000     -733710.744552
2624.0000     -733195.594211
2628.0000     -733424.275091
2632.0000     -733343.451200
2636.0000     -734159.928718
2640.0000     -733366.914969
2644.0000     -733669.244041
2648.0000     -733428.488470
2652.0000     -734184.934158
2656.0000     -733522.249906
2660.0000     -733447.170866
2664.0000     -733814.424227
2668.0000     -733707.169271
2672.0000     -734446.536131
2676.0000     -733879.156460
2680.0000     -733453.773651
2684.0000     -733073.845402
2688.0000     -733880.482265
2692.0000     -733383.205567
2696.0000     -733062.121476
2700.0000     -733622.293181
2704.0000     -734181.630859
2708.0000     -733137.873219
2712.0000     -733619.949765
2716.0000     -732699.313455
2720.0000     -733551.300968
2724.0000     -732951.834152
2728.0000     -733535.589460
2732.0000     -733774.225438
2736.0000     -733747.701345
2740.0000     -733891.072263
2744.0000     -733424.727832
2748.0000     -733022.022284
2752.0000     -732576.938506
2756.0000     -733863.575743
2760.0000     -734351.806605
2764.0000     -733974.907667
2768.0000     -734086.185341
2772.0000     -733563.190603
2776.0000     -734384.142489
2780.0000     -733920.400251
2784.0000     -734960.058922
2788.0000     -733828.762512
2792.0000     -733674.350549
2796.0000     -733110.445084
2800.0000     -733693.377152
2804.0000     -733773.476377
2808.0000     -733304.580240
2812.0000     -733536.673155
2816.0000     -732816.945673
2820.0000     -732859.768502
2824.0000     -733211.138811
2828.0000     -733566.856255
2832.0000     -733421.523970
2836.0000     -733040.171861
2840.0000     -733640.197607
2844.0000     -732521.594130
2848.0000     -733196.173707
2852.0000     -733262.881297
2856.0000     -734041.749761
2860.0000     -733690.487483
2864.0000     -733460.866297
2868.0000     -733724.022746
2872.0000     -733461.399109
2876.0000     -733860.870734
2880.0000     -735008.071990
2884.0000     -733260.786428
2888.0000     -733915.241996
2892.0000     -733600.480091
2896.0000     -733839.732893
2900.0000     -733106.155450
2904.0000     -734574.335268
2908.0000     -734149.911185
2912.0000     -733350.014342
2916.0000     -734084.925695
2920.0000     -733811.397287
2924.0000     -733627.819286
2928.0000     -734097.505783
2932.0000     -734106.270293
2936.0000     -733888.582226
2940.0000     -733975.257159
2944.0000     -733618.791559
2948.0000     -733237.353989
2952.0000     -732778.952061
2956.0000     -733612.419152
2960.0000     -733798.468459
2964.0000     -734303.226666
2968.0000     -733205.574207
2972.0000     -733577.546659
2976.0000     -733846.453965
2980.0000     -734211.907423
2984.0000     -734286.637927
2988.0000     -733182.348199
2992.0000     -732868.812741
2996.0000     -734482.360676
3000.0000     -734607.772718
3004.0000     -733668.937581
3008.0000     -732711.076386
3012.0000     -732979.475862
3016.0000     -733253.376532
3020.0000     -733094.562856
3024.0000     -733657.072262
3028.0000     -733593.777250
3032.0000     -733555.563033
3036.0000     -733638.508448
3040.0000     -733263.444195
3044.0000     -733654.450378
3048.0000     -733602.554821
3052.0000     -734475.786014
3056.0000     -734198.670785
3060.0000     -733346.206703
3064.0000     -732595.095564
3068.0000     -733788.771209
3072.0000     -733517.662871
3076.0000     -733193.829550
3080.0000     -732462.556087
3084.0000     -733668.275078
3088.0000     -733996.681707
3092.0000     -733889.472077
3096.0000     -733057.843953
3100.0000     -733538.520960
3104.0000     -733704.028040
3108.0000     -733076.922123
3112.0000     -732157.777297
3116.0000     -732880.787841
3120.0000     -733788.629030
3124.0000     -733648.246746
3128.0000     -733770.713701
3132.0000     -734312.067973
3136.0000     -733248.094854
3140.0000     -733269.243407
3144.0000     -733886.385291
3148.0000     -733299.883488
3152.0000     -733858.826685
3156.0000     -732698.677184
3160.0000     -733560.043244
3164.0000     -733155.945762
3168.0000     -733054.873122
3172.0000     -733265.720532
3176.0000     -733438.493965
3180.0000     -734004.271045
3184.0000     -733966.737509
3188.0000     -732978.479346
3192.0000     -733615.405703
3196.0000     -733610.816031
3200.0000     -733667.061448
3204.0000     -734126.535237
3208.0000     -733087.419459
3212.0000     -733451.317620
3216.0000     -734279.039946
3220.0000     -732890.049493
3224.0000     -733561.244213
3228.0000     -733651.581088
3232.0000     -734750.908097
3236.0000     -733406.495666
3240.0000     -734400.055319
3244.0000     -733988.582633
3248.0000     -733638.141142
3252.0000     -733918.444619
3256.0000     -733300.172064
3260.0000     -733107.311680
3264.0000     -732824.278748
3268.0000     -733326.888588
3272.0000     -734223.127319
3276.0000     -733625.981417
3280.0000     -733063.252226
3284.0000     -733594.191016
3288.0000     -732512.404053
3292.0000     -732535.292056
3296.0000     -733603.379381
3300.0000     -733171.062574
3304.0000     -732969.938125
3308.0000     -733628.051604
3312.0000     -733772.966670
3316.0000     -733611.317235
3320.0000     -733396.452464
3324.0000     -733099.247199
3328.0000     -734401.064741
3332.0000     -733556.246609
3336.0000     -733652.726808
3340.0000     -734083.656430
3344.0000     -733277.269000
3348.0000     -734003.504590
3352.0000     -734703.012158
3356.0000     -733994.439488
3360.0000     -733309.019154
3364.0000     -733351.544003
3368.0000     -734427.583455
3372.0000     -733069.823174
3376.0000     -732815.759980
3380.0000     -733541.612396
3384.0000     -733707.614998
3388.0000     -733393.545261
3392.0000     -733697.806501
3396.0000     -733513.914895
3400.0000     -733318.521028
3404.0000     -733459.126926
3408.0000     -733473.435692
3412.0000     -733459.918551
3416.0000     -733972.686342
3420.0000     -733016.719023
3424.0000     -733349.409197
3428.0000     -733185.876510
3432.0000     -733766.290537
3436.0000     -733212.254104
3440.0000     -733619.616947
3444.0000     -733429.065083
3448.0000     -734021.638708
3452.0000     -734203.043767
3456.0000     -732797.686145
3460.0000     -733305.857305
3464.0000     -734193.959036
3468.0000     -733638.124673
3472.0000     -733009.413542
3476.0000     -734440.144294
3480.0000     -733711.712379
3484.0000     -733786.244776
3488.0000     -733513.538405
3492.0000     -733450.466139
3496.0000     -733785.478159
3500.0000     -733458.901967
3504.0000     -733815.935313
3508.0000     -734706.550776
3512.0000     -733251.926721
3516.0000     -733518.804152
3520.0000     -734109.033111
3524.0000     -733037.340324
3528.0000     -733797.534591
3532.0000     -733976.184912
3536.0000     -733197.624387
3540.0000     -733626.993824
3544.0000     -733161.114752
3548.0000     -733213.457627
3552.0000     -733830.137805
3556.0000     -733650.988250
3560.0000     -733201.493942
3564.0000     -734000.076204
3568.0000     -733824.153131
3572.0000     -733985.472187
3576.0000     -733995.694019
3580.0000     -733555.431387
3584.0000     -733073.071171
3588.0000     -734041.611855
3592.0000     -733473.233649
3596.0000     -733755.222759
3600.0000     -733137.273840
3604.0000     -733109.920210
3608.0000     -733720.845743
3612.0000     -733638.646831
3616.0000     -733740.406288
3620.0000     -733595.189764
3624.0000     -733032.603897
3628.0000     -733221.850704
3632.0000     -733450.126929
3636.0000     -733680.792823
3640.0000     -733816.206970
3644.0000     -733837.591984
3648.0000     -733774.656548
3652.0000     -734162.368255
3656.0000     -733328.797867
3660.0000     -733247.919890
3664.0000     -734013.040521
3668.0000     -732939.473350
3672.0000     -733184.496764
3676.0000     -734259.451274
3680.0000     -734151.262302
3684.0000     -733237.550185
3688.0000     -734586.138627
3692.0000     -733908.432867
3696.0000     -733525.228407
3700.0000     -733744.521453
3704.0000     -734593.169454
3708.0000     -733314.734185
3712.0000     -733836.041162
3716.0000     -733571.148675
3720.0000     -733452.750981
3724.0000     -732723.167887
3728.0000     -733260.648210
3732.0000     -733907.581313
3736.0000     -732878.784398
3740.0000     -733133.102789
3744.0000     -733824.047802
3748.0000     -733600.469992
3752.0000     -733786.008566
3756.0000     -734385.246342
3760.0000     -734230.914758
3764.0000     -733535.358101
3768.0000     -734405.663094
3772.0000     -733588.965505
3776.0000     -733265.407018
3780.0000     -733918.915182
3784.0000     -733499.127482
3788.0000     -733483.126448
3792.0000     -733706.315156
3796.0000     -733785.203836
3800.0000     -733232.654320
3804.0000     -734109.668621
3808.0000     -733843.202708
3812.0000     -733347.106952
3816.0000     -733331.817088
3820.0000     -732869.338133
3824.0000     -734108.177158
3828.0000     -734121.041849
3832.0000     -733718.226694
3836.0000     -733115.262539
3840.0000     -733841.885654
3844.0000     -733578.782259
3848.0000     -732898.027555
3852.0000     -734397.220707
3856.0000     -734048.632132
3860.0000     -733020.730455
3864.0000     -733535.431763
3868.0000     -734321.432035
3872.0000     -734704.158285
3876.0000     -733449.037631
3880.0000     -733114.452180
3884.0000     -732711.560430
3888.0000     -733445.424515
3892.0000     -733635.967870
3896.0000     -733601.767199
3900.0000     -733186.080785
3904.0000     -733665.985639
3908.0000     -734213.121874
3912.0000     -733928.187398
3916.0000     -733735.687467
3920.0000     -734430.085063
3924.0000     -734291.288242
3928.0000     -734400.343003
3932.0000     -733556.837421
3936.0000     -734506.566428
3940.0000     -733269.122047
3944.0000     -733624.017320
3948.0000     -733511.010358
3952.0000     -733694.049961
3956.0000     -733980.488594
3960.0000     -732800.254844
3964.0000     -733618.170130
3968.0000     -734003.200646
3972.0000     -733958.528827
3976.0000     -733438.750499
3980.0000     -733601.016652
3984.0000     -733339.876905
3988.0000     -734339.591863
3992.0000     -734570.558489
3996.0000     -733986.100143
4000.0000     -733595.481424
4004.0000     -733595.481424
