4.0000     -733064.471124
8.0000     -733056.560632
12.0000     -732688.729952
16.0000     -732634.189124
20.0000     -733499.803711
24.0000     -733254.210552
28.0000     -733526.193086
32.0000     -733497.579654
36.0000     -732791.108811
40.0000     -733251.056222
44.0000     -733615.453104
48.0000     -733819.236893
52.0000     -733548.103199
56.0000     -732711.444615
60.0000     -733937.509725
64.0000     -733534.592894
68.0000     -733388.164264
72.0000     -733060.089637
76.0000     -732684.915609
80.0000     -733039.085387
84.0000     -733173.639996
88.0000     -733417.304222
92.0000     -733302.053391
96.0000     -733008.795489
100.0000     -732673.148963
104.0000     -734116.237975
108.0000     -734152.970167
112.0000     -732543.157438
116.0000     -733049.505648
120.0000     -733305.016967
124.0000     -733396.684248
128.0000     -733375.654522
132.0000     -733252.985812
136.0000     -732868.192556
140.0000     -733404.931221
144.0000     -733459.681451
148.0000     -732438.525820
152.0000     -732640.185212
156.0000     -732917.577567
160.0000     -733112.301562
164.0000     -731711.580043
168.0000     -733170.257055
172.0000     -732907.280118
176.0000     -732988.137067
180.0000     -733001.503237
184.0000     -733017.479451
188.0000     -733611.768845
192.0000     -733049.554614
196.0000     -733406.711730
200.0000     -733151.309221
204.0000     -732802.780665
208.0000     -732775.159590
212.0000     -732455.328991
216.0000     -732826.513543
220.0000     -733130.579542
224.0000     -733488.770464
228.0000     -733345.265036
232.0000     -732741.370044
236.0000     -733232.228515
240.0000     -733353.873773
244.0000     -732484.272546
248.0000     -732617.976192
252.0000     -733496.013540
256.0000     -733748.949264
260.0000     -733467.609096
264.0000     -733092.000349
268.0000     -733447.263505
272.0000     -733058.042932
276.0000     -732729.640104
280.0000     -733508.291952
284.0000     -733629.454082
288.0000     -733268.850122
292.0000     -733672.233992
296.0000     -733681.942861
300.0000     -733986.789374
304.0000     -733123.949898
308.0000     -733495.174956
312.0000     -733469.326466
316.0000     -733685.626408
320.0000     -733180.913187
324.0000     -733129.282598
328.0000     -733208.840491
332.0000     -733116.094837
336.0000     -732917.421636
340.0000     -732808.661192
344.0000     -732319.133449
348.0000     -732786.135137
352.0000     -733835.712869
356.0000     -733081.132943
360.0000     -732609.159149
364.0000     -733267.246886
368.0000     -732389.620485
372.0000     -733177.089926
376.0000     -732923.195984
380.0000     -733425.137011
384.0000     -732946.974363
388.0000     -732180.129351
392.0000     -733363.982444
396.0000     -733778.094334
400.0000     -733571.884440
404.0000     -732735.650605
408.0000     -732845.643797
412.0000     -733279.396938
416.0000     -733226.356109
420.0000     -733156.864539
424.0000     -732972.435802
428.0000     -733254.745012
432.0000     -733250.006820
436.0000     -733294.181236
440.0000     -734154.336645
444.0000     -733320.378016
448.0000     -733564.336984
452.0000     -733304.274565
456.0000     -733196.391878
460.0000     -733228.204594
464.0000     -732748.853477
468.0000     -732583.928243
472.0000     -732955.256399
476.0000     -733645.464821
480.0000     -732932.545244
484.0000     -733379.561991
488.0000     -733794.698058
492.0000     -733083.644586
496.0000     -732888.198293
500.0000     -733826.936875
504.0000     -733559.892748
508.0000     -733763.373322
512.0000     -733856.379122
516.0000     -734613.223982
520.0000     -733276.560645
524.0000     -734278.088831
528.0000     -733930.498053
532.0000     -733514.583063
536.0000     -733471.004012
540.0000     -732897.195970
544.0000     -733602.390263
548.0000     -733362.386530
552.0000     -732942.211826
556.0000     -733371.158130
560.0000     -732995.052131
564.0000     -732966.011239
568.0000     -733498.287045
572.0000     -733022.111411
576.0000     -732409.020604
580.0000     -732997.193030
584.0000     -732972.078785
588.0000     -732865.196240
592.0000     -733285.143675
596.0000     -733487.333009
600.0000     -733746.201017
604.0000     -733552.000521
608.0000     -733300.386891
612.0000     -733396.259773
616.0000     -733041.419227
620.0000     -732752.765674
624.0000     -732731.494708
628.0000     -732678.597949
632.0000     -733646.919247
636.0000     -733657.096083
640.0000     -733542.017673
644.0000     -733272.121370
648.0000     -733381.734071
652.0000     -733228.999038
656.0000     -734248.769169
660.0000     -733420.864480
664.0000     -734294.856289
668.0000     -733620.821077
672.0000     -734099.960479
676.0000     -733493.261929
680.0000     -734051.059233
684.0000     -733918.902141
688.0000     -733765.714194
692.0000     -734615.650194
696.0000     -733179.796204
700.0000     -733480.427438
704.0000     -733509.626860
708.0000     -734062.531486
712.0000     -734111.180804
716.0000     -734079.764453
720.0000     -733421.262835
724.0000     -733183.216924
728.0000     -732636.425767
732.0000     -732662.863462
736.0000     -734157.348591
740.0000     -732792.393677
744.0000     -733443.783022
748.0000     -734076.476466
752.0000     -733392.097728
756.0000     -733175.986380
760.0000     -734438.368452
764.0000     -734118.003824
768.0000     -733283.169159
772.0000     -733988.638914
776.0000     -733634.441222
780.0000     -733122.763012
784.0000     -733911.042213
788.0000     -733934.411936
792.0000     -733020.758114
796.0000     -733844.184470
800.0000     -733480.866974
804.0000     -732945.682400
808.0000     -733560.242340
812.0000     -732925.128384
816.0000     -733166.818660
820.0000     -733607.041041
824.0000     -733493.195974
828.0000     -734239.911150
832.0000     -733362.546585
836.0000     -733135.534477
840.0000     -733100.377913
844.0000     -732865.955497
848.0000     -734306.619151
852.0000     -733707.465309
856.0000     -733554.113154
860.0000     -733416.482276
864.0000     -733280.938844
868.0000     -733280.960213
872.0000     -733066.475441
876.0000     -733715.732761
880.0000     -733015.243736
884.0000     -732683.793369
888.0000     -732319.525110
892.0000     -732813.237817
896.0000     -733359.098105
900.0000     -733013.883361
904.0000     -733729.568477
908.0000     -732901.300827
912.0000     -732701.641140
916.0000     -732797.639226
920.0000     -732890.904987
924.0000     -732884.414949
928.0000     -732944.616324
932.0000     -733728.233646
936.0000     -733242.594252
940.0000     -732888.233269
944.0000     -733256.135137
948.0000     -733127.677854
952.0000     -733042.604183
956.0000     -733414.562563
960.0000     -733496.443689
964.0000     -733949.794444
968.0000     -733951.656930
972.0000     -733782.385991
976.0000     -732963.599349
980.0000     -734287.322781
984.0000     -733321.778219
988.0000     -733245.419381
992.0000     -733699.013089
996.0000     -733877.763589
1000.0000     -733672.335886
1004.0000     -733203.698273
1008.0000     -733702.703366
1012.0000     -733815.299280
1016.0000     -733332.507259
1020.0000     -733159.064610
1024.0000     -733969.419767
1028.0000     -732955.552523
1032.0000     -733348.786868
1036.0000     -733701.830941
1040.0000     -733683.848787
1044.0000     -732965.048129
1048.0000     -733199.777978
1052.0000     -734313.030057
1056.0000     -733575.933295
1060.0000     -733485.449996
1064.0000     -733602.740272
1068.0000     -732926.442830
1072.0000     -733626.582572
1076.0000     -734627.756418
1080.0000     -732988.106648
1084.0000     -733035.819607
1088.0000     -733724.735046
1092.0000     -733290.315611
1096.0000     -732944.671122
1100.0000     -732782.196124
1104.0000     -732561.996818
1108.0000     -733546.843891
1112.0000     -733308.420203
1116.0000     -734322.983554
1120.0000     -733181.152114
1124.0000     -733481.159747
1128.0000     -733943.686798
1132.0000     -734414.691993
1136.0000     -733590.413973
1140.0000     -733579.476796
1144.0000     -733243.595282
1148.0000     -733318.019606
1152.0000     -733354.413396
1156.0000     -733003.375068
1160.0000     -732382.229578
1164.0000     -733544.561826
1168.0000     -733878.208732
1172.0000     -734080.411282
1176.0000     -732771.301854
1180.0000     -733249.111695
1184.0000     -733161.928661
1188.0000     -733117.042205
1192.0000     -733402.331354
1196.0000     -733665.678515
1200.0000     -733396.210868
1204.0000     -733180.721796
1208.0000     -732459.503968
1212.0000     -732463.031169
1216.0000     -733637.168613
1220.0000     -733126.523576
1224.0000     -733400.431660
1228.0000     -732830.413883
1232.0000     -732892.990193
1236.0000     -732942.461681
1240.0000     -734225.535473
1244.0000     -733291.566519
1248.0000     -733681.379711
1252.0000     -732863.531565
1256.0000     -733066.733247
1260.0000     -733406.247419
1264.0000     -733918.811092
1268.0000     -732945.466453
1272.0000     -732811.366804
1276.0000     -732686.991863
1280.0000     -732865.194433
1284.0000     -733346.530671
1288.0000     -733272.491704
1292.0000     -732501.328389
1296.0000     -732549.964615
1300.0000     -733830.649295
1304.0000     -733195.750228
1308.0000     -732751.332448
1312.0000     -733167.637044
1316.0000     -732984.740079
1320.0000     -733232.157025
1324.0000     -733507.186389
1328.0000     -732884.059376
1332.0000     -733253.984110
1336.0000     -732987.203707
1340.0000     -733508.123746
1344.0000     -732654.427936
1348.0000     -733876.306592
1352.0000     -733716.536013
1356.0000     -733492.753826
1360.0000     -734124.501751
1364.0000     -732971.240691
1368.0000     -733873.962282
1372.0000     -733439.967357
1376.0000     -733614.803514
1380.0000     -733910.435894
1384.0000     -733353.213421
1388.0000     -733962.781056
1392.0000     -733715.322215
1396.0000     -734046.320664
1400.0000     -733108.165882
1404.0000     -733979.130915
1408.0000     -733957.312901
1412.0000     -733025.155933
1416.0000     -733386.807430
1420.0000     -733609.061006
1424.0000     -733379.449161
1428.0000     -733192.093057
1432.0000     -733287.032428
1436.0000     -733312.361845
1440.0000     -733759.049298
1444.0000     -733450.980731
1448.0000     -732804.247182
1452.0000     -733352.193346
1456.0000     -733163.543340
1460.0000     -733177.912790
1464.0000     -733428.011528
1468.0000     -732711.623107
1472.0000     -732312.181017
1476.0000     -733003.052984
1480.0000     -732879.429750
1484.0000     -733365.487013
1488.0000     -732220.190008
1492.0000     -732595.055934
1496.0000     -733061.247069
1500.0000     -733604.920752
1504.0000     -732386.080413
1508.0000     -733739.078836
1512.0000     -732928.161937
1516.0000     -733226.491551
1520.0000     -733410.532860
1524.0000     -733253.838560
1528.0000     -733295.336750
1532.0000     -733113.451204
1536.0000     -733339.570963
1540.0000     -733728.288357
1544.0000     -733110.102192
1548.0000     -733211.475065
1552.0000     -732971.987817
1556.0000     -732769.941684
1560.0000     -733402.736378
1564.0000     -732885.697972
1568.0000     -732963.753904
1572.0000     -733476.930741
1576.0000     -733231.952120
1580.0000     -733485.767613
1584.0000     -732611.743173
1588.0000     -733674.656618
1592.0000     -733944.927434
1596.0000     -733483.956854
1600.0000     -733263.682166
1604.0000     -734114.241240
1608.0000     -733146.404037
1612.0000     -733526.447116
1616.0000     -734044.132312
1620.0000     -733603.085129
1624.0000     -733237.919436
1628.0000     -733218.663324
1632.0000     -733014.380082
1636.0000     -733529.703788
1640.0000     -733774.698051
1644.0000     -733522.941009
1648.0000     -732941.770005
1652.0000     -733316.475102
1656.0000     -733219.326507
1660.0000     -733338.598942
1664.0000     -733343.391421
1668.0000     -733484.902512
1672.0000     -733855.471182
1676.0000     -733951.408801
1680.0000     -734233.640836
1684.0000     -733931.017474
1688.0000     -734205.167221
1692.0000     -733215.715714
1696.0000     -733210.887874
1700.0000     -733345.043639
1704.0000     -733685.523784
1708.0000     -732474.217623
1712.0000     -733632.616245
1716.0000     -732886.879866
1720.0000     -733082.731978
1724.0000     -733489.288342
1728.0000     -733512.259173
1732.0000     -732974.240941
1736.0000     -732212.655563
1740.0000     -733759.956049
1744.0000     -733444.704689
1748.0000     -733114.286457
1752.0000     -733019.739540
1756.0000     -732830.589805
1760.0000     -734034.165793
1764.0000     -733710.405471
1768.0000     -733626.421117
1772.0000     -732973.606929
1776.0000     -734063.448219
1780.0000     -732928.229985
1784.0000     -732744.465335
1788.0000     -733324.662126
1792.0000     -733490.806913
1796.0000     -733567.634806
1800.0000     -732686.598429
1804.0000     -733364.335790
1808.0000     -733965.565798
1812.0000     -732966.593218
1816.0000     -733980.197259
1820.0000     -733181.197705
1824.0000     -732818.965056
1828.0000     -733298.225329
1832.0000     -733327.349569
1836.0000     -733934.723076
1840.0000     -732657.405355
1844.0000     -733522.669283
1848.0000     -733430.132103
1852.0000     -733642.428265
1856.0000     -733244.569961
1860.0000     -734144.280458
1864.0000     -733231.873234
1868.0000     -733889.387801
1872.0000     -733391.507033
1876.0000     -732780.291718
1880.0000     -733909.464575
1884.0000     -733464.751618
1888.0000     -733629.202507
1892.0000     -732246.472412
1896.0000     -733462.114344
1900.0000     -732239.887059
1904.0000     -733549.899815
1908.0000     -732700.545096
1912.0000     -733140.395029
1916.0000     -733652.664980
1920.0000     -733375.160071
1924.0000     -732766.715857
1928.0000     -733438.575489
1932.0000     -733301.297149
1936.0000     -733477.247591
1940.0000     -733108.039835
1944.0000     -733049.737888
1948.0000     -733915.401928
1952.0000     -733222.182722
1956.0000     -732661.856102
1960.0000     -733926.956669
1964.0000     -733797.345414
1968.0000     -734003.551673
1972.0000     -734115.113026
1976.0000     -733017.005275
1980.0000     -732775.046789
1984.0000     -733198.228262
1988.0000     -733874.681830
1992.0000     -734180.626712
1996.0000     -732806.310711
2000.0000     -732831.688006
2004.0000     -733469.126234
2008.0000     -734041.586785
2012.0000     -733299.371809
2016.0000     -733581.336276
2020.0000     -733658.090224
2024.0000     -733691.795415
2028.0000     -732610.758473
2032.0000     -734184.860146
2036.0000     -733016.628799
2040.0000     -732826.966611
2044.0000     -733258.125430
2048.0000     -732908.670222
2052.0000     -733719.458334
2056.0000     -734135.854235
2060.0000     -733214.798332
2064.0000     -734052.632531
2068.0000     -734084.732542
2072.0000     -732593.223459
2076.0000     -732702.729509
2080.0000     -734184.933535
2084.0000     -733601.421723
2088.0000     -734204.800817
2092.0000     -733606.732979
2096.0000     -734617.607062
2100.0000     -732733.623997
2104.0000     -734402.621118
2108.0000     -733040.826317
2112.0000     -734036.298824
2116.0000     -733237.465885
2120.0000     -733837.561886
2124.0000     -732749.871606
2128.0000     -733452.517483
2132.0000     -733495.491957
2136.0000     -733152.735600
2140.0000     -734410.271645
2144.0000     -734572.963882
2148.0000     -733654.512936
2152.0000     -734033.737622
2156.0000     -733154.044893
2160.0000     -733375.631257
2164.0000     -733609.577267
2168.0000     -733765.257669
2172.0000     -733369.999793
2176.0000     -733414.379160
2180.0000     -732980.251794
2184.0000     -733484.953898
2188.0000     -733629.537252
2192.0000     -733445.635759
2196.0000     -733778.043492
2200.0000     -734177.341010
2204.0000     -733724.086894
2208.0000     -733010.097366
2212.0000     -732297.846586
2216.0000     -733710.487569
2220.0000     -734112.695293
2224.0000     -733130.313912
2228.0000     -733428.996909
2232.0000     -733765.450324
2236.0000     -732944.796888
2240.0000     -733358.459826
2244.0000     -733922.874387
2248.0000     -733278.704847
2252.0000     -734118.781886
2256.0000     -733472.446406
2260.0000     -733649.582590
2264.0000     -733789.307090
2268.0000     -733332.373729
2272.0000     -732731.518421
2276.0000     -733798.167456
2280.0000     -733622.211678
2284.0000     -733966.974434
2288.0000     -733515.678617
2292.0000     -733933.111915
2296.0000     -733248.243791
2300.0000     -733381.702055
2304.0000     -733838.356591
2308.0000     -733688.209422
2312.0000     -733236.172112
2316.0000     -733885.200083
2320.0000     -734039.615907
2324.0000     -733768.407505
2328.0000     -733880.786194
2332.0000     -732790.923799
2336.0000     -734355.524696
2340.0000     -733602.182382
2344.0000     -733035.314692
2348.0000     -733307.049499
2352.0000     -733233.960831
2356.0000     -733215.295154
2360.0000     -733798.159077
2364.0000     -733739.468910
2368.0000     -733685.484939
2372.0000     -732913.302919
2376.0000     -733203.237741
2380.0000     -733842.144898
2384.0000     -733758.281121
2388.0000     -733781.374790
2392.0000     -734335.428380
2396.0000     -733321.480872
2400.0000     -733169.336566
2404.0000     -732738.793964
2408.0000     -733394.627734
2412.0000     -734119.257569
2416.0000     -733695.680098
2420.0000     -732812.955797
2424.0000     -734073.476823
2428.0000     -733131.760399
2432.0000     -733500.387362
2436.0000     -733674.170770
2440.0000     -734257.812330
2444.0000     -733650.197630
2448.0000     -733394.941545
2452.0000     -734573.109124
2456.0000     -734325.982121
2460.0000     -733661.540727
2464.0000     -734014.908035
2468.0000     -733484.748162
2472.0000     -733907.488207
2476.0000     -733373.052414
2480.0000     -733328.436111
2484.0000     -733327.851300
2488.0000     -733816.706556
2492.0000     -733740.846509
2496.0000     -733463.340830
2500.0000     -732599.632114
2504.0000     -733621.614699
2508.0000     -733370.518662
2512.0000     -733263.304530
2516.0000     -733935.430543
2520.0000     -734131.415253
2524.0000     -733215.008996
2528.0000     -732675.340640
2532.0000     -734208.356328
2536.0000     -733602.900541
2540.0000     -732743.258915
2544.0000     -733215.599818
2548.0000     -732518.964572
2552.0000     -732769.050935
2556.0000     -733058.031901
2560.0000     -733211.659052
2564.0000     -733817.816452
2568.0000     -732354.710054
2572.0000     -733370.468875
2576.0000     -732981.627486
2580.0000     -732705.288376
2584.0000     -733220.439946
2588.0000     -734434.680390
2592.0000     -733313.406186
2596.0000     -732869.285785
2600.0000     -732670.304551
2604.0000     -733501.856832
2608.0000     -733013.928553
2612.0000     -732444.572699
2616.0000     -733822.547850
2620.0000     -733701.744916
2624.0000     -733183.635956
2628.0000     -733411.316491
2632.0000     -733330.269665
2636.0000     -734147.132313
2640.0000     -733356.459536
2644.0000     -733656.613847
2648.0000     -733416.100337
2652.0000     -734175.178130
2656.0000     -733509.714479
2660.0000     -733434.969056
2664.0000     -733801.792171
2668.0000     -733694.835371
2672.0000     -734438.710361
2676.0000     -733867.306097
2680.0000     -733440.474382
2684.0000     -733061.721802
2688.0000     -733871.041246
2692.0000     -733371.640897
2696.0000     -733048.698621
2700.0000     -733610.918516
2704.0000     -734171.163134
2708.0000     -733125.168957
2712.0000     -733607.667884
2716.0000     -732686.035430
2720.0000     -733542.298601
2724.0000     -732940.532731
2728.0000     -733525.423038
2732.0000     -733761.105989
2736.0000     -733738.419188
2740.0000     -733879.847016
2744.0000     -733411.537887
2748.0000     -733014.042157
2752.0000     -732567.589925
2756.0000     -733849.457119
2760.0000     -734339.270596
2764.0000     -733961.601342
2768.0000     -734075.188645
2772.0000     -733552.399607
2776.0000     -734371.989479
2780.0000     -733908.350906
2784.0000     -734948.491860
2788.0000     -733817.021422
2792.0000     -733663.072936
2796.0000     -733098.250221
2800.0000     -733679.676968
2804.0000     -733763.152985
2808.0000     -733292.769392
2812.0000     -733524.348772
2816.0000     -732804.967130
2820.0000     -732848.151794
2824.0000     -733199.338738
2828.0000     -733555.826573
2832.0000     -733408.560315
2836.0000     -733028.064211
2840.0000     -733628.975398
2844.0000     -732509.962819
2848.0000     -733184.569814
2852.0000     -733252.206532
2856.0000     -734030.012803
2860.0000     -733677.576989
2864.0000     -733457.145717
2868.0000     -733713.597350
2872.0000     -733449.222432
2876.0000     -733848.549652
2880.0000     -734998.841899
2884.0000     -733249.889892
2888.0000     -733901.740394
2892.0000     -733589.467368
2896.0000     -733827.727156
2900.0000     -733092.968633
2904.0000     -734563.151512
2908.0000     -734137.068500
2912.0000     -733337.972573
2916.0000     -734073.946115
2920.0000     -733807.580304
2924.0000     -733616.377390
2928.0000     -734087.644330
2932.0000     -734095.869972
2936.0000     -733885.033252
2940.0000     -733963.168541
2944.0000     -733607.230180
2948.0000     -733225.091080
2952.0000     -732767.188042
2956.0000     -733601.673982
2960.0000     -733785.602033
2964.0000     -734291.206033
2968.0000     -733194.873634
2972.0000     -733564.741326
2976.0000     -733833.982059
2980.0000     -734199.490972
2984.0000     -734273.556883
2988.0000     -733170.190980
2992.0000     -732857.092531
2996.0000     -734470.001858
3000.0000     -734595.943363
3004.0000     -733656.425819
3008.0000     -732697.756007
3012.0000     -732967.506939
3016.0000     -733242.146768
3020.0000     -733082.997007
3024.0000     -733645.421464
3028.0000     -733585.390513
3032.0000     -733544.029945
3036.0000     -733625.518918
3040.0000     -733250.954795
3044.0000     -733643.437151
3048.0000     -733591.325539
3052.0000     -734464.558194
3056.0000     -734185.575832
3060.0000     -733333.977384
3064.0000     -732582.643239
3068.0000     -733779.773635
3072.0000     -733505.032151
3076.0000     -733181.808380
3080.0000     -732450.209010
3084.0000     -733656.408951
3088.0000     -733984.487181
3092.0000     -733876.797393
3096.0000     -733045.252061
3100.0000     -733524.810849
3104.0000     -733691.103135
3108.0000     -733065.253715
3112.0000     -732144.560619
3116.0000     -732870.581473
3120.0000     -733776.622266
3124.0000     -733636.247978
3128.0000     -733760.004196
3132.0000     -734297.924678
3136.0000     -733236.849170
3140.0000     -733257.440567
3144.0000     -733875.112658
3148.0000     -733286.229698
3152.0000     -733847.152838
3156.0000     -732687.858231
3160.0000     -733547.033538
3164.0000     -733143.636818
3168.0000     -733041.116066
3172.0000     -733253.904449
3176.0000     -733426.816569
3180.0000     -733989.782162
3184.0000     -733954.938145
3188.0000     -732965.945383
3192.0000     -733605.746586
3196.0000     -733599.543043
3200.0000     -733654.596867
3204.0000     -734118.609090
3208.0000     -733076.756890
3212.0000     -733440.434640
3216.0000     -734267.103571
3220.0000     -732876.737574
3224.0000     -733549.700279
3228.0000     -733639.100936
3232.0000     -734738.431852
3236.0000     -733394.331782
3240.0000     -734389.281053
3244.0000     -733976.680153
3248.0000     -733627.306771
3252.0000     -733906.644005
3256.0000     -733287.939106
3260.0000     -733096.589472
3264.0000     -732813.334950
3268.0000     -733315.279954
3272.0000     -734211.751681
3276.0000     -733613.243484
3280.0000     -733051.675272
3284.0000     -733582.240646
3288.0000     -732500.498080
3292.0000     -732522.472515
3296.0000     -733591.046128
3300.0000     -733159.264509
3304.0000     -732957.305515
3308.0000     -733617.085597
3312.0000     -733762.769168
3316.0000     -733600.728034
3320.0000     -733385.978662
3324.0000     -733087.554793
3328.0000     -734387.776482
3332.0000     -733547.551487
3336.0000     -733641.081104
3340.0000     -734071.886096
3344.0000     -733265.583591
3348.0000     -733992.716889
3352.0000     -734689.779117
3356.0000     -733980.715845
3360.0000     -733298.306363
3364.0000     -733339.150713
3368.0000     -734417.658669
3372.0000     -733057.347084
3376.0000     -732807.888408
3380.0000     -733526.988319
3384.0000     -733696.170447
3388.0000     -733386.026658
3392.0000     -733686.081073
3396.0000     -733501.186872
3400.0000     -733306.269790
3404.0000     -733447.061793
3408.0000     -733463.766639
3412.0000     -733448.449166
3416.0000     -733961.400127
3420.0000     -733004.906640
3424.0000     -733337.768879
3428.0000     -733172.817592
3432.0000     -733752.975719
3436.0000     -733202.698707
3440.0000     -733607.775915
3444.0000     -733418.439594
3448.0000     -734009.600193
3452.0000     -734190.646638
3456.0000     -732786.376060
3460.0000     -733298.399040
3464.0000     -734182.608167
3468.0000     -733626.579567
3472.0000     -732999.821355
3476.0000     -734427.777416
3480.0000     -733699.652794
3484.0000     -733773.059215
3488.0000     -733502.302136
3492.0000     -733439.853593
3496.0000     -733779.212398
3500.0000     -733447.572435
3504.0000     -733806.261029
3508.0000     -734696.488486
3512.0000     -733241.265364
3516.0000     -733506.596487
3520.0000     -734098.298167
3524.0000     -733025.935780
3528.0000     -733785.130417
3532.0000     -733965.455851
3536.0000     -733185.997471
3540.0000     -733614.988491
3544.0000     -733149.293385
3548.0000     -733201.503098
3552.0000     -733818.229748
3556.0000     -733639.917830
3560.0000     -733189.041033
3564.0000     -733989.099931
3568.0000     -733813.527880
3572.0000     -733973.536626
3576.0000     -733985.377633
3580.0000     -733543.025179
3584.0000     -733059.863759
3588.0000     -734028.842200
3592.0000     -733461.849265
3596.0000     -733744.492029
3600.0000     -733123.985746
3604.0000     -733097.776500
3608.0000     -733707.963061
3612.0000     -733626.568121
3616.0000     -733727.211784
3620.0000     -733581.787591
3624.0000     -733020.984040
3628.0000     -733210.182751
3632.0000     -733438.431736
3636.0000     -733669.306317
3640.0000     -733802.808041
3644.0000     -733824.483132
3648.0000     -733766.423319
3652.0000     -734149.837544
3656.0000     -733316.647249
3660.0000     -733235.820769
3664.0000     -734001.095066
3668.0000     -732930.431107
3672.0000     -733173.082344
3676.0000     -734246.736907
3680.0000     -734139.672243
3684.0000     -733224.069973
3688.0000     -734573.220108
3692.0000     -733896.796856
3696.0000     -733512.965888
3700.0000     -733731.599602
3704.0000     -734580.669976
3708.0000     -733300.354774
3712.0000     -733824.293642
3716.0000     -733559.098826
3720.0000     -733442.935866
3724.0000     -732710.614619
3728.0000     -733249.220899
3732.0000     -733896.588531
3736.0000     -732869.003754
3740.0000     -733121.915074
3744.0000     -733811.702554
3748.0000     -733587.977234
3752.0000     -733774.020360
3756.0000     -734371.842387
3760.0000     -734219.478682
3764.0000     -733527.659826
3768.0000     -734392.869104
3772.0000     -733577.672360
3776.0000     -733254.538177
3780.0000     -733905.794087
3784.0000     -733486.965994
3788.0000     -733469.576117
3792.0000     -733694.899032
3796.0000     -733772.756732
3800.0000     -733226.339789
3804.0000     -734098.631853
3808.0000     -733834.874111
3812.0000     -733334.052906
3816.0000     -733321.411097
3820.0000     -732857.362557
3824.0000     -734098.481306
3828.0000     -734108.741288
3832.0000     -733706.823164
3836.0000     -733104.841777
3840.0000     -733830.062172
3844.0000     -733564.699007
3848.0000     -732885.612882
3852.0000     -734384.323143
3856.0000     -734035.943238
3860.0000     -733008.910583
3864.0000     -733523.789276
3868.0000     -734309.070128
3872.0000     -734691.161268
3876.0000     -733437.713110
3880.0000     -733102.434531
3884.0000     -732700.192064
3888.0000     -733437.547720
3892.0000     -733623.580822
3896.0000     -733589.262422
3900.0000     -733175.459664
3904.0000     -733654.268300
3908.0000     -734199.947624
3912.0000     -733916.850756
3916.0000     -733728.343769
3920.0000     -734417.570785
3924.0000     -734279.153163
3928.0000     -734387.785244
3932.0000     -733544.264972
3936.0000     -734494.240973
3940.0000     -733257.186947
3944.0000     -733614.345385
3948.0000     -733499.440000
3952.0000     -733682.326645
3956.0000     -733968.571752
3960.0000     -732786.391038
3964.0000     -733606.386660
3968.0000     -733992.188884
3972.0000     -733945.813275
3976.0000     -733426.550165
3980.0000     -733588.153201
3984.0000     -733326.776693
3988.0000     -734326.457914
3992.0000     -734557.210218
3996.0000     -733978.848699
4000.0000     -733584.632988
4004.0000     -733584.632988
