4.0000     -733658.773862
8.0000     -733500.913160
12.0000     -733346.893254
16.0000     -733733.203981
20.0000     -733571.379206
24.0000     -734114.713748
28.0000     -733418.612022
32.0000     -733598.762212
36.0000     -733474.901709
40.0000     -733741.904890
44.0000     -733174.317502
48.0000     -732936.880493
52.0000     -733810.363313
56.0000     -733400.875211
60.0000     -733982.653869
64.0000     -733355.456524
68.0000     -732807.251140
72.0000     -733083.917477
76.0000     -733288.743928
80.0000     -733870.303045
84.0000     -733184.460034
88.0000     -732754.882546
92.0000     -732916.648692
96.0000     -732888.055691
100.0000     -733455.191701
104.0000     -733160.113014
108.0000     -733113.121760
112.0000     -733065.494083
116.0000     -733255.909247
120.0000     -732817.224024
124.0000     -732465.850368
128.0000     -733263.421307
132.0000     -732594.820819
136.0000     -733300.534186
140.0000     -732840.803680
144.0000     -732915.465231
148.0000     -732841.381802
152.0000     -733368.669548
156.0000     -733376.680965
160.0000     -732965.782821
164.0000     -733226.640865
168.0000     -733221.105049
172.0000     -732849.358815
176.0000     -732645.852107
180.0000     -732768.290842
184.0000     -733226.597157
188.0000     -733833.997888
192.0000     -733090.193524
196.0000     -734526.431172
200.0000     -733263.430526
204.0000     -732960.683058
208.0000     -733595.515936
212.0000     -733791.966513
216.0000     -733186.582802
220.0000     -733688.568359
224.0000     -733263.767957
228.0000     -732684.962031
232.0000     -733076.758600
236.0000     -732938.664614
240.0000     -732975.319855
244.0000     -732787.092473
248.0000     -732342.097776
252.0000     -733366.434139
256.0000     -733045.657600
260.0000     -733591.067578
264.0000     -733097.951590
268.0000     -732869.764316
272.0000     -732604.644410
276.0000     -732569.507397
280.0000     -732984.728435
284.0000     -733112.870632
288.0000     -733028.272973
292.0000     -733005.124000
296.0000     -732703.551214
300.0000     -733460.065325
304.0000     -733527.139300
308.0000     -733354.040800
312.0000     -733357.945365
316.0000     -733923.444322
320.0000     -732663.680278
324.0000     -733275.009669
328.0000     -732831.379951
332.0000     -733995.282547
336.0000     -733594.676748
340.0000     -732903.210692
344.0000     -733360.548644
348.0000     -733552.091470
352.0000     -732272.279172
356.0000     -733271.913743
360.0000     -733249.354944
364.0000     -733347.339898
368.0000     -732808.658236
372.0000     -733117.856440
376.0000     -732766.429903
380.0000     -732711.326767
384.0000     -732561.304502
388.0000     -732328.984729
392.0000     -733243.077852
396.0000     -734116.893206
400.0000     -733160.396609
404.0000     -733109.940181
408.0000     -733482.364718
412.0000     -733791.679947
416.0000     -732756.420615
420.0000     -733080.046480
424.0000     -732714.372349
428.0000     -733402.116138
432.0000     -732742.102176
436.0000     -733491.861106
440.0000     -733131.153590
444.0000     -733814.613349
448.0000     -733167.248411
452.0000     -732965.735620
456.0000     -733825.536201
460.0000     -732252.922911
464.0000     -733728.308203
468.0000     -732707.468650
472.0000     -733991.022626
476.0000     -732507.407477
480.0000     -732887.781177
484.0000     -733409.715200
488.0000     -732951.274508
492.0000     -733069.593572
496.0000     -733400.203967
500.0000     -732119.065274
504.0000     -733145.177013
508.0000     -733074.768247
512.0000     -733712.393531
516.0000     -732908.567840
520.0000     -732899.651952
524.0000     -733235.374739
528.0000     -733653.146610
532.0000     -734131.866724
536.0000     -732778.187069
540.0000     -732930.488587
544.0000     -732960.861707
548.0000     -732872.906781
552.0000     -733412.394953
556.0000     -732764.652177
560.0000     -732518.115890
564.0000     -732849.237292
568.0000     -732978.443782
572.0000     -733348.427308
576.0000     -733051.062954
580.0000     -732675.380861
584.0000     -732697.712598
588.0000     -733865.661051
592.0000     -733454.886553
596.0000     -733227.701098
600.0000     -732843.831284
604.0000     -733073.115199
608.0000     -733361.734172
612.0000     -733265.460754
616.0000     -732987.758342
620.0000     -732947.694960
624.0000     -732757.336436
628.0000     -733316.330103
632.0000     -733369.324190
636.0000     -732957.800511
640.0000     -732568.568583
644.0000     -733038.367001
648.0000     -733676.114748
652.0000     -732938.207962
656.0000     -732909.571771
660.0000     -733541.380913
664.0000     -733466.672569
668.0000     -733550.638940
672.0000     -733468.199454
676.0000     -732983.943236
680.0000     -733557.420275
684.0000     -733507.673929
688.0000     -733486.690561
692.0000     -732858.515539
696.0000     -732173.104523
700.0000     -732533.336658
704.0000     -732985.746242
708.0000     -732664.542945
712.0000     -732910.557148
716.0000     -732507.300516
720.0000     -733120.419139
724.0000     -733963.079176
728.0000     -733487.551470
732.0000     -733099.526062
736.0000     -733420.520440
740.0000     -732932.369126
744.0000     -732605.168938
748.0000     -732680.944168
752.0000     -733549.312551
756.0000     -732706.725690
760.0000     -732752.414293
764.0000     -732864.905329
768.0000     -733176.818621
772.0000     -733229.825734
776.0000     -733650.442305
780.0000     -733393.873528
784.0000     -733956.539292
788.0000     -733347.445009
792.0000     -732601.617532
796.0000     -733253.194216
800.0000     -733522.851838
804.0000     -733392.901306
808.0000     -733466.890736
812.0000     -733239.335838
816.0000     -733649.090011
820.0000     -733576.405591
824.0000     -733744.940105
828.0000     -733777.901277
832.0000     -733741.507473
836.0000     -733569.156152
840.0000     -734015.835454
844.0000     -733258.011895
848.0000     -732634.884750
852.0000     -733147.260224
856.0000     -733693.115139
860.0000     -733179.311646
864.0000     -732920.387422
868.0000     -732740.254293
872.0000     -733144.860308
876.0000     -733000.814445
880.0000     -732465.773507
884.0000     -733703.181978
888.0000     -731880.371016
892.0000     -733352.517091
896.0000     -733251.920855
900.0000     -732560.948555
904.0000     -732994.974068
908.0000     -733166.870271
912.0000     -733491.656969
916.0000     -733184.657017
920.0000     -732741.295272
924.0000     -732955.097016
928.0000     -733631.744705
932.0000     -732962.408618
936.0000     -733311.963771
940.0000     -733686.352004
944.0000     -733408.907673
948.0000     -733982.907339
952.0000     -733459.442846
956.0000     -733012.648160
960.0000     -733424.053045
964.0000     -733330.079088
968.0000     -733008.355378
972.0000     -733253.497567
976.0000     -733473.310980
980.0000     -733603.075942
984.0000     -733811.647595
988.0000     -733348.312304
992.0000     -733747.113663
996.0000     -733896.559832
1000.0000     -733763.863066
1004.0000     -733563.135223
1008.0000     -733525.518227
1012.0000     -733439.315191
1016.0000     -733486.662345
1020.0000     -733144.062640
1024.0000     -733798.697134
1028.0000     -733536.006356
1032.0000     -733078.436286
1036.0000     -733138.287984
1040.0000     -732057.496525
1044.0000     -733242.587128
1048.0000     -732871.711823
1052.0000     -734525.557112
1056.0000     -733506.138436
1060.0000     -733715.666802
1064.0000     -732893.500113
1068.0000     -733208.839537
1072.0000     -733025.038202
1076.0000     -732888.812991
1080.0000     -733770.551851
1084.0000     -733566.709496
1088.0000     -732733.445487
1092.0000     -732972.264607
1096.0000     -733657.919133
1100.0000     -733835.980645
1104.0000     -733210.673549
1108.0000     -734161.214886
1112.0000     -732942.572729
1116.0000     -732938.878246
1120.0000     -733431.819008
1124.0000     -733799.005197
1128.0000     -733270.134989
1132.0000     -733489.521292
1136.0000     -733477.493255
1140.0000     -734414.230443
1144.0000     -733563.709380
1148.0000     -733005.214426
1152.0000     -734055.099115
1156.0000     -733301.218716
1160.0000     -733254.757883
1164.0000     -733426.599962
1168.0000     -733080.444213
1172.0000     -733158.619034
1176.0000     -733487.106510
1180.0000     -733858.611228
1184.0000     -733286.341477
1188.0000     -733178.423018
1192.0000     -733060.888056
1196.0000     -733868.491095
1200.0000     -732206.365043
1204.0000     -733233.832290
1208.0000     -733697.646833
1212.0000     -733665.486210
1216.0000     -733545.333352
1220.0000     -734337.453165
1224.0000     -733282.822984
1228.0000     -733099.286822
1232.0000     -733527.571648
1236.0000     -734321.490250
1240.0000     -734392.609991
1244.0000     -732665.095977
1248.0000     -733699.773186
1252.0000     -733649.605825
1256.0000     -733623.663060
1260.0000     -733583.667328
1264.0000     -733961.575641
1268.0000     -733486.996570
1272.0000     -733398.547323
1276.0000     -734442.201187
1280.0000     -733855.555607
1284.0000     -733958.673917
1288.0000     -733441.817746
1292.0000     -733708.518640
1296.0000     -733476.957391
1300.0000     -733105.485626
1304.0000     -733690.137376
1308.0000     -733544.836355
1312.0000     -733164.037779
1316.0000     -733583.707101
1320.0000     -733548.893546
1324.0000     -733674.963168
1328.0000     -733296.446522
1332.0000     -733328.538894
1336.0000     -733214.849909
1340.0000     -732585.853618
1344.0000     -733476.661759
1348.0000     -733234.863946
1352.0000     -732944.043358
1356.0000     -733304.395690
1360.0000     -733550.859805
1364.0000     -733338.666569
1368.0000     -733259.632943
1372.0000     -733055.802294
1376.0000     -734155.763063
1380.0000     -733166.271306
1384.0000     -733167.239310
1388.0000     -733336.827791
1392.0000     -733179.535842
1396.0000     -732678.239517
1400.0000     -732703.213529
1404.0000     -732612.238860
1408.0000     -733294.296656
1412.0000     -733132.810713
1416.0000     -733271.439181
1420.0000     -732960.641143
1424.0000     -733285.268605
1428.0000     -733248.567422
1432.0000     -733826.566923
1436.0000     -733190.743339
1440.0000     -733571.707670
1444.0000     -733616.294658
1448.0000     -733544.079897
1452.0000     -732699.976313
1456.0000     -733095.044976
1460.0000     -733510.023337
1464.0000     -733734.849056
1468.0000     -733643.428137
1472.0000     -732940.505025
1476.0000     -734055.951269
1480.0000     -733793.223132
1484.0000     -732975.977982
1488.0000     -733759.843652
1492.0000     -733174.365988
1496.0000     -733935.414413
1500.0000     -733110.221601
1504.0000     -733871.545191
1508.0000     -733334.165464
1512.0000     -733538.988779
1516.0000     -733683.746855
1520.0000     -733088.984008
1524.0000     -733616.783835
1528.0000     -733262.769953
1532.0000     -733992.649398
1536.0000     -733127.203375
1540.0000     -733461.817020
1544.0000     -733087.715806
1548.0000     -732907.654170
1552.0000     -733092.623300
1556.0000     -733220.837004
1560.0000     -732719.986690
1564.0000     -733319.828918
1568.0000     -732557.320273
1572.0000     -733418.580833
1576.0000     -733176.860972
1580.0000     -733315.033036
1584.0000     -733633.116667
1588.0000     -732737.154227
1592.0000     -732925.149788
1596.0000     -733888.537226
1600.0000     -733313.060406
1604.0000     -734453.561869
1608.0000     -733901.601013
1612.0000     -732644.953964
1616.0000     -733121.620721
1620.0000     -731884.257286
1624.0000     -733029.246351
1628.0000     -733819.648188
1632.0000     -733529.638818
1636.0000     -733664.576569
1640.0000     -733699.279561
1644.0000     -733795.050292
1648.0000     -733996.377668
1652.0000     -733679.757637
1656.0000     -733523.933354
1660.0000     -733899.547529
1664.0000     -733223.120003
1668.0000     -732874.250906
1672.0000     -733808.136237
1676.0000     -734119.419303
1680.0000     -732923.120560
1684.0000     -733263.415918
1688.0000     -733879.622021
1692.0000     -733250.036120
1696.0000     -733084.779672
1700.0000     -733105.294805
1704.0000     -733264.957832
1708.0000     -732567.288923
1712.0000     -732775.242182
1716.0000     -733660.547888
1720.0000     -733682.018518
1724.0000     -732763.197955
1728.0000     -732880.760753
1732.0000     -732751.532492
1736.0000     -733698.449761
1740.0000     -733136.083909
1744.0000     -732562.687657
1748.0000     -733029.883747
1752.0000     -732272.815938
1756.0000     -733341.241678
1760.0000     -731486.457204
1764.0000     -733140.993745
1768.0000     -733127.475957
1772.0000     -733283.145620
1776.0000     -733901.681738
1780.0000     -732643.298138
1784.0000     -733354.027259
1788.0000     -732791.622994
1792.0000     -733740.658308
1796.0000     -733626.761801
1800.0000     -733394.128846
1804.0000     -733262.226957
1808.0000     -733924.288182
1812.0000     -732867.653966
1816.0000     -733344.247091
1820.0000     -734032.638056
1824.0000     -733139.067250
1828.0000     -733639.278595
1832.0000     -733445.816063
1836.0000     -734463.184440
1840.0000     -733538.638542
1844.0000     -734029.590070
1848.0000     -733787.817333
1852.0000     -733750.413992
1856.0000     -733724.587144
1860.0000     -733570.626798
1864.0000     -732166.971167
1868.0000     -733077.802556
1872.0000     -733982.351395
1876.0000     -733071.974183
1880.0000     -733376.920602
1884.0000     -733356.084179
1888.0000     -733445.174621
1892.0000     -732549.290556
1896.0000     -732735.245324
1900.0000     -733064.928165
1904.0000     -733445.047602
1908.0000     -733306.415622
1912.0000     -733884.060931
1916.0000     -732356.539764
1920.0000     -732898.669650
1924.0000     -733225.251074
1928.0000     -733340.446754
1932.0000     -733645.332678
1936.0000     -734570.391790
1940.0000     -733086.202270
1944.0000     -734061.927019
1948.0000     -733656.912319
1952.0000     -732851.177260
1956.0000     -734011.071988
1960.0000     -733825.314096
1964.0000     -733461.126613
1968.0000     -732931.453257
1972.0000     -733572.043126
1976.0000     -733432.488867
1980.0000     -733509.924853
1984.0000     -733185.132954
1988.0000     -733543.252128
1992.0000     -732764.693263
1996.0000     -732575.692610
2000.0000     -732680.444857
2004.0000     -733503.607165
2008.0000     -733982.781465
2012.0000     -733812.467254
2016.0000     -733540.073473
2020.0000     -733659.704309
2024.0000     -732306.061571
2028.0000     -733137.274940
2032.0000     -733647.895251
2036.0000     -734271.550358
2040.0000     -733142.314705
2044.0000     -733778.128509
2048.0000     -732453.180219
2052.0000     -732685.337192
2056.0000     -733660.051643
2060.0000     -732568.873987
2064.0000     -733389.259094
2068.0000     -732988.520880
2072.0000     -733158.062199
2076.0000     -733557.117824
2080.0000     -733564.693165
2084.0000     -732645.169065
2088.0000     -732828.442259
2092.0000     -733871.507808
2096.0000     -733660.800691
2100.0000     -733102.066892
2104.0000     -733626.369840
2108.0000     -732857.916590
2112.0000     -733565.607010
2116.0000     -733683.786359
2120.0000     -733161.148659
2124.0000     -732876.356886
2128.0000     -733228.579869
2132.0000     -733779.715383
2136.0000     -733259.819453
2140.0000     -733184.753889
2144.0000     -734057.599544
2148.0000     -733803.822900
2152.0000     -733289.345646
2156.0000     -733595.840871
2160.0000     -733675.605491
2164.0000     -732862.050610
2168.0000     -733319.528647
2172.0000     -732861.165743
2176.0000     -733586.020653
2180.0000     -734071.100542
2184.0000     -733615.731697
2188.0000     -733502.350502
2192.0000     -734125.746717
2196.0000     -733304.495317
2200.0000     -733347.782115
2204.0000     -734262.537084
2208.0000     -733766.652107
2212.0000     -733777.242079
2216.0000     -732672.206162
2220.0000     -733834.656495
2224.0000     -733626.428286
2228.0000     -734041.895277
2232.0000     -733677.668089
2236.0000     -733279.981591
2240.0000     -733042.184426
2244.0000     -733797.894554
2248.0000     -734053.941731
2252.0000     -734123.945893
2256.0000     -733770.695198
2260.0000     -734762.232016
2264.0000     -733263.929588
2268.0000     -733832.490712
2272.0000     -734110.204428
2276.0000     -733452.142952
2280.0000     -734034.921834
2284.0000     -732882.937594
2288.0000     -733338.016915
2292.0000     -733190.092677
2296.0000     -733167.612801
2300.0000     -732758.522109
2304.0000     -732912.445283
2308.0000     -733830.684063
2312.0000     -733664.295407
2316.0000     -733810.314683
2320.0000     -733444.287936
2324.0000     -733858.656367
2328.0000     -732915.194395
2332.0000     -732504.065029
2336.0000     -733565.723687
2340.0000     -733369.881275
2344.0000     -733318.718529
2348.0000     -733205.208699
2352.0000     -733357.314330
2356.0000     -731977.816558
2360.0000     -733604.652869
2364.0000     -733670.213563
2368.0000     -733276.010631
2372.0000     -733361.817083
2376.0000     -733410.464294
2380.0000     -733358.416118
2384.0000     -733049.513225
2388.0000     -733560.723972
2392.0000     -733588.808328
2396.0000     -733574.726123
2400.0000     -733235.976851
2404.0000     -734161.527920
2408.0000     -733764.365076
2412.0000     -733658.756700
2416.0000     -733384.163980
2420.0000     -732777.464559
2424.0000     -733280.705952
2428.0000     -733433.035998
2432.0000     -733182.445163
2436.0000     -733545.526746
2440.0000     -732569.970365
2444.0000     -733735.250302
2448.0000     -733364.579183
2452.0000     -733193.318321
2456.0000     -733510.771131
2460.0000     -733147.242832
2464.0000     -732546.598384
2468.0000     -733535.621979
2472.0000     -733018.816517
2476.0000     -733943.504435
2480.0000     -733928.547426
2484.0000     -733378.963501
2488.0000     -733359.695545
2492.0000     -734771.476544
2496.0000     -732992.657104
2500.0000     -732817.551799
2504.0000     -732782.996374
2508.0000     -733025.950392
2512.0000     -734085.477996
2516.0000     -733535.399502
2520.0000     -733856.228557
2524.0000     -733477.304888
2528.0000     -733086.146486
2532.0000     -733472.511671
2536.0000     -733426.760916
2540.0000     -732722.644191
2544.0000     -733305.471387
2548.0000     -733576.313157
2552.0000     -732978.230913
2556.0000     -732960.036426
2560.0000     -733702.707450
2564.0000     -733268.130381
2568.0000     -733435.748937
2572.0000     -733991.323444
2576.0000     -734723.608374
2580.0000     -734252.082416
2584.0000     -733609.696519
2588.0000     -732652.883129
2592.0000     -733567.012797
2596.0000     -734235.503453
2600.0000     -734001.365671
2604.0000     -733209.113290
2608.0000     -734347.274581
2612.0000     -733124.285261
2616.0000     -733105.770652
2620.0000     -733350.969211
2624.0000     -734151.691891
2628.0000     -733728.025703
2632.0000     -733922.419530
2636.0000     -732874.900115
2640.0000     -733573.802568
2644.0000     -733861.816299
2648.0000     -733200.526096
2652.0000     -733207.975438
2656.0000     -733860.759214
2660.0000     -733199.275621
2664.0000     -734619.377893
2668.0000     -733508.522129
2672.0000     -733124.094975
2676.0000     -733742.885569
2680.0000     -733931.685133
2684.0000     -732619.187003
2688.0000     -733260.828242
2692.0000     -733520.866400
2696.0000     -733938.335294
2700.0000     -733583.291514
2704.0000     -733874.519781
2708.0000     -733651.190701
2712.0000     -734412.087807
2716.0000     -732529.455019
2720.0000     -733617.388605
2724.0000     -733455.067530
2728.0000     -734234.098758
2732.0000     -733622.971590
2736.0000     -733884.368291
2740.0000     -733577.367918
2744.0000     -733583.452414
2748.0000     -733721.853964
2752.0000     -733424.890113
2756.0000     -733833.184396
2760.0000     -733379.015010
2764.0000     -733566.110712
2768.0000     -733319.390088
2772.0000     -733527.905282
2776.0000     -733509.358428
2780.0000     -733846.448865
2784.0000     -733120.496079
2788.0000     -732809.740116
2792.0000     -733588.682674
2796.0000     -733859.396578
2800.0000     -733469.827005
2804.0000     -732638.688908
2808.0000     -733554.025924
2812.0000     -733522.254513
2816.0000     -733639.217489
2820.0000     -733103.552138
2824.0000     -733186.968056
2828.0000     -732979.726914
2832.0000     -734030.218557
2836.0000     -733582.936102
2840.0000     -733257.802127
2844.0000     -733750.649430
2848.0000     -733271.487381
2852.0000     -734092.159806
2856.0000     -733663.193095
2860.0000     -732645.233842
2864.0000     -733435.222673
2868.0000     -733868.083946
2872.0000     -733886.464541
2876.0000     -733703.912052
2880.0000     -734188.213526
2884.0000     -733018.900900
2888.0000     -733211.528692
2892.0000     -733564.765902
2896.0000     -734440.330308
2900.0000     -733635.509334
2904.0000     -733538.583518
2908.0000     -734332.350519
2912.0000     -733419.485880
2916.0000     -733698.009581
2920.0000     -733325.353102
2924.0000     -733873.302108
2928.0000     -734279.075341
2932.0000     -733301.011849
2936.0000     -733255.200362
2940.0000     -733667.793453
2944.0000     -733172.905410
2948.0000     -732848.946104
2952.0000     -733444.038395
2956.0000     -733059.932665
2960.0000     -733419.973526
2964.0000     -734327.753293
2968.0000     -733757.264704
2972.0000     -733474.964545
2976.0000     -733373.108376
2980.0000     -734329.181938
2984.0000     -733810.940329
2988.0000     -733979.122007
2992.0000     -734185.603538
2996.0000     -733598.505383
3000.0000     -733657.318423
3004.0000     -733297.284145
3008.0000     -733658.816307
3012.0000     -733142.387881
3016.0000     -733236.932502
3020.0000     -733007.625651
3024.0000     -733587.199525
3028.0000     -734010.588486
3032.0000     -733763.306980
3036.0000     -733342.818312
3040.0000     -733497.072033
3044.0000     -733239.520430
3048.0000     -733206.551829
3052.0000     -734102.083004
3056.0000     -734031.972147
3060.0000     -734116.977822
3064.0000     -734072.893279
3068.0000     -733685.443328
3072.0000     -733587.725605
3076.0000     -733515.027716
3080.0000     -735110.976115
3084.0000     -733944.798624
3088.0000     -734000.267421
3092.0000     -733338.671292
3096.0000     -732863.462365
3100.0000     -733361.474168
3104.0000     -733560.039787
3108.0000     -733583.667008
3112.0000     -733339.075064
3116.0000     -733070.569435
3120.0000     -733668.682019
3124.0000     -734012.290529
3128.0000     -733857.580350
3132.0000     -734032.862633
3136.0000     -733743.419042
3140.0000     -734803.319458
3144.0000     -733304.466073
3148.0000     -733667.293201
3152.0000     -733514.286552
3156.0000     -734194.300858
3160.0000     -734137.257757
3164.0000     -733622.870532
3168.0000     -733730.973168
3172.0000     -733363.870737
3176.0000     -733593.201380
3180.0000     -733866.666006
3184.0000     -733771.261965
3188.0000     -733596.408999
3192.0000     -733503.911571
3196.0000     -733437.128148
3200.0000     -733347.818820
3204.0000     -733089.830033
3208.0000     -733807.095462
3212.0000     -734179.924553
3216.0000     -733266.312827
3220.0000     -733439.098390
3224.0000     -733787.416479
3228.0000     -733981.906759
3232.0000     -733689.850227
3236.0000     -734232.338384
3240.0000     -734235.960917
3244.0000     -734065.651150
3248.0000     -734029.858817
3252.0000     -733837.958289
3256.0000     -734051.562121
3260.0000     -733576.139923
3264.0000     -732622.112127
3268.0000     -733735.740908
3272.0000     -733564.162025
3276.0000     -733574.761975
3280.0000     -734544.125674
3284.0000     -733446.890963
3288.0000     -733049.649899
3292.0000     -733340.081867
3296.0000     -732760.534079
3300.0000     -732445.081510
3304.0000     -733189.396100
3308.0000     -734272.978399
3312.0000     -733791.081921
3316.0000     -732788.353935
3320.0000     -733252.898240
3324.0000     -732612.810591
3328.0000     -734160.892709
3332.0000     -734044.967751
3336.0000     -733410.980310
3340.0000     -733545.576010
3344.0000     -733795.414761
3348.0000     -733474.363186
3352.0000     -733724.252659
3356.0000     -733161.806354
3360.0000     -732944.805935
3364.0000     -733674.883389
3368.0000     -733854.700535
3372.0000     -733417.783808
3376.0000     -733273.371583
3380.0000     -733263.955827
3384.0000     -733819.217277
3388.0000     -732772.125226
3392.0000     -733835.049557
3396.0000     -733681.236522
3400.0000     -733866.284126
3404.0000     -733723.682644
3408.0000     -732899.439752
3412.0000     -734113.912385
3416.0000     -734090.201609
3420.0000     -734028.078669
3424.0000     -733581.544109
3428.0000     -733786.505677
3432.0000     -734542.350689
3436.0000     -733699.653204
3440.0000     -732741.202378
3444.0000     -734449.127963
3448.0000     -733704.092574
3452.0000     -733493.596579
3456.0000     -733672.744321
3460.0000     -733280.781889
3464.0000     -734545.318950
3468.0000     -734470.544196
3472.0000     -733513.695749
3476.0000     -734485.277901
3480.0000     -734408.865423
3484.0000     -733530.615538
3488.0000     -733852.995164
3492.0000     -734455.229258
3496.0000     -733311.725211
3500.0000     -733611.596763
3504.0000     -734319.964403
3508.0000     -732250.194481
3512.0000     -733717.199351
3516.0000     -733922.347742
3520.0000     -733999.944249
3524.0000     -734358.981163
3528.0000     -733018.082338
3532.0000     -733532.300025
3536.0000     -733174.660385
3540.0000     -733369.516481
3544.0000     -733360.368290
3548.0000     -733430.341124
3552.0000     -733737.473339
3556.0000     -733179.591865
3560.0000     -733713.782543
3564.0000     -733085.281290
3568.0000     -733738.057759
3572.0000     -733496.719780
3576.0000     -733159.032476
3580.0000     -733274.519220
3584.0000     -733400.406945
3588.0000     -733265.067874
3592.0000     -733060.747105
3596.0000     -733792.330836
3600.0000     -733763.772239
3604.0000     -733637.988976
3608.0000     -733844.948495
3612.0000     -733910.551103
3616.0000     -733644.270709
3620.0000     -733661.415524
3624.0000     -733359.684708
3628.0000     -733947.555259
3632.0000     -732894.677034
3636.0000     -733160.130634
3640.0000     -733223.826939
3644.0000     -732894.491240
3648.0000     -733302.256752
3652.0000     -734149.158430
3656.0000     -733510.896627
3660.0000     -733519.787584
3664.0000     -733838.810846
3668.0000     -734266.929286
3672.0000     -733625.488203
3676.0000     -734133.194921
3680.0000     -733792.481259
3684.0000     -733301.180367
3688.0000     -733770.827666
3692.0000     -733559.137239
3696.0000     -733093.312209
3700.0000     -733506.973347
3704.0000     -733220.561827
3708.0000     -733360.206518
3712.0000     -733158.937372
3716.0000     -733745.427061
3720.0000     -734122.777928
3724.0000     -733891.660372
3728.0000     -734277.721340
3732.0000     -733558.825832
3736.0000     -733620.420182
3740.0000     -733849.426921
3744.0000     -734112.053858
3748.0000     -734006.820495
3752.0000     -734105.771963
3756.0000     -732898.566961
3760.0000     -734063.322243
3764.0000     -734583.638860
3768.0000     -733693.306637
3772.0000     -732636.139966
3776.0000     -733470.944541
3780.0000     -733299.663236
3784.0000     -733634.611824
3788.0000     -734005.602179
3792.0000     -734025.013999
3796.0000     -733641.248723
3800.0000     -734150.913396
3804.0000     -733910.001599
3808.0000     -734040.168919
3812.0000     -732640.267587
3816.0000     -732894.214714
3820.0000     -734274.825990
3824.0000     -734114.652958
3828.0000     -733383.886562
3832.0000     -733860.563737
3836.0000     -734193.268723
3840.0000     -733775.771735
3844.0000     -733793.951484
3848.0000     -733977.444851
3852.0000     -733706.410653
3856.0000     -733993.495674
3860.0000     -732722.577017
3864.0000     -734084.649376
3868.0000     -733916.864809
3872.0000     -733495.720591
3876.0000     -733868.133669
3880.0000     -732763.320574
3884.0000     -733891.031736
3888.0000     -734004.904732
3892.0000     -733996.990540
3896.0000     -734103.476503
3900.0000     -734504.866389
3904.0000     -733889.065225
3908.0000     -733832.176977
3912.0000     -733789.238385
3916.0000     -733954.020973
3920.0000     -733878.082226
3924.0000     -733520.046577
3928.0000     -733353.719513
3932.0000     -734255.814984
3936.0000     -733883.233217
3940.0000     -734395.989615
3944.0000     -733620.753831
3948.0000     -733053.547642
3952.0000     -733903.424130
3956.0000     -733803.699852
3960.0000     -733666.561742
3964.0000     -733133.097210
3968.0000     -733530.749250
3972.0000     -733230.113925
3976.0000     -733068.850617
3980.0000     -734086.072116
3984.0000     -733458.774388
3988.0000     -733061.640951
3992.0000     -733251.045138
3996.0000     -732993.439681
4000.0000     -734345.232186
4004.0000     -734345.232186
