4.0000     -733224.793797
8.0000     -732563.540345
12.0000     -732978.566381
16.0000     -732600.352356
20.0000     -733249.924050
24.0000     -732723.594519
28.0000     -733565.576781
32.0000     -732472.814221
36.0000     -732659.301271
40.0000     -732794.744322
44.0000     -733178.585952
48.0000     -732827.081396
52.0000     -732179.155386
56.0000     -733333.360055
60.0000     -733240.554842
64.0000     -732954.304678
68.0000     -733641.483216
72.0000     -733642.225480
76.0000     -733137.374312
80.0000     -733670.701314
84.0000     -732718.911261
88.0000     -733372.559575
92.0000     -733193.006679
96.0000     -733787.791500
100.0000     -732851.374067
104.0000     -733381.276590
108.0000     -733373.250777
112.0000     -732934.127335
116.0000     -733023.557723
120.0000     -733596.631271
124.0000     -733510.428390
128.0000     -734602.374911
132.0000     -734077.782125
136.0000     -733527.145933
140.0000     -733825.077386
144.0000     -733527.023102
148.0000     -732985.844030
152.0000     -732464.195237
156.0000     -733550.050579
160.0000     -733503.602286
164.0000     -733108.211226
168.0000     -733860.334868
172.0000     -732769.844314
176.0000     -732716.757789
180.0000     -733360.850517
184.0000     -733337.369017
188.0000     -732723.733424
192.0000     -733530.898562
196.0000     -733708.026479
200.0000     -732949.041386
204.0000     -732933.477250
208.0000     -733620.268473
212.0000     -733842.023248
216.0000     -733405.171455
220.0000     -734034.064762
224.0000     -732913.130593
228.0000     -733297.672991
232.0000     -733396.981669
236.0000     -733672.819800
240.0000     -732735.094732
244.0000     -733117.890600
248.0000     -733437.899795
252.0000     -733586.490103
256.0000     -733489.433956
260.0000     -732921.596653
264.0000     -733368.807239
268.0000     -733897.899929
272.0000     -734104.981783
276.0000     -733151.536490
280.0000     -733167.760387
284.0000     -733294.843545
288.0000     -733404.117310
292.0000     -732531.897239
296.0000     -733559.834623
300.0000     -732946.888258
304.0000     -733245.567200
308.0000     -732930.936160
312.0000     -733593.063665
316.0000     -733497.908448
320.0000     -733134.623591
324.0000     -732600.729455
328.0000     -733492.540690
332.0000     -733369.779216
336.0000     -733290.638049
340.0000     -733694.946416
344.0000     -733380.691252
348.0000     -732975.681358
352.0000     -733330.752535
356.0000     -734100.157321
360.0000     -733017.536639
364.0000     -733386.665956
368.0000     -732484.036949
372.0000     -733372.787249
376.0000     -732605.980905
380.0000     -733451.974344
384.0000     -733221.939165
388.0000     -732782.520496
392.0000     -733039.832578
396.0000     -733430.136133
400.0000     -733058.443182
404.0000     -733683.655091
408.0000     -732866.529808
412.0000     -733345.943627
416.0000     -734226.547805
420.0000     -733226.167810
424.0000     -733886.563332
428.0000     -733643.387676
432.0000     -733107.817255
436.0000     -733374.863207
440.0000     -733151.927729
444.0000     -733827.266667
448.0000     -733975.003637
452.0000     -733020.704523
456.0000     -733000.361983
460.0000     -733707.745960
464.0000     -734128.668930
468.0000     -733372.327265
472.0000     -732702.517052
476.0000     -732786.556856
480.0000     -734228.922371
484.0000     -732952.578642
488.0000     -732812.094401
492.0000     -733461.150374
496.0000     -732411.565925
500.0000     -732997.769113
504.0000     -733356.156135
508.0000     -732620.016696
512.0000     -734031.113944
516.0000     -733973.560554
520.0000     -733620.743081
524.0000     -733281.722004
528.0000     -733460.728609
532.0000     -733061.648242
536.0000     -733496.679871
540.0000     -733860.983967
544.0000     -733538.394511
548.0000     -733851.175799
552.0000     -733057.345922
556.0000     -733374.558143
560.0000     -733975.870311
564.0000     -733606.878148
568.0000     -733456.072838
572.0000     -733621.572512
576.0000     -732967.759617
580.0000     -732507.963410
584.0000     -733532.799519
588.0000     -733154.360262
592.0000     -733621.162062
596.0000     -734066.794326
600.0000     -733232.907736
604.0000     -732674.124765
608.0000     -732695.837071
612.0000     -733109.040412
616.0000     -732813.150769
620.0000     -733247.357407
624.0000     -732721.366339
628.0000     -733337.474755
632.0000     -733737.205467
636.0000     -733689.668511
640.0000     -732482.021305
644.0000     -733216.294283
648.0000     -732143.989187
652.0000     -732918.659471
656.0000     -733984.081665
660.0000     -733437.476464
664.0000     -733241.961446
668.0000     -733705.760414
672.0000     -733254.903127
676.0000     -734225.666852
680.0000     -733580.317036
684.0000     -733585.075948
688.0000     -733319.631094
692.0000     -733695.316546
696.0000     -733137.539071
700.0000     -733403.632873
704.0000     -733446.247110
708.0000     -733638.281255
712.0000     -733339.070572
716.0000     -733446.440759
720.0000     -733342.144528
724.0000     -734268.285157
728.0000     -733695.146084
732.0000     -734417.791993
736.0000     -733416.626768
740.0000     -733716.870459
744.0000     -733418.486893
748.0000     -733956.730107
752.0000     -733838.327451
756.0000     -733277.681235
760.0000     -733595.387851
764.0000     -733472.177801
768.0000     -733384.605583
772.0000     -733622.166780
776.0000     -733571.057575
780.0000     -733861.836268
784.0000     -733539.977411
788.0000     -733649.516337
792.0000     -733596.726379
796.0000     -733257.475729
800.0000     -733313.174823
804.0000     -733355.610910
808.0000     -732830.518060
812.0000     -734322.871126
816.0000     -733741.753992
820.0000     -733124.930365
824.0000     -733265.202216
828.0000     -733731.734440
832.0000     -733430.693200
836.0000     -733414.667974
840.0000     -733202.602686
844.0000     -733014.012230
848.0000     -732961.559949
852.0000     -733423.151977
856.0000     -733459.078025
860.0000     -733318.511792
864.0000     -733271.057463
868.0000     -733943.116243
872.0000     -732648.653278
876.0000     -733135.027435
880.0000     -732799.148116
884.0000     -733400.858461
888.0000     -732966.933753
892.0000     -733482.132687
896.0000     -732593.451961
900.0000     -733058.529527
904.0000     -733764.678124
908.0000     -732717.329288
912.0000     -733754.618702
916.0000     -732954.135206
920.0000     -733833.281168
924.0000     -732714.835251
928.0000     -733222.204634
932.0000     -733863.562070
936.0000     -733341.015534
940.0000     -733659.080387
944.0000     -734077.841614
948.0000     -733408.006598
952.0000     -734104.652424
956.0000     -733782.743243
960.0000     -733275.899595
964.0000     -734016.693397
968.0000     -734043.295822
972.0000     -733289.647337
976.0000     -732907.062531
980.0000     -733530.378473
984.0000     -732981.273939
988.0000     -733304.516722
992.0000     -733532.194937
996.0000     -733680.587369
1000.0000     -732756.032276
1004.0000     -733220.483832
1008.0000     -732686.285592
1012.0000     -733448.874342
1016.0000     -733627.919728
1020.0000     -733369.008931
1024.0000     -733016.429553
1028.0000     -733129.468820
1032.0000     -732574.186319
1036.0000     -732904.258464
1040.0000     -733432.116385
1044.0000     -732958.988193
1048.0000     -733915.030925
1052.0000     -733017.779098
1056.0000     -733031.986427
1060.0000     -733873.197801
1064.0000     -732865.116447
1068.0000     -733396.611615
1072.0000     -732928.457930
1076.0000     -733464.349629
1080.0000     -733141.126182
1084.0000     -733202.858812
1088.0000     -733459.979462
1092.0000     -733839.517436
1096.0000     -733799.219181
1100.0000     -733460.700164
1104.0000     -734077.317210
1108.0000     -733739.773131
1112.0000     -733180.760393
1116.0000     -732613.227002
1120.0000     -733206.833800
1124.0000     -733782.960789
1128.0000     -733295.919773
1132.0000     -733438.808889
1136.0000     -733439.418650
1140.0000     -733223.016530
1144.0000     -733315.447409
1148.0000     -733031.097982
1152.0000     -734069.028427
1156.0000     -733166.307531
1160.0000     -733572.374580
1164.0000     -733853.534197
1168.0000     -733419.193378
1172.0000     -732676.750096
1176.0000     -732899.719972
1180.0000     -733514.713399
1184.0000     -733526.079304
1188.0000     -733708.797403
1192.0000     -733298.927046
1196.0000     -733125.204198
1200.0000     -733494.178449
1204.0000     -732635.332429
1208.0000     -733231.154763
1212.0000     -732449.160229
1216.0000     -732843.533064
1220.0000     -733111.995364
1224.0000     -732897.130812
1228.0000     -733650.253693
1232.0000     -733466.906693
1236.0000     -732859.789126
1240.0000     -733028.148639
1244.0000     -733308.826115
1248.0000     -733074.913053
1252.0000     -733970.531033
1256.0000     -733927.929249
1260.0000     -733161.626635
1264.0000     -733272.965612
1268.0000     -732547.610135
1272.0000     -733295.678013
1276.0000     -733552.614976
1280.0000     -733911.177260
1284.0000     -733315.847169
1288.0000     -733331.693218
1292.0000     -732768.160570
1296.0000     -733212.903748
1300.0000     -733391.731946
1304.0000     -734391.480460
1308.0000     -733466.574500
1312.0000     -733878.474905
1316.0000     -733234.936268
1320.0000     -734144.873843
1324.0000     -733263.114811
1328.0000     -733509.560957
1332.0000     -733782.865824
1336.0000     -733726.617509
1340.0000     -733140.341295
1344.0000     -733268.183740
1348.0000     -733148.138227
1352.0000     -734083.505486
1356.0000     -733602.634658
1360.0000     -733076.501531
1364.0000     -733295.690093
1368.0000     -733632.728954
1372.0000     -733476.005582
1376.0000     -732592.975183
1380.0000     -733330.828616
1384.0000     -733143.872405
1388.0000     -733077.530848
1392.0000     -733419.274014
1396.0000     -733275.663063
1400.0000     -733671.784933
1404.0000     -733576.325032
1408.0000     -733716.242996
1412.0000     -732878.798150
1416.0000     -733061.942173
1420.0000     -734289.167750
1424.0000     -733182.653383
1428.0000     -732900.721188
1432.0000     -733054.547989
1436.0000     -733357.133379
1440.0000     -734224.918083
1444.0000     -732919.260096
1448.0000     -733519.345771
1452.0000     -733347.286973
1456.0000     -733365.592256
1460.0000     -733336.257059
1464.0000     -733465.855526
1468.0000     -733598.142346
1472.0000     -733771.243576
1476.0000     -734363.501854
1480.0000     -733845.887240
1484.0000     -734275.791988
1488.0000     -734073.831100
1492.0000     -733436.115931
1496.0000     -733756.107793
1500.0000     -733658.551049
1504.0000     -734225.821724
1508.0000     -733274.412520
1512.0000     -733704.874187
1516.0000     -734228.049726
1520.0000     -733659.353710
1524.0000     -734306.364591
1528.0000     -733260.064927
1532.0000     -734113.630884
1536.0000     -733119.487787
1540.0000     -733447.706818
1544.0000     -733851.011811
1548.0000     -733403.746973
1552.0000     -733222.084733
1556.0000     -733907.859617
1560.0000     -733781.865620
1564.0000     -733177.153558
1568.0000     -733922.988525
1572.0000     -733316.692890
1576.0000     -732819.184621
1580.0000     -733377.118078
1584.0000     -733952.050753
1588.0000     -733323.709507
1592.0000     -732989.622161
1596.0000     -732296.592148
1600.0000     -733257.655448
1604.0000     -733864.580493
1608.0000     -733416.161247
1612.0000     -733076.413098
1616.0000     -732986.227767
1620.0000     -733042.982655
1624.0000     -733272.021970
1628.0000     -733533.233432
1632.0000     -734088.015883
1636.0000     -733747.254152
1640.0000     -733677.698543
1644.0000     -732932.602561
1648.0000     -734206.151890
1652.0000     -733863.129241
1656.0000     -732650.103142
1660.0000     -732853.671672
1664.0000     -734160.894957
1668.0000     -733950.973121
1672.0000     -733774.029214
1676.0000     -733691.315576
1680.0000     -733384.521101
1684.0000     -734120.723464
1688.0000     -733530.982040
1692.0000     -733935.019672
1696.0000     -734396.471308
1700.0000     -734060.360143
1704.0000     -734543.657551
1708.0000     -733900.282359
1712.0000     -733490.543618
1716.0000     -734887.906314
1720.0000     -734096.078534
1724.0000     -733637.321170
1728.0000     -733629.964542
1732.0000     -732617.332029
1736.0000     -733389.070524
1740.0000     -734239.551724
1744.0000     -733971.981222
1748.0000     -732688.626361
1752.0000     -733136.804947
1756.0000     -733629.037816
1760.0000     -733671.269935
1764.0000     -733705.726885
1768.0000     -732903.636750
1772.0000     -733316.327692
1776.0000     -733522.119910
1780.0000     -733541.622984
1784.0000     -733770.437124
1788.0000     -733083.141847
1792.0000     -733134.112721
1796.0000     -733798.043949
1800.0000     -732226.208329
1804.0000     -733686.133189
1808.0000     -733819.775785
1812.0000     -732937.825408
1816.0000     -733611.401627
1820.0000     -733915.902425
1824.0000     -733795.173423
1828.0000     -733793.968484
1832.0000     -733761.356471
1836.0000     -733423.892420
1840.0000     -734036.182280
1844.0000     -733436.152849
1848.0000     -732312.623033
1852.0000     -733475.482351
1856.0000     -733097.027087
1860.0000     -733884.212977
1864.0000     -733401.759400
1868.0000     -733472.979366
1872.0000     -733350.422444
1876.0000     -733499.494165
1880.0000     -733548.701708
1884.0000     -733522.390080
1888.0000     -733527.790859
1892.0000     -733518.563361
1896.0000     -733309.694563
1900.0000     -733589.739608
1904.0000     -734767.829460
1908.0000     -733890.913962
1912.0000     -733163.601981
1916.0000     -733455.394102
1920.0000     -734712.067818
1924.0000     -733071.220460
1928.0000     -733524.592269
1932.0000     -733402.305461
1936.0000     -733782.577971
1940.0000     -733342.720087
1944.0000     -733213.883350
1948.0000     -732769.698581
1952.0000     -733394.557672
1956.0000     -733846.659392
1960.0000     -733816.413436
1964.0000     -733626.390668
1968.0000     -732913.871875
1972.0000     -733992.019289
1976.0000     -732828.000544
1980.0000     -734166.298000
1984.0000     -733465.027819
1988.0000     -732153.560423
1992.0000     -733315.327458
1996.0000     -733820.059583
2000.0000     -733484.295271
2004.0000     -734348.767468
2008.0000     -733851.589420
2012.0000     -733365.432855
2016.0000     -733514.225429
2020.0000     -733673.464644
2024.0000     -734209.493049
2028.0000     -733672.041925
2032.0000     -733339.165667
2036.0000     -732639.051205
2040.0000     -732987.889609
2044.0000     -733522.467564
2048.0000     -733294.054428
2052.0000     -733325.076838
2056.0000     -733262.043377
2060.0000     -733477.334443
2064.0000     -733675.852516
2068.0000     -732664.734106
2072.0000     -733239.130145
2076.0000     -732862.060219
2080.0000     -733442.778627
2084.0000     -733264.787425
2088.0000     -733792.072781
2092.0000     -732984.644112
2096.0000     -733661.602354
2100.0000     -733871.093550
2104.0000     -733866.105665
2108.0000     -733157.375247
2112.0000     -733461.920837
2116.0000     -733609.335444
2120.0000     -733715.948212
2124.0000     -733524.391136
2128.0000     -732959.873302
2132.0000     -732567.247070
2136.0000     -733345.247166
2140.0000     -733122.411461
2144.0000     -733844.627256
2148.0000     -733532.177933
2152.0000     -733770.901225
2156.0000     -733181.450120
2160.0000     -733564.033233
2164.0000     -733236.067929
2168.0000     -733075.043261
2172.0000     -733681.763332
2176.0000     -733658.029362
2180.0000     -733384.120889
2184.0000     -733569.180101
2188.0000     -733059.670144
2192.0000     -733653.428196
2196.0000     -734327.068046
2200.0000     -733784.437160
2204.0000     -733132.760073
2208.0000     -733406.006715
2212.0000     -732763.300414
2216.0000     -732947.126644
2220.0000     -732630.404349
2224.0000     -732777.235282
2228.0000     -733140.007431
2232.0000     -732863.461539
2236.0000     -733215.777052
2240.0000     -732900.607166
2244.0000     -733011.686904
2248.0000     -733252.150108
2252.0000     -733530.553151
2256.0000     -733967.567617
2260.0000     -733152.947574
2264.0000     -733027.223802
2268.0000     -733157.574139
2272.0000     -733442.160067
2276.0000     -733431.271095
2280.0000     -733194.672972
2284.0000     -733619.307660
2288.0000     -732792.345807
2292.0000     -733733.397749
2296.0000     -732975.281019
2300.0000     -733427.316694
2304.0000     -733294.168409
2308.0000     -733571.762680
2312.0000     -733447.272236
2316.0000     -733320.189106
2320.0000     -733331.412327
2324.0000     -733577.724563
2328.0000     -733926.673730
2332.0000     -733128.434310
2336.0000     -733559.810951
2340.0000     -733618.945307
2344.0000     -733205.204134
2348.0000     -732805.374592
2352.0000     -733443.622493
2356.0000     -733093.676151
2360.0000     -733369.660805
2364.0000     -732774.301700
2368.0000     -733707.133762
2372.0000     -733181.575552
2376.0000     -734052.787399
2380.0000     -733111.185985
2384.0000     -734056.395020
2388.0000     -733398.743743
2392.0000     -733659.658362
2396.0000     -732534.649396
2400.0000     -733136.550455
2404.0000     -733217.220506
2408.0000     -733603.686077
2412.0000     -733710.374618
2416.0000     -734042.771664
2420.0000     -734002.860851
2424.0000     -733912.794128
2428.0000     -733921.938784
2432.0000     -733996.143897
2436.0000     -733427.803216
2440.0000     -734644.360285
2444.0000     -733228.176231
2448.0000     -733986.154704
2452.0000     -734343.883187
2456.0000     -733376.798181
2460.0000     -733996.452395
2464.0000     -733397.933014
2468.0000     -733378.659706
2472.0000     -733965.063229
2476.0000     -733841.841784
2480.0000     -733848.275019
2484.0000     -733460.279599
2488.0000     -733313.133690
2492.0000     -733053.225784
2496.0000     -733920.755033
2500.0000     -733676.064929
2504.0000     -734558.098730
2508.0000     -733286.571146
2512.0000     -733751.640019
2516.0000     -734194.888216
2520.0000     -734550.452373
2524.0000     -733934.565414
2528.0000     -733672.010288
2532.0000     -733286.507167
2536.0000     -733421.521966
2540.0000     -733328.367419
2544.0000     -733114.998872
2548.0000     -734494.456441
2552.0000     -734094.365963
2556.0000     -734191.591396
2560.0000     -733237.518314
2564.0000     -734251.049378
2568.0000     -734218.652795
2572.0000     -733626.252322
2576.0000     -733757.914503
2580.0000     -734610.068022
2584.0000     -733898.448342
2588.0000     -734214.001464
2592.0000     -733878.631547
2596.0000     -734204.246171
2600.0000     -734686.196204
2604.0000     -733906.180022
2608.0000     -734558.009434
2612.0000     -733925.294838
2616.0000     -733790.632614
2620.0000     -733407.000052
2624.0000     -733277.235166
2628.0000     -734728.489714
2632.0000     -734203.384433
2636.0000     -733548.130182
2640.0000     -734536.626371
2644.0000     -733508.043848
2648.0000     -734049.657789
2652.0000     -733813.432131
2656.0000     -733178.173645
2660.0000     -733858.273492
2664.0000     -733171.822990
2668.0000     -733709.839822
2672.0000     -732966.550054
2676.0000     -732742.871618
2680.0000     -733212.057881
2684.0000     -733380.101799
2688.0000     -733301.095890
2692.0000     -733642.444430
2696.0000     -733741.604920
2700.0000     -733858.193374
2704.0000     -733068.477049
2708.0000     -733563.205676
2712.0000     -733448.014717
2716.0000     -733226.656836
2720.0000     -734200.734747
2724.0000     -733214.592565
2728.0000     -733663.679752
2732.0000     -733501.422839
2736.0000     -733977.826492
2740.0000     -733290.342379
2744.0000     -733013.245680
2748.0000     -734098.462532
2752.0000     -734421.523065
2756.0000     -733408.067495
2760.0000     -733494.312740
2764.0000     -733636.978835
2768.0000     -733844.878171
2772.0000     -733288.216898
2776.0000     -733706.364323
2780.0000     -733404.389803
2784.0000     -733381.435593
2788.0000     -734050.823392
2792.0000     -733522.810347
2796.0000     -733041.180112
2800.0000     -733586.561534
2804.0000     -733832.415610
2808.0000     -733149.696810
2812.0000     -733221.107272
2816.0000     -733978.459159
2820.0000     -733416.058770
2824.0000     -734251.199157
2828.0000     -734665.395090
2832.0000     -733570.105823
2836.0000     -733386.856284
2840.0000     -733454.125694
2844.0000     -734474.562565
2848.0000     -733457.828755
2852.0000     -733695.690357
2856.0000     -732413.411640
2860.0000     -733636.888954
2864.0000     -733720.687962
2868.0000     -733391.125809
2872.0000     -733635.234366
2876.0000     -732952.770618
2880.0000     -733367.215436
2884.0000     -732958.472236
2888.0000     -733800.223334
2892.0000     -733887.954448
2896.0000     -733751.887040
2900.0000     -733722.841105
2904.0000     -733632.387129
2908.0000     -733112.792407
2912.0000     -734266.274644
2916.0000     -734485.162265
2920.0000     -733690.820349
2924.0000     -734176.361178
2928.0000     -733685.586069
2932.0000     -733610.683208
2936.0000     -734404.558330
2940.0000     -733203.540616
2944.0000     -733657.324095
2948.0000     -733659.628364
2952.0000     -733013.933449
2956.0000     -734468.805490
2960.0000     -733295.800016
2964.0000     -733771.167077
2968.0000     -732692.967332
2972.0000     -733717.828441
2976.0000     -733963.371030
2980.0000     -733389.784318
2984.0000     -733520.882768
2988.0000     -733445.695042
2992.0000     -733468.209821
2996.0000     -733244.564254
3000.0000     -734018.454401
3004.0000     -733967.497008
3008.0000     -733389.920096
3012.0000     -733843.949006
3016.0000     -733050.864263
3020.0000     -733641.535873
3024.0000     -734525.489076
3028.0000     -733594.531585
3032.0000     -733511.510698
3036.0000     -735132.875706
3040.0000     -733354.004749
3044.0000     -733516.742578
3048.0000     -733447.664351
3052.0000     -733564.214806
3056.0000     -733585.313995
3060.0000     -733750.780539
3064.0000     -734180.081041
3068.0000     -733532.236967
3072.0000     -733985.707396
3076.0000     -734180.956346
3080.0000     -734229.243722
3084.0000     -734764.529601
3088.0000     -733593.892072
3092.0000     -733502.275144
3096.0000     -734002.910838
3100.0000     -734389.015167
3104.0000     -734317.971481
3108.0000     -734381.031955
3112.0000     -734052.528575
3116.0000     -733745.085773
3120.0000     -733571.556523
3124.0000     -733893.501643
3128.0000     -733744.256758
3132.0000     -733733.464444
3136.0000     -733585.832115
3140.0000     -733717.947426
3144.0000     -732676.633661
3148.0000     -733927.089403
3152.0000     -733440.174232
3156.0000     -733355.687926
3160.0000     -733018.275082
3164.0000     -734058.833213
3168.0000     -733466.109389
3172.0000     -733810.255701
3176.0000     -734665.447889
3180.0000     -733493.673470
3184.0000     -734178.103140
3188.0000     -733525.563098
3192.0000     -733742.356661
3196.0000     -733878.194613
3200.0000     -734701.308477
3204.0000     -733861.666057
3208.0000     -733317.651207
3212.0000     -734241.811100
3216.0000     -733643.121713
3220.0000     -734241.211249
3224.0000     -733669.659081
3228.0000     -733652.937626
3232.0000     -734150.711494
3236.0000     -733603.336389
3240.0000     -734200.038796
3244.0000     -733199.621108
3248.0000     -733153.346665
3252.0000     -733535.684195
3256.0000     -733362.477054
3260.0000     -733517.685573
3264.0000     -734440.223801
3268.0000     -733916.367111
3272.0000     -734039.910486
3276.0000     -732782.332364
3280.0000     -734001.600672
3284.0000     -733682.171669
3288.0000     -733404.150256
3292.0000     -733647.882645
3296.0000     -734418.589776
3300.0000     -733739.501528
3304.0000     -734093.030044
3308.0000     -734006.337545
3312.0000     -733314.710963
3316.0000     -734762.987595
3320.0000     -734358.959424
3324.0000     -733775.060795
3328.0000     -733120.335865
3332.0000     -734075.480136
3336.0000     -734227.744291
3340.0000     -733602.883918
3344.0000     -734242.255373
3348.0000     -733032.077276
3352.0000     -734390.955435
3356.0000     -733981.535375
3360.0000     -733737.641710
3364.0000     -734111.004144
3368.0000     -733908.172021
3372.0000     -734111.982255
3376.0000     -734121.575215
3380.0000     -734256.846282
3384.0000     -733928.095660
3388.0000     -734172.260168
3392.0000     -733717.718998
3396.0000     -733152.076523
3400.0000     -732930.467143
3404.0000     -732999.560163
3408.0000     -733981.314629
3412.0000     -733673.528592
3416.0000     -733822.930846
3420.0000     -733326.951867
3424.0000     -733673.711029
3428.0000     -734165.942797
3432.0000     -733665.945331
3436.0000     -733600.921296
3440.0000     -733735.147236
3444.0000     -733547.713507
3448.0000     -734371.424371
3452.0000     -734632.480083
3456.0000     -734070.941587
3460.0000     -733636.970204
3464.0000     -733917.380063
3468.0000     -733293.741297
3472.0000     -734151.153173
3476.0000     -733316.432033
3480.0000     -733472.067931
3484.0000     -733686.169280
3488.0000     -733104.288872
3492.0000     -733623.547655
3496.0000     -734031.573897
3500.0000     -734161.362785
3504.0000     -733391.223263
3508.0000     -733894.545954
3512.0000     -733535.259643
3516.0000     -733913.652079
3520.0000     -733997.365672
3524.0000     -734735.952482
3528.0000     -734341.943619
3532.0000     -733533.141593
3536.0000     -734011.139047
3540.0000     -733894.284907
3544.0000     -733699.108148
3548.0000     -733576.729051
3552.0000     -733948.836556
3556.0000     -733907.115813
3560.0000     -733111.394559
3564.0000     -733471.794299
3568.0000     -733213.284493
3572.0000     -733759.572817
3576.0000     -733596.466697
3580.0000     -733580.025542
3584.0000     -733387.992778
3588.0000     -733665.087329
3592.0000     -734028.389434
3596.0000     -732905.542629
3600.0000     -733583.510529
3604.0000     -733868.795663
3608.0000     -733049.731960
3612.0000     -733639.343510
3616.0000     -733962.587379
3620.0000     -733396.487987
3624.0000     -733872.766105
3628.0000     -734180.152142
3632.0000     -734630.919502
3636.0000     -733836.837084
3640.0000     -734703.971290
3644.0000     -733832.810959
3648.0000     -734637.542105
3652.0000     -734649.531963
3656.0000     -734109.458912
3660.0000     -733594.676109
3664.0000     -734276.346167
3668.0000     -733425.567594
3672.0000     -733590.254477
3676.0000     -733946.659157
3680.0000     -733729.977809
3684.0000     -733977.656181
3688.0000     -733823.297010
3692.0000     -734178.177655
3696.0000     -734479.575040
3700.0000     -733871.912073
3704.0000     -734253.273121
3708.0000     -734583.295293
3712.0000     -734200.215209
3716.0000     -733798.503223
3720.0000     -734015.703041
3724.0000     -734280.435114
3728.0000     -733345.855306
3732.0000     -733983.544975
3736.0000     -733927.796802
3740.0000     -733677.067104
3744.0000     -733330.820793
3748.0000     -733743.815924
3752.0000     -733752.745653
3756.0000     -734119.498480
3760.0000     -734359.817327
3764.0000     -734321.402816
3768.0000     -733880.756303
3772.0000     -733759.271716
3776.0000     -733622.929811
3780.0000     -734144.743951
3784.0000     -733404.542073
3788.0000     -733528.709298
3792.0000     -732956.711782
3796.0000     -733659.899572
3800.0000     -732998.524841
3804.0000     -733504.507333
3808.0000     -733200.702219
3812.0000     -733870.472849
3816.0000     -733523.841937
3820.0000     -733462.249561
3824.0000     -733631.637468
3828.0000     -733780.558819
3832.0000     -734024.570300
3836.0000     -734326.032660
3840.0000     -733682.059314
3844.0000     -734223.477833
3848.0000     -733816.738459
3852.0000     -733779.834774
3856.0000     -733265.664890
3860.0000     -733473.419031
3864.0000     -733752.551604
3868.0000     -733493.795757
3872.0000     -733609.283432
3876.0000     -733448.247359
3880.0000     -733338.905409
3884.0000     -734120.107841
3888.0000     -733256.457141
3892.0000     -733201.047066
3896.0000     -734195.152900
3900.0000     -733719.317460
3904.0000     -733495.305149
3908.0000     -733673.656339
3912.0000     -733008.680642
3916.0000     -733664.227764
3920.0000     -733418.741136
3924.0000     -732849.518607
3928.0000     -733885.198572
3932.0000     -733952.953887
3936.0000     -733717.285333
3940.0000     -733438.070246
3944.0000     -733513.619374
3948.0000     -733138.550227
3952.0000     -733498.730357
3956.0000     -733583.642353
3960.0000     -733479.491029
3964.0000     -733480.395061
3968.0000     -734344.022723
3972.0000     -733839.868169
3976.0000     -734173.717571
3980.0000     -733796.206111
3984.0000     -733408.955958
3988.0000     -734256.793051
3992.0000     -733918.985922
3996.0000     -734470.053289
4000.0000     -733618.840780
4004.0000     -733618.840780
