4.0000     -733640.484626
8.0000     -732904.504150
12.0000     -732728.549540
16.0000     -732469.621503
20.0000     -733492.074699
24.0000     -734094.702120
28.0000     -733150.055098
32.0000     -733418.968744
36.0000     -733459.865230
40.0000     -733694.802308
44.0000     -732869.985775
48.0000     -732468.883653
52.0000     -733718.982183
56.0000     -733372.855219
60.0000     -733935.902758
64.0000     -733323.609906
68.0000     -732785.168401
72.0000     -730427.800317
76.0000     -732780.159652
80.0000     -733840.259048
84.0000     -733161.347664
88.0000     -732576.818848
92.0000     -732884.226570
96.0000     -732812.410540
100.0000     -732904.128663
104.0000     -733109.173061
108.0000     -732941.337259
112.0000     -733040.935569
116.0000     -733214.731511
120.0000     -730968.195725
124.0000     -732359.224066
128.0000     -733183.059785
132.0000     -732470.500578
136.0000     -733217.988090
140.0000     -730855.365391
144.0000     -732751.275729
148.0000     -732795.178318
152.0000     -733064.144163
156.0000     -391766.155892
160.0000     -732795.013038
164.0000     -733181.135867
168.0000     -733193.894735
172.0000     -732832.640766
176.0000     -732613.326224
180.0000     -732728.430892
184.0000     -733189.663415
188.0000     -733819.199924
192.0000     -733059.237843
196.0000     -734263.924307
200.0000     -732910.516588
204.0000     -732931.472890
208.0000     -733466.464794
212.0000     -733673.783863
216.0000     -733164.719832
220.0000     -733598.875025
224.0000     -733216.818255
228.0000     -732623.574526
232.0000     -733029.796070
236.0000     -732909.773772
240.0000     -732927.698226
244.0000     -732710.741870
248.0000     -732321.470099
252.0000     -733337.262075
256.0000     -733027.951230
260.0000     -733573.997881
264.0000     -733048.555705
268.0000     -732723.916792
272.0000     -732587.184322
276.0000     -713839.536164
280.0000     -732929.949657
284.0000     -733097.557253
288.0000     -732961.605189
292.0000     -732901.354526
296.0000     -732644.097198
300.0000     -733404.184941
304.0000     -733394.054875
308.0000     -733320.505404
312.0000     -733328.318674
316.0000     -733790.101376
320.0000     -732450.455784
324.0000     -733198.658362
328.0000     -732752.906090
332.0000     -733226.981899
336.0000     -733516.253084
340.0000     -732887.526940
344.0000     -733320.692904
348.0000     -733509.230784
352.0000     -732121.622588
356.0000     -733100.762041
360.0000     -733233.727797
364.0000     -733213.612326
368.0000     -732713.824152
372.0000     -733094.225301
376.0000     -732506.855070
380.0000     -732663.370249
384.0000     -732538.784807
388.0000     -732278.788206
392.0000     -733045.260653
396.0000     -734036.488071
400.0000     -733133.851304
404.0000     -733054.384625
408.0000     -733446.614433
412.0000     -733768.312095
416.0000     -732674.166912
420.0000     -732834.944046
424.0000     -732649.797375
428.0000     -733386.768585
432.0000     -732563.971613
436.0000     -733416.431840
440.0000     -733107.349096
444.0000     -733800.653425
448.0000     -733153.561505
452.0000     -732929.276229
456.0000     -733806.038042
460.0000     -732182.738307
464.0000     -733712.112049
468.0000     -732654.846155
472.0000     -733952.756325
476.0000     -732489.469005
480.0000     -732856.340249
484.0000     -733358.743541
488.0000     -732931.503328
492.0000     -733016.272107
496.0000     -733268.252109
500.0000     -732033.585058
504.0000     -730513.434570
508.0000     -733038.534121
512.0000     -733679.549546
516.0000     -732881.178529
520.0000     -732810.091877
524.0000     -733210.777339
528.0000     -733637.869989
532.0000     -734068.386178
536.0000     -732751.306618
540.0000     -732869.014331
544.0000     -732928.541679
548.0000     -731806.088367
552.0000     -733351.083881
556.0000     -732747.483831
560.0000     -732333.362708
564.0000     -732832.397361
568.0000     -732839.645987
572.0000     -733303.364866
576.0000     -733022.576949
580.0000     -732564.210689
584.0000     -732673.594061
588.0000     -733843.360289
592.0000     -733435.929262
596.0000     -733164.795806
600.0000     -732784.876671
604.0000     -733049.943988
608.0000     -733188.293603
612.0000     -733158.436725
616.0000     -732836.019148
620.0000     -732911.448873
624.0000     -732700.267617
628.0000     -733262.389552
632.0000     -733333.394162
636.0000     -732937.144312
640.0000     -732338.926485
644.0000     -732997.944869
648.0000     -733580.282204
652.0000     -732784.118093
656.0000     -732414.063814
660.0000     -733419.584735
664.0000     -733441.753470
668.0000     -733314.374581
672.0000     -733374.792091
676.0000     -732970.817792
680.0000     -733440.794544
684.0000     -732971.969211
688.0000     -733462.668704
692.0000     -732715.512560
696.0000     -732137.573997
700.0000     -732345.478116
704.0000     -732823.716505
708.0000     -732531.119938
712.0000     -732880.024269
716.0000     -732489.965957
720.0000     -732851.652807
724.0000     -733787.471594
728.0000     -733441.729578
732.0000     -732979.469613
736.0000     -732829.334371
740.0000     -732905.196153
744.0000     -732560.640935
748.0000     -732643.906899
752.0000     -733107.401950
756.0000     -732622.654417
760.0000     -732679.079424
764.0000     -732820.799978
768.0000     -733048.586135
772.0000     -733143.521003
776.0000     -733624.582121
780.0000     -733375.146025
784.0000     -733901.031659
788.0000     -733257.268276
792.0000     -732495.766746
796.0000     -733089.587060
800.0000     -733498.745255
804.0000     -733324.169275
808.0000     -732916.961754
812.0000     -733161.490889
816.0000     -733588.435618
820.0000     -733482.104416
824.0000     -733561.965868
828.0000     -733345.180992
832.0000     -733660.844937
836.0000     -733545.681879
840.0000     -733812.265778
844.0000     -733196.872694
848.0000     -732517.647730
852.0000     -732945.466056
856.0000     -733650.212521
860.0000     -731671.680979
864.0000     -732819.225993
868.0000     -732718.391184
872.0000     -733099.077859
876.0000     -732969.130232
880.0000     -732424.959936
884.0000     -733483.731384
888.0000     -731719.873755
892.0000     -731922.173403
896.0000     -733121.769603
900.0000     -732405.943205
904.0000     -732955.000040
908.0000     -733138.671610
912.0000     -733032.997728
916.0000     -731793.029082
920.0000     -732684.569359
924.0000     -732887.672352
928.0000     -733511.553009
932.0000     -732905.372442
936.0000     -733256.910188
940.0000     -733662.397320
944.0000     -733395.498974
948.0000     -733946.324427
952.0000     -731885.994492
956.0000     -732927.483294
960.0000     -733403.156639
964.0000     -732050.021479
968.0000     -732885.897826
972.0000     -733131.954219
976.0000     -733381.925928
980.0000     -733515.462328
984.0000     -733766.844567
988.0000     -733281.643984
992.0000     -733692.227462
996.0000     -733863.962695
1000.0000     -733748.209778
1004.0000     -733350.796002
1008.0000     -733439.783020
1012.0000     -733143.247775
1016.0000     -733363.582945
1020.0000     -733122.684755
1024.0000     -733742.980233
1028.0000     -733519.748504
1032.0000     -732523.427945
1036.0000     -732653.381778
1040.0000     -731974.431486
1044.0000     -733063.335050
1048.0000     -732517.348029
1052.0000     -734355.312994
1056.0000     -733446.755579
1060.0000     -733615.401294
1064.0000     -732595.986700
1068.0000     -733007.566526
1072.0000     -732931.769430
1076.0000     -732838.801993
1080.0000     -733586.448340
1084.0000     -733545.869283
1088.0000     -732667.036403
1092.0000     -732928.347645
1096.0000     -733362.533486
1100.0000     -733796.752619
1104.0000     -733150.193008
1108.0000     -734135.090563
1112.0000     -732791.468853
1116.0000     -732816.627958
1120.0000     -733290.912528
1124.0000     -733514.406237
1128.0000     -733163.440246
1132.0000     -732539.695602
1136.0000     -733356.184786
1140.0000     -723876.271452
1144.0000     -733533.801855
1148.0000     -732967.834625
1152.0000     -733229.665223
1156.0000     -733167.889701
1160.0000     -733236.219922
1164.0000     -733404.955044
1168.0000     -733043.351090
1172.0000     -733036.038572
1176.0000     -733373.118297
1180.0000     -733792.961638
1184.0000     -733197.673413
1188.0000     -733138.702421
1192.0000     -732858.050446
1196.0000     -733700.959629
1200.0000     -732154.019071
1204.0000     -733058.142293
1208.0000     -733668.023575
1212.0000     -733581.789147
1216.0000     -733503.801837
1220.0000     -734206.257417
1224.0000     -733239.633567
1228.0000     -732993.411212
1232.0000     -733354.004785
1236.0000     -733683.005486
1240.0000     -733556.630637
1244.0000     -713420.077981
1248.0000     -733666.787322
1252.0000     -733412.801395
1256.0000     -733604.556669
1260.0000     -733524.357658
1264.0000     -733949.005912
1268.0000     -733458.830328
1272.0000     -733318.105795
1276.0000     -734394.951387
1280.0000     -733835.374162
1284.0000     -733747.329928
1288.0000     -733379.680962
1292.0000     -733665.106636
1296.0000     -733422.707407
1300.0000     -733085.176967
1304.0000     -733600.207185
1308.0000     -733282.951377
1312.0000     -733116.084131
1316.0000     -733549.601932
1320.0000     -733521.193247
1324.0000     -733385.750532
1328.0000     -733267.274627
1332.0000     -733280.369410
1336.0000     -733200.617339
1340.0000     -732369.917779
1344.0000     -733444.732797
1348.0000     -732948.069636
1352.0000     -732482.102131
1356.0000     -733096.487974
1360.0000     -733357.934256
1364.0000     -733317.622975
1368.0000     -733220.558062
1372.0000     -732981.586934
1376.0000     -733986.754403
1380.0000     -733108.977523
1384.0000     -732123.771824
1388.0000     -733155.944545
1392.0000     -733158.712145
1396.0000     -732562.987599
1400.0000     -732658.013021
1404.0000     -732588.965623
1408.0000     -733226.109469
1412.0000     -733024.069093
1416.0000     -733189.370839
1420.0000     -732531.029610
1424.0000     -733227.470067
1428.0000     -732848.642128
1432.0000     -733791.119856
1436.0000     -732952.778813
1440.0000     -733545.387658
1444.0000     -733545.211221
1448.0000     -733468.452214
1452.0000     -732615.277164
1456.0000     -733049.331018
1460.0000     -732129.131508
1464.0000     -733590.103094
1468.0000     -733301.619653
1472.0000     -732856.305597
1476.0000     -733902.529387
1480.0000     -733765.329851
1484.0000     -732918.121837
1488.0000     -733601.632492
1492.0000     -733108.997971
1496.0000     -733399.794525
1500.0000     -733036.643112
1504.0000     -733552.607022
1508.0000     -733275.557896
1512.0000     -733243.161451
1516.0000     -733626.532518
1520.0000     -733000.330590
1524.0000     -733423.607119
1528.0000     -733230.441499
1532.0000     -733948.531819
1536.0000     -732995.295604
1540.0000     -733322.643777
1544.0000     -733057.223547
1548.0000     -732874.372057
1552.0000     -732901.178331
1556.0000     -733174.097815
1560.0000     -732420.209931
1564.0000     -733288.345773
1568.0000     -732500.900103
1572.0000     -732546.046873
1576.0000     -733042.953340
1580.0000     -733197.467480
1584.0000     -733615.416580
1588.0000     -732661.820157
1592.0000     -732849.253756
1596.0000     -733372.875710
1600.0000     -733087.045195
1604.0000     -734427.010193
1608.0000     -733875.490470
1612.0000     -732627.119669
1616.0000     -733035.408760
1620.0000     -731843.638831
1624.0000     -732979.864135
1628.0000     -726470.757169
1632.0000     -726621.486955
1636.0000     -730190.101789
1640.0000     -733525.160335
1644.0000     -733615.012284
1648.0000     -733944.229726
1652.0000     -733600.252798
1656.0000     -733477.441856
1660.0000     -733792.199979
1664.0000     -733020.981031
1668.0000     -732045.132004
1672.0000     -733387.159803
1676.0000     -733904.169138
1680.0000     -732838.485163
1684.0000     -732758.933018
1688.0000     -733690.208427
1692.0000     -732965.659213
1696.0000     -733030.260502
1700.0000     -733018.150250
1704.0000     -733216.889390
1708.0000     -732416.072933
1712.0000     -732518.548997
1716.0000     -733617.565721
1720.0000     -731995.951211
1724.0000     -732623.287355
1728.0000     -732791.855792
1732.0000     -732231.788779
1736.0000     -733651.746502
1740.0000     -733110.119633
1744.0000     -732420.885824
1748.0000     -732981.690132
1752.0000     -732193.949959
1756.0000     -733324.404349
1760.0000     -731424.353762
1764.0000     -732699.571306
1768.0000     -732827.586737
1772.0000     -733268.033533
1776.0000     -733820.155013
1780.0000     -732599.705189
1784.0000     -733269.234172
1788.0000     -732772.800447
1792.0000     -733682.332236
1796.0000     -733457.611445
1800.0000     -732945.488164
1804.0000     -733235.840489
1808.0000     -731164.249001
1812.0000     -732624.031079
1816.0000     -733125.883844
1820.0000     -734015.214664
1824.0000     -733085.343672
1828.0000     -733472.522121
1832.0000     -732010.760380
1836.0000     -734336.117182
1840.0000     -733484.996343
1844.0000     -733996.320261
1848.0000     -733726.234107
1852.0000     -733700.725349
1856.0000     -733707.479632
1860.0000     -733466.687044
1864.0000     -731731.982393
1868.0000     -732418.536394
1872.0000     -733953.720191
1876.0000     -732385.601722
1880.0000     -732939.336555
1884.0000     -733334.496265
1888.0000     -733389.519882
1892.0000     -732523.892287
1896.0000     -727760.612711
1900.0000     -732975.827238
1904.0000     -733328.968125
1908.0000     -732946.407183
1912.0000     -733671.645709
1916.0000     -732266.049815
1920.0000     -732837.126494
1924.0000     -733129.925719
1928.0000     -732663.008133
1932.0000     -733594.051895
1936.0000     -733373.629841
1940.0000     -732947.465832
1944.0000     -733977.586251
1948.0000     -732852.446310
1952.0000     -732819.596116
1956.0000     -732088.513477
1960.0000     -733789.286483
1964.0000     -733364.091255
1968.0000     -732334.657060
1972.0000     -733552.640029
1976.0000     -733394.274415
1980.0000     -733438.113246
1984.0000     -733162.339896
1988.0000     -733516.415948
1992.0000     -732736.870248
1996.0000     -724986.956027
2000.0000     -732615.481638
2004.0000     -733480.446713
2008.0000     -733833.814905
2012.0000     -733713.043625
2016.0000     -733498.195102
2020.0000     -733605.548722
2024.0000     -731980.213160
2028.0000     -733032.462426
2032.0000     -733519.664418
2036.0000     -734212.497737
2040.0000     -733118.164162
2044.0000     -733758.765447
2048.0000     -732434.966742
2052.0000     -732393.766109
2056.0000     -733632.362815
2060.0000     -732241.381412
2064.0000     -733272.910511
2068.0000     -732966.794514
2072.0000     -733130.104027
2076.0000     -733523.417246
2080.0000     -733517.714219
2084.0000     -732621.743613
2088.0000     -732612.347430
2092.0000     -733833.887451
2096.0000     -732871.043663
2100.0000     -733079.982251
2104.0000     -733480.687419
2108.0000     -731994.427777
2112.0000     -733524.308755
2116.0000     -733045.171597
2120.0000     -733147.300647
2124.0000     -732687.937875
2128.0000     -727877.508520
2132.0000     -733662.618678
2136.0000     -733206.020808
2140.0000     -733129.005888
2144.0000     -734015.308437
2148.0000     -733725.382224
2152.0000     -733270.548080
2156.0000     -733267.481276
2160.0000     -733643.584855
2164.0000     -732798.074341
2168.0000     -733240.566513
2172.0000     -732828.818886
2176.0000     -733322.120320
2180.0000     -734015.913192
2184.0000     -733534.932165
2188.0000     -733442.498628
2192.0000     -734055.715109
2196.0000     -733167.109757
2200.0000     -733260.836983
2204.0000     -734207.919547
2208.0000     -733618.834838
2212.0000     -733746.157540
2216.0000     -732631.191130
2220.0000     -733773.808529
2224.0000     -733574.885496
2228.0000     -733871.144081
2232.0000     -733650.639735
2236.0000     -733222.958357
2240.0000     -732995.100274
2244.0000     -733767.250379
2248.0000     -734031.142594
2252.0000     -734101.135867
2256.0000     -733748.857692
2260.0000     -734580.453749
2264.0000     -730550.417084
2268.0000     -733800.785061
2272.0000     -734072.332257
2276.0000     -732246.988553
2280.0000     -734014.673335
2284.0000     -732754.187504
2288.0000     -733075.959128
2292.0000     -732976.615148
2296.0000     -733147.478631
2300.0000     -732729.110952
2304.0000     -732855.797695
2308.0000     -732296.849883
2312.0000     -733286.764783
2316.0000     -733755.508193
2320.0000     -733374.005383
2324.0000     -733805.850778
2328.0000     -732706.971734
2332.0000     -731092.299594
2336.0000     -733544.037072
2340.0000     -733244.001698
2344.0000     -733134.166197
2348.0000     -733189.337322
2352.0000     -733309.592462
2356.0000     -731922.906109
2360.0000     -733556.979006
2364.0000     -733650.621280
2368.0000     -732982.951431
2372.0000     -733315.489697
2376.0000     -733385.355892
2380.0000     -733335.166379
2384.0000     -733035.945457
2388.0000     -733539.547571
2392.0000     -733573.220030
2396.0000     -733519.851978
2400.0000     -733210.171833
2404.0000     -733778.295590
2408.0000     -733635.774304
2412.0000     -728833.337486
2416.0000     -732999.370832
2420.0000     -732710.355918
2424.0000     -733234.580434
2428.0000     -733410.002963
2432.0000     -733159.249307
2436.0000     -733519.152533
2440.0000     -732360.302213
2444.0000     -733196.690084
2448.0000     -733317.115056
2452.0000     -733170.970357
2456.0000     -733477.116828
2460.0000     -733077.294601
2464.0000     -732511.868261
2468.0000     -733220.414833
2472.0000     -732843.048622
2476.0000     -733869.418456
2480.0000     -733890.703666
2484.0000     -733349.928169
2488.0000     -733126.459803
2492.0000     -734388.164906
2496.0000     -732921.303184
2500.0000     -732769.297972
2504.0000     -732515.814216
2508.0000     -732982.674224
2512.0000     -734065.036644
2516.0000     -733478.976494
2520.0000     -732420.342490
2524.0000     -733350.845968
2528.0000     -732801.809832
2532.0000     -733434.957185
2536.0000     -733402.180781
2540.0000     -732650.178975
2544.0000     -733029.771798
2548.0000     -733467.098551
2552.0000     -732959.316176
2556.0000     -732893.971337
2560.0000     -732051.389916
2564.0000     -733247.797232
2568.0000     -732594.930927
2572.0000     -733923.603674
2576.0000     -734701.777238
2580.0000     -734231.308932
2584.0000     -733184.369893
2588.0000     -732509.297134
2592.0000     -733488.328601
2596.0000     -733689.983458
2600.0000     -733945.411453
2604.0000     -733133.982725
2608.0000     -734229.806349
2612.0000     -509917.214544
2616.0000     -733062.541827
2620.0000     -733335.365238
2624.0000     -733940.742036
2628.0000     -733698.813779
2632.0000     -733891.205019
2636.0000     -732834.739705
2640.0000     -733483.830219
2644.0000     -733828.975124
2648.0000     -733086.409362
2652.0000     -733111.933766
2656.0000     -729591.241575
2660.0000     -732466.325550
2664.0000     -734208.188082
2668.0000     -733491.039734
2672.0000     -733089.859606
2676.0000     -731786.370535
2680.0000     -733887.121213
2684.0000     -732596.515462
2688.0000     -733217.676529
2692.0000     -733497.673276
2696.0000     -733862.833775
2700.0000     -733507.936669
2704.0000     -733849.286821
2708.0000     -733595.915067
2712.0000     -733963.111046
2716.0000     -732268.855459
2720.0000     -733597.070959
2724.0000     -733388.090283
2728.0000     -734178.808400
2732.0000     -733537.681594
2736.0000     -733860.848047
2740.0000     -733438.489960
2744.0000     -733509.445419
2748.0000     -733700.691086
2752.0000     -733370.060940
2756.0000     -733756.280394
2760.0000     -733357.514550
2764.0000     -733507.065857
2768.0000     -733297.117475
2772.0000     -733417.640566
2776.0000     -733454.047889
2780.0000     -733798.675478
2784.0000     -733101.874622
2788.0000     -732790.194651
2792.0000     -733557.721200
2796.0000     -733809.735273
2800.0000     -729842.167892
2804.0000     -732608.329114
2808.0000     -733538.653915
2812.0000     -733503.905857
2816.0000     -733613.148418
2820.0000     -733054.653520
2824.0000     -733170.409142
2828.0000     -732937.180454
2832.0000     -734012.425950
2836.0000     -733440.627233
2840.0000     -733242.390552
2844.0000     -733718.064708
2848.0000     -733158.265267
2852.0000     -734034.858074
2856.0000     -733393.226562
2860.0000     -732614.186842
2864.0000     -733359.015208
2868.0000     -733767.038283
2872.0000     -733858.205183
2876.0000     -733188.471956
2880.0000     -734171.166740
2884.0000     -732996.570330
2888.0000     -733148.574939
2892.0000     -733537.400561
2896.0000     -734410.217057
2900.0000     -733611.508072
2904.0000     -733489.857256
2908.0000     -734237.128871
2912.0000     -733313.469869
2916.0000     -733201.335648
2920.0000     -733303.683615
2924.0000     -733776.011279
2928.0000     -634918.155937
2932.0000     -733281.420779
2936.0000     -733151.164054
2940.0000     -733523.472515
2944.0000     -733093.068692
2948.0000     -732813.233993
2952.0000     -733409.518336
2956.0000     -733042.826940
2960.0000     -733396.578485
2964.0000     -734314.067458
2968.0000     -733515.028297
2972.0000     -733393.425520
2976.0000     -732025.407112
2980.0000     -733902.458709
2984.0000     -733786.521273
2988.0000     -733945.462130
2992.0000     -734130.262840
2996.0000     -733487.119247
3000.0000     -733607.031010
3004.0000     -733252.711363
3008.0000     -726035.292644
3012.0000     -733110.146432
3016.0000     -733205.994785
3020.0000     -732899.080530
3024.0000     -733494.132374
3028.0000     -733984.691950
3032.0000     -733713.147390
3036.0000     -733287.800200
3040.0000     -733231.375178
3044.0000     -733224.448133
3048.0000     -733166.210777
3052.0000     -734077.082125
3056.0000     -733930.740923
3060.0000     -734094.305877
3064.0000     -733718.435484
3068.0000     -733576.095863
3072.0000     -733477.979088
3076.0000     -733485.689487
3080.0000     -735047.440279
3084.0000     -733905.039058
3088.0000     -733934.985709
3092.0000     -733266.858667
3096.0000     -732751.934123
3100.0000     -733139.702783
3104.0000     -733461.653111
3108.0000     -733554.738142
3112.0000     -733290.687557
3116.0000     -732962.449093
3120.0000     -733510.430705
3124.0000     -733981.461093
3128.0000     -733596.102406
3132.0000     -733962.304756
3136.0000     -733675.396475
3140.0000     -734588.330028
3144.0000     -733281.229153
3148.0000     -733472.282430
3152.0000     -733424.718309
3156.0000     -734117.301723
3160.0000     -732543.913401
3164.0000     -733471.230434
3168.0000     -733654.502777
3172.0000     -733271.622242
3176.0000     -733540.979941
3180.0000     -733659.870571
3184.0000     -733677.988513
3188.0000     -733496.870618
3192.0000     -733431.122659
3196.0000     -733388.528892
3200.0000     -733292.555350
3204.0000     -733045.830704
3208.0000     -733718.915105
3212.0000     -734118.585133
3216.0000     -733239.053524
3220.0000     -732067.314910
3224.0000     -733755.932338
3228.0000     -733941.088775
3232.0000     -733524.659069
3236.0000     -734172.844695
3240.0000     -734154.619376
3244.0000     -733964.857824
3248.0000     -734013.966809
3252.0000     -733775.018711
3256.0000     -733596.722174
3260.0000     -733219.362056
3264.0000     -732454.527457
3268.0000     -733627.968395
3272.0000     -733501.808980
3276.0000     -733558.458543
3280.0000     -734528.852820
3284.0000     -733355.319071
3288.0000     -733027.676999
3292.0000     -733233.332558
3296.0000     -730625.904487
3300.0000     -732410.456951
3304.0000     -732850.934405
3308.0000     -734229.858105
3312.0000     -733749.599797
3316.0000     -732715.843267
3320.0000     -733176.829836
3324.0000     -732514.881134
3328.0000     -734109.084353
3332.0000     -733851.051626
3336.0000     -733373.482627
3340.0000     -733513.546331
3344.0000     -733771.429852
3348.0000     -733422.691115
3352.0000     -733699.769874
3356.0000     -733127.948817
3360.0000     -732791.307044
3364.0000     -733622.170300
3368.0000     -733794.120731
3372.0000     -733373.700354
3376.0000     -733143.313463
3380.0000     -733214.467127
3384.0000     -733628.205527
3388.0000     -732663.068590
3392.0000     -733797.228732
3396.0000     -733663.591215
3400.0000     -733816.515145
3404.0000     -733620.327262
3408.0000     -732836.132365
3412.0000     -734046.032887
3416.0000     -734060.796790
3420.0000     -733992.726269
3424.0000     -733554.318083
3428.0000     -733634.472490
3432.0000     -734503.052440
3436.0000     -733428.960761
3440.0000     -732674.102412
3444.0000     -734430.299788
3448.0000     -733632.814765
3452.0000     -733436.646419
3456.0000     -733624.340350
3460.0000     -733244.017805
3464.0000     -734372.563831
3468.0000     -734445.536113
3472.0000     -733459.561878
3476.0000     -734455.049602
3480.0000     -734379.828007
3484.0000     -733064.088195
3488.0000     -733722.368300
3492.0000     -734380.173722
3496.0000     -733173.199961
3500.0000     -733591.797096
3504.0000     -734291.653111
3508.0000     -732150.701418
3512.0000     -733690.180095
3516.0000     -733891.622704
3520.0000     -733823.937850
3524.0000     -734263.665404
3528.0000     -732930.195708
3532.0000     -733463.273120
3536.0000     -733091.512603
3540.0000     -733342.414813
3544.0000     -733333.475231
3548.0000     -733082.821174
3552.0000     -733694.852884
3556.0000     -733124.721207
3560.0000     -733654.826697
3564.0000     -733061.981788
3568.0000     -733707.541757
3572.0000     -733338.406308
3576.0000     -733020.178983
3580.0000     -733234.098306
3584.0000     -731636.257211
3588.0000     -733241.876273
3592.0000     -733037.312223
3596.0000     -733759.480404
3600.0000     -733279.960731
3604.0000     -733565.164279
3608.0000     -733805.834660
3612.0000     -733870.543014
3616.0000     -733503.486994
3620.0000     -733436.220827
3624.0000     -733252.012712
3628.0000     -733894.041413
3632.0000     -732861.634266
3636.0000     -733122.417320
3640.0000     -732957.727159
3644.0000     -732872.605673
3648.0000     -733204.249883
3652.0000     -733969.965847
3656.0000     -733472.664317
3660.0000     -733484.367330
3664.0000     -733811.746528
3668.0000     -734211.716349
3672.0000     -733550.526083
3676.0000     -734044.823039
3680.0000     -733731.630477
3684.0000     -733260.900822
3688.0000     -733716.517499
3692.0000     -733342.397690
3696.0000     -733068.018915
3700.0000     -733456.893389
3704.0000     -733022.598998
3708.0000     -733279.965927
3712.0000     -732999.780884
3716.0000     -733727.788492
3720.0000     -734103.854262
3724.0000     -733766.026008
3728.0000     -734243.362847
3732.0000     -733524.230155
3736.0000     -733599.352996
3740.0000     -733807.599345
3744.0000     -733951.740376
3748.0000     -733706.943443
3752.0000     -733285.019430
3756.0000     -732680.522657
3760.0000     -734045.087421
3764.0000     -734563.248365
3768.0000     -733520.449002
3772.0000     -732598.128214
3776.0000     -733448.281279
3780.0000     -731178.249666
3784.0000     -733602.912662
3788.0000     -733968.536629
3792.0000     -733846.136597
3796.0000     -733625.716162
3800.0000     -734044.455784
3804.0000     -733881.105605
3808.0000     -733954.366306
3812.0000     -732610.468694
3816.0000     -732871.013190
3820.0000     -734249.447171
3824.0000     -734089.915097
3828.0000     -733367.048433
3832.0000     -733780.310064
3836.0000     -734162.437558
3840.0000     -733747.443622
3844.0000     -733772.335182
3848.0000     -733957.598033
3852.0000     -733687.779377
3856.0000     -733663.327013
3860.0000     -731983.600762
3864.0000     -733227.569596
3868.0000     -733810.450081
3872.0000     -733473.929291
3876.0000     -733722.191325
3880.0000     -732237.383777
3884.0000     -733818.114417
3888.0000     -733957.165909
3892.0000     -733943.973096
3896.0000     -734065.301593
3900.0000     -734450.990632
3904.0000     -733853.902006
3908.0000     -733703.166461
3912.0000     -733700.066313
3916.0000     -733657.280991
3920.0000     -733825.239628
3924.0000     -733258.500886
3928.0000     -733306.046211
3932.0000     -734218.885677
3936.0000     -733173.775402
3940.0000     -734359.197611
3944.0000     -733392.970107
3948.0000     -732988.225482
3952.0000     -733884.214136
3956.0000     -733414.501789
3960.0000     -733613.978647
3964.0000     -733110.982390
3968.0000     -733514.483003
3972.0000     -733165.164368
3976.0000     -732932.791851
3980.0000     -734067.783577
3984.0000     -733285.947332
3988.0000     -732955.467142
3992.0000     -733198.469940
3996.0000     -732945.229543
4000.0000     -734226.642002
4004.0000     -734226.642002
