4.0000     -733239.487250
8.0000     -732579.852484
12.0000     -732990.169469
16.0000     -732615.815981
20.0000     -733262.118296
24.0000     -732738.299396
28.0000     -733580.495828
32.0000     -732488.375410
36.0000     -732674.784004
40.0000     -732811.599223
44.0000     -733194.464925
48.0000     -732838.460547
52.0000     -732191.876699
56.0000     -733349.501873
60.0000     -733253.040569
64.0000     -732969.728613
68.0000     -733657.306441
72.0000     -733658.335042
76.0000     -733154.957621
80.0000     -733686.345535
84.0000     -732734.613189
88.0000     -733390.428899
92.0000     -733207.468968
96.0000     -733806.918725
100.0000     -732865.667335
104.0000     -733395.202341
108.0000     -733389.040423
112.0000     -732948.288109
116.0000     -733036.476757
120.0000     -733611.477815
124.0000     -733525.847417
128.0000     -734617.595683
132.0000     -734092.550225
136.0000     -733543.502307
140.0000     -733840.673925
144.0000     -733543.083757
148.0000     -733002.337124
152.0000     -732479.283385
156.0000     -733564.593582
160.0000     -733519.793465
164.0000     -733118.696247
168.0000     -733875.486262
172.0000     -732785.748670
176.0000     -732731.589128
180.0000     -733378.160067
184.0000     -733354.084608
188.0000     -732739.435072
192.0000     -733546.168030
196.0000     -733722.507541
200.0000     -732964.767878
204.0000     -732949.299745
208.0000     -733638.043095
212.0000     -733857.381276
216.0000     -733423.302522
220.0000     -734049.160370
224.0000     -732929.697593
228.0000     -733314.256526
232.0000     -733412.349975
236.0000     -733689.223937
240.0000     -732746.601696
244.0000     -733133.929311
248.0000     -733454.571870
252.0000     -733602.499220
256.0000     -733506.122689
260.0000     -732933.541403
264.0000     -733386.962755
268.0000     -733913.905402
272.0000     -734120.779523
276.0000     -733167.870597
280.0000     -733184.221208
284.0000     -733311.235162
288.0000     -733420.319731
292.0000     -732546.843887
296.0000     -733574.669935
300.0000     -732961.607410
304.0000     -733260.554045
308.0000     -732948.087959
312.0000     -733607.633002
316.0000     -733512.760487
320.0000     -733152.682521
324.0000     -732614.459311
328.0000     -733508.427697
332.0000     -733386.848998
336.0000     -733306.149344
340.0000     -733711.979064
344.0000     -733397.238926
348.0000     -732991.946182
352.0000     -733348.934790
356.0000     -734116.223480
360.0000     -733032.221077
364.0000     -733401.774982
368.0000     -732500.878259
372.0000     -733386.564521
376.0000     -732622.887402
380.0000     -733470.749510
384.0000     -733235.570989
388.0000     -732795.852755
392.0000     -733054.576632
396.0000     -733443.467632
400.0000     -733073.181869
404.0000     -733700.703816
408.0000     -732882.321006
412.0000     -733360.306237
416.0000     -734240.949720
420.0000     -733234.260009
424.0000     -733900.306522
428.0000     -733658.356799
432.0000     -733119.667232
436.0000     -733385.651287
440.0000     -733164.375146
444.0000     -733841.397924
448.0000     -733985.066670
452.0000     -733035.053415
456.0000     -733016.591692
460.0000     -733723.732899
464.0000     -734144.252013
468.0000     -733388.796354
472.0000     -732719.050045
476.0000     -732801.858895
480.0000     -734243.647163
484.0000     -732962.728554
488.0000     -732827.562067
492.0000     -733477.803149
496.0000     -732428.684667
500.0000     -733013.827675
504.0000     -733372.688485
508.0000     -732635.844291
512.0000     -734046.189965
516.0000     -733991.437794
520.0000     -733637.725516
524.0000     -733295.995315
528.0000     -733478.088406
532.0000     -733078.385016
536.0000     -733514.158143
540.0000     -733876.333244
544.0000     -733555.141248
548.0000     -733866.631629
552.0000     -733075.681171
556.0000     -733389.133581
560.0000     -733992.224199
564.0000     -733622.715761
568.0000     -733473.101718
572.0000     -733638.117061
576.0000     -732985.180357
580.0000     -732523.250917
584.0000     -733546.676865
588.0000     -733167.455015
592.0000     -733638.639921
596.0000     -734081.655470
600.0000     -733248.426621
604.0000     -732689.792808
608.0000     -732711.527528
612.0000     -733124.012811
616.0000     -732829.989954
620.0000     -733262.288116
624.0000     -732738.557273
628.0000     -733351.699789
632.0000     -733752.583137
636.0000     -733703.334540
640.0000     -732498.664048
644.0000     -733231.908801
648.0000     -732159.226533
652.0000     -732932.991874
656.0000     -733996.319451
660.0000     -733454.282776
664.0000     -733257.764318
668.0000     -733719.067184
672.0000     -733270.656829
676.0000     -734242.602531
680.0000     -733596.201062
684.0000     -733601.791447
688.0000     -733334.446629
692.0000     -733709.320897
696.0000     -733153.486553
700.0000     -733423.893237
704.0000     -733460.433351
708.0000     -733652.703572
712.0000     -733355.860048
716.0000     -733460.379205
720.0000     -733357.043441
724.0000     -734283.304028
728.0000     -733709.876520
732.0000     -734432.525765
736.0000     -733428.641326
740.0000     -733730.323507
744.0000     -733434.594515
748.0000     -733965.748234
752.0000     -733852.794986
756.0000     -733292.958416
760.0000     -733606.309206
764.0000     -733483.794830
768.0000     -733397.300663
772.0000     -733634.436607
776.0000     -733583.856579
780.0000     -733875.716013
784.0000     -733552.212833
788.0000     -733661.346818
792.0000     -733610.061145
796.0000     -733269.328235
800.0000     -733326.559998
804.0000     -733370.423782
808.0000     -732844.022140
812.0000     -734338.102509
816.0000     -733756.850517
820.0000     -733137.997664
824.0000     -733279.085505
828.0000     -733746.551945
832.0000     -733444.981239
836.0000     -733425.484662
840.0000     -733215.955206
844.0000     -733027.913614
848.0000     -732974.718840
852.0000     -733436.905485
856.0000     -733474.317734
860.0000     -733331.943358
864.0000     -733284.409186
868.0000     -733958.952164
872.0000     -732662.540700
876.0000     -733147.182682
880.0000     -732811.980148
884.0000     -733412.406344
888.0000     -732979.402577
892.0000     -733497.417208
896.0000     -732606.110105
900.0000     -733073.259382
904.0000     -733774.982261
908.0000     -732732.611224
912.0000     -733768.496916
916.0000     -732965.743470
920.0000     -733845.945345
924.0000     -732726.859362
928.0000     -733235.164052
932.0000     -733874.041038
936.0000     -733355.851506
940.0000     -733671.589007
944.0000     -734090.464966
948.0000     -733420.757428
952.0000     -734118.255545
956.0000     -733793.993910
960.0000     -733289.339164
964.0000     -734027.616284
968.0000     -734055.300259
972.0000     -733301.343574
976.0000     -732919.236954
980.0000     -733543.732084
984.0000     -732997.159863
988.0000     -733319.869328
992.0000     -733544.445430
996.0000     -733692.781843
1000.0000     -732768.046919
1004.0000     -733232.318056
1008.0000     -732698.750219
1012.0000     -733462.669414
1016.0000     -733641.053688
1020.0000     -733384.905563
1024.0000     -733029.662105
1028.0000     -733142.945262
1032.0000     -732586.485586
1036.0000     -732919.099345
1040.0000     -733445.655445
1044.0000     -732973.173782
1048.0000     -733926.359181
1052.0000     -733030.853138
1056.0000     -733044.581660
1060.0000     -733884.046539
1064.0000     -732877.904418
1068.0000     -733409.922251
1072.0000     -732942.284236
1076.0000     -733478.632769
1080.0000     -733154.689853
1084.0000     -733215.047940
1088.0000     -733473.671230
1092.0000     -733851.650418
1096.0000     -733812.560004
1100.0000     -733469.548903
1104.0000     -734090.238469
1108.0000     -733752.205637
1112.0000     -733195.947869
1116.0000     -732626.838239
1120.0000     -733221.217069
1124.0000     -733799.310446
1128.0000     -733310.247703
1132.0000     -733453.778916
1136.0000     -733455.831173
1140.0000     -733234.268680
1144.0000     -733328.743770
1148.0000     -733046.788372
1152.0000     -734085.641765
1156.0000     -733183.727062
1160.0000     -733585.688087
1164.0000     -733867.086108
1168.0000     -733434.699634
1172.0000     -732689.186019
1176.0000     -732912.083797
1180.0000     -733529.194394
1184.0000     -733538.599178
1188.0000     -733720.774368
1192.0000     -733308.370154
1196.0000     -733138.603567
1200.0000     -733506.403725
1204.0000     -732646.162449
1208.0000     -733244.508251
1212.0000     -732462.684053
1216.0000     -732856.763060
1220.0000     -733124.772028
1224.0000     -732908.617778
1228.0000     -733662.384080
1232.0000     -733481.182063
1236.0000     -732871.509860
1240.0000     -733040.215080
1244.0000     -733320.791205
1248.0000     -733088.423762
1252.0000     -733982.484609
1256.0000     -733941.121711
1260.0000     -733174.796813
1264.0000     -733287.231095
1268.0000     -732561.785996
1272.0000     -733309.109430
1276.0000     -733565.313624
1280.0000     -733923.572707
1284.0000     -733328.709906
1288.0000     -733344.068385
1292.0000     -732779.437879
1296.0000     -733224.174290
1300.0000     -733403.694510
1304.0000     -734401.460300
1308.0000     -733477.374826
1312.0000     -733891.959358
1316.0000     -733248.922551
1320.0000     -734155.961358
1324.0000     -733274.697434
1328.0000     -733521.989992
1332.0000     -733796.297679
1336.0000     -733739.247965
1340.0000     -733153.831091
1344.0000     -733279.361302
1348.0000     -733160.532182
1352.0000     -734095.836470
1356.0000     -733614.117249
1360.0000     -733089.083108
1364.0000     -733307.993112
1368.0000     -733647.732330
1372.0000     -733486.312571
1376.0000     -732604.548003
1380.0000     -733343.062198
1384.0000     -733156.559393
1388.0000     -733088.171919
1392.0000     -733433.182530
1396.0000     -733290.013887
1400.0000     -733683.356055
1404.0000     -733586.875906
1408.0000     -733727.388994
1412.0000     -732891.235960
1416.0000     -733075.709930
1420.0000     -734302.973613
1424.0000     -733193.470849
1428.0000     -732916.035786
1432.0000     -733065.929626
1436.0000     -733369.542865
1440.0000     -734238.461225
1444.0000     -732932.145045
1448.0000     -733532.569560
1452.0000     -733359.063146
1456.0000     -733376.873865
1460.0000     -733348.273784
1464.0000     -733476.673980
1468.0000     -733607.707083
1472.0000     -733786.481610
1476.0000     -734375.172351
1480.0000     -733855.494139
1484.0000     -734287.016695
1488.0000     -734088.271343
1492.0000     -733447.763377
1496.0000     -733764.029482
1500.0000     -733672.673657
1504.0000     -734239.641861
1508.0000     -733284.927776
1512.0000     -733717.342475
1516.0000     -734243.199749
1520.0000     -733673.701603
1524.0000     -734320.310242
1528.0000     -733272.614438
1532.0000     -734126.200028
1536.0000     -733131.238457
1540.0000     -733461.030074
1544.0000     -733864.062509
1548.0000     -733411.286253
1552.0000     -733234.302023
1556.0000     -733922.400849
1560.0000     -733796.715036
1564.0000     -733190.083278
1568.0000     -733936.560453
1572.0000     -733328.489205
1576.0000     -732831.870095
1580.0000     -733389.546163
1584.0000     -733963.766658
1588.0000     -733334.261733
1592.0000     -733001.905832
1596.0000     -732311.314993
1600.0000     -733270.469235
1604.0000     -733877.014773
1608.0000     -733430.538856
1612.0000     -733088.636271
1616.0000     -732996.820612
1620.0000     -733054.935398
1624.0000     -733284.341737
1628.0000     -733545.137265
1632.0000     -734101.816894
1636.0000     -733758.810481
1640.0000     -733689.157043
1644.0000     -732946.929576
1648.0000     -734217.444567
1652.0000     -733877.570607
1656.0000     -732663.327374
1660.0000     -732867.205689
1664.0000     -734176.747544
1668.0000     -733964.916098
1672.0000     -733786.267876
1676.0000     -733705.144724
1680.0000     -733398.261237
1684.0000     -734134.816792
1688.0000     -733543.821136
1692.0000     -733948.643368
1696.0000     -734409.416828
1700.0000     -734072.294595
1704.0000     -734555.870396
1708.0000     -733914.966440
1712.0000     -733507.741809
1716.0000     -734903.144107
1720.0000     -734109.243795
1724.0000     -733650.818348
1728.0000     -733641.652849
1732.0000     -732633.891629
1736.0000     -733405.729906
1740.0000     -734255.751843
1744.0000     -733990.167079
1748.0000     -732699.686641
1752.0000     -733151.122731
1756.0000     -733642.471963
1760.0000     -733682.569362
1764.0000     -733720.961656
1768.0000     -732915.312916
1772.0000     -733330.555556
1776.0000     -733535.621078
1780.0000     -733559.283514
1784.0000     -733782.512291
1788.0000     -733097.453998
1792.0000     -733147.139442
1796.0000     -733808.745304
1800.0000     -732239.497361
1804.0000     -733702.480004
1808.0000     -733834.249913
1812.0000     -732951.102778
1816.0000     -733628.197845
1820.0000     -733931.058938
1824.0000     -733807.540750
1828.0000     -733807.373281
1832.0000     -733773.794245
1836.0000     -733435.547249
1840.0000     -734047.861016
1844.0000     -733449.395672
1848.0000     -732325.196329
1852.0000     -733487.171909
1856.0000     -733109.836238
1860.0000     -733893.838546
1864.0000     -733414.874977
1868.0000     -733486.394894
1872.0000     -733364.062063
1876.0000     -733514.088147
1880.0000     -733561.704414
1884.0000     -733534.740129
1888.0000     -733539.756219
1892.0000     -733530.903440
1896.0000     -733325.889203
1900.0000     -733602.294314
1904.0000     -734782.086499
1908.0000     -733902.164203
1912.0000     -733173.161955
1916.0000     -733470.130324
1920.0000     -734725.889909
1924.0000     -733083.509775
1928.0000     -733538.835503
1932.0000     -733414.977464
1936.0000     -733795.116354
1940.0000     -733354.992241
1944.0000     -733226.427848
1948.0000     -732781.831898
1952.0000     -733407.352263
1956.0000     -733860.559636
1960.0000     -733829.680746
1964.0000     -733639.468924
1968.0000     -732928.813568
1972.0000     -734003.307407
1976.0000     -732835.876183
1980.0000     -734180.510350
1984.0000     -733477.372692
1988.0000     -732165.100966
1992.0000     -733326.119407
1996.0000     -733830.796603
2000.0000     -733496.435286
2004.0000     -734361.076851
2008.0000     -733861.153385
2012.0000     -733378.401208
2016.0000     -733527.575042
2020.0000     -733686.180856
2024.0000     -734221.817088
2028.0000     -733682.128643
2032.0000     -733355.117756
2036.0000     -732649.234465
2040.0000     -733001.765779
2044.0000     -733535.952100
2048.0000     -733308.855826
2052.0000     -733337.459264
2056.0000     -733275.830968
2060.0000     -733488.368800
2064.0000     -733692.343387
2068.0000     -732676.358705
2072.0000     -733252.451554
2076.0000     -732877.598967
2080.0000     -733454.828595
2084.0000     -733276.378949
2088.0000     -733802.724737
2092.0000     -732997.054724
2096.0000     -733674.932264
2100.0000     -733884.440770
2104.0000     -733877.452214
2108.0000     -733170.316333
2112.0000     -733472.147482
2116.0000     -733618.821122
2120.0000     -733729.896874
2124.0000     -733536.987215
2128.0000     -732972.214078
2132.0000     -732578.559122
2136.0000     -733359.390377
2140.0000     -733133.427498
2144.0000     -733857.207188
2148.0000     -733545.353404
2152.0000     -733783.871475
2156.0000     -733194.249764
2160.0000     -733576.066154
2164.0000     -733251.962003
2168.0000     -733087.530994
2172.0000     -733695.912578
2176.0000     -733671.076825
2180.0000     -733398.608231
2184.0000     -733586.365067
2188.0000     -733072.376820
2192.0000     -733666.113161
2196.0000     -734336.644027
2200.0000     -733796.703010
2204.0000     -733146.601434
2208.0000     -733419.884116
2212.0000     -732776.033875
2216.0000     -732962.483500
2220.0000     -732643.769073
2224.0000     -732789.859218
2228.0000     -733151.860093
2232.0000     -732878.579862
2236.0000     -733230.001097
2240.0000     -732911.296313
2244.0000     -733028.083219
2248.0000     -733265.469633
2252.0000     -733544.021174
2256.0000     -733983.646774
2260.0000     -733165.072924
2264.0000     -733040.788122
2268.0000     -733169.866244
2272.0000     -733455.077498
2276.0000     -733444.189291
2280.0000     -733207.315753
2284.0000     -733631.836725
2288.0000     -732804.805804
2292.0000     -733745.885519
2296.0000     -732987.414992
2300.0000     -733440.969135
2304.0000     -733308.005817
2308.0000     -733583.689034
2312.0000     -733461.765843
2316.0000     -733333.598079
2320.0000     -733343.441698
2324.0000     -733592.540885
2328.0000     -733936.987211
2332.0000     -733141.575085
2336.0000     -733574.444809
2340.0000     -733630.793481
2344.0000     -733217.572857
2348.0000     -732816.307984
2352.0000     -733454.762586
2356.0000     -733105.397673
2360.0000     -733385.324393
2364.0000     -732788.787562
2368.0000     -733721.323548
2372.0000     -733193.799143
2376.0000     -734066.954169
2380.0000     -733124.301271
2384.0000     -734070.781521
2388.0000     -733414.479777
2392.0000     -733675.199242
2396.0000     -732547.765633
2400.0000     -733148.097087
2404.0000     -733228.876873
2408.0000     -733619.646784
2412.0000     -733725.349284
2416.0000     -734054.348730
2420.0000     -734014.332252
2424.0000     -733925.430910
2428.0000     -733930.961326
2432.0000     -734010.145233
2436.0000     -733441.419030
2440.0000     -734657.980548
2444.0000     -733240.280932
2448.0000     -733998.209875
2452.0000     -734356.180977
2456.0000     -733390.670669
2460.0000     -734009.509889
2464.0000     -733412.265207
2468.0000     -733391.506046
2472.0000     -733977.414820
2476.0000     -733855.121327
2480.0000     -733859.956249
2484.0000     -733474.000286
2488.0000     -733328.658313
2492.0000     -733064.286460
2496.0000     -733934.761944
2500.0000     -733690.501334
2504.0000     -734571.233422
2508.0000     -733301.234066
2512.0000     -733764.581485
2516.0000     -734208.842898
2520.0000     -734565.766423
2524.0000     -733947.078228
2528.0000     -733688.281514
2532.0000     -733300.150381
2536.0000     -733437.547058
2540.0000     -733342.122249
2544.0000     -733128.859723
2548.0000     -734506.750631
2552.0000     -734107.880779
2556.0000     -734205.732030
2560.0000     -733252.065644
2564.0000     -734267.478893
2568.0000     -734231.449023
2572.0000     -733640.826973
2576.0000     -733773.681663
2580.0000     -734623.784396
2584.0000     -733910.083625
2588.0000     -734226.384207
2592.0000     -733891.574993
2596.0000     -734219.106132
2600.0000     -734699.263925
2604.0000     -733917.168430
2608.0000     -734570.592049
2612.0000     -733942.327604
2616.0000     -733804.732095
2620.0000     -733419.234183
2624.0000     -733289.138361
2628.0000     -734738.906145
2632.0000     -734215.862937
2636.0000     -733561.966772
2640.0000     -734550.572353
2644.0000     -733523.255610
2648.0000     -734061.388582
2652.0000     -733827.269623
2656.0000     -733191.550163
2660.0000     -733872.128759
2664.0000     -733188.272400
2668.0000     -733718.937016
2672.0000     -732980.557690
2676.0000     -732756.341374
2680.0000     -733226.047051
2684.0000     -733393.462807
2688.0000     -733316.975556
2692.0000     -733660.097327
2696.0000     -733753.901762
2700.0000     -733870.253546
2704.0000     -733080.715607
2708.0000     -733574.651055
2712.0000     -733462.111164
2716.0000     -733240.242806
2720.0000     -734215.659847
2724.0000     -733228.698507
2728.0000     -733678.012296
2732.0000     -733516.777505
2736.0000     -733990.550230
2740.0000     -733305.668968
2744.0000     -733026.580178
2748.0000     -734110.601564
2752.0000     -734436.507593
2756.0000     -733422.427422
2760.0000     -733507.914991
2764.0000     -733651.442335
2768.0000     -733857.906373
2772.0000     -733303.588962
2776.0000     -733722.480346
2780.0000     -733420.247648
2784.0000     -733394.993012
2788.0000     -734063.899523
2792.0000     -733535.268742
2796.0000     -733052.365482
2800.0000     -733599.993177
2804.0000     -733845.904731
2808.0000     -733161.866061
2812.0000     -733234.744879
2816.0000     -733990.303462
2820.0000     -733426.386426
2824.0000     -734263.543402
2828.0000     -734678.804486
2832.0000     -733584.086994
2836.0000     -733399.430109
2840.0000     -733466.681069
2844.0000     -734486.513530
2848.0000     -733468.524447
2852.0000     -733709.632380
2856.0000     -732425.179271
2860.0000     -733648.052926
2864.0000     -733733.319272
2868.0000     -733404.594622
2872.0000     -733649.960084
2876.0000     -732966.378418
2880.0000     -733381.303693
2884.0000     -732975.463195
2888.0000     -733813.671608
2892.0000     -733901.666283
2896.0000     -733764.403301
2900.0000     -733737.148557
2904.0000     -733644.986480
2908.0000     -733125.109883
2912.0000     -734278.863800
2916.0000     -734500.717758
2920.0000     -733702.305267
2924.0000     -734188.402448
2928.0000     -733696.882400
2932.0000     -733623.977624
2936.0000     -734415.551180
2940.0000     -733215.831756
2944.0000     -733671.152272
2948.0000     -733671.414195
2952.0000     -733025.576999
2956.0000     -734481.633930
2960.0000     -733308.066509
2964.0000     -733783.177413
2968.0000     -732703.166793
2972.0000     -733733.415557
2976.0000     -733977.953236
2980.0000     -733404.506073
2984.0000     -733531.286789
2988.0000     -733457.690043
2992.0000     -733480.139379
2996.0000     -733255.974807
3000.0000     -734031.889171
3004.0000     -733981.943975
3008.0000     -733403.895979
3012.0000     -733855.641079
3016.0000     -733064.899542
3020.0000     -733658.640529
3024.0000     -734538.342203
3028.0000     -733609.194034
3032.0000     -733524.782682
3036.0000     -735145.530048
3040.0000     -733367.611174
3044.0000     -733526.533372
3048.0000     -733461.405212
3052.0000     -733575.191330
3056.0000     -733599.606186
3060.0000     -733763.135029
3064.0000     -734196.199173
3068.0000     -733545.569235
3072.0000     -733999.086890
3076.0000     -734197.452691
3080.0000     -734240.112268
3084.0000     -734778.030671
3088.0000     -733607.184006
3092.0000     -733516.250381
3096.0000     -734015.621376
3100.0000     -734402.532485
3104.0000     -734330.747087
3108.0000     -734394.114243
3112.0000     -734065.927025
3116.0000     -733759.139749
3120.0000     -733582.749396
3124.0000     -733902.901823
3128.0000     -733756.270100
3132.0000     -733748.613851
3136.0000     -733595.381708
3140.0000     -733731.931907
3144.0000     -732690.521226
3148.0000     -733941.953147
3152.0000     -733453.904195
3156.0000     -733368.808028
3160.0000     -733033.527717
3164.0000     -734073.001326
3168.0000     -733479.302026
3172.0000     -733826.614980
3176.0000     -734679.641821
3180.0000     -733506.458365
3184.0000     -734191.154435
3188.0000     -733538.754965
3192.0000     -733758.285268
3196.0000     -733893.299670
3200.0000     -734713.302787
3204.0000     -733877.626632
3208.0000     -733332.900893
3212.0000     -734260.940131
3216.0000     -733660.121612
3220.0000     -734257.276385
3224.0000     -733686.808634
3228.0000     -733667.501021
3232.0000     -734164.773730
3236.0000     -733618.673494
3240.0000     -734215.340525
3244.0000     -733213.857832
3248.0000     -733169.510952
3252.0000     -733550.437121
3256.0000     -733377.100270
3260.0000     -733531.398165
3264.0000     -734454.642611
3268.0000     -733929.674509
3272.0000     -734054.584268
3276.0000     -732797.498052
3280.0000     -734015.208680
3284.0000     -733697.327089
3288.0000     -733418.441518
3292.0000     -733663.155029
3296.0000     -734431.970788
3300.0000     -733753.334307
3304.0000     -734104.538258
3308.0000     -734020.469318
3312.0000     -733327.202362
3316.0000     -734776.762332
3320.0000     -734374.651915
3324.0000     -733788.900477
3328.0000     -733134.537518
3332.0000     -734090.689475
3336.0000     -734240.779681
3340.0000     -733616.060428
3344.0000     -734256.461745
3348.0000     -733049.448289
3352.0000     -734406.978205
3356.0000     -733998.760351
3360.0000     -733753.915281
3364.0000     -734125.818412
3368.0000     -733922.204461
3372.0000     -734125.084740
3376.0000     -734138.672533
3380.0000     -734271.814792
3384.0000     -733940.722508
3388.0000     -734185.210579
3392.0000     -733732.272869
3396.0000     -733169.200066
3400.0000     -732947.878056
3404.0000     -733013.749061
3408.0000     -733996.644392
3412.0000     -733690.920601
3416.0000     -733839.048518
3420.0000     -733343.202781
3424.0000     -733690.210357
3428.0000     -734183.449061
3432.0000     -733678.781172
3436.0000     -733613.732860
3440.0000     -733750.915964
3444.0000     -733563.065221
3448.0000     -734385.191744
3452.0000     -734647.207356
3456.0000     -734088.752631
3460.0000     -733653.906378
3464.0000     -733932.132940
3468.0000     -733309.694745
3472.0000     -734166.988910
3476.0000     -733331.497804
3480.0000     -733486.597027
3484.0000     -733700.651562
3488.0000     -733121.527747
3492.0000     -733635.987621
3496.0000     -734046.464785
3500.0000     -734175.398603
3504.0000     -733404.985697
3508.0000     -733909.922670
3512.0000     -733553.485385
3516.0000     -733927.588975
3520.0000     -734010.213235
3524.0000     -734752.526328
3528.0000     -734355.845492
3532.0000     -733549.006002
3536.0000     -734024.530166
3540.0000     -733907.857759
3544.0000     -733711.755296
3548.0000     -733588.945663
3552.0000     -733964.271395
3556.0000     -733919.600137
3560.0000     -733125.798116
3564.0000     -733483.459508
3568.0000     -733225.319200
3572.0000     -733773.594564
3576.0000     -733609.729251
3580.0000     -733596.807442
3584.0000     -733400.485731
3588.0000     -733676.564915
3592.0000     -734042.017210
3596.0000     -732920.486494
3600.0000     -733599.037378
3604.0000     -733882.515503
3608.0000     -733066.000152
3612.0000     -733652.080411
3616.0000     -733976.839989
3620.0000     -733411.648255
3624.0000     -733887.311237
3628.0000     -734195.357606
3632.0000     -734646.075446
3636.0000     -733852.085721
3640.0000     -734718.754021
3644.0000     -733847.151294
3648.0000     -734649.953817
3652.0000     -734661.418123
3656.0000     -734122.785607
3660.0000     -733610.424735
3664.0000     -734288.494128
3668.0000     -733438.314617
3672.0000     -733602.404395
3676.0000     -733958.422285
3680.0000     -733745.651068
3684.0000     -733990.685041
3688.0000     -733837.590635
3692.0000     -734193.130918
3696.0000     -734493.653430
3700.0000     -733887.418153
3704.0000     -734266.511641
3708.0000     -734598.267935
3712.0000     -734213.299215
3716.0000     -733811.814694
3720.0000     -734031.154673
3724.0000     -734294.286378
3728.0000     -733359.777273
3732.0000     -734001.134021
3736.0000     -733940.327048
3740.0000     -733690.025375
3744.0000     -733343.653081
3748.0000     -733757.728060
3752.0000     -733766.785423
3756.0000     -734131.119256
3760.0000     -734374.222151
3764.0000     -734337.184366
3768.0000     -733895.400303
3772.0000     -733774.211720
3776.0000     -733638.362166
3780.0000     -734156.470106
3784.0000     -733417.622048
3788.0000     -733543.310539
3792.0000     -732973.650268
3796.0000     -733676.170518
3800.0000     -733013.264669
3804.0000     -733521.502768
3808.0000     -733215.507457
3812.0000     -733883.360826
3816.0000     -733537.644280
3820.0000     -733475.811311
3824.0000     -733644.813652
3828.0000     -733793.503673
3832.0000     -734040.023326
3836.0000     -734341.479135
3840.0000     -733693.014935
3844.0000     -734240.767507
3848.0000     -733832.700737
3852.0000     -733795.065189
3856.0000     -733279.794977
3860.0000     -733486.581140
3864.0000     -733765.020065
3868.0000     -733509.164959
3872.0000     -733623.886779
3876.0000     -733462.063971
3880.0000     -733353.565793
3884.0000     -734132.960736
3888.0000     -733272.535695
3892.0000     -733215.051390
3896.0000     -734208.912594
3900.0000     -733733.742965
3904.0000     -733509.951337
3908.0000     -733687.885401
3912.0000     -733022.798071
3916.0000     -733679.243022
3920.0000     -733433.324857
3924.0000     -732863.836686
3928.0000     -733898.581212
3932.0000     -733967.919233
3936.0000     -733732.593841
3940.0000     -733451.839530
3944.0000     -733527.019561
3948.0000     -733154.465723
3952.0000     -733512.969556
3956.0000     -733598.325697
3960.0000     -733493.685644
3964.0000     -733495.120496
3968.0000     -734361.360463
3972.0000     -733854.280918
3976.0000     -734188.140983
3980.0000     -733810.725373
3984.0000     -733425.735441
3988.0000     -734273.829043
3992.0000     -733931.068270
3996.0000     -734482.910790
4000.0000     -733632.666902
4004.0000     -733632.666902
