4.0000     -732982.863820
8.0000     -732917.585023
12.0000     -733163.255383
16.0000     -733009.680465
20.0000     -733251.439769
24.0000     -732691.419612
28.0000     -732889.353229
32.0000     -732740.324059
36.0000     -732582.296522
40.0000     -733025.758175
44.0000     -732102.109820
48.0000     -732659.734341
52.0000     -733433.970342
56.0000     -733143.572796
60.0000     -732731.810079
64.0000     -732696.803573
68.0000     -733092.100336
72.0000     -733105.228416
76.0000     -733033.098097
80.0000     -732628.082098
84.0000     -733348.562337
88.0000     -733764.266697
92.0000     -732488.162740
96.0000     -732458.954579
100.0000     -733142.251753
104.0000     -733930.966105
108.0000     -733360.222278
112.0000     -732492.736931
116.0000     -732115.068919
120.0000     -733007.420199
124.0000     -733245.105747
128.0000     -733011.323607
132.0000     -732753.852790
136.0000     -733243.554942
140.0000     -732557.160907
144.0000     -733260.629633
148.0000     -732737.120974
152.0000     -733074.628122
156.0000     -732282.953015
160.0000     -732469.235010
164.0000     -734217.895888
168.0000     -733142.143916
172.0000     -732152.034765
176.0000     -732657.248830
180.0000     -732669.542923
184.0000     -732925.200097
188.0000     -733214.169021
192.0000     -732574.260138
196.0000     -733055.170853
200.0000     -732819.548234
204.0000     -733722.062922
208.0000     -733621.928631
212.0000     -732391.462084
216.0000     -732263.924758
220.0000     -732712.247368
224.0000     -733394.182035
228.0000     -732626.367194
232.0000     -732673.404644
236.0000     -732516.025884
240.0000     -733019.464172
244.0000     -732661.940921
248.0000     -732687.242680
252.0000     -732887.436813
256.0000     -733241.570476
260.0000     -732667.799662
264.0000     -733477.368780
268.0000     -734299.709431
272.0000     -733114.172955
276.0000     -732430.950244
280.0000     -732482.360729
284.0000     -733178.746675
288.0000     -733015.159071
292.0000     -733175.890674
296.0000     -732859.544606
300.0000     -733650.122331
304.0000     -732450.231866
308.0000     -733036.241205
312.0000     -732345.936352
316.0000     -732645.878180
320.0000     -732923.445281
324.0000     -733705.501295
328.0000     -733294.115207
332.0000     -732169.985578
336.0000     -733408.732033
340.0000     -733103.883632
344.0000     -732550.007482
348.0000     -732560.810275
352.0000     -733216.240139
356.0000     -732236.193340
360.0000     -733563.968265
364.0000     -734359.170006
368.0000     -733375.971901
372.0000     -732637.591672
376.0000     -733363.708667
380.0000     -733314.772270
384.0000     -732985.604411
388.0000     -733685.004007
392.0000     -733003.959542
396.0000     -733585.933840
400.0000     -733394.816106
404.0000     -733256.351836
408.0000     -733183.137639
412.0000     -733358.642715
416.0000     -732787.854601
420.0000     -732659.223641
424.0000     -732842.847703
428.0000     -732976.280170
432.0000     -732893.480126
436.0000     -732495.506568
440.0000     -733273.760312
444.0000     -733252.759101
448.0000     -732901.224597
452.0000     -733246.343922
456.0000     -733027.657530
460.0000     -733628.773008
464.0000     -732421.849522
468.0000     -734155.528026
472.0000     -733442.884671
476.0000     -733717.680281
480.0000     -732737.323719
484.0000     -733076.691327
488.0000     -732901.010149
492.0000     -733760.956611
496.0000     -733667.974162
500.0000     -733398.156482
504.0000     -733172.948340
508.0000     -733281.533682
512.0000     -733024.953900
516.0000     -733923.122057
520.0000     -733021.645848
524.0000     -733680.218700
528.0000     -733662.244877
532.0000     -733404.704840
536.0000     -734402.178321
540.0000     -733285.892010
544.0000     -733261.771787
548.0000     -732471.669240
552.0000     -733632.197478
556.0000     -733524.741428
560.0000     -732599.936957
564.0000     -733600.558158
568.0000     -733164.229576
572.0000     -733129.590489
576.0000     -732462.616317
580.0000     -733124.219726
584.0000     -733203.341521
588.0000     -733368.842893
592.0000     -732649.617849
596.0000     -733840.984542
600.0000     -734451.411845
604.0000     -733178.189559
608.0000     -733004.408156
612.0000     -734590.577901
616.0000     -733285.651578
620.0000     -733681.197922
624.0000     -733780.274496
628.0000     -733108.575283
632.0000     -733472.306558
636.0000     -734111.537873
640.0000     -734367.344321
644.0000     -733657.157816
648.0000     -734669.545451
652.0000     -733195.194106
656.0000     -733590.694094
660.0000     -732882.082353
664.0000     -733296.613420
668.0000     -733169.705227
672.0000     -733097.135715
676.0000     -733587.629408
680.0000     -734013.856627
684.0000     -733481.605229
688.0000     -734855.283967
692.0000     -733941.829671
696.0000     -733459.073973
700.0000     -733094.791147
704.0000     -733321.349265
708.0000     -733332.807760
712.0000     -732845.813513
716.0000     -732910.668076
720.0000     -733402.257400
724.0000     -733436.957305
728.0000     -732899.754453
732.0000     -733439.273402
736.0000     -733437.381611
740.0000     -733213.222878
744.0000     -733577.682780
748.0000     -734010.942861
752.0000     -733181.828268
756.0000     -734015.571184
760.0000     -733665.856123
764.0000     -733927.077663
768.0000     -732968.214734
772.0000     -733634.081473
776.0000     -733362.196961
780.0000     -733389.356376
784.0000     -733603.342402
788.0000     -733262.062831
792.0000     -733590.304987
796.0000     -733588.233826
800.0000     -733903.950714
804.0000     -733763.475163
808.0000     -733908.430959
812.0000     -733887.924307
816.0000     -733016.910558
820.0000     -733221.946096
824.0000     -733873.184313
828.0000     -733804.464237
832.0000     -732936.530146
836.0000     -733424.834108
840.0000     -733073.595816
844.0000     -732962.392416
848.0000     -733658.906441
852.0000     -733297.461806
856.0000     -733578.867902
860.0000     -733293.530206
864.0000     -732348.890709
868.0000     -733777.170608
872.0000     -733145.087987
876.0000     -733806.011444
880.0000     -732724.803653
884.0000     -733295.721158
888.0000     -733001.195589
892.0000     -733302.755993
896.0000     -733364.684513
900.0000     -733147.921658
904.0000     -734394.173033
908.0000     -733503.849382
912.0000     -733531.341407
916.0000     -732939.076953
920.0000     -732712.865939
924.0000     -733415.709478
928.0000     -733036.228941
932.0000     -732825.553998
936.0000     -733240.420719
940.0000     -733606.853782
944.0000     -732784.407835
948.0000     -732759.967106
952.0000     -733606.595944
956.0000     -733680.059066
960.0000     -733542.968842
964.0000     -733649.289291
968.0000     -733895.786707
972.0000     -733313.962703
976.0000     -733805.387609
980.0000     -732989.946766
984.0000     -733159.574212
988.0000     -733978.783526
992.0000     -733516.050559
996.0000     -733840.692072
1000.0000     -733943.713615
1004.0000     -733193.790427
1008.0000     -733424.952238
1012.0000     -733040.802316
1016.0000     -733487.447546
1020.0000     -733802.912150
1024.0000     -733388.191888
1028.0000     -732952.702950
1032.0000     -733298.445644
1036.0000     -732943.979478
1040.0000     -733773.206018
1044.0000     -734118.228692
1048.0000     -733075.242896
1052.0000     -733543.079159
1056.0000     -733339.912126
1060.0000     -732646.991117
1064.0000     -733138.937110
1068.0000     -733102.351149
1072.0000     -733702.435470
1076.0000     -732653.471627
1080.0000     -733469.769405
1084.0000     -733800.356554
1088.0000     -733960.726331
1092.0000     -733596.195000
1096.0000     -733181.970640
1100.0000     -733445.717292
1104.0000     -733602.080416
1108.0000     -732648.581002
1112.0000     -733652.887408
1116.0000     -734334.810175
1120.0000     -733581.000702
1124.0000     -733503.299590
1128.0000     -733567.426467
1132.0000     -733461.373781
1136.0000     -733181.718115
1140.0000     -733397.206793
1144.0000     -734186.574708
1148.0000     -733546.791889
1152.0000     -734068.438689
1156.0000     -734137.411859
1160.0000     -734459.749585
1164.0000     -733641.227113
1168.0000     -734621.766696
1172.0000     -734083.245602
1176.0000     -734412.658101
1180.0000     -734228.663312
1184.0000     -733101.840225
1188.0000     -733664.132244
1192.0000     -734095.142071
1196.0000     -733123.768489
1200.0000     -733867.747690
1204.0000     -733602.074207
1208.0000     -733573.350334
1212.0000     -734397.838493
1216.0000     -733663.254295
1220.0000     -733021.527300
1224.0000     -733763.863241
1228.0000     -732506.716272
1232.0000     -733813.239170
1236.0000     -733730.536466
1240.0000     -733362.416684
1244.0000     -733483.189921
1248.0000     -733724.750708
1252.0000     -734102.295347
1256.0000     -734090.939393
1260.0000     -733989.647083
1264.0000     -733603.113458
1268.0000     -733007.079022
1272.0000     -733612.982909
1276.0000     -733961.942831
1280.0000     -732869.977888
1284.0000     -732559.725750
1288.0000     -732575.414801
1292.0000     -733820.903540
1296.0000     -733958.212227
1300.0000     -733516.956305
1304.0000     -733295.362527
1308.0000     -734008.042860
1312.0000     -733784.942790
1316.0000     -733836.780336
1320.0000     -733129.210857
1324.0000     -734308.262261
1328.0000     -733500.583536
1332.0000     -733431.351027
1336.0000     -733829.901572
1340.0000     -733333.308324
1344.0000     -733330.730874
1348.0000     -734140.075523
1352.0000     -733422.804593
1356.0000     -734366.742699
1360.0000     -732526.955380
1364.0000     -732291.548582
1368.0000     -733732.980108
1372.0000     -734180.079405
1376.0000     -733690.863233
1380.0000     -733643.290529
1384.0000     -732883.676488
1388.0000     -733187.011623
1392.0000     -732002.024018
1396.0000     -732774.494128
1400.0000     -732984.598295
1404.0000     -732936.814123
1408.0000     -733169.111047
1412.0000     -733464.024168
1416.0000     -733580.059691
1420.0000     -733800.191557
1424.0000     -733453.014448
1428.0000     -733390.021382
1432.0000     -732711.931926
1436.0000     -732941.034476
1440.0000     -732567.279059
1444.0000     -733457.294125
1448.0000     -733522.293690
1452.0000     -732559.294416
1456.0000     -733908.209443
1460.0000     -732816.316546
1464.0000     -733954.383531
1468.0000     -733752.000641
1472.0000     -732930.020858
1476.0000     -732979.650976
1480.0000     -733609.245685
1484.0000     -734254.598713
1488.0000     -734038.289057
1492.0000     -733628.738564
1496.0000     -733047.806532
1500.0000     -733359.725815
1504.0000     -733301.969204
1508.0000     -733585.743273
1512.0000     -733550.351891
1516.0000     -733348.791905
1520.0000     -733417.983079
1524.0000     -732847.681737
1528.0000     -733238.608522
1532.0000     -734243.203802
1536.0000     -732979.828429
1540.0000     -732369.264186
1544.0000     -732666.239082
1548.0000     -733727.196931
1552.0000     -734020.042698
1556.0000     -733721.691364
1560.0000     -733449.933123
1564.0000     -733768.517328
1568.0000     -732363.750511
1572.0000     -733572.669665
1576.0000     -733610.099271
1580.0000     -733917.357750
1584.0000     -732778.815643
1588.0000     -733173.010992
1592.0000     -733860.551070
1596.0000     -733769.870631
1600.0000     -733278.228613
1604.0000     -733858.114485
1608.0000     -734324.475967
1612.0000     -733916.541444
1616.0000     -734015.637709
1620.0000     -733588.708141
1624.0000     -733776.291013
1628.0000     -733271.611053
1632.0000     -733888.901951
1636.0000     -733473.368075
1640.0000     -733607.371908
1644.0000     -733980.256280
1648.0000     -733230.640951
1652.0000     -733715.145978
1656.0000     -732521.321960
1660.0000     -733430.133498
1664.0000     -733247.882463
1668.0000     -733416.056755
1672.0000     -733522.376432
1676.0000     -732901.541152
1680.0000     -733078.261972
1684.0000     -733733.162251
1688.0000     -733254.457898
1692.0000     -733461.430335
1696.0000     -733535.400873
1700.0000     -733773.309245
1704.0000     -733498.270826
1708.0000     -733678.589931
1712.0000     -733964.644818
1716.0000     -733553.862182
1720.0000     -733250.609127
1724.0000     -733241.890195
1728.0000     -733399.269189
1732.0000     -733865.737415
1736.0000     -733263.046063
1740.0000     -732816.286333
1744.0000     -733613.852148
1748.0000     -732633.730287
1752.0000     -733520.918589
1756.0000     -734405.938209
1760.0000     -734715.753024
1764.0000     -734182.423125
1768.0000     -733811.562216
1772.0000     -733144.517937
1776.0000     -734387.773733
1780.0000     -732725.543834
1784.0000     -733476.372428
1788.0000     -733574.951236
1792.0000     -733118.477400
1796.0000     -733387.393888
1800.0000     -732882.916055
1804.0000     -733142.077265
1808.0000     -733192.266329
1812.0000     -732840.400677
1816.0000     -733809.982186
1820.0000     -734029.577011
1824.0000     -733812.330777
1828.0000     -733758.426433
1832.0000     -733755.046419
1836.0000     -733805.602973
1840.0000     -734645.622546
1844.0000     -733327.630420
1848.0000     -733445.692173
1852.0000     -734040.035357
1856.0000     -733920.907949
1860.0000     -733495.339720
1864.0000     -733233.959132
1868.0000     -733042.848375
1872.0000     -733081.368434
1876.0000     -733524.307172
1880.0000     -732832.927096
1884.0000     -733680.911893
1888.0000     -733024.785220
1892.0000     -733738.619101
1896.0000     -733505.218127
1900.0000     -733360.260112
1904.0000     -733183.670144
1908.0000     -734293.505884
1912.0000     -733462.373469
1916.0000     -733733.727072
1920.0000     -734381.512717
1924.0000     -733401.672630
1928.0000     -733047.870039
1932.0000     -733729.724563
1936.0000     -732846.946174
1940.0000     -733942.965342
1944.0000     -733313.530731
1948.0000     -734029.786070
1952.0000     -734424.455724
1956.0000     -734185.300071
1960.0000     -734787.416628
1964.0000     -733366.594573
1968.0000     -733999.781386
1972.0000     -733837.495673
1976.0000     -733559.592744
1980.0000     -733305.942165
1984.0000     -733931.989790
1988.0000     -734492.916244
1992.0000     -733257.517252
1996.0000     -732861.021531
2000.0000     -733822.087757
2004.0000     -733832.559124
2008.0000     -734058.114710
2012.0000     -734202.629124
2016.0000     -734787.380090
2020.0000     -733827.858686
2024.0000     -733611.097612
2028.0000     -733093.951850
2032.0000     -734273.878381
2036.0000     -734468.689372
2040.0000     -733988.782874
2044.0000     -733059.516260
2048.0000     -734648.170215
2052.0000     -733773.819593
2056.0000     -733354.901893
2060.0000     -733431.428965
2064.0000     -733726.435680
2068.0000     -733174.819025
2072.0000     -733115.647867
2076.0000     -732795.044994
2080.0000     -733282.677460
2084.0000     -733921.747062
2088.0000     -733363.803114
2092.0000     -732915.241579
2096.0000     -733035.625779
2100.0000     -733449.667628
2104.0000     -733608.668738
2108.0000     -733314.868195
2112.0000     -734408.042896
2116.0000     -733251.390823
2120.0000     -733911.407865
2124.0000     -733345.423280
2128.0000     -732838.860677
2132.0000     -733723.263523
2136.0000     -734113.407538
2140.0000     -733869.634077
2144.0000     -732766.863397
2148.0000     -733142.891839
2152.0000     -732987.336474
2156.0000     -733536.449891
2160.0000     -734327.976812
2164.0000     -734218.478546
2168.0000     -733826.762235
2172.0000     -733238.547341
2176.0000     -733222.571741
2180.0000     -733087.482798
2184.0000     -733567.071962
2188.0000     -733244.407696
2192.0000     -733192.293299
2196.0000     -733697.306463
2200.0000     -733211.714064
2204.0000     -734047.766804
2208.0000     -733108.287397
2212.0000     -733301.393313
2216.0000     -733621.622197
2220.0000     -732649.084347
2224.0000     -734181.361561
2228.0000     -733998.386495
2232.0000     -733818.640426
2236.0000     -733563.722060
2240.0000     -733564.611675
2244.0000     -734146.438439
2248.0000     -733487.292711
2252.0000     -732841.660772
2256.0000     -733176.316315
2260.0000     -734009.141121
2264.0000     -733772.053050
2268.0000     -733374.296499
2272.0000     -733151.165637
2276.0000     -733057.664351
2280.0000     -733472.835033
2284.0000     -734579.387448
2288.0000     -734375.814441
2292.0000     -733671.536910
2296.0000     -733736.623587
2300.0000     -734324.805462
2304.0000     -733435.270316
2308.0000     -733612.199979
2312.0000     -734200.214470
2316.0000     -733200.155550
2320.0000     -733626.253256
2324.0000     -734793.046741
2328.0000     -733805.190908
2332.0000     -734161.594182
2336.0000     -733977.613953
2340.0000     -733238.763170
2344.0000     -734083.026267
2348.0000     -733814.004986
2352.0000     -733235.477466
2356.0000     -733039.184282
2360.0000     -732970.368820
2364.0000     -732947.482337
2368.0000     -733349.783697
2372.0000     -733409.492199
2376.0000     -733632.050221
2380.0000     -733753.230288
2384.0000     -733199.274056
2388.0000     -733608.431005
2392.0000     -733373.652953
2396.0000     -733563.310087
2400.0000     -733665.395035
2404.0000     -733550.512087
2408.0000     -734252.908725
2412.0000     -734484.000272
2416.0000     -733855.978647
2420.0000     -733674.489941
2424.0000     -734051.050593
2428.0000     -733480.268214
2432.0000     -733431.045746
2436.0000     -733013.845183
2440.0000     -733772.998160
2444.0000     -733787.595137
2448.0000     -733610.353304
2452.0000     -734133.973461
2456.0000     -733465.912793
2460.0000     -732519.437373
2464.0000     -733701.526148
2468.0000     -733199.676941
2472.0000     -734168.347941
2476.0000     -732758.849014
2480.0000     -732603.812312
2484.0000     -733853.860672
2488.0000     -734236.563724
2492.0000     -733531.948534
2496.0000     -733824.734924
2500.0000     -733338.771904
2504.0000     -734463.429984
2508.0000     -733629.155786
2512.0000     -733979.132305
2516.0000     -733776.208885
2520.0000     -733720.467365
2524.0000     -734429.917677
2528.0000     -733098.990194
2532.0000     -734712.059165
2536.0000     -733313.018847
2540.0000     -734101.419915
2544.0000     -733424.758156
2548.0000     -734200.963057
2552.0000     -734320.587231
2556.0000     -733488.926648
2560.0000     -734392.985880
2564.0000     -733731.532986
2568.0000     -733460.101155
2572.0000     -734050.263961
2576.0000     -733927.808362
2580.0000     -733660.657614
2584.0000     -733218.373202
2588.0000     -733348.220003
2592.0000     -733680.087508
2596.0000     -733859.528429
2600.0000     -734028.643990
2604.0000     -733656.089225
2608.0000     -733871.905354
2612.0000     -733636.975238
2616.0000     -734292.724609
2620.0000     -732834.616203
2624.0000     -733432.336595
2628.0000     -733541.245044
2632.0000     -733512.873910
2636.0000     -733093.249968
2640.0000     -733569.906451
2644.0000     -733644.698049
2648.0000     -733841.395006
2652.0000     -734487.595380
2656.0000     -733359.722999
2660.0000     -733188.698290
2664.0000     -734448.052800
2668.0000     -734041.667832
2672.0000     -733806.245448
2676.0000     -734082.945157
2680.0000     -733608.988800
2684.0000     -735060.881001
2688.0000     -733592.717344
2692.0000     -734178.400118
2696.0000     -734379.596076
2700.0000     -734529.761191
2704.0000     -734405.804090
2708.0000     -733571.626372
2712.0000     -733712.247051
2716.0000     -733034.423627
2720.0000     -733782.922589
2724.0000     -733435.167969
2728.0000     -733143.251218
2732.0000     -733444.878316
2736.0000     -734157.068069
2740.0000     -733769.185546
2744.0000     -733625.736786
2748.0000     -734271.391765
2752.0000     -733579.165657
2756.0000     -734057.466678
2760.0000     -733548.613788
2764.0000     -734145.288707
2768.0000     -734078.142314
2772.0000     -734762.301841
2776.0000     -734136.306213
2780.0000     -733569.317075
2784.0000     -734032.529513
2788.0000     -733766.857242
2792.0000     -733682.593667
2796.0000     -733003.508355
2800.0000     -733434.241733
2804.0000     -733492.236974
2808.0000     -733862.329903
2812.0000     -733315.194925
2816.0000     -732618.798754
2820.0000     -734647.306017
2824.0000     -734383.876082
2828.0000     -734159.385720
2832.0000     -733631.643764
2836.0000     -734036.559026
2840.0000     -734134.109530
2844.0000     -733653.327809
2848.0000     -733631.721547
2852.0000     -734224.293688
2856.0000     -733595.078140
2860.0000     -733431.934050
2864.0000     -733496.860677
2868.0000     -734274.037651
2872.0000     -733467.502950
2876.0000     -732930.569751
2880.0000     -732927.564459
2884.0000     -733034.385930
2888.0000     -733698.942236
2892.0000     -733278.476457
2896.0000     -733447.900824
2900.0000     -733364.439476
2904.0000     -733808.057781
2908.0000     -733651.129477
2912.0000     -732948.602610
2916.0000     -733076.165904
2920.0000     -733470.585373
2924.0000     -733257.834446
2928.0000     -732413.944857
2932.0000     -733840.835315
2936.0000     -734356.321313
2940.0000     -733506.402413
2944.0000     -734352.364362
2948.0000     -734657.848000
2952.0000     -734701.157039
2956.0000     -734558.022710
2960.0000     -733938.055421
2964.0000     -735017.292692
2968.0000     -734198.070418
2972.0000     -734496.619191
2976.0000     -734117.983577
2980.0000     -734016.130067
2984.0000     -734304.250600
2988.0000     -734074.602499
2992.0000     -733047.223363
2996.0000     -734924.662725
3000.0000     -734214.606164
3004.0000     -734019.001695
3008.0000     -732983.574343
3012.0000     -733723.107490
3016.0000     -733901.812033
3020.0000     -733669.369234
3024.0000     -733797.320285
3028.0000     -733307.233839
3032.0000     -733522.474275
3036.0000     -733764.104393
3040.0000     -732763.510016
3044.0000     -733596.169317
3048.0000     -733881.119187
3052.0000     -733684.648303
3056.0000     -734048.218438
3060.0000     -733860.584814
3064.0000     -733817.352476
3068.0000     -733651.953794
3072.0000     -733701.222399
3076.0000     -733246.869846
3080.0000     -733819.215194
3084.0000     -733846.455372
3088.0000     -732879.412463
3092.0000     -733232.741879
3096.0000     -733533.245966
3100.0000     -733796.138270
3104.0000     -734042.465281
3108.0000     -734357.772455
3112.0000     -733808.471980
3116.0000     -733891.267016
3120.0000     -733194.192486
3124.0000     -733575.180294
3128.0000     -732765.277574
3132.0000     -733772.201264
3136.0000     -734078.051728
3140.0000     -733892.061214
3144.0000     -733321.611366
3148.0000     -733380.488473
3152.0000     -733425.386455
3156.0000     -733783.812915
3160.0000     -733835.331876
3164.0000     -733825.296924
3168.0000     -733995.152107
3172.0000     -732822.455400
3176.0000     -733281.324161
3180.0000     -733131.402853
3184.0000     -734291.763863
3188.0000     -733702.478499
3192.0000     -733594.660666
3196.0000     -733476.835886
3200.0000     -734091.411891
3204.0000     -734559.517448
3208.0000     -732942.558769
3212.0000     -733378.327258
3216.0000     -733462.912249
3220.0000     -733373.709657
3224.0000     -733986.947765
3228.0000     -733085.091612
3232.0000     -732825.747933
3236.0000     -733165.295574
3240.0000     -733894.774883
3244.0000     -734404.449949
3248.0000     -733909.799575
3252.0000     -733575.230148
3256.0000     -732703.428846
3260.0000     -733373.263086
3264.0000     -733348.031148
3268.0000     -733985.699744
3272.0000     -734149.180219
3276.0000     -733759.515313
3280.0000     -733487.804349
3284.0000     -733202.799008
3288.0000     -733707.818594
3292.0000     -734234.864745
3296.0000     -734156.383828
3300.0000     -734317.721719
3304.0000     -733779.643791
3308.0000     -734148.199464
3312.0000     -733516.872279
3316.0000     -733080.254583
3320.0000     -733210.196267
3324.0000     -733077.108060
3328.0000     -733804.322931
3332.0000     -733479.874937
3336.0000     -733912.452562
3340.0000     -733373.453768
3344.0000     -732907.596371
3348.0000     -733562.691296
3352.0000     -733558.619111
3356.0000     -733077.013718
3360.0000     -733968.336634
3364.0000     -734092.366940
3368.0000     -733863.248218
3372.0000     -732867.962609
3376.0000     -733063.792839
3380.0000     -733170.134574
3384.0000     -733596.397857
3388.0000     -733272.904981
3392.0000     -733207.819986
3396.0000     -733108.482297
3400.0000     -733551.308928
3404.0000     -734173.417177
3408.0000     -733709.334047
3412.0000     -734129.797397
3416.0000     -734783.911430
3420.0000     -734637.817912
3424.0000     -734763.618049
3428.0000     -733640.129012
3432.0000     -733791.182372
3436.0000     -733556.168492
3440.0000     -733825.520155
3444.0000     -734122.375533
3448.0000     -734189.820769
3452.0000     -733691.889586
3456.0000     -733988.126425
3460.0000     -734761.434542
3464.0000     -733323.766162
3468.0000     -733885.563194
3472.0000     -734318.308310
3476.0000     -733834.065820
3480.0000     -733846.273803
3484.0000     -733674.843061
3488.0000     -733805.165486
3492.0000     -733849.772661
3496.0000     -734873.033312
3500.0000     -734595.266072
3504.0000     -734465.492678
3508.0000     -734253.937768
3512.0000     -733360.775578
3516.0000     -733433.088327
3520.0000     -733829.067297
3524.0000     -733526.399968
3528.0000     -733682.456835
3532.0000     -733723.800274
3536.0000     -733620.076851
3540.0000     -733951.871172
3544.0000     -733998.006704
3548.0000     -733383.991907
3552.0000     -733299.206198
3556.0000     -734234.316869
3560.0000     -733346.451143
3564.0000     -733630.573194
3568.0000     -733277.466902
3572.0000     -733168.049716
3576.0000     -733592.705023
3580.0000     -733542.816391
3584.0000     -733560.433576
3588.0000     -733779.381169
3592.0000     -733655.659290
3596.0000     -734106.724123
3600.0000     -733984.165630
3604.0000     -734078.854595
3608.0000     -734366.791351
3612.0000     -734854.298588
3616.0000     -734573.510420
3620.0000     -734492.109112
3624.0000     -734079.426998
3628.0000     -733741.106449
3632.0000     -734534.608808
3636.0000     -733422.353918
3640.0000     -734178.739386
3644.0000     -733883.459437
3648.0000     -733961.982661
3652.0000     -733429.062611
3656.0000     -733869.499867
3660.0000     -732913.408633
3664.0000     -734088.562731
3668.0000     -733423.735430
3672.0000     -732856.619156
3676.0000     -733333.647126
3680.0000     -733756.472345
3684.0000     -733761.503870
3688.0000     -733551.538788
3692.0000     -734023.038354
3696.0000     -734126.428759
3700.0000     -733097.611572
3704.0000     -733377.910455
3708.0000     -733713.704639
3712.0000     -734406.420087
3716.0000     -734065.031662
3720.0000     -734309.929842
3724.0000     -733374.921527
3728.0000     -733604.002942
3732.0000     -733170.461188
3736.0000     -733974.903805
3740.0000     -733767.123265
3744.0000     -734050.941975
3748.0000     -733211.024362
3752.0000     -734115.634225
3756.0000     -733114.917914
3760.0000     -733694.142640
3764.0000     -734381.816492
3768.0000     -733491.090657
3772.0000     -733459.113628
3776.0000     -733575.995951
3780.0000     -733235.052429
3784.0000     -733302.424570
3788.0000     -734205.521503
3792.0000     -733992.272906
3796.0000     -734172.905641
3800.0000     -734101.872194
3804.0000     -733642.639564
3808.0000     -733984.703909
3812.0000     -734052.326225
3816.0000     -734400.557770
3820.0000     -733985.876701
3824.0000     -733962.235650
3828.0000     -733965.443688
3832.0000     -733783.446273
3836.0000     -734788.800725
3840.0000     -733847.446654
3844.0000     -735171.050743
3848.0000     -733472.594877
3852.0000     -733446.595278
3856.0000     -733382.198232
3860.0000     -734293.833734
3864.0000     -733752.933378
3868.0000     -734867.307284
3872.0000     -733739.967367
3876.0000     -733955.467417
3880.0000     -734244.902559
3884.0000     -733386.577875
3888.0000     -733959.253257
3892.0000     -733306.321350
3896.0000     -733962.930170
3900.0000     -734151.676714
3904.0000     -734232.872051
3908.0000     -734276.614023
3912.0000     -734596.620790
3916.0000     -734619.325331
3920.0000     -733369.644304
3924.0000     -733493.472473
3928.0000     -733670.127671
3932.0000     -734736.745952
3936.0000     -733743.533953
3940.0000     -733564.285320
3944.0000     -733835.838971
3948.0000     -733473.697024
3952.0000     -733544.615058
3956.0000     -734507.393956
3960.0000     -734060.778203
3964.0000     -734440.799527
3968.0000     -733747.565171
3972.0000     -734272.272412
3976.0000     -734425.898425
3980.0000     -733686.035585
3984.0000     -733142.171721
3988.0000     -734199.386482
3992.0000     -733983.676006
3996.0000     -734204.367426
4000.0000     -733304.360247
4004.0000     -733304.360247
