4.0000     -733218.526470
8.0000     -733698.399306
12.0000     -733305.562487
16.0000     -732852.029272
20.0000     -732615.136739
24.0000     -732421.296961
28.0000     -733365.302062
32.0000     -732198.329459
36.0000     -733384.458072
40.0000     -732469.177861
44.0000     -733112.772498
48.0000     -733615.390880
52.0000     -733109.750555
56.0000     -733026.149591
60.0000     -732938.574149
64.0000     -733231.578697
68.0000     -733767.969918
72.0000     -732785.058329
76.0000     -732511.817250
80.0000     -733708.259016
84.0000     -732646.687962
88.0000     -732604.925337
92.0000     -732889.862187
96.0000     -732532.736937
100.0000     -733265.704686
104.0000     -732221.778156
108.0000     -733477.446602
112.0000     -732627.585536
116.0000     -733394.261774
120.0000     -732782.989646
124.0000     -732796.925154
128.0000     -732781.226855
132.0000     -732693.346272
136.0000     -733381.323233
140.0000     -732767.349482
144.0000     -732216.745106
148.0000     -733311.565218
152.0000     -732800.544264
156.0000     -732014.255701
160.0000     -732202.803792
164.0000     -732656.875033
168.0000     -733035.149518
172.0000     -732663.162654
176.0000     -733283.253206
180.0000     -732064.510264
184.0000     -733016.537995
188.0000     -732934.204047
192.0000     -733291.574201
196.0000     -733979.837946
200.0000     -732837.570643
204.0000     -733504.655635
208.0000     -733401.204659
212.0000     -733849.439509
216.0000     -733368.790434
220.0000     -734019.886976
224.0000     -732877.582993
228.0000     -733141.760794
232.0000     -733502.449795
236.0000     -732105.410333
240.0000     -733891.046572
244.0000     -733826.280132
248.0000     -733360.109994
252.0000     -733438.009749
256.0000     -733910.956535
260.0000     -732481.505976
264.0000     -732830.582002
268.0000     -732565.206739
272.0000     -732303.584760
276.0000     -732747.923607
280.0000     -732381.465439
284.0000     -734309.239867
288.0000     -732595.654433
292.0000     -732922.233740
296.0000     -733122.547908
300.0000     -732985.266140
304.0000     -732290.183940
308.0000     -733904.451727
312.0000     -732890.946687
316.0000     -733427.532281
320.0000     -733023.983082
324.0000     -733561.465380
328.0000     -733200.952178
332.0000     -733348.245846
336.0000     -733223.391846
340.0000     -734074.161763
344.0000     -733762.718411
348.0000     -733762.216631
352.0000     -732678.177433
356.0000     -733782.839657
360.0000     -732945.433831
364.0000     -733214.502913
368.0000     -732792.184794
372.0000     -733598.109850
376.0000     -732994.747693
380.0000     -733060.985119
384.0000     -733458.469679
388.0000     -732656.152350
392.0000     -732635.807852
396.0000     -733182.568539
400.0000     -732762.548569
404.0000     -733454.198345
408.0000     -733819.770558
412.0000     -733944.328769
416.0000     -732894.841701
420.0000     -732731.233348
424.0000     -733285.768656
428.0000     -733884.730783
432.0000     -733673.173176
436.0000     -733139.612673
440.0000     -733454.896360
444.0000     -733611.392483
448.0000     -732598.044704
452.0000     -732878.367106
456.0000     -733266.381687
460.0000     -733941.900132
464.0000     -733522.465180
468.0000     -733416.065557
472.0000     -733540.946651
476.0000     -733323.925661
480.0000     -732853.633709
484.0000     -733766.333189
488.0000     -732408.912566
492.0000     -732327.581376
496.0000     -732451.804078
500.0000     -731909.850686
504.0000     -732354.306686
508.0000     -733446.495448
512.0000     -732792.112994
516.0000     -732692.884330
520.0000     -732769.493861
524.0000     -732896.369245
528.0000     -733028.765249
532.0000     -733040.390155
536.0000     -732987.461288
540.0000     -733155.713369
544.0000     -732380.671287
548.0000     -733221.931410
552.0000     -732719.273390
556.0000     -733237.997585
560.0000     -733024.505281
564.0000     -733550.545299
568.0000     -732682.461714
572.0000     -733340.295843
576.0000     -733030.743285
580.0000     -732995.235290
584.0000     -733539.782816
588.0000     -732825.068838
592.0000     -733167.518028
596.0000     -733346.134193
600.0000     -732937.269490
604.0000     -732915.080740
608.0000     -733322.962120
612.0000     -733196.999687
616.0000     -733247.110231
620.0000     -732850.456393
624.0000     -733177.075999
628.0000     -732992.843523
632.0000     -732894.762706
636.0000     -732884.090304
640.0000     -733054.403940
644.0000     -733328.693338
648.0000     -732864.078196
652.0000     -733993.708524
656.0000     -733591.824435
660.0000     -733305.879296
664.0000     -733398.664795
668.0000     -733192.668384
672.0000     -733008.886777
676.0000     -733685.962379
680.0000     -733104.168880
684.0000     -732801.264735
688.0000     -733650.119524
692.0000     -732900.672191
696.0000     -734207.210209
700.0000     -733828.068466
704.0000     -733248.286653
708.0000     -733941.299144
712.0000     -733270.540732
716.0000     -733997.580613
720.0000     -732287.225629
724.0000     -733182.942375
728.0000     -733091.681685
732.0000     -733579.361302
736.0000     -733868.528037
740.0000     -733710.314704
744.0000     -733282.541315
748.0000     -734154.876295
752.0000     -733491.465136
756.0000     -733253.018044
760.0000     -733119.248320
764.0000     -732791.448885
768.0000     -733233.065414
772.0000     -734090.216897
776.0000     -733872.349757
780.0000     -733186.024689
784.0000     -732983.274340
788.0000     -733690.404868
792.0000     -732837.529720
796.0000     -734051.725666
800.0000     -733767.723973
804.0000     -733833.442300
808.0000     -734006.258823
812.0000     -733554.373312
816.0000     -732999.736974
820.0000     -733410.193638
824.0000     -733093.136873
828.0000     -733528.553492
832.0000     -733689.945590
836.0000     -733925.591276
840.0000     -733580.949160
844.0000     -733517.772383
848.0000     -733372.889374
852.0000     -733898.621084
856.0000     -733283.879246
860.0000     -733669.106260
864.0000     -733270.399521
868.0000     -732958.104044
872.0000     -733536.830026
876.0000     -733494.253998
880.0000     -733088.088404
884.0000     -733454.125568
888.0000     -733906.836724
892.0000     -733590.585018
896.0000     -732989.236480
900.0000     -732802.688104
904.0000     -733669.047217
908.0000     -733195.772291
912.0000     -733680.944329
916.0000     -733537.364260
920.0000     -733218.669376
924.0000     -733089.197911
928.0000     -733245.448859
932.0000     -733342.879126
936.0000     -733630.708863
940.0000     -733481.332467
944.0000     -733111.030462
948.0000     -733042.367557
952.0000     -733844.582570
956.0000     -733637.207861
960.0000     -733701.061809
964.0000     -733980.112087
968.0000     -733386.768503
972.0000     -733566.544970
976.0000     -733550.485605
980.0000     -733250.128534
984.0000     -732899.519922
988.0000     -733014.945311
992.0000     -732351.402268
996.0000     -732492.674764
1000.0000     -732792.366325
1004.0000     -733352.658944
1008.0000     -733288.007957
1012.0000     -733400.080833
1016.0000     -732847.314855
1020.0000     -733492.181968
1024.0000     -733931.992915
1028.0000     -733394.638899
1032.0000     -733135.705137
1036.0000     -732945.357342
1040.0000     -733683.676527
1044.0000     -732702.679667
1048.0000     -734166.066703
1052.0000     -733474.425252
1056.0000     -733626.197229
1060.0000     -734050.010590
1064.0000     -733370.516938
1068.0000     -732855.690354
1072.0000     -733754.892580
1076.0000     -733315.259160
1080.0000     -734184.218059
1084.0000     -733391.721337
1088.0000     -733098.556653
1092.0000     -732957.917159
1096.0000     -733988.516438
1100.0000     -733265.779396
1104.0000     -734256.489500
1108.0000     -733458.309986
1112.0000     -733987.977904
1116.0000     -733370.919938
1120.0000     -733921.300644
1124.0000     -732918.279738
1128.0000     -733723.942582
1132.0000     -733571.273521
1136.0000     -733346.291387
1140.0000     -732885.860478
1144.0000     -733656.545002
1148.0000     -733729.839104
1152.0000     -733692.534613
1156.0000     -733547.373672
1160.0000     -733705.039834
1164.0000     -733540.860015
1168.0000     -733318.229587
1172.0000     -733726.264668
1176.0000     -733120.322661
1180.0000     -733578.851503
1184.0000     -734181.566185
1188.0000     -733762.383102
1192.0000     -733661.613581
1196.0000     -733683.383702
1200.0000     -733715.285084
1204.0000     -733849.867893
1208.0000     -733504.745634
1212.0000     -734504.638231
1216.0000     -734631.253082
1220.0000     -733018.702416
1224.0000     -733376.339056
1228.0000     -733183.366237
1232.0000     -733734.387593
1236.0000     -734087.769472
1240.0000     -733744.975758
1244.0000     -734054.083394
1248.0000     -733787.486056
1252.0000     -733134.457947
1256.0000     -734001.797529
1260.0000     -733483.327264
1264.0000     -733362.508009
1268.0000     -734180.356321
1272.0000     -733842.094424
1276.0000     -734276.450197
1280.0000     -733864.281642
1284.0000     -733972.357893
1288.0000     -733648.013591
1292.0000     -734949.004835
1296.0000     -733600.055627
1300.0000     -733838.851929
1304.0000     -733411.985908
1308.0000     -732078.503927
1312.0000     -732648.727383
1316.0000     -733343.359992
1320.0000     -733316.178772
1324.0000     -733449.063330
1328.0000     -733568.562256
1332.0000     -733963.107927
1336.0000     -732760.158863
1340.0000     -732928.311724
1344.0000     -733230.517723
1348.0000     -732980.347577
1352.0000     -733423.815396
1356.0000     -733206.293093
1360.0000     -733082.433855
1364.0000     -733910.464548
1368.0000     -732840.401437
1372.0000     -733861.246630
1376.0000     -733112.133591
1380.0000     -733970.872383
1384.0000     -733813.284067
1388.0000     -733269.835265
1392.0000     -733098.217714
1396.0000     -732878.598234
1400.0000     -733235.761064
1404.0000     -732526.627710
1408.0000     -732793.146097
1412.0000     -732983.503301
1416.0000     -733779.117753
1420.0000     -734340.412528
1424.0000     -733621.089574
1428.0000     -733355.905178
1432.0000     -733486.384255
1436.0000     -733540.677080
1440.0000     -733270.461083
1444.0000     -733858.351076
1448.0000     -733821.946074
1452.0000     -733669.881431
1456.0000     -733409.991964
1460.0000     -734030.266587
1464.0000     -733528.020422
1468.0000     -732897.381294
1472.0000     -734107.785760
1476.0000     -733396.377385
1480.0000     -732902.925266
1484.0000     -733752.952790
1488.0000     -733899.910513
1492.0000     -734065.442328
1496.0000     -733106.355811
1500.0000     -733568.572035
1504.0000     -733924.226007
1508.0000     -733545.005725
1512.0000     -733722.479928
1516.0000     -733150.476540
1520.0000     -733924.467859
1524.0000     -733979.829890
1528.0000     -733871.056748
1532.0000     -734219.084981
1536.0000     -733409.456857
1540.0000     -733058.956745
1544.0000     -732335.770783
1548.0000     -733756.131339
1552.0000     -733970.131213
1556.0000     -733599.652968
1560.0000     -734980.181488
1564.0000     -733451.473631
1568.0000     -733530.119771
1572.0000     -734054.001588
1576.0000     -733389.858630
1580.0000     -733820.049108
1584.0000     -734226.837217
1588.0000     -733035.044794
1592.0000     -733371.095413
1596.0000     -733574.898640
1600.0000     -733433.831532
1604.0000     -733596.752725
1608.0000     -732887.534738
1612.0000     -732929.795121
1616.0000     -733004.394176
1620.0000     -733507.569499
1624.0000     -734214.232385
1628.0000     -733880.685651
1632.0000     -733872.741040
1636.0000     -733151.809047
1640.0000     -732965.603934
1644.0000     -732950.448196
1648.0000     -734012.135376
1652.0000     -734654.294635
1656.0000     -733759.482558
1660.0000     -733640.354730
1664.0000     -733161.730318
1668.0000     -733777.981840
1672.0000     -733383.080823
1676.0000     -733650.993598
1680.0000     -733601.062207
1684.0000     -733851.993680
1688.0000     -734790.231133
1692.0000     -733310.025003
1696.0000     -733541.442032
1700.0000     -733251.505832
1704.0000     -732800.218696
1708.0000     -733212.292687
1712.0000     -733710.925168
1716.0000     -732969.926655
1720.0000     -733595.198270
1724.0000     -733640.821703
1728.0000     -733444.823013
1732.0000     -733828.487693
1736.0000     -733612.180039
1740.0000     -732752.485465
1744.0000     -733226.690065
1748.0000     -733931.949383
1752.0000     -733744.925714
1756.0000     -734310.325333
1760.0000     -733986.731179
1764.0000     -733277.818019
1768.0000     -733786.326261
1772.0000     -732954.200672
1776.0000     -734286.305732
1780.0000     -733057.775270
1784.0000     -732924.570002
1788.0000     -734258.828708
1792.0000     -733928.464244
1796.0000     -734153.456277
1800.0000     -734097.181147
1804.0000     -733485.863346
1808.0000     -733566.524191
1812.0000     -733306.846616
1816.0000     -732370.711888
1820.0000     -733477.373132
1824.0000     -734395.232235
1828.0000     -733390.183481
1832.0000     -733790.279930
1836.0000     -733924.211739
1840.0000     -734023.116872
1844.0000     -733409.501735
1848.0000     -733927.791243
1852.0000     -733939.552031
1856.0000     -732570.766134
1860.0000     -732969.316559
1864.0000     -733275.572426
1868.0000     -733433.502648
1872.0000     -733665.921175
1876.0000     -733920.734013
1880.0000     -734390.508582
1884.0000     -733552.748659
1888.0000     -733863.446931
1892.0000     -733291.131384
1896.0000     -732760.363593
1900.0000     -733499.286972
1904.0000     -733535.323096
1908.0000     -733278.228483
1912.0000     -732727.973625
1916.0000     -732781.323512
1920.0000     -732638.471407
1924.0000     -733081.920473
1928.0000     -733571.858997
1932.0000     -733852.784901
1936.0000     -732897.641969
1940.0000     -733226.374836
1944.0000     -733170.624946
1948.0000     -734142.196818
1952.0000     -733860.988390
1956.0000     -734284.127655
1960.0000     -733357.121209
1964.0000     -733925.708391
1968.0000     -733028.607054
1972.0000     -733200.990753
1976.0000     -732324.158617
1980.0000     -733258.470171
1984.0000     -733674.316032
1988.0000     -734226.069397
1992.0000     -733117.931405
1996.0000     -734310.601364
2000.0000     -733826.093640
2004.0000     -733880.195108
2008.0000     -734041.839840
2012.0000     -733006.995166
2016.0000     -733176.172938
2020.0000     -733760.529788
2024.0000     -733653.527371
2028.0000     -732917.370369
2032.0000     -734197.566361
2036.0000     -732789.591193
2040.0000     -733399.102638
2044.0000     -733999.010721
2048.0000     -732970.320752
2052.0000     -733357.756324
2056.0000     -733902.292613
2060.0000     -733472.155444
2064.0000     -733093.847536
2068.0000     -733249.521039
2072.0000     -733197.465846
2076.0000     -733811.080251
2080.0000     -733184.011573
2084.0000     -733631.558138
2088.0000     -733840.933663
2092.0000     -733860.402425
2096.0000     -733767.049394
2100.0000     -734834.951267
2104.0000     -733342.815478
2108.0000     -733693.855275
2112.0000     -733600.860188
2116.0000     -732847.762758
2120.0000     -732883.497128
2124.0000     -733357.211217
2128.0000     -733392.414211
2132.0000     -733490.296429
2136.0000     -733288.853953
2140.0000     -733521.590618
2144.0000     -733730.378778
2148.0000     -733635.059525
2152.0000     -733895.544972
2156.0000     -733513.832148
2160.0000     -733787.245746
2164.0000     -733093.429626
2168.0000     -733107.031566
2172.0000     -733588.238652
2176.0000     -733703.360781
2180.0000     -733442.672413
2184.0000     -732435.382313
2188.0000     -732913.983398
2192.0000     -733420.405696
2196.0000     -733398.374096
2200.0000     -732990.445837
2204.0000     -733321.976078
2208.0000     -733911.272112
2212.0000     -733659.909306
2216.0000     -733652.696403
2220.0000     -734382.432529
2224.0000     -734130.287890
2228.0000     -734548.799719
2232.0000     -733878.938845
2236.0000     -734128.297522
2240.0000     -733605.717575
2244.0000     -733665.405477
2248.0000     -734179.414926
2252.0000     -734135.791585
2256.0000     -733268.565434
2260.0000     -733694.990834
2264.0000     -732546.324371
2268.0000     -733510.545028
2272.0000     -733459.626160
2276.0000     -733292.518172
2280.0000     -734079.810414
2284.0000     -733645.504030
2288.0000     -734421.370457
2292.0000     -733943.964327
2296.0000     -733875.491808
2300.0000     -733891.749629
2304.0000     -733577.198031
2308.0000     -733817.552507
2312.0000     -733670.142251
2316.0000     -733967.597344
2320.0000     -732324.299386
2324.0000     -733522.657005
2328.0000     -733663.492688
2332.0000     -733395.438523
2336.0000     -734291.189859
2340.0000     -732979.054089
2344.0000     -733043.812129
2348.0000     -732975.071910
2352.0000     -733372.257712
2356.0000     -732892.252827
2360.0000     -732962.342160
2364.0000     -733281.344549
2368.0000     -733514.799637
2372.0000     -733276.742923
2376.0000     -734621.690333
2380.0000     -733320.337433
2384.0000     -733623.878520
2388.0000     -733229.316725
2392.0000     -733190.052079
2396.0000     -733919.902880
2400.0000     -734293.196146
2404.0000     -733721.034329
2408.0000     -733952.428314
2412.0000     -734024.058456
2416.0000     -732985.407924
2420.0000     -733561.179533
2424.0000     -733537.141930
2428.0000     -733598.795660
2432.0000     -734031.672832
2436.0000     -733229.775127
2440.0000     -733021.488231
2444.0000     -733533.812847
2448.0000     -733569.487759
2452.0000     -733824.259926
2456.0000     -733577.928551
2460.0000     -732990.564782
2464.0000     -734038.258342
2468.0000     -733557.769229
2472.0000     -733512.797314
2476.0000     -734204.393277
2480.0000     -733528.106155
2484.0000     -733935.613667
2488.0000     -734048.936532
2492.0000     -733365.324094
2496.0000     -733667.453662
2500.0000     -733958.160827
2504.0000     -733057.352259
2508.0000     -733201.341098
2512.0000     -733845.728387
2516.0000     -733835.254046
2520.0000     -733896.075772
2524.0000     -734011.294804
2528.0000     -733974.474969
2532.0000     -733608.992057
2536.0000     -733517.550070
2540.0000     -732862.373413
2544.0000     -733561.810473
2548.0000     -733722.191796
2552.0000     -732930.855330
2556.0000     -733860.233053
2560.0000     -733521.062800
2564.0000     -732802.195117
2568.0000     -733454.189716
2572.0000     -734014.509790
2576.0000     -733985.471681
2580.0000     -733562.432510
2584.0000     -734041.180673
2588.0000     -733450.971418
2592.0000     -733579.190496
2596.0000     -734166.434972
2600.0000     -733909.934038
2604.0000     -733936.768746
2608.0000     -733223.226347
2612.0000     -733735.906866
2616.0000     -733756.350724
2620.0000     -733796.849083
2624.0000     -733850.413730
2628.0000     -733684.433439
2632.0000     -733465.210026
2636.0000     -733646.400507
2640.0000     -733357.124749
2644.0000     -733936.674788
2648.0000     -734859.988028
2652.0000     -734321.982066
2656.0000     -734393.264721
2660.0000     -732955.286631
2664.0000     -733371.020096
2668.0000     -733253.787665
2672.0000     -732905.706512
2676.0000     -733665.538080
2680.0000     -733458.642480
2684.0000     -733120.740254
2688.0000     -733911.250628
2692.0000     -733491.212026
2696.0000     -733756.847398
2700.0000     -733912.539445
2704.0000     -733014.466640
2708.0000     -733258.024172
2712.0000     -733366.720858
2716.0000     -732782.201388
2720.0000     -732673.763538
2724.0000     -733643.659413
2728.0000     -734097.034380
2732.0000     -733006.656706
2736.0000     -733109.589839
2740.0000     -733840.950928
2744.0000     -733472.914819
2748.0000     -733112.373605
2752.0000     -733258.614633
2756.0000     -733129.559374
2760.0000     -733925.037537
2764.0000     -733058.828483
2768.0000     -734029.578805
2772.0000     -733622.813143
2776.0000     -734696.494937
2780.0000     -733849.280825
2784.0000     -734032.015880
2788.0000     -733926.401887
2792.0000     -734012.286249
2796.0000     -733704.243583
2800.0000     -734645.533200
2804.0000     -733947.437238
2808.0000     -731868.217609
2812.0000     -733306.081516
2816.0000     -733925.056492
2820.0000     -733513.180892
2824.0000     -733372.879325
2828.0000     -734190.253253
2832.0000     -733637.196954
2836.0000     -732854.167219
2840.0000     -734809.801940
2844.0000     -733624.022587
2848.0000     -734140.742336
2852.0000     -733501.999512
2856.0000     -733001.614666
2860.0000     -733256.943723
2864.0000     -733659.396089
2868.0000     -733385.287420
2872.0000     -734092.789492
2876.0000     -732864.312233
2880.0000     -734413.356850
2884.0000     -733378.823068
2888.0000     -733429.139778
2892.0000     -733138.407923
2896.0000     -733943.733189
2900.0000     -733231.092141
2904.0000     -734539.884920
2908.0000     -733431.927857
2912.0000     -733290.859870
2916.0000     -733209.816004
2920.0000     -733410.658072
2924.0000     -732593.089535
2928.0000     -733539.948635
2932.0000     -733394.594166
2936.0000     -734150.505012
2940.0000     -734155.207499
2944.0000     -734084.040070
2948.0000     -733765.970751
2952.0000     -733648.421384
2956.0000     -733730.014066
2960.0000     -733561.595985
2964.0000     -733741.097993
2968.0000     -733571.447484
2972.0000     -733351.174887
2976.0000     -733323.671539
2980.0000     -733819.734131
2984.0000     -733837.084323
2988.0000     -733584.217406
2992.0000     -733187.619829
2996.0000     -734232.748869
3000.0000     -733475.815663
3004.0000     -732982.707662
3008.0000     -733424.408356
3012.0000     -733911.955760
3016.0000     -734386.292305
3020.0000     -733327.249003
3024.0000     -734065.527050
3028.0000     -733971.721516
3032.0000     -734289.901773
3036.0000     -734159.083029
3040.0000     -734576.793069
3044.0000     -733282.517121
3048.0000     -734123.021491
3052.0000     -734749.291637
3056.0000     -733422.790291
3060.0000     -733767.453163
3064.0000     -733944.346607
3068.0000     -733636.267753
3072.0000     -733889.540223
3076.0000     -733598.157824
3080.0000     -734074.575360
3084.0000     -733327.887865
3088.0000     -733244.406298
3092.0000     -733323.435218
3096.0000     -732998.114734
3100.0000     -733797.506628
3104.0000     -733628.508930
3108.0000     -734019.669352
3112.0000     -733443.998973
3116.0000     -733655.881761
3120.0000     -732958.321006
3124.0000     -734282.971318
3128.0000     -733468.206277
3132.0000     -733005.804255
3136.0000     -733770.193256
3140.0000     -733653.089641
3144.0000     -734256.006494
3148.0000     -733520.580002
3152.0000     -733655.126963
3156.0000     -733706.763350
3160.0000     -734004.888838
3164.0000     -733771.263539
3168.0000     -734304.704499
3172.0000     -733911.694423
3176.0000     -733937.936516
3180.0000     -733871.068296
3184.0000     -733951.522064
3188.0000     -734117.109081
3192.0000     -732963.590086
3196.0000     -733913.846036
3200.0000     -733902.798067
3204.0000     -734007.810309
3208.0000     -733770.857260
3212.0000     -733754.299726
3216.0000     -733725.780334
3220.0000     -733683.159442
3224.0000     -733564.764815
3228.0000     -733419.930036
3232.0000     -733467.372435
3236.0000     -733272.593819
3240.0000     -733385.342978
3244.0000     -734669.509692
3248.0000     -733513.335843
3252.0000     -733825.069913
3256.0000     -733545.397920
3260.0000     -733311.202639
3264.0000     -733536.781109
3268.0000     -734083.627817
3272.0000     -733907.200949
3276.0000     -733503.560416
3280.0000     -733884.444754
3284.0000     -733743.146223
3288.0000     -733864.022432
3292.0000     -733676.078257
3296.0000     -733944.576366
3300.0000     -733368.692497
3304.0000     -733784.458422
3308.0000     -733847.031147
3312.0000     -734240.347208
3316.0000     -733602.589432
3320.0000     -735152.585353
3324.0000     -733655.942958
3328.0000     -733795.476134
3332.0000     -733607.935309
3336.0000     -734530.985153
3340.0000     -734065.898428
3344.0000     -733015.257196
3348.0000     -733207.326138
3352.0000     -734003.584846
3356.0000     -733502.545946
3360.0000     -734041.883591
3364.0000     -733818.612178
3368.0000     -733955.000775
3372.0000     -733768.178628
3376.0000     -732767.464222
3380.0000     -733328.864411
3384.0000     -733658.113648
3388.0000     -733383.454432
3392.0000     -732989.840653
3396.0000     -732431.491399
3400.0000     -733582.432220
3404.0000     -733458.511224
3408.0000     -732659.364130
3412.0000     -733771.760163
3416.0000     -733674.303560
3420.0000     -732675.464959
3424.0000     -733798.505955
3428.0000     -734053.723752
3432.0000     -732952.852044
3436.0000     -733482.522715
3440.0000     -734151.063950
3444.0000     -734834.634168
3448.0000     -733557.081720
3452.0000     -734045.359372
3456.0000     -733944.479925
3460.0000     -733554.298968
3464.0000     -733969.605287
3468.0000     -734616.627837
3472.0000     -733930.997282
3476.0000     -733242.660104
3480.0000     -733955.908065
3484.0000     -734349.339757
3488.0000     -733155.729107
3492.0000     -733417.768754
3496.0000     -733361.914839
3500.0000     -733281.014071
3504.0000     -733507.995576
3508.0000     -733716.230841
3512.0000     -734059.257194
3516.0000     -733943.779316
3520.0000     -733312.573379
3524.0000     -733943.213830
3528.0000     -734784.802617
3532.0000     -733352.323852
3536.0000     -732632.540672
3540.0000     -733373.776317
3544.0000     -733885.460310
3548.0000     -733583.808925
3552.0000     -733388.465486
3556.0000     -734000.505046
3560.0000     -733525.766969
3564.0000     -733130.966026
3568.0000     -733191.642281
3572.0000     -734242.745524
3576.0000     -734059.380436
3580.0000     -734163.480627
3584.0000     -733692.999349
3588.0000     -733832.065592
3592.0000     -733713.399987
3596.0000     -733461.851528
3600.0000     -733902.002440
3604.0000     -733265.017957
3608.0000     -733641.274641
3612.0000     -733569.863192
3616.0000     -734022.729667
3620.0000     -733288.825167
3624.0000     -733403.283726
3628.0000     -734046.103376
3632.0000     -734635.202228
3636.0000     -732995.395901
3640.0000     -733506.983685
3644.0000     -734162.541550
3648.0000     -734238.438086
3652.0000     -733220.050548
3656.0000     -733485.026561
3660.0000     -733159.157654
3664.0000     -733833.281997
3668.0000     -733835.464602
3672.0000     -733455.675305
3676.0000     -734105.937308
3680.0000     -734012.264856
3684.0000     -733551.573705
3688.0000     -734024.670071
3692.0000     -734022.402114
3696.0000     -733896.588906
3700.0000     -734300.698100
3704.0000     -733693.139813
3708.0000     -734529.031792
3712.0000     -734132.256529
3716.0000     -733777.707337
3720.0000     -734088.474891
3724.0000     -733683.500217
3728.0000     -734554.667232
3732.0000     -734316.041410
3736.0000     -733652.600406
3740.0000     -733287.075692
3744.0000     -733985.965669
3748.0000     -733871.513709
3752.0000     -733555.008036
3756.0000     -733934.295156
3760.0000     -735019.088538
3764.0000     -733876.208201
3768.0000     -733321.319265
3772.0000     -733594.821368
3776.0000     -733280.902369
3780.0000     -733766.485805
3784.0000     -733411.839501
3788.0000     -733673.065488
3792.0000     -733788.293919
3796.0000     -733814.627796
3800.0000     -734154.158238
3804.0000     -733483.851597
3808.0000     -733528.398773
3812.0000     -733140.080284
3816.0000     -732906.526186
3820.0000     -733805.288561
3824.0000     -733126.472272
3828.0000     -733404.208604
3832.0000     -733230.169286
3836.0000     -732702.570460
3840.0000     -733071.927363
3844.0000     -733350.243025
3848.0000     -733653.462085
3852.0000     -733714.490273
3856.0000     -733275.719968
3860.0000     -733176.473534
3864.0000     -734258.815011
3868.0000     -733440.577022
3872.0000     -733145.819911
3876.0000     -732608.647018
3880.0000     -733355.611624
3884.0000     -733392.667180
3888.0000     -733785.986638
3892.0000     -734359.903477
3896.0000     -732525.630103
3900.0000     -733706.678308
3904.0000     -733502.313168
3908.0000     -733832.018321
3912.0000     -734210.566368
3916.0000     -733439.597436
3920.0000     -733913.425291
3924.0000     -733777.229149
3928.0000     -734006.110742
3932.0000     -734095.384809
3936.0000     -732932.133113
3940.0000     -733569.557532
3944.0000     -733212.950783
3948.0000     -733851.873449
3952.0000     -734497.034302
3956.0000     -734003.014595
3960.0000     -733887.923330
3964.0000     -733323.448656
3968.0000     -733347.605766
3972.0000     -733502.663156
3976.0000     -733042.105115
3980.0000     -733904.332393
3984.0000     -733953.571973
3988.0000     -733294.128001
3992.0000     -734095.940411
3996.0000     -733042.374182
4000.0000     -734219.950166
4004.0000     -734219.950166
