4.0000     -733999.683228
8.0000     -732415.431040
12.0000     -733596.253825
16.0000     -733358.603887
20.0000     -733654.966317
24.0000     -733451.385308
28.0000     -733744.205460
32.0000     -733246.560320
36.0000     -733584.969222
40.0000     -732510.773521
44.0000     -733120.953081
48.0000     -734016.484449
52.0000     -732256.721151
56.0000     -733863.061626
60.0000     -733087.980633
64.0000     -732588.432792
68.0000     -732828.141068
72.0000     -732815.932598
76.0000     -732914.958449
80.0000     -733108.827385
84.0000     -733190.427463
88.0000     -733617.029568
92.0000     -733379.565704
96.0000     -732528.919751
100.0000     -733991.502550
104.0000     -733136.591345
108.0000     -732386.335320
112.0000     -733535.406821
116.0000     -733726.249400
120.0000     -733813.399837
124.0000     -732923.323241
128.0000     -734238.344515
132.0000     -733840.039172
136.0000     -732729.035153
140.0000     -733439.430628
144.0000     -733576.726914
148.0000     -733395.770291
152.0000     -733382.079974
156.0000     -733571.117697
160.0000     -733216.814836
164.0000     -733451.348420
168.0000     -733668.096799
172.0000     -733755.125189
176.0000     -732670.955396
180.0000     -731806.375908
184.0000     -732981.172377
188.0000     -733152.999862
192.0000     -732730.457421
196.0000     -733360.061464
200.0000     -733217.482719
204.0000     -732273.510621
208.0000     -733644.042689
212.0000     -732530.964235
216.0000     -733020.446945
220.0000     -733365.322033
224.0000     -732722.214117
228.0000     -732784.351621
232.0000     -732928.596211
236.0000     -732679.516174
240.0000     -733872.602818
244.0000     -733796.537683
248.0000     -732462.602290
252.0000     -733430.256392
256.0000     -732660.697705
260.0000     -732614.266352
264.0000     -732776.218060
268.0000     -733137.939003
272.0000     -732893.513796
276.0000     -733615.651546
280.0000     -733298.080874
284.0000     -733723.581888
288.0000     -733195.811702
292.0000     -733253.591668
296.0000     -733536.360308
300.0000     -734034.085171
304.0000     -732994.057192
308.0000     -734324.191016
312.0000     -733613.700968
316.0000     -733600.785678
320.0000     -734408.181694
324.0000     -733004.465928
328.0000     -733358.462727
332.0000     -733318.943661
336.0000     -733280.934847
340.0000     -733745.518158
344.0000     -733891.201661
348.0000     -733972.285332
352.0000     -733655.731770
356.0000     -734185.679588
360.0000     -732866.400611
364.0000     -733809.104258
368.0000     -734094.432907
372.0000     -733760.843215
376.0000     -733758.231931
380.0000     -733106.520000
384.0000     -733746.429181
388.0000     -733443.009638
392.0000     -733570.924867
396.0000     -733977.335204
400.0000     -733739.220427
404.0000     -733584.597624
408.0000     -733555.001768
412.0000     -733623.219935
416.0000     -733584.471419
420.0000     -732805.766631
424.0000     -732955.911822
428.0000     -733610.796573
432.0000     -732525.776533
436.0000     -733483.843434
440.0000     -734735.555706
444.0000     -734047.952536
448.0000     -734406.361471
452.0000     -732406.878868
456.0000     -733606.196183
460.0000     -733708.469347
464.0000     -734160.367517
468.0000     -734013.176790
472.0000     -733353.245145
476.0000     -733585.284832
480.0000     -733813.101556
484.0000     -733663.767116
488.0000     -733229.402451
492.0000     -733568.859353
496.0000     -733251.170411
500.0000     -733572.621328
504.0000     -733671.696876
508.0000     -733611.529221
512.0000     -733562.758821
516.0000     -734184.140471
520.0000     -733931.187718
524.0000     -733090.386802
528.0000     -733064.420107
532.0000     -733344.788109
536.0000     -732939.684826
540.0000     -733980.762107
544.0000     -733649.426704
548.0000     -734296.687606
552.0000     -733794.394102
556.0000     -733483.221113
560.0000     -732844.958914
564.0000     -733339.565971
568.0000     -732980.651691
572.0000     -733721.152157
576.0000     -733561.510452
580.0000     -732809.886537
584.0000     -733667.707682
588.0000     -733210.284304
592.0000     -734080.796231
596.0000     -733847.992542
600.0000     -733797.945280
604.0000     -733512.960602
608.0000     -734137.005372
612.0000     -733972.561955
616.0000     -733648.587116
620.0000     -733538.233528
624.0000     -733703.185923
628.0000     -733226.759172
632.0000     -733985.248499
636.0000     -733690.075710
640.0000     -733431.020101
644.0000     -732886.969061
648.0000     -733231.492663
652.0000     -733210.151737
656.0000     -733078.675362
660.0000     -733363.891727
664.0000     -733428.022829
668.0000     -733262.147694
672.0000     -733656.203725
676.0000     -733095.152135
680.0000     -733369.498873
684.0000     -732707.739774
688.0000     -732758.897809
692.0000     -733064.791290
696.0000     -733211.680281
700.0000     -733333.202674
704.0000     -733036.093560
708.0000     -732767.346546
712.0000     -733202.561878
716.0000     -733264.629125
720.0000     -733711.244467
724.0000     -733560.178774
728.0000     -734331.106947
732.0000     -733768.699459
736.0000     -732738.413745
740.0000     -733746.785282
744.0000     -732963.049265
748.0000     -732865.912467
752.0000     -733148.508330
756.0000     -732819.435445
760.0000     -733861.608641
764.0000     -733876.991658
768.0000     -733198.785625
772.0000     -732903.061205
776.0000     -733575.243713
780.0000     -733356.886533
784.0000     -733488.062579
788.0000     -733631.768296
792.0000     -733584.614750
796.0000     -732919.991944
800.0000     -733712.950680
804.0000     -733338.403182
808.0000     -733255.120524
812.0000     -733617.330232
816.0000     -733465.414100
820.0000     -733723.547751
824.0000     -733241.258432
828.0000     -733059.583642
832.0000     -733683.220451
836.0000     -733079.498410
840.0000     -733715.538816
844.0000     -734229.269539
848.0000     -733293.296589
852.0000     -733213.270576
856.0000     -733361.413328
860.0000     -733307.874983
864.0000     -731528.967924
868.0000     -733625.147487
872.0000     -733377.034605
876.0000     -734179.148407
880.0000     -734583.488262
884.0000     -733742.179253
888.0000     -734386.000905
892.0000     -733059.533795
896.0000     -733118.543577
900.0000     -732782.509590
904.0000     -733390.553263
908.0000     -733150.626493
912.0000     -732610.609949
916.0000     -733214.987759
920.0000     -733691.577445
924.0000     -734101.967952
928.0000     -733575.467288
932.0000     -733354.593582
936.0000     -733132.136210
940.0000     -733362.030679
944.0000     -733317.247899
948.0000     -733209.385777
952.0000     -734014.372693
956.0000     -733228.872894
960.0000     -734215.619793
964.0000     -733747.935730
968.0000     -733907.482128
972.0000     -733835.309590
976.0000     -733520.991441
980.0000     -733603.135763
984.0000     -733269.118247
988.0000     -733171.439501
992.0000     -733411.272643
996.0000     -732797.258354
1000.0000     -733156.181974
1004.0000     -732517.558484
1008.0000     -733111.052307
1012.0000     -732948.690976
1016.0000     -732794.637024
1020.0000     -732914.898597
1024.0000     -733601.123764
1028.0000     -732867.412545
1032.0000     -732955.528577
1036.0000     -732969.716858
1040.0000     -732804.411476
1044.0000     -732925.242860
1048.0000     -734146.541398
1052.0000     -732802.829150
1056.0000     -732681.207199
1060.0000     -733559.255855
1064.0000     -732711.230750
1068.0000     -733256.961954
1072.0000     -733204.464268
1076.0000     -733470.057730
1080.0000     -733136.233629
1084.0000     -733583.254529
1088.0000     -732781.070250
1092.0000     -733209.559797
1096.0000     -732985.596396
1100.0000     -733126.407080
1104.0000     -734089.935759
1108.0000     -733339.050112
1112.0000     -732844.027249
1116.0000     -733852.925231
1120.0000     -732930.044747
1124.0000     -733417.305570
1128.0000     -733305.531801
1132.0000     -733989.586285
1136.0000     -733995.179948
1140.0000     -733501.972744
1144.0000     -733376.204625
1148.0000     -732489.758129
1152.0000     -733396.162680
1156.0000     -733156.404258
1160.0000     -733924.243200
1164.0000     -732951.522069
1168.0000     -732953.375113
1172.0000     -734717.404602
1176.0000     -732724.996992
1180.0000     -733277.862537
1184.0000     -733066.908882
1188.0000     -733045.994135
1192.0000     -733324.091241
1196.0000     -733207.953318
1200.0000     -733446.525828
1204.0000     -732829.974877
1208.0000     -733062.769125
1212.0000     -733295.058684
1216.0000     -733312.116338
1220.0000     -733477.196540
1224.0000     -733251.201614
1228.0000     -732775.402822
1232.0000     -732950.601783
1236.0000     -733730.874967
1240.0000     -733287.271428
1244.0000     -733234.316016
1248.0000     -733283.009219
1252.0000     -733921.621985
1256.0000     -733818.992972
1260.0000     -733448.386015
1264.0000     -733825.361852
1268.0000     -733714.872325
1272.0000     -733968.242837
1276.0000     -732806.615909
1280.0000     -733512.655752
1284.0000     -733662.789812
1288.0000     -734224.777451
1292.0000     -734374.488191
1296.0000     -734569.186868
1300.0000     -734241.612784
1304.0000     -733727.642637
1308.0000     -733706.770727
1312.0000     -733505.489881
1316.0000     -732995.047844
1320.0000     -734202.398855
1324.0000     -733405.870810
1328.0000     -733568.833530
1332.0000     -733616.960615
1336.0000     -734675.747362
1340.0000     -733940.772514
1344.0000     -733491.079276
1348.0000     -733446.342897
1352.0000     -733859.254409
1356.0000     -733974.848620
1360.0000     -734150.378125
1364.0000     -733521.295290
1368.0000     -733702.105891
1372.0000     -733541.413266
1376.0000     -733367.727416
1380.0000     -732819.090043
1384.0000     -734028.757983
1388.0000     -733973.636850
1392.0000     -734019.997793
1396.0000     -733822.163394
1400.0000     -733503.992644
1404.0000     -734443.133935
1408.0000     -733468.153261
1412.0000     -734098.371158
1416.0000     -733875.244366
1420.0000     -733831.273490
1424.0000     -734365.987988
1428.0000     -733948.257072
1432.0000     -732944.963919
1436.0000     -733718.784241
1440.0000     -733967.831541
1444.0000     -733663.352649
1448.0000     -733753.490528
1452.0000     -734183.265642
1456.0000     -734054.454960
1460.0000     -733929.607080
1464.0000     -733457.034054
1468.0000     -733360.739434
1472.0000     -733969.238167
1476.0000     -733631.898011
1480.0000     -734433.966566
1484.0000     -733734.328252
1488.0000     -733201.418847
1492.0000     -733742.188516
1496.0000     -733154.776764
1500.0000     -734737.944740
1504.0000     -733029.058680
1508.0000     -733346.882469
1512.0000     -733970.308855
1516.0000     -733592.004289
1520.0000     -733448.253210
1524.0000     -733867.184713
1528.0000     -733204.852960
1532.0000     -733646.577357
1536.0000     -733621.807288
1540.0000     -733359.239747
1544.0000     -734031.900246
1548.0000     -734110.495070
1552.0000     -733984.283383
1556.0000     -733836.768593
1560.0000     -733734.749772
1564.0000     -734718.390095
1568.0000     -733646.086447
1572.0000     -733639.118325
1576.0000     -733245.326013
1580.0000     -733847.793472
1584.0000     -733741.305911
1588.0000     -733815.748796
1592.0000     -733442.209881
1596.0000     -732811.076045
1600.0000     -733164.515032
1604.0000     -733145.300047
1608.0000     -734208.682889
1612.0000     -733796.757245
1616.0000     -733916.669533
1620.0000     -733852.143705
1624.0000     -733322.762908
1628.0000     -733745.826922
1632.0000     -734031.623009
1636.0000     -733765.048366
1640.0000     -733808.230241
1644.0000     -733926.072435
1648.0000     -733421.019227
1652.0000     -733002.449947
1656.0000     -733654.328381
1660.0000     -733114.011901
1664.0000     -733306.104680
1668.0000     -733959.499884
1672.0000     -733265.756997
1676.0000     -734526.142571
1680.0000     -733164.541150
1684.0000     -733827.443474
1688.0000     -733785.239605
1692.0000     -733398.255767
1696.0000     -733726.275335
1700.0000     -734212.216551
1704.0000     -733730.422419
1708.0000     -734146.852917
1712.0000     -734167.706336
1716.0000     -733653.157136
1720.0000     -733809.285946
1724.0000     -733046.974979
1728.0000     -733382.651574
1732.0000     -733490.931442
1736.0000     -734191.391234
1740.0000     -733239.380836
1744.0000     -733753.611035
1748.0000     -732502.617751
1752.0000     -732943.204288
1756.0000     -733274.176349
1760.0000     -733159.166328
1764.0000     -734491.810435
1768.0000     -733712.561450
1772.0000     -733574.724921
1776.0000     -733826.003990
1780.0000     -733624.153166
1784.0000     -733396.525199
1788.0000     -733937.045751
1792.0000     -734285.478851
1796.0000     -734599.916657
1800.0000     -733029.849666
1804.0000     -733193.140468
1808.0000     -733417.153551
1812.0000     -732912.634538
1816.0000     -734254.553292
1820.0000     -733970.092570
1824.0000     -733526.691177
1828.0000     -733701.599791
1832.0000     -733696.631642
1836.0000     -733993.293718
1840.0000     -733181.229032
1844.0000     -733761.894293
1848.0000     -733163.429498
1852.0000     -733202.321457
1856.0000     -733071.327430
1860.0000     -733204.539472
1864.0000     -733086.042270
1868.0000     -734492.100596
1872.0000     -733309.888255
1876.0000     -733728.410484
1880.0000     -733021.562702
1884.0000     -732845.605856
1888.0000     -734331.977729
1892.0000     -733537.647602
1896.0000     -734005.087446
1900.0000     -733420.623883
1904.0000     -733639.902175
1908.0000     -733699.953544
1912.0000     -733268.203864
1916.0000     -733102.048241
1920.0000     -734124.232201
1924.0000     -733234.800644
1928.0000     -733630.926351
1932.0000     -732519.452415
1936.0000     -732975.880064
1940.0000     -733485.326732
1944.0000     -733006.657349
1948.0000     -733687.687099
1952.0000     -733827.904122
1956.0000     -733096.930223
1960.0000     -733406.097034
1964.0000     -733393.193558
1968.0000     -733420.241667
1972.0000     -734123.599636
1976.0000     -733128.462178
1980.0000     -733036.885174
1984.0000     -733672.239668
1988.0000     -733673.853258
1992.0000     -732705.278325
1996.0000     -733065.890116
2000.0000     -733335.550107
2004.0000     -734087.671492
2008.0000     -733364.267424
2012.0000     -732966.037062
2016.0000     -733614.539967
2020.0000     -733411.562569
2024.0000     -733296.285805
2028.0000     -734190.603052
2032.0000     -734276.490780
2036.0000     -734142.478739
2040.0000     -733388.586682
2044.0000     -732889.069111
2048.0000     -733400.701652
2052.0000     -733446.403485
2056.0000     -733917.178399
2060.0000     -733409.110793
2064.0000     -733835.745747
2068.0000     -733679.449590
2072.0000     -733679.711147
2076.0000     -733483.454872
2080.0000     -733908.713366
2084.0000     -733177.741509
2088.0000     -734135.287915
2092.0000     -733562.565380
2096.0000     -734283.230913
2100.0000     -733558.998223
2104.0000     -733610.076661
2108.0000     -733551.737858
2112.0000     -733960.161774
2116.0000     -732713.199236
2120.0000     -733457.405081
2124.0000     -733045.656952
2128.0000     -733987.254945
2132.0000     -733086.896033
2136.0000     -732904.137626
2140.0000     -733703.921326
2144.0000     -733609.969808
2148.0000     -733494.161917
2152.0000     -733804.941397
2156.0000     -733081.397683
2160.0000     -733922.361265
2164.0000     -734667.892286
2168.0000     -733954.963625
2172.0000     -734270.659345
2176.0000     -734219.520473
2180.0000     -734169.704743
2184.0000     -733603.279004
2188.0000     -733332.910537
2192.0000     -733645.048255
2196.0000     -733538.814500
2200.0000     -733667.502089
2204.0000     -733791.044779
2208.0000     -734057.131411
2212.0000     -733631.251940
2216.0000     -733807.395039
2220.0000     -733617.058518
2224.0000     -733476.663350
2228.0000     -734281.093543
2232.0000     -733971.113808
2236.0000     -733520.566396
2240.0000     -734407.739187
2244.0000     -734600.179664
2248.0000     -733627.111971
2252.0000     -733090.993536
2256.0000     -732535.724366
2260.0000     -733840.168088
2264.0000     -733249.170118
2268.0000     -733236.352064
2272.0000     -732458.790198
2276.0000     -733675.569406
2280.0000     -733706.795669
2284.0000     -733860.441067
2288.0000     -733851.113886
2292.0000     -733318.859748
2296.0000     -733678.001220
2300.0000     -733908.816758
2304.0000     -734920.402413
2308.0000     -733366.738006
2312.0000     -734311.387519
2316.0000     -734171.095145
2320.0000     -733941.977712
2324.0000     -733734.146732
2328.0000     -733900.241123
2332.0000     -733582.600468
2336.0000     -733547.756414
2340.0000     -734193.318409
2344.0000     -733592.444203
2348.0000     -734408.787677
2352.0000     -733768.318351
2356.0000     -733584.958468
2360.0000     -734028.911164
2364.0000     -734314.521743
2368.0000     -732908.706683
2372.0000     -734429.309868
2376.0000     -733361.238270
2380.0000     -733404.454154
2384.0000     -734009.527850
2388.0000     -734429.150228
2392.0000     -734441.971054
2396.0000     -734243.807331
2400.0000     -734037.923350
2404.0000     -733690.105644
2408.0000     -733813.622318
2412.0000     -734014.080754
2416.0000     -734512.151840
2420.0000     -733578.718960
2424.0000     -733027.695089
2428.0000     -734539.492253
2432.0000     -733467.532935
2436.0000     -733689.683948
2440.0000     -734044.184879
2444.0000     -734116.156081
2448.0000     -734627.249174
2452.0000     -733837.016714
2456.0000     -734570.243394
2460.0000     -733939.904633
2464.0000     -734210.223762
2468.0000     -734481.865854
2472.0000     -734613.169373
2476.0000     -733878.778463
2480.0000     -733986.860919
2484.0000     -734177.178394
2488.0000     -733652.807077
2492.0000     -733555.343533
2496.0000     -734520.229374
2500.0000     -734015.240332
2504.0000     -734032.827058
2508.0000     -733879.409289
2512.0000     -734067.251817
2516.0000     -733542.085323
2520.0000     -733938.756050
2524.0000     -734079.778226
2528.0000     -733427.983099
2532.0000     -734714.083835
2536.0000     -733993.285176
2540.0000     -734903.771183
2544.0000     -733884.529370
2548.0000     -734508.621576
2552.0000     -734337.902111
2556.0000     -734669.518918
2560.0000     -733453.103150
2564.0000     -734194.690516
2568.0000     -734316.718283
2572.0000     -733259.617716
2576.0000     -733824.516579
2580.0000     -733352.085799
2584.0000     -733142.823218
2588.0000     -733815.186394
2592.0000     -733274.270177
2596.0000     -733846.578234
2600.0000     -733342.701095
2604.0000     -734650.817277
2608.0000     -733238.851916
2612.0000     -733582.752047
2616.0000     -733711.573999
2620.0000     -734099.721468
2624.0000     -732701.506924
2628.0000     -734148.607811
2632.0000     -733230.232240
2636.0000     -733946.876208
2640.0000     -734161.843972
2644.0000     -732980.598640
2648.0000     -733074.390876
2652.0000     -733762.808272
2656.0000     -734003.731005
2660.0000     -734483.130478
2664.0000     -732673.605094
2668.0000     -733864.367253
2672.0000     -733181.904545
2676.0000     -733006.293328
2680.0000     -733813.228281
2684.0000     -733889.791228
2688.0000     -733360.124184
2692.0000     -733355.703470
2696.0000     -733645.809603
2700.0000     -733120.304979
2704.0000     -733724.425357
2708.0000     -734071.961390
2712.0000     -733950.183506
2716.0000     -733637.284749
2720.0000     -733629.518282
2724.0000     -733440.655129
2728.0000     -733294.197620
2732.0000     -733278.014755
2736.0000     -733555.527180
2740.0000     -733356.613066
2744.0000     -733556.447680
2748.0000     -733249.716200
2752.0000     -733551.892632
2756.0000     -733475.811984
2760.0000     -732802.123279
2764.0000     -733412.046770
2768.0000     -734233.975642
2772.0000     -733465.262844
2776.0000     -733610.373133
2780.0000     -734118.993026
2784.0000     -733993.718835
2788.0000     -734355.288363
2792.0000     -734324.069217
2796.0000     -733458.556721
2800.0000     -733444.387826
2804.0000     -733422.918405
2808.0000     -733458.650976
2812.0000     -734291.609089
2816.0000     -733885.497320
2820.0000     -733162.990733
2824.0000     -733953.529722
2828.0000     -733904.994695
2832.0000     -733164.337054
2836.0000     -733955.751537
2840.0000     -734034.415368
2844.0000     -734172.764789
2848.0000     -733367.191172
2852.0000     -733784.112570
2856.0000     -733554.589025
2860.0000     -733732.836392
2864.0000     -733624.458793
2868.0000     -734347.561664
2872.0000     -734623.100420
2876.0000     -733398.673805
2880.0000     -733395.901300
2884.0000     -732911.701057
2888.0000     -733818.662816
2892.0000     -733601.086359
2896.0000     -733768.590013
2900.0000     -733217.757922
2904.0000     -733908.184362
2908.0000     -733468.936044
2912.0000     -734152.100379
2916.0000     -733016.516581
2920.0000     -733834.498112
2924.0000     -734102.651997
2928.0000     -733543.839057
2932.0000     -734427.778135
2936.0000     -733818.901265
2940.0000     -734129.809176
2944.0000     -734512.521041
2948.0000     -734224.035901
2952.0000     -733234.607961
2956.0000     -734099.455972
2960.0000     -734887.088871
2964.0000     -734814.820640
2968.0000     -734296.701003
2972.0000     -734598.271434
2976.0000     -734294.733920
2980.0000     -733240.703019
2984.0000     -733368.564890
2988.0000     -733314.088614
2992.0000     -733728.665240
2996.0000     -733597.702539
3000.0000     -733916.430357
3004.0000     -734601.976667
3008.0000     -733697.016022
3012.0000     -732873.499669
3016.0000     -733821.609446
3020.0000     -733637.879836
3024.0000     -734707.240631
3028.0000     -734065.815038
3032.0000     -734077.867874
3036.0000     -734382.747839
3040.0000     -734437.064127
3044.0000     -733127.250296
3048.0000     -733371.810145
3052.0000     -733848.538515
3056.0000     -734058.908930
3060.0000     -734065.563017
3064.0000     -733226.035840
3068.0000     -734300.955742
3072.0000     -733537.850657
3076.0000     -734305.088334
3080.0000     -734197.695894
3084.0000     -734360.129300
3088.0000     -734408.388473
3092.0000     -734282.543133
3096.0000     -734161.422622
3100.0000     -733823.850301
3104.0000     -734529.652610
3108.0000     -734263.571784
3112.0000     -734521.581791
3116.0000     -732925.169025
3120.0000     -733944.354592
3124.0000     -733529.933490
3128.0000     -733264.007440
3132.0000     -733374.250913
3136.0000     -733697.253848
3140.0000     -733645.770362
3144.0000     -733737.670413
3148.0000     -733541.558119
3152.0000     -733846.124642
3156.0000     -734056.700769
3160.0000     -734979.479178
3164.0000     -733644.182121
3168.0000     -733667.477342
3172.0000     -734417.390210
3176.0000     -734200.254890
3180.0000     -732864.712684
3184.0000     -733906.654535
3188.0000     -734407.779751
3192.0000     -733840.300054
3196.0000     -733065.101578
3200.0000     -734677.166432
3204.0000     -733711.902365
3208.0000     -733411.205468
3212.0000     -733911.487761
3216.0000     -733566.966300
3220.0000     -733148.237184
3224.0000     -733246.696443
3228.0000     -734264.207468
3232.0000     -733861.408200
3236.0000     -733902.958295
3240.0000     -733967.041648
3244.0000     -734190.420410
3248.0000     -734121.504942
3252.0000     -733977.586242
3256.0000     -733749.574160
3260.0000     -734159.277708
3264.0000     -733374.160228
3268.0000     -733064.625625
3272.0000     -734135.670011
3276.0000     -733498.996525
3280.0000     -734272.595733
3284.0000     -733315.569521
3288.0000     -733917.111812
3292.0000     -733881.869292
3296.0000     -734424.436645
3300.0000     -734003.463973
3304.0000     -733975.588097
3308.0000     -735144.519598
3312.0000     -733749.147999
3316.0000     -733853.209511
3320.0000     -733200.564579
3324.0000     -734157.868828
3328.0000     -733907.699665
3332.0000     -732738.061516
3336.0000     -734047.015276
3340.0000     -733399.630171
3344.0000     -734070.035637
3348.0000     -733407.302602
3352.0000     -734541.867250
3356.0000     -733731.341679
3360.0000     -734538.084191
3364.0000     -733989.165238
3368.0000     -733876.124673
3372.0000     -734196.739328
3376.0000     -733180.752095
3380.0000     -732211.237630
3384.0000     -733416.433956
3388.0000     -733708.074404
3392.0000     -734463.912885
3396.0000     -734536.846607
3400.0000     -734121.673866
3404.0000     -733165.856018
3408.0000     -733828.368248
3412.0000     -734024.884024
3416.0000     -734284.512162
3420.0000     -734072.167055
3424.0000     -734054.709607
3428.0000     -734392.580336
3432.0000     -734211.984591
3436.0000     -733794.312394
3440.0000     -734526.743275
3444.0000     -733852.058433
3448.0000     -734094.098429
3452.0000     -733794.944112
3456.0000     -733464.055071
3460.0000     -734149.892713
3464.0000     -733940.248136
3468.0000     -734800.095749
3472.0000     -734055.829729
3476.0000     -734256.836486
3480.0000     -733793.931197
3484.0000     -734183.910916
3488.0000     -733763.927975
3492.0000     -734164.790331
3496.0000     -733530.490237
3500.0000     -733611.509480
3504.0000     -734332.541666
3508.0000     -734617.566853
3512.0000     -733366.831025
3516.0000     -733701.630651
3520.0000     -733154.776131
3524.0000     -733199.221465
3528.0000     -733907.723357
3532.0000     -733246.236673
3536.0000     -734651.618411
3540.0000     -734677.669395
3544.0000     -733398.189299
3548.0000     -733860.763713
3552.0000     -733833.583736
3556.0000     -734386.556502
3560.0000     -734013.053092
3564.0000     -734517.234645
3568.0000     -734182.226061
3572.0000     -733283.437345
3576.0000     -733103.038605
3580.0000     -733653.373386
3584.0000     -733764.606632
3588.0000     -733542.346124
3592.0000     -733935.573856
3596.0000     -733520.369263
3600.0000     -734519.619479
3604.0000     -733842.793493
3608.0000     -734104.611136
3612.0000     -734029.488436
3616.0000     -734759.612952
3620.0000     -734879.881274
3624.0000     -734163.568407
3628.0000     -734431.161079
3632.0000     -734426.333630
3636.0000     -734398.736744
3640.0000     -734001.666654
3644.0000     -733931.205853
3648.0000     -733582.456304
3652.0000     -733384.598177
3656.0000     -733873.170765
3660.0000     -733713.416733
3664.0000     -733668.237728
3668.0000     -734006.367373
3672.0000     -734019.708669
3676.0000     -734424.201769
3680.0000     -734130.267447
3684.0000     -733053.093330
3688.0000     -733918.922837
3692.0000     -733798.303230
3696.0000     -733799.132452
3700.0000     -733453.800090
3704.0000     -733163.034971
3708.0000     -734503.293418
3712.0000     -734063.247871
3716.0000     -734876.599660
3720.0000     -733994.467199
3724.0000     -734769.279330
3728.0000     -733658.081207
3732.0000     -733733.886530
3736.0000     -733373.185832
3740.0000     -733919.348654
3744.0000     -733464.793713
3748.0000     -733669.702704
3752.0000     -733776.642655
3756.0000     -733087.825471
3760.0000     -733550.661102
3764.0000     -733246.977591
3768.0000     -733133.594123
3772.0000     -733260.631444
3776.0000     -733366.947069
3780.0000     -733638.912328
3784.0000     -733729.525864
3788.0000     -734277.423928
3792.0000     -733742.030674
3796.0000     -733220.875360
3800.0000     -734065.584689
3804.0000     -733846.929171
3808.0000     -733326.251050
3812.0000     -732523.167863
3816.0000     -734158.141633
3820.0000     -733036.524732
3824.0000     -732822.393223
3828.0000     -733266.707129
3832.0000     -733468.290754
3836.0000     -733744.733440
3840.0000     -733196.431183
3844.0000     -734426.045377
3848.0000     -734256.605371
3852.0000     -732871.008262
3856.0000     -732842.989088
3860.0000     -732660.903490
3864.0000     -733881.806605
3868.0000     -734286.461436
3872.0000     -733513.625476
3876.0000     -733204.846144
3880.0000     -733599.359520
3884.0000     -733688.090519
3888.0000     -732947.428904
3892.0000     -733416.095120
3896.0000     -733650.348421
3900.0000     -733401.320745
3904.0000     -734095.239550
3908.0000     -733510.860610
3912.0000     -734624.295916
3916.0000     -733876.623720
3920.0000     -734142.157025
3924.0000     -733842.493433
3928.0000     -734251.548457
3932.0000     -734322.298173
3936.0000     -733112.351098
3940.0000     -733094.188523
3944.0000     -734485.716279
3948.0000     -734734.028791
3952.0000     -734821.615384
3956.0000     -734249.946135
3960.0000     -734106.797551
3964.0000     -734435.262735
3968.0000     -733693.277329
3972.0000     -734480.427383
3976.0000     -734992.822249
3980.0000     -733811.251988
3984.0000     -733997.121089
3988.0000     -734931.131525
3992.0000     -732912.123064
3996.0000     -734494.097064
4000.0000     -733205.205441
4004.0000     -733205.205441
