4.0000     -733951.421528
8.0000     -732371.236649
12.0000     -733559.408361
16.0000     -733314.509414
20.0000     -733619.269664
24.0000     -733411.801990
28.0000     -733711.452936
32.0000     -733197.783156
36.0000     -733549.247428
40.0000     -732478.537423
44.0000     -733076.092808
48.0000     -733973.808317
52.0000     -732211.527635
56.0000     -733797.864149
60.0000     -733043.567166
64.0000     -732545.939797
68.0000     -732781.614327
72.0000     -732759.964824
76.0000     -732856.165124
80.0000     -733065.347280
84.0000     -733150.718366
88.0000     -733578.955165
92.0000     -733334.202546
96.0000     -732481.550582
100.0000     -733933.742451
104.0000     -733095.272795
108.0000     -732339.793457
112.0000     -733491.841937
116.0000     -733679.783030
120.0000     -733778.756926
124.0000     -732883.022271
128.0000     -734200.088115
132.0000     -733792.871123
136.0000     -732692.611861
140.0000     -733404.981313
144.0000     -733532.125895
148.0000     -733349.101510
152.0000     -733345.195447
156.0000     -733526.917650
160.0000     -733175.265047
164.0000     -733333.120512
168.0000     -733628.955452
172.0000     -733718.015479
176.0000     -732625.767541
180.0000     -731768.494767
184.0000     -732933.744617
188.0000     -733112.342511
192.0000     -732692.797101
196.0000     -733322.614571
200.0000     -733173.619204
204.0000     -732227.176224
208.0000     -733606.284682
212.0000     -732492.527011
216.0000     -732986.462395
220.0000     -733332.498078
224.0000     -732671.670450
228.0000     -732746.435031
232.0000     -732894.023930
236.0000     -732640.166650
240.0000     -733801.764937
244.0000     -733754.839351
248.0000     -732430.411275
252.0000     -733395.355005
256.0000     -732622.388301
260.0000     -732569.925726
264.0000     -732734.995378
268.0000     -733067.414374
272.0000     -732830.392632
276.0000     -733574.113772
280.0000     -733260.942488
284.0000     -733680.378625
288.0000     -733143.960382
292.0000     -733207.318363
296.0000     -733499.072486
300.0000     -733989.044258
304.0000     -732953.438134
308.0000     -734288.908705
312.0000     -733571.783946
316.0000     -733564.167698
320.0000     -734375.416612
324.0000     -732961.673305
328.0000     -733314.944259
332.0000     -733280.136470
336.0000     -733242.036210
340.0000     -733696.745929
344.0000     -733854.350048
348.0000     -733932.694088
352.0000     -733614.350830
356.0000     -734137.136118
360.0000     -732827.278561
364.0000     -733775.024992
368.0000     -734049.177116
372.0000     -733725.978258
376.0000     -733726.053593
380.0000     -733064.372418
384.0000     -733687.997032
388.0000     -733395.713872
392.0000     -733532.449742
396.0000     -733933.117599
400.0000     -733702.582325
404.0000     -733543.179719
408.0000     -733515.161994
412.0000     -733578.741517
416.0000     -733551.961910
420.0000     -732772.464232
424.0000     -732917.337562
428.0000     -733571.536369
432.0000     -732492.173916
436.0000     -733449.765805
440.0000     -734692.776251
444.0000     -734014.748152
448.0000     -734370.830144
452.0000     -732374.143609
456.0000     -733567.047610
460.0000     -733663.110213
464.0000     -734115.529739
468.0000     -733963.071219
472.0000     -733315.541261
476.0000     -733545.110488
480.0000     -733771.918716
484.0000     -733625.605764
488.0000     -733193.268232
492.0000     -733525.258912
496.0000     -733216.602164
500.0000     -733520.159635
504.0000     -733637.198036
508.0000     -733578.258074
512.0000     -733512.638196
516.0000     -734141.680145
520.0000     -733894.809442
524.0000     -733042.560990
528.0000     -733031.394079
532.0000     -733305.709684
536.0000     -732896.825017
540.0000     -733937.409847
544.0000     -733608.944774
548.0000     -734248.987681
552.0000     -733760.387414
556.0000     -733431.143311
560.0000     -732798.677731
564.0000     -733299.789991
568.0000     -732934.380401
572.0000     -733677.733554
576.0000     -733524.032099
580.0000     -732763.021826
584.0000     -733637.339406
588.0000     -733170.208327
592.0000     -734033.172914
596.0000     -733811.281768
600.0000     -733750.563828
604.0000     -733480.918310
608.0000     -734086.488903
612.0000     -733934.998455
616.0000     -733611.647066
620.0000     -733487.638096
624.0000     -733670.567338
628.0000     -733178.743095
632.0000     -733941.713731
636.0000     -733654.971174
640.0000     -733335.795329
644.0000     -732843.810812
648.0000     -733192.122716
652.0000     -733166.620563
656.0000     -733037.123115
660.0000     -733321.076119
664.0000     -733383.550774
668.0000     -733221.970752
672.0000     -733620.831280
676.0000     -733053.231833
680.0000     -733330.020223
684.0000     -732669.142459
688.0000     -732721.408430
692.0000     -733020.969646
696.0000     -733176.343336
700.0000     -733299.737327
704.0000     -732993.738077
708.0000     -732731.767295
712.0000     -733168.699815
716.0000     -733214.129521
720.0000     -733673.070696
724.0000     -733521.369587
728.0000     -734294.277055
732.0000     -733730.497624
736.0000     -732702.331378
740.0000     -733703.764889
744.0000     -732910.046862
748.0000     -732827.859653
752.0000     -733112.702111
756.0000     -732775.001419
760.0000     -733826.196288
764.0000     -733790.901941
768.0000     -733134.505227
772.0000     -732865.970945
776.0000     -733534.805745
780.0000     -733311.032557
784.0000     -733450.488160
788.0000     -733593.187626
792.0000     -733550.525321
796.0000     -732882.598670
800.0000     -733673.806771
804.0000     -733287.975563
808.0000     -733214.764287
812.0000     -733572.411841
816.0000     -733426.177373
820.0000     -733688.698981
824.0000     -733190.941951
828.0000     -733014.584675
832.0000     -733610.425753
836.0000     -733044.513967
840.0000     -733676.315739
844.0000     -734183.116728
848.0000     -733266.001296
852.0000     -733176.901013
856.0000     -733328.495431
860.0000     -733273.211671
864.0000     -731489.032795
868.0000     -733582.378373
872.0000     -733332.624695
876.0000     -734144.380018
880.0000     -734547.409167
884.0000     -733706.669460
888.0000     -734350.083521
892.0000     -733018.416598
896.0000     -733079.145695
900.0000     -732746.132004
904.0000     -733355.695157
908.0000     -733120.679807
912.0000     -732572.376948
916.0000     -733179.016337
920.0000     -733651.559632
924.0000     -734076.165479
928.0000     -733517.878820
932.0000     -733315.928208
936.0000     -733084.717666
940.0000     -733311.737393
944.0000     -733280.979063
948.0000     -733166.410476
952.0000     -733969.779728
956.0000     -733192.248519
960.0000     -734177.135550
964.0000     -733698.085978
968.0000     -733875.363197
972.0000     -733772.090740
976.0000     -733483.627347
980.0000     -733556.436999
984.0000     -733230.150274
988.0000     -733131.380004
992.0000     -733371.041784
996.0000     -732751.620577
1000.0000     -733118.526610
1004.0000     -732480.348363
1008.0000     -733065.697867
1012.0000     -732888.638365
1016.0000     -732756.684018
1020.0000     -732864.959121
1024.0000     -733552.434748
1028.0000     -732795.994270
1032.0000     -732909.852187
1036.0000     -732917.424780
1040.0000     -732763.283575
1044.0000     -732885.632043
1048.0000     -734112.246929
1052.0000     -732759.715033
1056.0000     -732638.441815
1060.0000     -733509.872679
1064.0000     -732656.857838
1068.0000     -733213.634044
1072.0000     -733146.772160
1076.0000     -733415.034064
1080.0000     -733092.721919
1084.0000     -733533.831070
1088.0000     -732748.604624
1092.0000     -733167.271940
1096.0000     -732944.473745
1100.0000     -733084.129170
1104.0000     -734031.087133
1108.0000     -733301.209606
1112.0000     -732804.044985
1116.0000     -733807.100605
1120.0000     -732888.484093
1124.0000     -733366.242092
1128.0000     -733236.541912
1132.0000     -733947.599783
1136.0000     -733948.820213
1140.0000     -733466.081416
1144.0000     -733327.440278
1148.0000     -732446.584969
1152.0000     -733349.786363
1156.0000     -733106.736560
1160.0000     -733885.852191
1164.0000     -732914.538196
1168.0000     -732920.979838
1172.0000     -734665.933378
1176.0000     -732670.491873
1180.0000     -733239.660879
1184.0000     -733022.072784
1188.0000     -732994.021749
1192.0000     -733268.793049
1196.0000     -733158.474047
1200.0000     -733403.407521
1204.0000     -732784.934860
1208.0000     -732923.973750
1212.0000     -733246.260240
1216.0000     -733274.941013
1220.0000     -733436.815530
1224.0000     -733204.064963
1228.0000     -732734.740718
1232.0000     -732902.916257
1236.0000     -733683.888125
1240.0000     -733254.762474
1244.0000     -733198.529778
1248.0000     -733246.081287
1252.0000     -733881.216267
1256.0000     -733776.700011
1260.0000     -733414.481012
1264.0000     -733781.045199
1268.0000     -733671.026970
1272.0000     -733930.620351
1276.0000     -732785.170976
1280.0000     -733470.288894
1284.0000     -733585.406061
1288.0000     -734190.467361
1292.0000     -734325.628949
1296.0000     -734532.279047
1300.0000     -734200.498388
1304.0000     -733691.403573
1308.0000     -733668.873807
1312.0000     -733467.408936
1316.0000     -732952.576438
1320.0000     -734158.368011
1324.0000     -733372.493475
1328.0000     -733538.605020
1332.0000     -733575.369177
1336.0000     -734614.012736
1340.0000     -733899.346231
1344.0000     -733458.080378
1348.0000     -733406.939498
1352.0000     -733814.011398
1356.0000     -733941.095829
1360.0000     -734106.264651
1364.0000     -733477.195708
1368.0000     -733673.974505
1372.0000     -733473.000811
1376.0000     -733335.806868
1380.0000     -732764.744780
1384.0000     -733988.280557
1388.0000     -733924.839579
1392.0000     -733982.981096
1396.0000     -733780.305802
1400.0000     -733467.052331
1404.0000     -734403.352957
1408.0000     -733424.105956
1412.0000     -734053.619732
1416.0000     -733833.767223
1420.0000     -733790.084094
1424.0000     -734333.653761
1428.0000     -733789.336343
1432.0000     -732899.961533
1436.0000     -733673.045367
1440.0000     -733925.518146
1444.0000     -733615.017018
1448.0000     -733710.427976
1452.0000     -734140.965473
1456.0000     -734016.263888
1460.0000     -733879.791164
1464.0000     -733417.326231
1468.0000     -733317.087570
1472.0000     -733876.271819
1476.0000     -733591.005335
1480.0000     -734393.397884
1484.0000     -733697.115597
1488.0000     -733161.599426
1492.0000     -733702.814854
1496.0000     -732973.337436
1500.0000     -734701.697698
1504.0000     -732980.971715
1508.0000     -733301.238459
1512.0000     -733942.034506
1516.0000     -733544.991231
1520.0000     -733396.271121
1524.0000     -733824.813821
1528.0000     -733159.069678
1532.0000     -733602.170555
1536.0000     -733563.163156
1540.0000     -733321.058880
1544.0000     -733984.101180
1548.0000     -734076.986548
1552.0000     -733948.454227
1556.0000     -733799.982260
1560.0000     -733687.547188
1564.0000     -734673.269154
1568.0000     -733605.603339
1572.0000     -733549.606440
1576.0000     -733187.547915
1580.0000     -733811.680899
1584.0000     -733688.051473
1588.0000     -733775.201867
1592.0000     -733399.889149
1596.0000     -732775.362053
1600.0000     -733122.014771
1604.0000     -733003.676297
1608.0000     -734166.398386
1612.0000     -733762.319298
1616.0000     -733874.772402
1620.0000     -733803.264531
1624.0000     -733286.154262
1628.0000     -733699.865195
1632.0000     -733986.546910
1636.0000     -733722.210907
1640.0000     -733774.603794
1644.0000     -733874.532811
1648.0000     -733379.915205
1652.0000     -732963.822539
1656.0000     -733611.708346
1660.0000     -733066.206651
1664.0000     -733271.413112
1668.0000     -733918.539633
1672.0000     -733226.364712
1676.0000     -734478.217938
1680.0000     -733126.059660
1684.0000     -733793.034386
1688.0000     -733736.684426
1692.0000     -733359.690570
1696.0000     -733692.796049
1700.0000     -734149.494176
1704.0000     -733689.793145
1708.0000     -734112.698588
1712.0000     -734113.452335
1716.0000     -733618.738408
1720.0000     -733774.916528
1724.0000     -733011.632543
1728.0000     -733344.522933
1732.0000     -733445.501599
1736.0000     -734154.230601
1740.0000     -733202.021885
1744.0000     -733712.979571
1748.0000     -732468.774685
1752.0000     -732904.950573
1756.0000     -733234.205758
1760.0000     -733117.271118
1764.0000     -734455.624345
1768.0000     -733672.217136
1772.0000     -733530.341959
1776.0000     -733783.625004
1780.0000     -733580.257368
1784.0000     -733353.200040
1788.0000     -733905.443693
1792.0000     -734240.786995
1796.0000     -734560.209843
1800.0000     -732984.542502
1804.0000     -733161.368604
1808.0000     -733366.715876
1812.0000     -732870.106835
1816.0000     -734220.860963
1820.0000     -733920.698894
1824.0000     -733491.715960
1828.0000     -733663.816604
1832.0000     -733662.112592
1836.0000     -733958.198094
1840.0000     -733144.953436
1844.0000     -733723.733657
1848.0000     -733129.841012
1852.0000     -733136.158078
1856.0000     -733029.877078
1860.0000     -733166.241068
1864.0000     -733040.052701
1868.0000     -734456.401663
1872.0000     -733272.050821
1876.0000     -733688.818520
1880.0000     -732983.804099
1884.0000     -732790.122147
1888.0000     -734293.092992
1892.0000     -733498.435807
1896.0000     -733966.155840
1900.0000     -733381.863043
1904.0000     -733599.867057
1908.0000     -733664.871355
1912.0000     -733230.940739
1916.0000     -733064.852161
1920.0000     -734078.627578
1924.0000     -733185.281671
1928.0000     -733597.064356
1932.0000     -732478.314333
1936.0000     -732935.198091
1940.0000     -733447.324232
1944.0000     -732971.154606
1948.0000     -733647.596464
1952.0000     -733786.050439
1956.0000     -733066.443733
1960.0000     -733366.647736
1964.0000     -733348.219694
1968.0000     -733384.625698
1972.0000     -734084.722952
1976.0000     -733089.921003
1980.0000     -732987.960641
1984.0000     -733635.452844
1988.0000     -733635.428651
1992.0000     -732667.674941
1996.0000     -733021.195760
2000.0000     -733295.873145
2004.0000     -734049.224508
2008.0000     -733329.577807
2012.0000     -732922.679391
2016.0000     -733585.184429
2020.0000     -733367.394813
2024.0000     -733260.457058
2028.0000     -734148.879195
2032.0000     -734209.385299
2036.0000     -734105.987428
2040.0000     -733343.210961
2044.0000     -732833.110282
2048.0000     -733355.895906
2052.0000     -733410.095132
2056.0000     -733881.543954
2060.0000     -733367.462736
2064.0000     -733785.691686
2068.0000     -733643.784790
2072.0000     -733616.989594
2076.0000     -733447.482701
2080.0000     -733864.321866
2084.0000     -733132.832807
2088.0000     -734099.218362
2092.0000     -733523.825906
2096.0000     -734240.019765
2100.0000     -733523.262762
2104.0000     -733564.931586
2108.0000     -733503.141540
2112.0000     -733910.635786
2116.0000     -732662.839478
2120.0000     -733412.380269
2124.0000     -733008.301421
2128.0000     -733949.098483
2132.0000     -733045.103256
2136.0000     -732873.352711
2140.0000     -733655.093134
2144.0000     -733569.340522
2148.0000     -733456.263460
2152.0000     -733757.074925
2156.0000     -733046.271637
2160.0000     -733885.068984
2164.0000     -734629.004184
2168.0000     -733916.827819
2172.0000     -734200.002831
2176.0000     -734171.377611
2180.0000     -734132.883844
2184.0000     -733549.172104
2188.0000     -733286.457484
2192.0000     -733607.818707
2196.0000     -733499.319404
2200.0000     -733628.928837
2204.0000     -733747.750744
2208.0000     -734025.234403
2212.0000     -733588.000756
2216.0000     -733767.174921
2220.0000     -733567.732825
2224.0000     -733435.635727
2228.0000     -734244.383471
2232.0000     -733933.582304
2236.0000     -733480.742294
2240.0000     -734367.701327
2244.0000     -734550.239932
2248.0000     -733572.295503
2252.0000     -733053.507450
2256.0000     -732498.502934
2260.0000     -733795.844935
2264.0000     -733210.476063
2268.0000     -733185.932014
2272.0000     -732411.321576
2276.0000     -733609.009471
2280.0000     -733661.765349
2284.0000     -733822.533868
2288.0000     -733799.679015
2292.0000     -733261.106963
2296.0000     -733631.262106
2300.0000     -733862.376616
2304.0000     -734886.125467
2308.0000     -733323.174037
2312.0000     -734272.568340
2316.0000     -734132.235801
2320.0000     -733892.452178
2324.0000     -733681.867248
2328.0000     -733856.400014
2332.0000     -733543.061516
2336.0000     -733502.150241
2340.0000     -734146.189372
2344.0000     -733549.645250
2348.0000     -734369.140630
2352.0000     -733716.371341
2356.0000     -733545.976759
2360.0000     -733973.714375
2364.0000     -734267.059137
2368.0000     -732865.726942
2372.0000     -734384.981450
2376.0000     -733309.415808
2380.0000     -733365.821422
2384.0000     -733964.905380
2388.0000     -734386.056792
2392.0000     -734402.074158
2396.0000     -734199.667904
2400.0000     -733983.320859
2404.0000     -733653.239569
2408.0000     -733765.897646
2412.0000     -733971.965491
2416.0000     -734479.496968
2420.0000     -733539.010796
2424.0000     -732988.990820
2428.0000     -734498.377660
2432.0000     -733432.899665
2436.0000     -733653.474862
2440.0000     -734004.959117
2444.0000     -734082.945909
2448.0000     -734576.029700
2452.0000     -733793.378366
2456.0000     -734523.999251
2460.0000     -733873.030684
2464.0000     -734158.276685
2468.0000     -734437.600334
2472.0000     -734568.826548
2476.0000     -733838.961622
2480.0000     -733942.066122
2484.0000     -734139.951154
2488.0000     -733610.323565
2492.0000     -733516.480360
2496.0000     -734477.456711
2500.0000     -733960.696404
2504.0000     -733983.140884
2508.0000     -733836.518847
2512.0000     -734027.139484
2516.0000     -733503.128363
2520.0000     -733892.338093
2524.0000     -734040.750933
2528.0000     -733384.681797
2532.0000     -734669.002684
2536.0000     -733955.072068
2540.0000     -734864.590430
2544.0000     -733821.407724
2548.0000     -734466.327090
2552.0000     -734297.052132
2556.0000     -734627.719940
2560.0000     -733410.287290
2564.0000     -734151.760999
2568.0000     -734279.896285
2572.0000     -733195.767963
2576.0000     -733778.328293
2580.0000     -733294.018396
2584.0000     -733103.291053
2588.0000     -733775.328963
2592.0000     -733233.571279
2596.0000     -733804.247156
2600.0000     -733309.642991
2604.0000     -734609.591558
2608.0000     -733196.641610
2612.0000     -733535.295220
2616.0000     -733678.096309
2620.0000     -734057.870685
2624.0000     -732660.430830
2628.0000     -734102.777017
2632.0000     -733183.940409
2636.0000     -733907.102679
2640.0000     -734124.894906
2644.0000     -732947.944960
2648.0000     -733037.122598
2652.0000     -733723.532924
2656.0000     -733961.449251
2660.0000     -734433.990258
2664.0000     -732609.288622
2668.0000     -733825.303684
2672.0000     -733131.670766
2676.0000     -732937.206942
2680.0000     -733756.555026
2684.0000     -733846.722673
2688.0000     -733320.820936
2692.0000     -733314.411466
2696.0000     -733597.998475
2700.0000     -733077.787087
2704.0000     -733686.038116
2708.0000     -734027.770491
2712.0000     -733914.151218
2716.0000     -733590.393509
2720.0000     -733595.696790
2724.0000     -733398.215930
2728.0000     -733248.352019
2732.0000     -733238.445520
2736.0000     -733516.967813
2740.0000     -733315.139930
2744.0000     -733522.513958
2748.0000     -733209.911358
2752.0000     -733503.183400
2756.0000     -733427.492279
2760.0000     -732766.090515
2764.0000     -733359.654159
2768.0000     -734188.234598
2772.0000     -733432.248293
2776.0000     -733573.379686
2780.0000     -734081.117009
2784.0000     -733955.610024
2788.0000     -734311.236003
2792.0000     -734056.324450
2796.0000     -733422.035402
2800.0000     -733400.326045
2804.0000     -733381.371120
2808.0000     -733418.497577
2812.0000     -734249.281589
2816.0000     -733845.899357
2820.0000     -733125.246518
2824.0000     -733798.005736
2828.0000     -733865.595050
2832.0000     -733128.537215
2836.0000     -733908.277286
2840.0000     -733997.571009
2844.0000     -734125.930033
2848.0000     -733324.336129
2852.0000     -733732.579068
2856.0000     -733514.176446
2860.0000     -733695.994236
2864.0000     -733588.511120
2868.0000     -734309.827583
2872.0000     -734552.510402
2876.0000     -733357.858301
2880.0000     -733352.965099
2884.0000     -732870.932935
2888.0000     -733759.358702
2892.0000     -733565.691566
2896.0000     -733729.384431
2900.0000     -733148.826238
2904.0000     -733866.292139
2908.0000     -733432.236011
2912.0000     -734104.180145
2916.0000     -732977.030817
2920.0000     -733795.051144
2924.0000     -734065.605191
2928.0000     -733511.606513
2932.0000     -734386.933327
2936.0000     -733786.497029
2940.0000     -734089.426588
2944.0000     -734470.198926
2948.0000     -734164.838478
2952.0000     -733199.494181
2956.0000     -734058.920970
2960.0000     -734847.637777
2964.0000     -734761.657714
2968.0000     -734261.210883
2972.0000     -734553.990524
2976.0000     -734260.381145
2980.0000     -733202.620382
2984.0000     -733332.424359
2988.0000     -733276.403208
2992.0000     -733688.025307
2996.0000     -733558.270605
3000.0000     -733882.582779
3004.0000     -734562.559462
3008.0000     -733643.873523
3012.0000     -732835.342435
3016.0000     -733783.560815
3020.0000     -733597.378435
3024.0000     -734664.105536
3028.0000     -734009.666104
3032.0000     -734037.474340
3036.0000     -734345.761848
3040.0000     -734401.841638
3044.0000     -733089.199815
3048.0000     -733339.685041
3052.0000     -733815.954486
3056.0000     -734022.960623
3060.0000     -734022.077381
3064.0000     -733187.784542
3068.0000     -734266.673407
3072.0000     -733498.113226
3076.0000     -734267.888635
3080.0000     -734166.789097
3084.0000     -734314.237662
3088.0000     -734366.073991
3092.0000     -734247.535799
3096.0000     -734115.849549
3100.0000     -733789.493429
3104.0000     -734492.738534
3108.0000     -734224.917936
3112.0000     -734480.575301
3116.0000     -732684.832066
3120.0000     -733907.536329
3124.0000     -733489.081594
3128.0000     -733224.257687
3132.0000     -733329.523744
3136.0000     -733662.967534
3140.0000     -733599.185046
3144.0000     -733698.557928
3148.0000     -733504.085518
3152.0000     -733810.862038
3156.0000     -734019.371345
3160.0000     -734947.981370
3164.0000     -733590.819120
3168.0000     -733627.435111
3172.0000     -734374.090688
3176.0000     -734166.556143
3180.0000     -732825.729599
3184.0000     -733868.154517
3188.0000     -734366.575261
3192.0000     -733806.660666
3196.0000     -733029.837643
3200.0000     -734644.476155
3204.0000     -733674.886815
3208.0000     -733371.238592
3212.0000     -733868.513362
3216.0000     -733525.118904
3220.0000     -733095.173917
3224.0000     -733210.768971
3228.0000     -734224.740448
3232.0000     -733827.533993
3236.0000     -733867.074075
3240.0000     -733925.345482
3244.0000     -734144.498280
3248.0000     -734082.365659
3252.0000     -733937.743983
3256.0000     -733707.997198
3260.0000     -734098.661796
3264.0000     -733327.949348
3268.0000     -733019.694868
3272.0000     -734098.403119
3276.0000     -733464.988985
3280.0000     -734228.217664
3284.0000     -733263.735862
3288.0000     -733877.532025
3292.0000     -733846.975360
3296.0000     -734374.441012
3300.0000     -733964.419334
3304.0000     -733937.924469
3308.0000     -735099.966223
3312.0000     -733705.544212
3316.0000     -733802.135698
3320.0000     -733143.095319
3324.0000     -734112.464399
3328.0000     -733869.896387
3332.0000     -732696.953343
3336.0000     -734008.269180
3340.0000     -733362.101823
3344.0000     -734031.234369
3348.0000     -733368.055779
3352.0000     -734509.139673
3356.0000     -733692.572821
3360.0000     -734497.372336
3364.0000     -733942.122771
3368.0000     -733836.555854
3372.0000     -734059.867858
3376.0000     -733142.423379
3380.0000     -732171.864694
3384.0000     -733380.350128
3388.0000     -733669.777175
3392.0000     -734423.293015
3396.0000     -734497.154511
3400.0000     -734073.626551
3404.0000     -733107.690489
3408.0000     -733784.005746
3412.0000     -733982.947669
3416.0000     -734233.439218
3420.0000     -734034.985199
3424.0000     -734018.358431
3428.0000     -734352.241784
3432.0000     -734158.184073
3436.0000     -733746.992742
3440.0000     -734481.057618
3444.0000     -733797.340525
3448.0000     -734054.944185
3452.0000     -733756.997067
3456.0000     -733423.197237
3460.0000     -734113.087517
3464.0000     -733900.324253
3468.0000     -734760.361029
3472.0000     -734020.436343
3476.0000     -734216.161296
3480.0000     -733757.054797
3484.0000     -734132.708292
3488.0000     -733729.067995
3492.0000     -734118.138672
3496.0000     -733488.546550
3500.0000     -733570.772324
3504.0000     -734274.533573
3508.0000     -734580.566170
3512.0000     -733323.289712
3516.0000     -733659.499540
3520.0000     -733118.545920
3524.0000     -733160.800353
3528.0000     -733854.111134
3532.0000     -733205.766930
3536.0000     -734603.531665
3540.0000     -734634.596287
3544.0000     -733356.676453
3548.0000     -733826.924887
3552.0000     -733800.640845
3556.0000     -734349.536339
3560.0000     -733967.725366
3564.0000     -734472.029778
3568.0000     -734144.155922
3572.0000     -733248.264370
3576.0000     -733059.077507
3580.0000     -733519.032924
3584.0000     -733718.257362
3588.0000     -733514.992105
3592.0000     -733896.152948
3596.0000     -733478.630219
3600.0000     -734481.145243
3604.0000     -733801.071569
3608.0000     -734068.861966
3612.0000     -733995.029040
3616.0000     -734726.176969
3620.0000     -734793.377467
3624.0000     -734107.545985
3628.0000     -734396.742021
3632.0000     -734394.799469
3636.0000     -734352.527005
3640.0000     -733964.661500
3644.0000     -733896.096908
3648.0000     -733544.586216
3652.0000     -733351.376465
3656.0000     -733819.813879
3660.0000     -733671.316684
3664.0000     -733632.516653
3668.0000     -733982.248678
3672.0000     -733976.322233
3676.0000     -734375.226180
3680.0000     -734094.143484
3684.0000     -733025.063257
3688.0000     -733883.196792
3692.0000     -733760.948020
3696.0000     -733755.308512
3700.0000     -733418.139047
3704.0000     -733123.671137
3708.0000     -734459.148514
3712.0000     -734020.667740
3716.0000     -734826.777565
3720.0000     -733949.834912
3724.0000     -734735.565926
3728.0000     -733618.442799
3732.0000     -733677.745662
3736.0000     -733327.156375
3740.0000     -733883.753020
3744.0000     -733421.989218
3748.0000     -733634.643804
3752.0000     -733741.978627
3756.0000     -733045.768744
3760.0000     -733509.688554
3764.0000     -733211.734783
3768.0000     -733090.010389
3772.0000     -733219.531106
3776.0000     -733288.255361
3780.0000     -733599.073218
3784.0000     -733691.601399
3788.0000     -734222.978303
3792.0000     -733699.499375
3796.0000     -733148.758450
3800.0000     -734029.050150
3804.0000     -733817.282746
3808.0000     -733287.626119
3812.0000     -732483.308423
3816.0000     -734120.828513
3820.0000     -733000.157450
3824.0000     -732777.510026
3828.0000     -733224.831095
3832.0000     -733432.036670
3836.0000     -733709.408615
3840.0000     -733158.355767
3844.0000     -734380.288930
3848.0000     -734231.477461
3852.0000     -732829.989843
3856.0000     -732803.497858
3860.0000     -732626.815605
3864.0000     -733846.329131
3868.0000     -734245.719436
3872.0000     -733478.733655
3876.0000     -733165.755794
3880.0000     -733534.000617
3884.0000     -733642.700140
3888.0000     -732909.867617
3892.0000     -733375.669442
3896.0000     -733603.946896
3900.0000     -733370.092184
3904.0000     -734052.406763
3908.0000     -733477.078291
3912.0000     -734583.399343
3916.0000     -733838.588886
3920.0000     -734091.603938
3924.0000     -733795.538988
3928.0000     -734212.134622
3932.0000     -734284.048145
3936.0000     -733070.351969
3940.0000     -733067.552888
3944.0000     -734449.531357
3948.0000     -734689.339897
3952.0000     -734786.696025
3956.0000     -734212.879775
3960.0000     -734061.760457
3964.0000     -734389.302028
3968.0000     -733665.596413
3972.0000     -734420.216979
3976.0000     -734952.402758
3980.0000     -733775.606914
3984.0000     -733952.802969
3988.0000     -734890.228403
3992.0000     -732871.131261
3996.0000     -734463.491178
4000.0000     -733174.572932
4004.0000     -733174.572932
