4.0000      -31019.803550
8.0000      -31031.530114
12.0000      -30835.758324
16.0000      -30871.427830
20.0000      -30859.264070
24.0000      -31001.416542
28.0000      -30980.089341
32.0000      -30791.654204
36.0000      -30966.902706
40.0000      -30982.407058
44.0000      -31115.016158
48.0000      -30871.377932
52.0000      -30810.383893
56.0000      -30851.338934
60.0000      -30694.016488
64.0000      -31054.980533
68.0000      -30931.087801
72.0000      -30943.947762
76.0000      -30905.266999
80.0000      -30847.575125
84.0000      -30917.575190
88.0000      -30881.163117
92.0000      -30869.998459
96.0000      -31021.456407
100.0000      -30917.339155
104.0000      -30947.664265
108.0000      -30979.701249
112.0000      -30856.151809
116.0000      -30948.763771
120.0000      -30934.976182
124.0000      -30935.770451
128.0000      -30969.713225
132.0000      -30829.546537
136.0000      -30842.861452
140.0000      -30902.672934
144.0000      -30936.074187
148.0000      -30798.788120
152.0000      -30883.366829
156.0000      -31062.965604
160.0000      -30872.698178
164.0000      -31008.908135
168.0000      -30990.552317
172.0000      -30914.977358
176.0000      -30929.176036
180.0000      -30822.527047
184.0000      -30839.697329
188.0000      -30969.571662
192.0000      -30864.898356
196.0000      -30823.193648
200.0000      -30987.167332
204.0000      -30731.525290
208.0000      -30741.569026
212.0000      -30744.806582
216.0000      -30875.534344
220.0000      -30889.193313
224.0000      -30976.801908
228.0000      -30928.623859
232.0000      -30834.004264
236.0000      -30905.417956
240.0000      -31043.568631
244.0000      -30882.359238
248.0000      -30985.244620
252.0000      -30924.994587
256.0000      -30923.929762
260.0000      -30997.512230
264.0000      -30936.367192
268.0000      -30831.606024
272.0000      -30920.129127
276.0000      -30962.197138
280.0000      -30848.445810
284.0000      -30663.804474
288.0000      -30953.210160
292.0000      -30920.888165
296.0000      -30800.170295
300.0000      -30793.242453
304.0000      -30884.245185
308.0000      -30756.942149
312.0000      -30734.442830
316.0000      -30962.944435
320.0000      -30747.746436
324.0000      -31013.327038
328.0000      -30882.089209
332.0000      -30957.936460
336.0000      -30971.944145
340.0000      -30964.365078
344.0000      -30950.957970
348.0000      -30957.255196
352.0000      -30832.133509
356.0000      -30676.827191
360.0000      -31020.639918
364.0000      -30931.696555
368.0000      -30683.968612
372.0000      -30750.686313
376.0000      -30824.506604
380.0000      -30965.629394
384.0000      -30892.577328
388.0000      -30770.169323
392.0000      -30773.848426
396.0000      -30822.447090
400.0000      -30720.595941
404.0000      -30948.935050
408.0000      -30975.363449
412.0000      -30847.026112
416.0000      -30934.698214
420.0000      -30902.319361
424.0000      -30839.873373
428.0000      -30914.522519
432.0000      -30967.694703
436.0000      -30900.824033
440.0000      -30985.303371
444.0000      -30886.277144
448.0000      -31014.541992
452.0000      -30960.190796
456.0000      -30874.511141
460.0000      -30850.724219
464.0000      -30941.649491
468.0000      -30864.032704
472.0000      -30881.114160
476.0000      -30908.371549
480.0000      -31125.675247
484.0000      -30890.814926
488.0000      -30974.920153
492.0000      -31012.692207
496.0000      -30904.906141
500.0000      -30802.776230
504.0000      -30911.170717
508.0000      -30848.186670
512.0000      -30690.899648
516.0000      -30811.035829
520.0000      -30816.822776
524.0000      -31007.997879
528.0000      -30947.595734
532.0000      -30864.838096
536.0000      -30991.048391
540.0000      -30893.263695
544.0000      -30757.751898
548.0000      -30862.897054
552.0000      -30950.812013
556.0000      -30872.649053
560.0000      -30817.345197
564.0000      -30736.401816
568.0000      -30837.148052
572.0000      -30958.837663
576.0000      -30995.599988
580.0000      -30968.587394
584.0000      -31129.737488
588.0000      -30833.995692
592.0000      -30954.416792
596.0000      -30890.063016
600.0000      -30977.147305
604.0000      -30815.901920
608.0000      -30786.423602
612.0000      -31072.889232
616.0000      -30989.211648
620.0000      -31032.218378
624.0000      -30943.818467
628.0000      -30913.633705
632.0000      -30971.946931
636.0000      -30974.284273
640.0000      -30703.649841
644.0000      -31129.266368
648.0000      -31005.015947
652.0000      -30892.723121
656.0000      -30948.380503
660.0000      -30897.580919
664.0000      -30844.402808
668.0000      -30858.834766
672.0000      -30959.956040
676.0000      -31042.074877
680.0000      -30939.159462
684.0000      -30916.089667
688.0000      -30965.584438
692.0000      -30728.321198
696.0000      -30969.109828
700.0000      -30942.519329
704.0000      -30761.946787
708.0000      -31006.287299
712.0000      -30797.658767
716.0000      -31053.019016
720.0000      -30928.157171
724.0000      -30836.119369
728.0000      -30915.502535
732.0000      -30807.750449
736.0000      -30746.969209
740.0000      -30808.633092
744.0000      -30914.958634
748.0000      -30828.640166
752.0000      -30897.726473
756.0000      -30973.478233
760.0000      -30870.100729
764.0000      -30911.155380
768.0000      -30933.782103
772.0000      -30983.990415
776.0000      -31070.268110
780.0000      -31061.332812
784.0000      -30951.411682
788.0000      -30835.027000
792.0000      -30773.335165
796.0000      -30842.371602
800.0000      -30771.490709
804.0000      -30598.024101
808.0000      -30922.388656
812.0000      -30945.960927
816.0000      -30768.966011
820.0000      -30597.050990
824.0000      -30919.594987
828.0000      -31023.557892
832.0000      -30899.032318
836.0000      -30856.001937
840.0000      -30874.230036
844.0000      -30908.913175
848.0000      -30729.677938
852.0000      -30869.998008
856.0000      -30922.302678
860.0000      -30876.304279
864.0000      -30973.816235
868.0000      -30914.392425
872.0000      -30877.174890
876.0000      -30893.971758
880.0000      -30853.125774
884.0000      -30923.915588
888.0000      -30999.599923
892.0000      -30913.769358
896.0000      -30842.311682
900.0000      -30849.385832
904.0000      -30820.154891
908.0000      -30791.557904
912.0000      -30926.881126
916.0000      -30954.558721
920.0000      -30815.509624
924.0000      -30870.355043
928.0000      -30777.120419
932.0000      -30904.780578
936.0000      -31014.103103
940.0000      -31055.651988
944.0000      -30899.613635
948.0000      -30756.508541
952.0000      -30862.310377
956.0000      -30858.313052
960.0000      -30852.126494
964.0000      -30716.275467
968.0000      -30890.360501
972.0000      -30936.652152
976.0000      -30993.580306
980.0000      -30878.877631
984.0000      -30965.680076
988.0000      -31010.893861
992.0000      -30880.257956
996.0000      -30900.781534
1000.0000      -30969.943323
1004.0000      -30831.814306
1008.0000      -30840.949222
1012.0000      -30806.591871
1016.0000      -30866.568268
1020.0000      -30690.174817
1024.0000      -30892.967451
1028.0000      -30994.896667
1032.0000      -30899.787618
1036.0000      -30836.982140
1040.0000      -31075.525599
1044.0000      -31075.342018
1048.0000      -30953.863609
1052.0000      -30814.557956
1056.0000      -30813.918171
1060.0000      -30685.989871
1064.0000      -30836.444704
1068.0000      -30774.130988
1072.0000      -30871.248480
1076.0000      -30927.642656
1080.0000      -30850.885306
1084.0000      -30830.257752
1088.0000      -30896.851308
1092.0000      -30892.041948
1096.0000      -30787.655293
1100.0000      -30841.358383
1104.0000      -31117.191814
1108.0000      -31041.967080
1112.0000      -30879.905790
1116.0000      -30893.393138
1120.0000      -30944.278424
1124.0000      -30851.896475
1128.0000      -30899.146643
1132.0000      -30856.088161
1136.0000      -30874.228630
1140.0000      -30840.420408
1144.0000      -30868.530919
1148.0000      -30913.122164
1152.0000      -30819.596369
1156.0000      -30861.251704
1160.0000      -30806.161959
1164.0000      -30682.049282
1168.0000      -30808.166479
1172.0000      -30996.625929
1176.0000      -30874.686903
1180.0000      -30979.447418
1184.0000      -30840.105803
1188.0000      -30857.650166
1192.0000      -30776.204288
1196.0000      -30908.638982
1200.0000      -30816.203549
1204.0000      -31010.083179
1208.0000      -31024.441805
1212.0000      -31015.879277
1216.0000      -30859.831995
1220.0000      -30964.801751
1224.0000      -30882.484816
1228.0000      -30974.512657
1232.0000      -30843.423661
1236.0000      -30753.714343
1240.0000      -31031.843107
1244.0000      -30904.077208
1248.0000      -30682.568840
1252.0000      -30912.376487
1256.0000      -30911.431135
1260.0000      -30987.086574
1264.0000      -30841.718257
1268.0000      -30902.251662
1272.0000      -30979.645529
1276.0000      -30789.789382
1280.0000      -30889.175805
1284.0000      -30876.390687
1288.0000      -30796.331944
1292.0000      -30899.906767
1296.0000      -30840.112855
1300.0000      -31009.248899
1304.0000      -30747.493778
1308.0000      -30874.323492
1312.0000      -30979.981707
1316.0000      -30860.139713
1320.0000      -30802.275230
1324.0000      -30848.293252
1328.0000      -30853.764123
1332.0000      -30608.688706
1336.0000      -31038.134247
1340.0000      -30901.435029
1344.0000      -30780.905981
1348.0000      -30917.363927
1352.0000      -30872.543870
1356.0000      -30891.535321
1360.0000      -30866.577030
1364.0000      -30977.516053
1368.0000      -30958.526612
1372.0000      -30968.715613
1376.0000      -30857.994002
1380.0000      -30770.754187
1384.0000      -30936.681440
1388.0000      -30845.344724
1392.0000      -30905.538906
1396.0000      -30882.945432
1400.0000      -30963.638992
1404.0000      -30836.372169
1408.0000      -30849.311089
1412.0000      -30891.179792
1416.0000      -30948.046892
1420.0000      -30968.582201
1424.0000      -30861.724301
1428.0000      -30791.057573
1432.0000      -30961.844081
1436.0000      -31167.209699
1440.0000      -31036.029965
1444.0000      -30964.953401
1448.0000      -30885.375536
1452.0000      -30893.662024
1456.0000      -30784.991416
1460.0000      -30817.995455
1464.0000      -30865.826677
1468.0000      -30834.241544
1472.0000      -31033.311152
1476.0000      -30819.057970
1480.0000      -30848.961778
1484.0000      -30897.267895
1488.0000      -30907.157406
1492.0000      -30898.488823
1496.0000      -31023.184114
1500.0000      -30880.452610
1504.0000      -30728.028949
1508.0000      -31012.337337
1512.0000      -30950.952041
1516.0000      -30900.556090
1520.0000      -30909.725041
1524.0000      -30734.652167
1528.0000      -31029.600302
1532.0000      -30881.947622
1536.0000      -30930.381785
1540.0000      -30919.825771
1544.0000      -31047.620436
1548.0000      -31100.101614
1552.0000      -30918.494860
1556.0000      -30845.602324
1560.0000      -30775.706376
1564.0000      -30763.111302
1568.0000      -30900.662946
1572.0000      -30890.108871
1576.0000      -30939.516091
1580.0000      -30815.024011
1584.0000      -30899.884200
1588.0000      -30898.475720
1592.0000      -30904.648760
1596.0000      -30948.925678
1600.0000      -30978.909661
1604.0000      -30771.819398
1608.0000      -31096.363458
1612.0000      -30985.069948
1616.0000      -31043.564490
1620.0000      -30847.172207
1624.0000      -30839.982474
1628.0000      -30665.419640
1632.0000      -30916.422813
1636.0000      -30833.621344
1640.0000      -30857.942903
1644.0000      -30956.441893
1648.0000      -30855.171865
1652.0000      -30932.310542
1656.0000      -30804.675532
1660.0000      -30987.655301
1664.0000      -30662.441836
1668.0000      -30826.833368
1672.0000      -30840.704087
1676.0000      -30809.502717
1680.0000      -31091.024790
1684.0000      -30736.241930
1688.0000      -30820.220047
1692.0000      -31040.782325
1696.0000      -30820.673273
1700.0000      -30995.539081
1704.0000      -30900.525739
1708.0000      -30949.381294
1712.0000      -30905.305383
1716.0000      -30925.919773
1720.0000      -30834.142086
1724.0000      -30788.397553
1728.0000      -30794.732140
1732.0000      -30812.639908
1736.0000      -31049.924084
1740.0000      -31001.901106
1744.0000      -30982.438916
1748.0000      -31058.376962
1752.0000      -30878.919787
1756.0000      -30856.939274
1760.0000      -30899.677026
1764.0000      -31007.141438
1768.0000      -30955.390557
1772.0000      -30823.149512
1776.0000      -30771.710382
1780.0000      -30998.847198
1784.0000      -31050.660058
1788.0000      -30735.321481
1792.0000      -30843.336376
1796.0000      -30844.127760
1800.0000      -30943.813847
1804.0000      -31077.697898
1808.0000      -30969.169566
1812.0000      -30908.602775
1816.0000      -30910.326920
1820.0000      -30815.469659
1824.0000      -30887.536005
1828.0000      -30920.254237
1832.0000      -30807.146503
1836.0000      -30869.182392
1840.0000      -30886.335343
1844.0000      -30860.928102
1848.0000      -30907.451921
1852.0000      -30900.990399
1856.0000      -30872.707709
1860.0000      -30912.100860
1864.0000      -30971.008108
1868.0000      -30989.112227
1872.0000      -31009.036740
1876.0000      -31014.880002
1880.0000      -30940.814362
1884.0000      -30949.102014
1888.0000      -30737.928631
1892.0000      -30850.692562
1896.0000      -30832.268793
1900.0000      -30703.110054
1904.0000      -30764.989876
1908.0000      -30832.446983
1912.0000      -30975.673852
1916.0000      -30938.028660
1920.0000      -31002.616404
1924.0000      -30899.336069
1928.0000      -30786.738312
1932.0000      -30875.351192
1936.0000      -30960.010699
1940.0000      -31028.264462
1944.0000      -30990.676214
1948.0000      -30794.758294
1952.0000      -30980.176609
1956.0000      -30750.678398
1960.0000      -30925.192787
1964.0000      -30696.461877
1968.0000      -30880.734040
1972.0000      -30736.964492
1976.0000      -30936.139380
1980.0000      -30919.231426
1984.0000      -30752.838321
1988.0000      -30962.092176
1992.0000      -30959.134247
1996.0000      -30785.035321
2000.0000      -30899.325824
2004.0000      -31055.683398
2008.0000      -30926.221044
2012.0000      -30804.101697
2016.0000      -30910.440848
2020.0000      -30909.782552
2024.0000      -30803.428040
2028.0000      -30773.174454
2032.0000      -30811.009537
2036.0000      -30932.492468
2040.0000      -30807.242091
2044.0000      -30702.719622
2048.0000      -30777.778382
2052.0000      -30891.777612
2056.0000      -30844.830964
2060.0000      -30960.106846
2064.0000      -30745.229177
2068.0000      -30937.882738
2072.0000      -30816.516565
2076.0000      -30960.767903
2080.0000      -30919.077002
2084.0000      -30879.741897
2088.0000      -31009.226113
2092.0000      -30796.398324
2096.0000      -30985.265889
2100.0000      -30879.822751
2104.0000      -30796.275189
2108.0000      -30919.492313
2112.0000      -31105.070463
2116.0000      -31080.505844
2120.0000      -30940.078615
2124.0000      -30834.339147
2128.0000      -30978.878045
2132.0000      -30855.932232
2136.0000      -30806.460554
2140.0000      -30845.444578
2144.0000      -30871.658438
2148.0000      -30908.033799
2152.0000      -30784.735602
2156.0000      -31023.972746
2160.0000      -31084.268623
2164.0000      -31094.668734
2168.0000      -30907.233576
2172.0000      -30966.707398
2176.0000      -30988.438023
2180.0000      -30881.010593
2184.0000      -30822.410808
2188.0000      -30899.324862
2192.0000      -30919.836637
2196.0000      -30870.427730
2200.0000      -30884.849992
2204.0000      -30954.626490
2208.0000      -30828.324640
2212.0000      -30840.700331
2216.0000      -30962.611267
2220.0000      -30913.067195
2224.0000      -30859.255967
2228.0000      -31026.096559
2232.0000      -30873.969353
2236.0000      -30853.654522
2240.0000      -31041.851588
2244.0000      -30980.461654
2248.0000      -30875.234045
2252.0000      -30860.441830
2256.0000      -30928.950036
2260.0000      -30766.650625
2264.0000      -30951.328155
2268.0000      -30803.087049
2272.0000      -30927.865681
2276.0000      -30888.837784
2280.0000      -30903.544443
2284.0000      -30825.324507
2288.0000      -30958.699519
2292.0000      -30945.806420
2296.0000      -30739.160226
2300.0000      -30886.857318
2304.0000      -30997.377659
2308.0000      -30791.656329
2312.0000      -30885.388884
2316.0000      -30582.480857
2320.0000      -30825.205817
2324.0000      -30889.898715
2328.0000      -30840.576908
2332.0000      -31045.634734
2336.0000      -30833.979792
2340.0000      -30849.214524
2344.0000      -30893.863150
2348.0000      -30795.048148
2352.0000      -30889.155628
2356.0000      -31064.578487
2360.0000      -30995.832285
2364.0000      -30858.579955
2368.0000      -30822.085950
2372.0000      -30958.046519
2376.0000      -31090.739272
2380.0000      -30785.199742
2384.0000      -30616.146068
2388.0000      -30724.872389
2392.0000      -30856.941940
2396.0000      -30899.822310
2400.0000      -30941.668671
2404.0000      -30870.110187
2408.0000      -30871.720253
2412.0000      -30897.389448
2416.0000      -30902.009902
2420.0000      -30855.036271
2424.0000      -30799.864259
2428.0000      -30881.128317
2432.0000      -30766.124290
2436.0000      -30712.090185
2440.0000      -30862.951212
2444.0000      -31008.163457
2448.0000      -31041.019664
2452.0000      -30681.177636
2456.0000      -30957.135868
2460.0000      -30946.674242
2464.0000      -30711.097953
2468.0000      -30796.911574
2472.0000      -30752.631995
2476.0000      -30890.811369
2480.0000      -30795.725735
2484.0000      -30890.103719
2488.0000      -30895.186451
2492.0000      -31084.496845
2496.0000      -30885.168259
2500.0000      -31000.171338
2504.0000      -30864.237255
2508.0000      -30902.314481
2512.0000      -30895.570491
2516.0000      -30921.670123
2520.0000      -30948.634804
2524.0000      -30855.494418
2528.0000      -30872.850280
2532.0000      -30927.465816
2536.0000      -30724.084768
2540.0000      -30918.328582
2544.0000      -30868.604424
2548.0000      -30919.997897
2552.0000      -30792.767524
2556.0000      -30835.818909
2560.0000      -30970.274360
2564.0000      -30858.943979
2568.0000      -30866.263494
2572.0000      -30905.368946
2576.0000      -30780.622124
2580.0000      -30737.202420
2584.0000      -30708.109861
2588.0000      -30932.131521
2592.0000      -30960.502530
2596.0000      -31102.177759
2600.0000      -30932.325526
2604.0000      -30780.227359
2608.0000      -30789.354496
2612.0000      -30931.898117
2616.0000      -30885.942421
2620.0000      -30899.935645
2624.0000      -30803.077205
2628.0000      -30918.735885
2632.0000      -30828.991811
2636.0000      -30959.050604
2640.0000      -30891.606337
2644.0000      -30876.517964
2648.0000      -30848.444590
2652.0000      -30795.412605
2656.0000      -30854.909195
2660.0000      -30848.311020
2664.0000      -30892.538317
2668.0000      -31032.731233
2672.0000      -30899.307888
2676.0000      -30735.170766
2680.0000      -30938.217723
2684.0000      -31005.182255
2688.0000      -30728.637315
2692.0000      -30803.678339
2696.0000      -30672.596368
2700.0000      -30752.181383
2704.0000      -30840.517543
2708.0000      -30848.394032
2712.0000      -30798.646353
2716.0000      -30914.621725
2720.0000      -30883.772259
2724.0000      -30903.395445
2728.0000      -30989.543600
2732.0000      -30885.822192
2736.0000      -30711.620344
2740.0000      -30987.756879
2744.0000      -30889.375425
2748.0000      -30923.604406
2752.0000      -30869.493459
2756.0000      -30996.559706
2760.0000      -30840.046556
2764.0000      -30800.936756
2768.0000      -30759.958762
2772.0000      -30748.338645
2776.0000      -30841.298111
2780.0000      -30846.701189
2784.0000      -30848.180697
2788.0000      -30751.778491
2792.0000      -30981.767423
2796.0000      -30935.367963
2800.0000      -30988.600519
2804.0000      -30875.556064
2808.0000      -30762.235143
2812.0000      -30835.923109
2816.0000      -30952.346167
2820.0000      -31101.214231
2824.0000      -30758.470577
2828.0000      -30920.274353
2832.0000      -30811.058216
2836.0000      -30882.124619
2840.0000      -30778.296790
2844.0000      -31089.573386
2848.0000      -30982.016966
2852.0000      -31064.087110
2856.0000      -30822.997797
2860.0000      -30828.320223
2864.0000      -30910.854402
2868.0000      -30878.628910
2872.0000      -30820.704302
2876.0000      -30930.535587
2880.0000      -30825.203696
2884.0000      -31017.897556
2888.0000      -30917.102468
2892.0000      -30999.074594
2896.0000      -30891.653876
2900.0000      -30962.829828
2904.0000      -30801.765859
2908.0000      -30807.987932
2912.0000      -31090.887424
2916.0000      -30812.686462
2920.0000      -30806.023459
2924.0000      -30907.647007
2928.0000      -30866.969203
2932.0000      -30909.513361
2936.0000      -30842.903115
2940.0000      -30965.664671
2944.0000      -30845.358704
2948.0000      -30995.685599
2952.0000      -30874.599676
2956.0000      -30807.026206
2960.0000      -30802.790177
2964.0000      -30699.189553
2968.0000      -30770.167885
2972.0000      -30856.512198
2976.0000      -30996.943953
2980.0000      -30820.524151
2984.0000      -30752.976526
2988.0000      -30832.958229
2992.0000      -30935.369640
2996.0000      -30898.100265
3000.0000      -30911.994090
3004.0000      -30944.748087
3008.0000      -30821.209058
3012.0000      -30757.728485
3016.0000      -30853.469310
3020.0000      -30905.397744
3024.0000      -30920.970997
3028.0000      -30906.775849
3032.0000      -30980.797708
3036.0000      -30859.799855
3040.0000      -30917.647226
3044.0000      -30997.432675
3048.0000      -30813.730849
3052.0000      -31098.287852
3056.0000      -30841.681709
3060.0000      -30931.749017
3064.0000      -30869.263753
3068.0000      -30873.242304
3072.0000      -30879.424729
3076.0000      -30802.090900
3080.0000      -30928.146353
3084.0000      -30869.795637
3088.0000      -30932.239744
3092.0000      -30824.595850
3096.0000      -30914.948884
3100.0000      -31014.342949
3104.0000      -30836.569030
3108.0000      -30878.946344
3112.0000      -30740.337255
3116.0000      -30797.719352
3120.0000      -30851.641999
3124.0000      -30771.577074
3128.0000      -30805.043000
3132.0000      -30814.071892
3136.0000      -30857.682871
3140.0000      -30903.234479
3144.0000      -30952.219439
3148.0000      -30769.062403
3152.0000      -30964.583041
3156.0000      -30890.958272
3160.0000      -30934.106708
3164.0000      -30893.902706
3168.0000      -30974.117182
3172.0000      -30899.090699
3176.0000      -30909.884163
3180.0000      -30840.333005
3184.0000      -30749.921160
3188.0000      -30739.400505
3192.0000      -31002.034633
3196.0000      -30875.129380
3200.0000      -30857.576431
3204.0000      -31020.862143
3208.0000      -30843.246162
3212.0000      -30867.748674
3216.0000      -30687.942314
3220.0000      -31031.555654
3224.0000      -30893.966013
3228.0000      -30822.695693
3232.0000      -30870.517423
3236.0000      -30881.180037
3240.0000      -30830.649083
3244.0000      -31023.514226
3248.0000      -30765.115457
3252.0000      -30801.806315
3256.0000      -30907.073972
3260.0000      -30858.921181
3264.0000      -30855.170047
3268.0000      -30704.518813
3272.0000      -31093.441476
3276.0000      -31091.252739
3280.0000      -30932.957052
3284.0000      -30947.386725
3288.0000      -30767.684914
3292.0000      -30852.131683
3296.0000      -30777.998499
3300.0000      -30868.931036
3304.0000      -30982.831600
3308.0000      -30883.407604
3312.0000      -30829.220832
3316.0000      -30981.723906
3320.0000      -30944.596823
3324.0000      -30834.376459
3328.0000      -31043.633525
3332.0000      -30942.841800
3336.0000      -30995.259477
3340.0000      -30918.060471
3344.0000      -30879.670734
3348.0000      -30947.030320
3352.0000      -31012.999555
3356.0000      -30871.335546
3360.0000      -30965.202313
3364.0000      -30949.001640
3368.0000      -30848.673005
3372.0000      -30806.827406
3376.0000      -30971.312765
3380.0000      -30995.147496
3384.0000      -30940.486039
3388.0000      -30954.465715
3392.0000      -30921.467484
3396.0000      -30977.716994
3400.0000      -30760.655011
3404.0000      -30944.865268
3408.0000      -30703.654071
3412.0000      -30859.832878
3416.0000      -30875.506865
3420.0000      -30978.638839
3424.0000      -30901.666173
3428.0000      -30835.184682
3432.0000      -30766.024468
3436.0000      -30846.913675
3440.0000      -30849.805558
3444.0000      -30912.465931
3448.0000      -30761.292397
3452.0000      -30863.319661
3456.0000      -30808.590581
3460.0000      -31036.980848
3464.0000      -30903.157165
3468.0000      -30865.307143
3472.0000      -30952.586078
3476.0000      -31003.314479
3480.0000      -30780.617646
3484.0000      -30784.381401
3488.0000      -30839.713444
3492.0000      -30799.121335
3496.0000      -30836.616288
3500.0000      -30808.850001
3504.0000      -30832.844235
3508.0000      -30750.804488
3512.0000      -31003.750767
3516.0000      -30776.865261
3520.0000      -30894.626109
3524.0000      -30903.804989
3528.0000      -30901.712461
3532.0000      -30792.680503
3536.0000      -31045.239567
3540.0000      -30866.291352
3544.0000      -31011.813943
3548.0000      -30876.121438
3552.0000      -30856.412829
3556.0000      -30801.799392
3560.0000      -30878.229751
3564.0000      -30871.202312
3568.0000      -31155.500180
3572.0000      -30973.749465
3576.0000      -30821.992714
3580.0000      -30899.885906
3584.0000      -30814.923100
3588.0000      -30800.898910
3592.0000      -30707.412711
3596.0000      -30910.615155
3600.0000      -30780.483073
3604.0000      -30818.379853
3608.0000      -31027.333961
3612.0000      -30863.623770
3616.0000      -30811.160444
3620.0000      -30839.222046
3624.0000      -30831.919091
3628.0000      -30774.291824
3632.0000      -30913.686850
3636.0000      -31002.860055
3640.0000      -30818.067326
3644.0000      -30853.140121
3648.0000      -30801.617513
3652.0000      -31000.352844
3656.0000      -30918.389970
3660.0000      -30966.391545
3664.0000      -31095.068840
3668.0000      -30793.883971
3672.0000      -30601.859862
3676.0000      -30939.596251
3680.0000      -30820.399000
3684.0000      -30925.247300
3688.0000      -30770.395858
3692.0000      -30783.603533
3696.0000      -30777.816142
3700.0000      -30899.335372
3704.0000      -31096.146030
3708.0000      -30762.603179
3712.0000      -30962.654006
3716.0000      -31115.036177
3720.0000      -30876.041830
3724.0000      -30894.400470
3728.0000      -30822.541061
3732.0000      -30833.416968
3736.0000      -30833.813047
3740.0000      -30849.069164
3744.0000      -31076.089688
3748.0000      -30733.098734
3752.0000      -31082.971030
3756.0000      -31038.211647
3760.0000      -30991.861599
3764.0000      -30925.628085
3768.0000      -30987.327640
3772.0000      -30993.563543
3776.0000      -30884.386737
3780.0000      -30989.373242
3784.0000      -30985.067581
3788.0000      -30847.967977
3792.0000      -30829.819187
3796.0000      -30760.014074
3800.0000      -30871.369046
3804.0000      -30714.546815
3808.0000      -30931.432349
3812.0000      -30804.159134
3816.0000      -30930.578269
3820.0000      -30972.751522
3824.0000      -30775.964418
3828.0000      -30834.178123
3832.0000      -30992.224931
3836.0000      -30965.200386
3840.0000      -31003.536704
3844.0000      -30966.044779
3848.0000      -30918.859100
3852.0000      -31209.611960
3856.0000      -30996.375944
3860.0000      -30869.540357
3864.0000      -30943.717245
3868.0000      -30903.964167
3872.0000      -30874.737163
3876.0000      -30820.287166
3880.0000      -30824.925134
3884.0000      -30873.884038
3888.0000      -30915.005998
3892.0000      -31070.952237
3896.0000      -30940.819973
3900.0000      -30727.217743
3904.0000      -30924.141881
3908.0000      -30994.220299
3912.0000      -30974.286780
3916.0000      -30835.770242
3920.0000      -30750.789558
3924.0000      -30832.503613
3928.0000      -30734.632305
3932.0000      -30864.123207
3936.0000      -30779.116207
3940.0000      -30751.311931
3944.0000      -30912.167605
3948.0000      -30868.983310
3952.0000      -30769.344506
3956.0000      -30816.271839
3960.0000      -30769.838138
3964.0000      -30695.300567
3968.0000      -30817.443231
3972.0000      -30941.341032
3976.0000      -30924.797701
3980.0000      -30944.224482
3984.0000      -31038.780633
3988.0000      -30860.689262
3992.0000      -30923.231642
3996.0000      -31048.447750
4000.0000      -30880.203122
4004.0000      -30880.203122
