4.0000      -31036.082463
8.0000      -31048.135526
12.0000      -30831.900420
16.0000      -30497.255834
20.0000      -30866.304837
24.0000      -30989.301846
28.0000      -30999.958801
32.0000      -30802.941148
36.0000      -30986.489136
40.0000      -31003.412981
44.0000      -31135.479544
48.0000      -30877.226083
52.0000      -30809.756931
56.0000      -30873.135907
60.0000      -30704.498333
64.0000      -31068.050658
68.0000      -30934.283985
72.0000      -30963.931723
76.0000      -30919.938708
80.0000      -30865.464674
84.0000      -30925.063889
88.0000      -30893.892814
92.0000      -30868.747187
96.0000      -30928.683891
100.0000      -30933.769662
104.0000      -30967.757243
108.0000      -30964.422113
112.0000      -30861.414262
116.0000      -30964.483168
120.0000      -30955.092388
124.0000      -30942.645103
128.0000      -30992.875984
132.0000      -30847.161079
136.0000      -30859.691802
140.0000      -30924.151574
144.0000      -30937.727964
148.0000      -30815.200598
152.0000      -30898.348163
156.0000      -31069.710710
160.0000      -30883.458837
164.0000      -31021.751593
168.0000      -31006.591939
172.0000      -30924.705567
176.0000      -30947.686246
180.0000      -30842.290132
184.0000      -30859.338813
188.0000      -30979.407122
192.0000      -30860.071701
196.0000      -30840.784729
200.0000      -31000.402399
204.0000      -30751.702280
208.0000      -30746.839487
212.0000      -30745.181773
216.0000      -30896.056261
220.0000      -30908.727289
224.0000      -30967.600163
228.0000      -30914.595181
232.0000      -30844.116624
236.0000      -30923.990018
240.0000      -31053.160200
244.0000      -30900.927110
248.0000      -31001.589000
252.0000      -30755.037501
256.0000      -30926.804776
260.0000      -30988.682458
264.0000      -30953.924437
268.0000      -30845.694568
272.0000      -30924.922005
276.0000      -30983.960392
280.0000      -30868.005825
284.0000      -30649.829153
288.0000      -30939.161776
292.0000      -30929.106978
296.0000      -30814.639891
300.0000      -30806.267606
304.0000      -30900.352920
308.0000      -30774.062779
312.0000      -30758.675660
316.0000      -30979.497404
320.0000      -30766.599281
324.0000      -31028.832535
328.0000      -30901.150225
332.0000      -30972.711653
336.0000      -30988.529903
340.0000      -30947.226633
344.0000      -30968.029325
348.0000      -30965.723578
352.0000      -30839.055397
356.0000      -30691.344789
360.0000      -31017.792273
364.0000      -30897.586646
368.0000      -30695.619979
372.0000      -30764.289721
376.0000      -30841.173817
380.0000      -30973.733561
384.0000      -30867.912946
388.0000      -30786.527012
392.0000      -30785.208435
396.0000      -30837.720464
400.0000      -30727.606105
404.0000      -30969.480402
408.0000      -30984.347296
412.0000      -30863.074130
416.0000      -30950.069137
420.0000      -30910.905733
424.0000      -30850.713570
428.0000      -30921.352366
432.0000      -30978.268040
436.0000      -30914.578025
440.0000      -30997.025303
444.0000      -30872.243574
448.0000      -31031.273013
452.0000      -30969.131839
456.0000      -30891.401422
460.0000      -30859.011687
464.0000      -30958.322962
468.0000      -30849.307215
472.0000      -30901.678992
476.0000      -30925.391259
480.0000      -31133.559384
484.0000      -30895.843727
488.0000      -30986.945488
492.0000      -31025.653171
496.0000      -30922.925036
500.0000      -30799.754369
504.0000      -30928.095244
508.0000      -30852.096819
512.0000      -30698.182514
516.0000      -30821.011948
520.0000      -30824.707479
524.0000      -31028.469123
528.0000      -30967.383615
532.0000      -30884.215602
536.0000      -30977.121570
540.0000      -30905.666398
544.0000      -30768.087944
548.0000      -30873.735149
552.0000      -30958.768115
556.0000      -30890.399427
560.0000      -30837.983588
564.0000      -30731.169762
568.0000      -30850.261938
572.0000      -30974.284624
576.0000      -31017.702801
580.0000      -30896.752888
584.0000      -31111.132032
588.0000      -30847.357858
592.0000      -30930.000977
596.0000      -30904.395267
600.0000      -30999.189451
604.0000      -30828.026566
608.0000      -30773.767239
612.0000      -31083.983062
616.0000      -30990.329277
620.0000      -31047.238191
624.0000      -30957.477036
628.0000      -30888.508643
632.0000      -30989.930391
636.0000      -30990.210755
640.0000      -30721.033173
644.0000      -31145.052565
648.0000      -30980.147949
652.0000      -30908.141561
656.0000      -30967.729768
660.0000      -30917.482072
664.0000      -30865.459866
668.0000      -30878.842127
672.0000      -30979.656451
676.0000      -31060.732811
680.0000      -30844.644918
684.0000      -30858.425720
688.0000      -30973.200540
692.0000      -30748.195211
696.0000      -30984.807504
700.0000      -30957.029604
704.0000      -30782.874825
708.0000      -31024.609026
712.0000      -30805.523566
716.0000      -31060.721633
720.0000      -30911.676463
724.0000      -30849.005314
728.0000      -30926.483361
732.0000      -30822.882872
736.0000      -30766.072486
740.0000      -30808.990510
744.0000      -30928.141113
748.0000      -30847.952433
752.0000      -30918.374524
756.0000      -30993.785157
760.0000      -30891.159166
764.0000      -30884.729756
768.0000      -30949.770323
772.0000      -30995.424838
776.0000      -31087.873718
780.0000      -31083.055393
784.0000      -30922.063684
788.0000      -30842.288086
792.0000      -30791.799862
796.0000      -30854.458016
800.0000      -30791.936467
804.0000      -30606.330982
808.0000      -30938.197237
812.0000      -30956.796528
816.0000      -30782.230846
820.0000      -30609.172438
824.0000      -30936.091079
828.0000      -31041.141542
832.0000      -30876.151128
836.0000      -30874.216482
840.0000      -30885.423252
844.0000      -30927.403362
848.0000      -30748.865848
852.0000      -30888.531730
856.0000      -30944.749914
860.0000      -30867.699451
864.0000      -30990.291111
868.0000      -30934.100094
872.0000      -30884.640720
876.0000      -30914.363182
880.0000      -30871.680373
884.0000      -30903.465409
888.0000      -31015.061097
892.0000      -30922.920276
896.0000      -30831.413925
900.0000      -30860.312349
904.0000      -30742.308341
908.0000      -30803.471451
912.0000      -30904.475117
916.0000      -30971.762037
920.0000      -30831.341048
924.0000      -30734.538264
928.0000      -30790.039043
932.0000      -30900.430056
936.0000      -31016.773942
940.0000      -31076.493712
944.0000      -30900.671969
948.0000      -30779.578252
952.0000      -30872.747933
956.0000      -30865.926791
960.0000      -30857.988163
964.0000      -30724.341733
968.0000      -30903.450768
972.0000      -30933.921873
976.0000      -31011.516511
980.0000      -30885.499989
984.0000      -30984.755321
988.0000      -31028.218228
992.0000      -30891.895613
996.0000      -30914.615736
1000.0000      -30978.983906
1004.0000      -30836.387148
1008.0000      -30853.649943
1012.0000      -30825.494537
1016.0000      -30867.448456
1020.0000      -30703.917764
1024.0000      -30912.389514
1028.0000      -30998.268352
1032.0000      -30921.386641
1036.0000      -30857.155694
1040.0000      -31092.671151
1044.0000      -31079.250568
1048.0000      -30971.367246
1052.0000      -30830.365514
1056.0000      -30833.288686
1060.0000      -30707.616239
1064.0000      -30858.667357
1068.0000      -30785.482184
1072.0000      -30881.040223
1076.0000      -30944.194712
1080.0000      -30850.290889
1084.0000      -30848.806385
1088.0000      -30912.322007
1092.0000      -30883.345475
1096.0000      -30807.738663
1100.0000      -30843.576690
1104.0000      -31130.985888
1108.0000      -31059.418189
1112.0000      -30897.506906
1116.0000      -30912.908247
1120.0000      -30955.556164
1124.0000      -30869.944580
1128.0000      -30918.193332
1132.0000      -30837.864558
1136.0000      -30888.907163
1140.0000      -30676.108909
1144.0000      -30848.909624
1148.0000      -30926.124399
1152.0000      -30835.585866
1156.0000      -30878.536251
1160.0000      -30820.157883
1164.0000      -30699.697925
1168.0000      -30815.513663
1172.0000      -30970.174201
1176.0000      -30887.415366
1180.0000      -30991.561356
1184.0000      -30863.121905
1188.0000      -30870.712541
1192.0000      -30774.708759
1196.0000      -30918.345714
1200.0000      -30837.695609
1204.0000      -31015.835981
1208.0000      -31037.611878
1212.0000      -31024.849676
1216.0000      -30879.026700
1220.0000      -30977.377051
1224.0000      -30880.527761
1228.0000      -30992.728815
1232.0000      -30837.068300
1236.0000      -30729.246806
1240.0000      -31043.353021
1244.0000      -30912.123423
1248.0000      -30701.574900
1252.0000      -30869.799856
1256.0000      -30927.540304
1260.0000      -30974.511892
1264.0000      -30859.033531
1268.0000      -30922.831529
1272.0000      -30994.598387
1276.0000      -30811.213828
1280.0000      -30897.464828
1284.0000      -30872.036260
1288.0000      -30805.746184
1292.0000      -30915.168322
1296.0000      -30861.625924
1300.0000      -30964.519452
1304.0000      -30757.687880
1308.0000      -30837.246068
1312.0000      -30991.919601
1316.0000      -30738.542221
1320.0000      -30820.778972
1324.0000      -30871.615336
1328.0000      -30876.422620
1332.0000      -30625.513477
1336.0000      -30973.975892
1340.0000      -30920.118017
1344.0000      -30800.977735
1348.0000      -30933.469230
1352.0000      -30855.987123
1356.0000      -30904.623817
1360.0000      -30817.276202
1364.0000      -30988.025007
1368.0000      -30977.132572
1372.0000      -30973.753147
1376.0000      -30869.900638
1380.0000      -30774.060540
1384.0000      -30945.641779
1388.0000      -30865.783020
1392.0000      -30894.512714
1396.0000      -30838.518360
1400.0000      -30984.776262
1404.0000      -30853.098834
1408.0000      -30739.216253
1412.0000      -30896.025985
1416.0000      -30955.162413
1420.0000      -30948.010810
1424.0000      -30876.935390
1428.0000      -30804.774954
1432.0000      -30924.892236
1436.0000      -31167.784914
1440.0000      -31009.427424
1444.0000      -30984.841237
1448.0000      -30900.795096
1452.0000      -30914.426468
1456.0000      -30798.552906
1460.0000      -30828.991176
1464.0000      -30883.175669
1468.0000      -30660.191053
1472.0000      -30961.232275
1476.0000      -30795.891709
1480.0000      -30870.011151
1484.0000      -30913.358101
1488.0000      -30914.798012
1492.0000      -30908.271647
1496.0000      -31035.648277
1500.0000      -30883.703617
1504.0000      -30748.137713
1508.0000      -31019.899754
1512.0000      -30967.791098
1516.0000      -30922.349768
1520.0000      -30928.020516
1524.0000      -30749.772004
1528.0000      -31047.186260
1532.0000      -30901.045557
1536.0000      -30940.740489
1540.0000      -30932.613701
1544.0000      -31059.661906
1548.0000      -31106.312746
1552.0000      -30932.727963
1556.0000      -30845.657032
1560.0000      -30795.169631
1564.0000      -30780.640092
1568.0000      -30909.042227
1572.0000      -30889.082837
1576.0000      -30958.384903
1580.0000      -30792.762145
1584.0000      -30878.227409
1588.0000      -30917.239857
1592.0000      -30903.498828
1596.0000      -30963.155268
1600.0000      -30993.637258
1604.0000      -30786.218926
1608.0000      -31106.608238
1612.0000      -31003.585904
1616.0000      -31053.853483
1620.0000      -30864.960464
1624.0000      -30840.156664
1628.0000      -30664.865601
1632.0000      -30932.939404
1636.0000      -30848.051998
1640.0000      -30866.633085
1644.0000      -30947.857444
1648.0000      -30831.173474
1652.0000      -30944.211589
1656.0000      -30754.805236
1660.0000      -31004.117339
1664.0000      -30671.374612
1668.0000      -30823.454656
1672.0000      -30861.059104
1676.0000      -30798.300990
1680.0000      -31109.554603
1684.0000      -30752.779589
1688.0000      -30811.836919
1692.0000      -31051.309863
1696.0000      -30828.866579
1700.0000      -31009.274840
1704.0000      -30914.073303
1708.0000      -30922.011454
1712.0000      -30883.078689
1716.0000      -30943.727160
1720.0000      -30841.446630
1724.0000      -30772.736255
1728.0000      -30814.885261
1732.0000      -30819.937424
1736.0000      -31050.685675
1740.0000      -31016.312688
1744.0000      -30995.421257
1748.0000      -31076.511318
1752.0000      -30896.122240
1756.0000      -30858.200015
1760.0000      -30910.287998
1764.0000      -30970.754139
1768.0000      -30972.995654
1772.0000      -30755.747909
1776.0000      -30778.497635
1780.0000      -31012.718978
1784.0000      -31068.866655
1788.0000      -30757.709145
1792.0000      -30856.634483
1796.0000      -30864.137119
1800.0000      -30952.237938
1804.0000      -31089.826820
1808.0000      -30985.757506
1812.0000      -30926.129028
1816.0000      -30918.421122
1820.0000      -30836.984705
1824.0000      -30904.283251
1828.0000      -30935.468181
1832.0000      -30824.622578
1836.0000      -30887.817675
1840.0000      -30898.503088
1844.0000      -30877.920938
1848.0000      -30923.710027
1852.0000      -30855.900513
1856.0000      -30871.740041
1860.0000      -30922.490590
1864.0000      -30987.873492
1868.0000      -30975.751987
1872.0000      -31019.042088
1876.0000      -31027.097884
1880.0000      -30947.491690
1884.0000      -30959.932769
1888.0000      -30726.906528
1892.0000      -30863.546809
1896.0000      -30839.287852
1900.0000      -30706.663722
1904.0000      -30771.621911
1908.0000      -30837.764950
1912.0000      -30648.520113
1916.0000      -30945.762611
1920.0000      -31011.803334
1924.0000      -30920.458084
1928.0000      -30788.926111
1932.0000      -30838.088558
1936.0000      -30975.930547
1940.0000      -31049.275407
1944.0000      -31001.931853
1948.0000      -30802.638493
1952.0000      -30994.575767
1956.0000      -30770.678607
1960.0000      -30941.483955
1964.0000      -30707.641882
1968.0000      -30840.295585
1972.0000      -30762.759316
1976.0000      -30949.813795
1980.0000      -30916.455482
1984.0000      -30769.902424
1988.0000      -30983.220851
1992.0000      -30974.981192
1996.0000      -30800.929401
2000.0000      -30865.909248
2004.0000      -31068.981601
2008.0000      -30935.904732
2012.0000      -30821.742882
2016.0000      -30922.151550
2020.0000      -30931.966483
2024.0000      -30821.739810
2028.0000      -30788.041865
2032.0000      -30813.099608
2036.0000      -30945.755025
2040.0000      -30818.844226
2044.0000      -30708.468786
2048.0000      -30783.746459
2052.0000      -30909.763481
2056.0000      -30857.016503
2060.0000      -30976.198035
2064.0000      -30766.294283
2068.0000      -30953.356196
2072.0000      -30837.884265
2076.0000      -30974.785935
2080.0000      -30927.934366
2084.0000      -30902.858414
2088.0000      -31025.812040
2092.0000      -30805.437749
2096.0000      -30997.161353
2100.0000      -30895.743406
2104.0000      -30801.043314
2108.0000      -30937.922243
2112.0000      -31109.005943
2116.0000      -31097.549235
2120.0000      -30955.853547
2124.0000      -30825.831646
2128.0000      -30993.791548
2132.0000      -30864.156983
2136.0000      -30821.586855
2140.0000      -30858.111106
2144.0000      -30882.479690
2148.0000      -30921.052255
2152.0000      -30791.891230
2156.0000      -31012.476837
2160.0000      -31102.154261
2164.0000      -31111.362019
2168.0000      -30923.759648
2172.0000      -30986.356689
2176.0000      -30989.550520
2180.0000      -30895.645433
2184.0000      -30839.776219
2188.0000      -30916.004132
2192.0000      -30917.859367
2196.0000      -30883.892925
2200.0000      -30903.674215
2204.0000      -30961.762717
2208.0000      -30846.424461
2212.0000      -30834.287549
2216.0000      -30984.244981
2220.0000      -30893.220626
2224.0000      -30872.153173
2228.0000      -31046.963280
2232.0000      -30882.900543
2236.0000      -30812.569033
2240.0000      -30970.028712
2244.0000      -30969.529750
2248.0000      -30894.854138
2252.0000      -30870.902662
2256.0000      -30930.908796
2260.0000      -30785.475902
2264.0000      -30970.677079
2268.0000      -30821.699712
2272.0000      -30942.253519
2276.0000      -30887.414365
2280.0000      -30923.391364
2284.0000      -30843.169718
2288.0000      -30980.673895
2292.0000      -30917.798193
2296.0000      -30761.871128
2300.0000      -30868.320507
2304.0000      -31015.097104
2308.0000      -30651.578779
2312.0000      -30857.697669
2316.0000      -30599.768171
2320.0000      -30845.260268
2324.0000      -30873.600564
2328.0000      -30848.916494
2332.0000      -31065.891539
2336.0000      -30847.769920
2340.0000      -30869.025537
2344.0000      -30885.190327
2348.0000      -30797.753016
2352.0000      -30906.805416
2356.0000      -31074.286883
2360.0000      -31007.549194
2364.0000      -30877.968594
2368.0000      -30837.793388
2372.0000      -30977.538478
2376.0000      -31110.038210
2380.0000      -30795.765768
2384.0000      -30600.281602
2388.0000      -30735.555823
2392.0000      -30873.191432
2396.0000      -30877.251803
2400.0000      -30928.823911
2404.0000      -30879.633924
2408.0000      -30847.520205
2412.0000      -30911.654234
2416.0000      -30895.892763
2420.0000      -30876.348984
2424.0000      -30818.874034
2428.0000      -30898.771591
2432.0000      -30748.455765
2436.0000      -30730.135750
2440.0000      -30882.812836
2444.0000      -31019.941938
2448.0000      -31051.123946
2452.0000      -30663.625016
2456.0000      -30971.794684
2460.0000      -30965.363411
2464.0000      -30733.787101
2468.0000      -30816.907107
2472.0000      -30764.087305
2476.0000      -30739.746077
2480.0000      -30811.797145
2484.0000      -30907.350801
2488.0000      -30879.107661
2492.0000      -31102.078897
2496.0000      -30904.266967
2500.0000      -31018.890543
2504.0000      -30882.031596
2508.0000      -30910.397118
2512.0000      -30915.275464
2516.0000      -30939.235605
2520.0000      -30966.662713
2524.0000      -30879.186963
2528.0000      -30891.157154
2532.0000      -30939.299195
2536.0000      -30727.059370
2540.0000      -30938.149030
2544.0000      -30890.609831
2548.0000      -30937.061878
2552.0000      -30807.346970
2556.0000      -30795.997683
2560.0000      -30964.675202
2564.0000      -30875.875147
2568.0000      -30878.940692
2572.0000      -30916.925439
2576.0000      -30796.976889
2580.0000      -30760.215515
2584.0000      -30727.967616
2588.0000      -30919.043220
2592.0000      -30960.309157
2596.0000      -31107.509061
2600.0000      -30949.030071
2604.0000      -30796.449214
2608.0000      -30809.663499
2612.0000      -30953.271144
2616.0000      -30889.779688
2620.0000      -30906.055362
2624.0000      -30811.770321
2628.0000      -30943.011840
2632.0000      -30846.449049
2636.0000      -30977.258955
2640.0000      -30870.914989
2644.0000      -30879.654519
2648.0000      -30868.791969
2652.0000      -30810.323519
2656.0000      -30872.333395
2660.0000      -30863.311903
2664.0000      -30905.753946
2668.0000      -31053.484692
2672.0000      -30918.841371
2676.0000      -30730.449941
2680.0000      -30945.785153
2684.0000      -31012.124506
2688.0000      -30728.059780
2692.0000      -30793.971542
2696.0000      -30687.570389
2700.0000      -30762.346755
2704.0000      -30857.938241
2708.0000      -30865.039909
2712.0000      -30820.997095
2716.0000      -30908.684426
2720.0000      -30896.164989
2724.0000      -30884.667177
2728.0000      -31003.165336
2732.0000      -30904.775657
2736.0000      -30730.949064
2740.0000      -31009.928096
2744.0000      -30902.977447
2748.0000      -30942.278577
2752.0000      -30781.906626
2756.0000      -31010.233379
2760.0000      -30841.063123
2764.0000      -30813.428550
2768.0000      -30781.622314
2772.0000      -30754.717152
2776.0000      -30845.935022
2780.0000      -30859.995946
2784.0000      -30867.389247
2788.0000      -30771.615315
2792.0000      -30981.976089
2796.0000      -30947.684800
2800.0000      -31009.549231
2804.0000      -30890.732672
2808.0000      -30771.848428
2812.0000      -30854.038034
2816.0000      -30967.304744
2820.0000      -31117.104525
2824.0000      -30775.116831
2828.0000      -30815.184427
2832.0000      -30833.553737
2836.0000      -30894.773271
2840.0000      -30799.194007
2844.0000      -31086.401128
2848.0000      -31002.536292
2852.0000      -31083.467072
2856.0000      -30837.733592
2860.0000      -30846.245184
2864.0000      -30905.991860
2868.0000      -30898.056254
2872.0000      -30844.579500
2876.0000      -30947.007219
2880.0000      -30842.570995
2884.0000      -31027.952450
2888.0000      -30906.247420
2892.0000      -30978.507928
2896.0000      -30911.957327
2900.0000      -30978.401417
2904.0000      -30814.457317
2908.0000      -30826.830406
2912.0000      -31108.360906
2916.0000      -30792.224880
2920.0000      -30825.661107
2924.0000      -30919.790069
2928.0000      -30876.338804
2932.0000      -30919.710235
2936.0000      -30848.228276
2940.0000      -30950.375041
2944.0000      -30863.340761
2948.0000      -31011.470313
2952.0000      -30861.777871
2956.0000      -30820.904133
2960.0000      -30821.807100
2964.0000      -30710.406368
2968.0000      -30789.906539
2972.0000      -30877.382869
2976.0000      -31002.986656
2980.0000      -30838.947737
2984.0000      -30749.235878
2988.0000      -30843.327686
2992.0000      -30947.558525
2996.0000      -30914.458289
3000.0000      -30892.313996
3004.0000      -30948.107458
3008.0000      -30840.298163
3012.0000      -30755.907015
3016.0000      -30869.414495
3020.0000      -30924.393038
3024.0000      -30938.415885
3028.0000      -30856.894045
3032.0000      -31002.617739
3036.0000      -30881.197651
3040.0000      -30933.424116
3044.0000      -31017.669458
3048.0000      -30827.082094
3052.0000      -31114.953666
3056.0000      -30825.569297
3060.0000      -30940.751766
3064.0000      -30839.823763
3068.0000      -30871.084930
3072.0000      -30887.496200
3076.0000      -30818.166058
3080.0000      -30940.886229
3084.0000      -30874.466827
3088.0000      -30938.050003
3092.0000      -30842.807431
3096.0000      -30930.262962
3100.0000      -30993.059295
3104.0000      -30838.934535
3108.0000      -30894.131131
3112.0000      -30750.087766
3116.0000      -30784.748633
3120.0000      -30844.840010
3124.0000      -30738.819053
3128.0000      -30799.046909
3132.0000      -30832.317889
3136.0000      -30860.902054
3140.0000      -30892.572427
3144.0000      -30907.574892
3148.0000      -30723.793772
3152.0000      -30984.515141
3156.0000      -30781.428332
3160.0000      -30935.035905
3164.0000      -30861.295525
3168.0000      -30994.326175
3172.0000      -30895.097985
3176.0000      -30856.266759
3180.0000      -30859.539830
3184.0000      -30769.561877
3188.0000      -30694.688115
3192.0000      -30988.361671
3196.0000      -30890.711805
3200.0000      -30869.047579
3204.0000      -31038.154660
3208.0000      -30817.660292
3212.0000      -30875.795359
3216.0000      -30699.277493
3220.0000      -31048.514104
3224.0000      -30916.091013
3228.0000      -30812.851007
3232.0000      -30887.840686
3236.0000      -30901.111392
3240.0000      -30844.523019
3244.0000      -31040.064820
3248.0000      -30784.310452
3252.0000      -30812.416232
3256.0000      -30907.754452
3260.0000      -30844.852671
3264.0000      -30871.178899
3268.0000      -30716.993019
3272.0000      -31103.246256
3276.0000      -31110.780588
3280.0000      -30944.135106
3284.0000      -30946.357631
3288.0000      -30710.287151
3292.0000      -30869.801796
3296.0000      -30748.270909
3300.0000      -30883.052336
3304.0000      -30999.176311
3308.0000      -30896.721407
3312.0000      -30840.355848
3316.0000      -30995.418251
3320.0000      -30965.860888
3324.0000      -30854.755946
3328.0000      -31054.584125
3332.0000      -30946.824221
3336.0000      -31007.494120
3340.0000      -30891.512223
3344.0000      -30896.355775
3348.0000      -30966.144026
3352.0000      -31024.902447
3356.0000      -30892.793495
3360.0000      -30980.254852
3364.0000      -30946.675473
3368.0000      -30803.048987
3372.0000      -30790.241720
3376.0000      -30982.617702
3380.0000      -31015.072049
3384.0000      -30941.882198
3388.0000      -30973.681458
3392.0000      -30936.317214
3396.0000      -30986.102033
3400.0000      -30764.248541
3404.0000      -30966.254620
3408.0000      -30697.166890
3412.0000      -30872.443590
3416.0000      -30870.519505
3420.0000      -30996.446946
3424.0000      -30851.001762
3428.0000      -30851.265956
3432.0000      -30780.779871
3436.0000      -30860.352713
3440.0000      -30869.941911
3444.0000      -30921.693403
3448.0000      -30774.814705
3452.0000      -30877.372193
3456.0000      -30819.031837
3460.0000      -31058.826459
3464.0000      -30915.508090
3468.0000      -30883.530337
3472.0000      -30971.941860
3476.0000      -31021.849699
3480.0000      -30798.240619
3484.0000      -30805.093468
3488.0000      -30851.819467
3492.0000      -30818.936620
3496.0000      -30858.791665
3500.0000      -30820.822111
3504.0000      -30831.684745
3508.0000      -30755.498977
3512.0000      -31017.451685
3516.0000      -30758.529390
3520.0000      -30911.398672
3524.0000      -30917.622578
3528.0000      -30910.556063
3532.0000      -30808.772141
3536.0000      -31063.007299
3540.0000      -30878.287512
3544.0000      -31021.273665
3548.0000      -30887.748164
3552.0000      -30874.840754
3556.0000      -30812.547329
3560.0000      -30894.408059
3564.0000      -30877.105871
3568.0000      -31173.222575
3572.0000      -30992.743785
3576.0000      -30837.803906
3580.0000      -30913.258676
3584.0000      -30827.486826
3588.0000      -30769.202137
3592.0000      -30726.240060
3596.0000      -30918.447801
3600.0000      -30691.046446
3604.0000      -30838.774186
3608.0000      -31045.281657
3612.0000      -30853.726340
3616.0000      -30829.391455
3620.0000      -30855.645206
3624.0000      -30845.809886
3628.0000      -30792.772497
3632.0000      -30934.246843
3636.0000      -31017.554217
3640.0000      -30839.067892
3644.0000      -30874.279370
3648.0000      -30818.352686
3652.0000      -30885.732484
3656.0000      -30872.949493
3660.0000      -30986.255017
3664.0000      -31115.238806
3668.0000      -30815.174279
3672.0000      -30610.275516
3676.0000      -30953.995673
3680.0000      -30827.460226
3684.0000      -30944.561577
3688.0000      -30782.823133
3692.0000      -30803.599360
3696.0000      -30605.066142
3700.0000      -30918.147904
3704.0000      -31113.845365
3708.0000      -30778.060500
3712.0000      -30981.008465
3716.0000      -31135.933618
3720.0000      -30881.277535
3724.0000      -30879.325464
3728.0000      -30821.812218
3732.0000      -30818.175198
3736.0000      -30852.568909
3740.0000      -30857.097841
3744.0000      -31096.509673
3748.0000      -30748.464775
3752.0000      -31088.666759
3756.0000      -31058.787348
3760.0000      -30993.716359
3764.0000      -30946.939353
3768.0000      -31004.855851
3772.0000      -30984.110718
3776.0000      -30885.512496
3780.0000      -31007.458032
3784.0000      -31002.295950
3788.0000      -30861.876399
3792.0000      -30764.624493
3796.0000      -30741.458466
3800.0000      -30879.407405
3804.0000      -30736.059530
3808.0000      -30953.094242
3812.0000      -30811.550302
3816.0000      -30942.410486
3820.0000      -30940.909391
3824.0000      -30795.969080
3828.0000      -30710.967189
3832.0000      -31001.681387
3836.0000      -30976.149890
3840.0000      -31004.312638
3844.0000      -30984.006200
3848.0000      -30932.531119
3852.0000      -31227.652319
3856.0000      -31002.731167
3860.0000      -30851.020992
3864.0000      -30951.058870
3868.0000      -30908.849264
3872.0000      -30890.801060
3876.0000      -30811.382992
3880.0000      -30840.773785
3884.0000      -30886.451574
3888.0000      -30934.863165
3892.0000      -31080.203676
3896.0000      -30957.233875
3900.0000      -30741.617295
3904.0000      -30928.474315
3908.0000      -31010.012308
3912.0000      -30992.978097
3916.0000      -30855.060385
3920.0000      -30768.062514
3924.0000      -30848.671932
3928.0000      -30749.503337
3932.0000      -30873.696648
3936.0000      -30772.580573
3940.0000      -30750.724978
3944.0000      -30904.214212
3948.0000      -30866.096023
3952.0000      -30704.325790
3956.0000      -30813.259414
3960.0000      -30791.485372
3964.0000      -30717.489026
3968.0000      -30800.247463
3972.0000      -30962.169253
3976.0000      -30946.500439
3980.0000      -30956.746872
3984.0000      -31013.941549
3988.0000      -30864.794435
3992.0000      -30945.291863
3996.0000      -31056.112857
4000.0000      -30896.361127
4004.0000      -30896.361127
