4.0000      -30817.765281
8.0000      -30881.183139
12.0000      -30746.310438
16.0000      -30798.799054
20.0000      -30810.503696
24.0000      -30932.671838
28.0000      -30790.626374
32.0000      -30784.056680
36.0000      -30962.080350
40.0000      -30814.820760
44.0000      -30834.789908
48.0000      -30877.874651
52.0000      -30797.076715
56.0000      -30788.138184
60.0000      -30815.597306
64.0000      -30798.443323
68.0000      -30734.578381
72.0000      -31086.114419
76.0000      -30817.825837
80.0000      -30930.965974
84.0000      -30759.422569
88.0000      -30743.688938
92.0000      -30985.880191
96.0000      -30913.530093
100.0000      -30951.846982
104.0000      -30980.489934
108.0000      -30912.189419
112.0000      -30779.246522
116.0000      -30871.443874
120.0000      -30796.847246
124.0000      -30879.925122
128.0000      -30860.107566
132.0000      -30832.418977
136.0000      -30870.815968
140.0000      -30939.121210
144.0000      -30821.188163
148.0000      -30999.851800
152.0000      -30782.883161
156.0000      -30785.978379
160.0000      -30885.874299
164.0000      -31016.614750
168.0000      -30717.797928
172.0000      -31036.614256
176.0000      -30841.989818
180.0000      -30833.708772
184.0000      -30799.991744
188.0000      -30893.636395
192.0000      -31060.660821
196.0000      -30962.155201
200.0000      -30861.878212
204.0000      -30841.843721
208.0000      -30759.140849
212.0000      -30960.269074
216.0000      -30892.315218
220.0000      -30908.515124
224.0000      -31050.567062
228.0000      -30817.905399
232.0000      -30902.351368
236.0000      -30877.908017
240.0000      -30942.854269
244.0000      -30738.621876
248.0000      -30886.861709
252.0000      -30960.232129
256.0000      -30856.889360
260.0000      -30862.642360
264.0000      -30777.602713
268.0000      -30961.642195
272.0000      -30870.385893
276.0000      -30765.645973
280.0000      -31141.318348
284.0000      -30926.477159
288.0000      -30961.111824
292.0000      -31006.884418
296.0000      -31053.217230
300.0000      -31006.985282
304.0000      -30955.270077
308.0000      -30803.579935
312.0000      -30809.056997
316.0000      -30906.866279
320.0000      -30928.750699
324.0000      -30721.162504
328.0000      -30878.913373
332.0000      -30850.657864
336.0000      -30999.735387
340.0000      -31040.325997
344.0000      -30886.117426
348.0000      -30974.001621
352.0000      -30691.603094
356.0000      -30878.880981
360.0000      -30893.422330
364.0000      -30799.844890
368.0000      -30851.360425
372.0000      -30956.783799
376.0000      -30904.466496
380.0000      -30852.455959
384.0000      -30837.136013
388.0000      -30723.235233
392.0000      -30839.573706
396.0000      -30832.767347
400.0000      -30905.056218
404.0000      -30822.352296
408.0000      -30758.574789
412.0000      -30854.996085
416.0000      -30888.836099
420.0000      -30910.055494
424.0000      -30979.571278
428.0000      -30977.257049
432.0000      -30909.384895
436.0000      -30871.725266
440.0000      -30823.299410
444.0000      -30840.241724
448.0000      -30766.132091
452.0000      -30672.763901
456.0000      -30981.630062
460.0000      -30690.170445
464.0000      -31002.228638
468.0000      -30850.591254
472.0000      -30926.363557
476.0000      -30816.628180
480.0000      -30656.355606
484.0000      -30849.340145
488.0000      -30912.362422
492.0000      -31127.168600
496.0000      -30802.515521
500.0000      -30864.467889
504.0000      -30792.082940
508.0000      -30927.886408
512.0000      -30913.221702
516.0000      -30913.317072
520.0000      -30868.067042
524.0000      -30901.602495
528.0000      -30837.891498
532.0000      -30865.422682
536.0000      -30801.223280
540.0000      -30808.491325
544.0000      -30838.219404
548.0000      -30857.938944
552.0000      -30774.614402
556.0000      -30930.846561
560.0000      -30989.064177
564.0000      -30954.775431
568.0000      -30847.246469
572.0000      -30779.534420
576.0000      -30902.792346
580.0000      -30906.893141
584.0000      -31040.752553
588.0000      -30935.212126
592.0000      -30802.144007
596.0000      -30850.660648
600.0000      -30924.904972
604.0000      -30793.212458
608.0000      -30780.354825
612.0000      -30885.904534
616.0000      -30763.222826
620.0000      -30847.551923
624.0000      -30928.115331
628.0000      -30955.852856
632.0000      -30861.379089
636.0000      -30912.858272
640.0000      -30937.680354
644.0000      -30872.120113
648.0000      -30903.165347
652.0000      -30869.862942
656.0000      -30824.895215
660.0000      -30920.765454
664.0000      -30911.327701
668.0000      -30889.708728
672.0000      -30865.094796
676.0000      -30842.704761
680.0000      -30881.417535
684.0000      -30968.646319
688.0000      -30889.255256
692.0000      -31071.550923
696.0000      -30800.181316
700.0000      -30856.152720
704.0000      -30805.178106
708.0000      -30908.533227
712.0000      -30876.853220
716.0000      -30791.078242
720.0000      -30849.005497
724.0000      -30766.768580
728.0000      -30816.247845
732.0000      -30775.092544
736.0000      -30842.292606
740.0000      -30794.181490
744.0000      -30842.570607
748.0000      -30879.053606
752.0000      -30841.111007
756.0000      -30913.719170
760.0000      -31000.468731
764.0000      -30656.500589
768.0000      -30873.922292
772.0000      -31000.103319
776.0000      -30856.887527
780.0000      -30836.396716
784.0000      -30968.413121
788.0000      -30821.137184
792.0000      -30870.401797
796.0000      -31014.231524
800.0000      -30854.970004
804.0000      -31138.586250
808.0000      -30924.254095
812.0000      -30894.360473
816.0000      -31131.621308
820.0000      -30878.833863
824.0000      -30981.830928
828.0000      -30998.239536
832.0000      -31013.358479
836.0000      -30913.257286
840.0000      -31000.751720
844.0000      -30829.087358
848.0000      -30816.881849
852.0000      -30852.529121
856.0000      -30895.585989
860.0000      -30813.372949
864.0000      -30723.035453
868.0000      -30977.522287
872.0000      -30758.135835
876.0000      -30639.456742
880.0000      -30767.484957
884.0000      -30940.198937
888.0000      -30834.435133
892.0000      -30822.719979
896.0000      -30844.223677
900.0000      -30862.401901
904.0000      -31054.401287
908.0000      -30870.684537
912.0000      -30838.522794
916.0000      -30824.959794
920.0000      -30811.500830
924.0000      -30801.313981
928.0000      -30797.222528
932.0000      -30820.206201
936.0000      -30834.170739
940.0000      -30928.620719
944.0000      -30825.398258
948.0000      -30874.456809
952.0000      -30833.602936
956.0000      -30913.090809
960.0000      -30805.696895
964.0000      -30910.776309
968.0000      -30797.116379
972.0000      -30869.849829
976.0000      -30858.489505
980.0000      -30847.187697
984.0000      -30936.547231
988.0000      -30984.136143
992.0000      -30951.526628
996.0000      -30882.138486
1000.0000      -30983.259315
1004.0000      -30724.531184
1008.0000      -30849.842321
1012.0000      -30970.292229
1016.0000      -30955.416328
1020.0000      -31023.873377
1024.0000      -30768.093886
1028.0000      -30996.437082
1032.0000      -30794.480605
1036.0000      -30907.772771
1040.0000      -30730.937028
1044.0000      -30832.671651
1048.0000      -30735.388312
1052.0000      -30868.222919
1056.0000      -30716.464435
1060.0000      -30984.080455
1064.0000      -30776.356133
1068.0000      -30869.590732
1072.0000      -30878.384026
1076.0000      -30721.008147
1080.0000      -30974.993392
1084.0000      -30852.154643
1088.0000      -31006.935918
1092.0000      -30770.213077
1096.0000      -30945.272180
1100.0000      -30883.717044
1104.0000      -30975.149746
1108.0000      -30799.467204
1112.0000      -30794.934201
1116.0000      -30875.565314
1120.0000      -31025.335846
1124.0000      -30918.090517
1128.0000      -30987.472567
1132.0000      -31071.568916
1136.0000      -30766.681064
1140.0000      -30871.675736
1144.0000      -30962.301192
1148.0000      -31015.597603
1152.0000      -30965.756129
1156.0000      -30836.189571
1160.0000      -31004.621349
1164.0000      -30965.240582
1168.0000      -30870.382980
1172.0000      -31022.867337
1176.0000      -30916.576586
1180.0000      -30738.554631
1184.0000      -30829.196576
1188.0000      -30812.642086
1192.0000      -30856.187611
1196.0000      -30857.741494
1200.0000      -30875.131156
1204.0000      -30940.730767
1208.0000      -30801.868004
1212.0000      -30958.849858
1216.0000      -30723.899196
1220.0000      -30751.894995
1224.0000      -30860.905687
1228.0000      -30840.836471
1232.0000      -30957.201995
1236.0000      -30939.236667
1240.0000      -30923.359127
1244.0000      -30778.931650
1248.0000      -30934.104947
1252.0000      -30812.426604
1256.0000      -30876.913725
1260.0000      -30941.163241
1264.0000      -30813.666152
1268.0000      -30949.431775
1272.0000      -31098.849803
1276.0000      -30762.509197
1280.0000      -30936.216805
1284.0000      -30853.389260
1288.0000      -30866.442245
1292.0000      -30771.702528
1296.0000      -30685.827608
1300.0000      -30822.979601
1304.0000      -30786.421843
1308.0000      -31015.243997
1312.0000      -30705.168899
1316.0000      -30878.763849
1320.0000      -30906.057224
1324.0000      -30854.305793
1328.0000      -30845.210819
1332.0000      -30890.912755
1336.0000      -30891.195733
1340.0000      -30894.341452
1344.0000      -30914.372889
1348.0000      -30888.027652
1352.0000      -30904.590751
1356.0000      -30909.398441
1360.0000      -30983.287612
1364.0000      -30942.451504
1368.0000      -30833.460417
1372.0000      -30895.638222
1376.0000      -30995.499444
1380.0000      -30883.621852
1384.0000      -30804.531326
1388.0000      -30856.136475
1392.0000      -30774.175269
1396.0000      -30817.104556
1400.0000      -30765.566908
1404.0000      -30767.033655
1408.0000      -30828.078327
1412.0000      -30768.745327
1416.0000      -30857.796607
1420.0000      -31023.282915
1424.0000      -30988.921467
1428.0000      -30821.234156
1432.0000      -30786.757141
1436.0000      -30801.227456
1440.0000      -30977.368517
1444.0000      -30834.022422
1448.0000      -30788.514574
1452.0000      -30803.323165
1456.0000      -30866.562324
1460.0000      -30712.353630
1464.0000      -30687.857876
1468.0000      -30985.812112
1472.0000      -30952.803889
1476.0000      -30704.158592
1480.0000      -30786.937934
1484.0000      -30973.050948
1488.0000      -30993.859647
1492.0000      -30896.286769
1496.0000      -30807.725456
1500.0000      -30852.468509
1504.0000      -30776.913419
1508.0000      -30788.791399
1512.0000      -30799.550030
1516.0000      -30843.318400
1520.0000      -30953.148076
1524.0000      -30769.621754
1528.0000      -30860.341242
1532.0000      -31072.306689
1536.0000      -30854.231924
1540.0000      -30855.566704
1544.0000      -30880.486345
1548.0000      -30865.756432
1552.0000      -30809.861871
1556.0000      -30792.942460
1560.0000      -30939.211195
1564.0000      -30758.040848
1568.0000      -30678.328785
1572.0000      -30764.032504
1576.0000      -30879.857223
1580.0000      -30974.039561
1584.0000      -30649.129540
1588.0000      -30933.788798
1592.0000      -31045.690867
1596.0000      -30926.686784
1600.0000      -31003.846733
1604.0000      -30897.357945
1608.0000      -30937.981202
1612.0000      -31053.353146
1616.0000      -30933.691664
1620.0000      -30853.102363
1624.0000      -30727.263425
1628.0000      -30929.429020
1632.0000      -30864.905774
1636.0000      -30909.170124
1640.0000      -30760.619131
1644.0000      -30783.203694
1648.0000      -30986.332559
1652.0000      -30902.730996
1656.0000      -30897.901873
1660.0000      -30876.303357
1664.0000      -30911.211814
1668.0000      -30698.956177
1672.0000      -30907.516209
1676.0000      -30901.221476
1680.0000      -30931.820651
1684.0000      -30916.565295
1688.0000      -30743.478622
1692.0000      -30753.849090
1696.0000      -30917.003784
1700.0000      -30924.682976
1704.0000      -30674.206690
1708.0000      -31058.762493
1712.0000      -30967.125557
1716.0000      -30892.562036
1720.0000      -30945.701648
1724.0000      -30995.517560
1728.0000      -30978.579472
1732.0000      -30993.859277
1736.0000      -30879.002652
1740.0000      -30732.596743
1744.0000      -30806.895513
1748.0000      -30703.995715
1752.0000      -30826.819809
1756.0000      -30821.007883
1760.0000      -30942.664760
1764.0000      -30805.724654
1768.0000      -30844.721319
1772.0000      -30785.546504
1776.0000      -30982.998959
1780.0000      -30899.724983
1784.0000      -30907.695998
1788.0000      -30682.425607
1792.0000      -30696.496789
1796.0000      -30829.111297
1800.0000      -30755.806694
1804.0000      -30857.455107
1808.0000      -30879.038542
1812.0000      -30935.967164
1816.0000      -30962.977840
1820.0000      -30762.275745
1824.0000      -30791.931762
1828.0000      -30821.086565
1832.0000      -30907.675186
1836.0000      -30789.997558
1840.0000      -30857.953142
1844.0000      -31080.266532
1848.0000      -30928.094343
1852.0000      -30974.707576
1856.0000      -30984.670543
1860.0000      -30735.163648
1864.0000      -30990.382705
1868.0000      -30913.338641
1872.0000      -30806.056312
1876.0000      -31013.814695
1880.0000      -30831.622032
1884.0000      -30896.310794
1888.0000      -30855.364543
1892.0000      -30939.960728
1896.0000      -31044.537434
1900.0000      -30986.394184
1904.0000      -30914.165227
1908.0000      -30837.807397
1912.0000      -30748.468723
1916.0000      -30969.393703
1920.0000      -30834.217012
1924.0000      -31019.198654
1928.0000      -30894.503215
1932.0000      -30792.982668
1936.0000      -30966.941072
1940.0000      -30916.805770
1944.0000      -30814.788387
1948.0000      -31095.846201
1952.0000      -30699.837765
1956.0000      -30834.777083
1960.0000      -30877.069042
1964.0000      -31039.591162
1968.0000      -30845.258214
1972.0000      -30976.667141
1976.0000      -30892.652825
1980.0000      -30799.644320
1984.0000      -30853.081495
1988.0000      -30879.132804
1992.0000      -30729.111787
1996.0000      -30836.883119
2000.0000      -31008.934767
2004.0000      -30840.007622
2008.0000      -30942.650021
2012.0000      -30982.797481
2016.0000      -30953.106099
2020.0000      -31021.366514
2024.0000      -30850.843232
2028.0000      -30914.037154
2032.0000      -30883.474336
2036.0000      -31067.899131
2040.0000      -30920.215630
2044.0000      -30842.613924
2048.0000      -30962.588733
2052.0000      -30889.052789
2056.0000      -30974.734540
2060.0000      -30946.850117
2064.0000      -30723.710126
2068.0000      -30854.878821
2072.0000      -30955.669993
2076.0000      -31050.562951
2080.0000      -30820.575040
2084.0000      -30930.885107
2088.0000      -30840.846843
2092.0000      -30924.379002
2096.0000      -30911.332189
2100.0000      -30812.764267
2104.0000      -30704.715141
2108.0000      -30791.133975
2112.0000      -30929.694150
2116.0000      -30715.950127
2120.0000      -30945.033098
2124.0000      -30866.455068
2128.0000      -30958.359103
2132.0000      -31016.641173
2136.0000      -30884.645465
2140.0000      -30832.420566
2144.0000      -30869.635368
2148.0000      -30957.395603
2152.0000      -30912.326359
2156.0000      -30978.621992
2160.0000      -30925.397240
2164.0000      -31015.416735
2168.0000      -30795.290156
2172.0000      -30903.302864
2176.0000      -30924.809653
2180.0000      -30943.793660
2184.0000      -30938.786855
2188.0000      -30794.538936
2192.0000      -30980.230354
2196.0000      -30939.384755
2200.0000      -30858.653216
2204.0000      -30849.599040
2208.0000      -30878.761077
2212.0000      -30898.920672
2216.0000      -30767.725124
2220.0000      -30740.573885
2224.0000      -30735.671909
2228.0000      -30635.351044
2232.0000      -31038.365207
2236.0000      -30918.977892
2240.0000      -30821.557332
2244.0000      -30790.359711
2248.0000      -30929.770240
2252.0000      -30975.915450
2256.0000      -30980.236535
2260.0000      -30903.036775
2264.0000      -30948.303863
2268.0000      -30822.670417
2272.0000      -30868.939608
2276.0000      -31000.578204
2280.0000      -30826.745625
2284.0000      -30981.824402
2288.0000      -31036.111495
2292.0000      -30910.768952
2296.0000      -30907.085766
2300.0000      -30791.200053
2304.0000      -31024.547246
2308.0000      -30796.326232
2312.0000      -31004.415601
2316.0000      -31085.725758
2320.0000      -30876.006735
2324.0000      -31088.902370
2328.0000      -30907.604759
2332.0000      -30858.550135
2336.0000      -30849.036701
2340.0000      -30820.137212
2344.0000      -30950.256410
2348.0000      -30909.787786
2352.0000      -30850.215661
2356.0000      -30883.840419
2360.0000      -30806.268111
2364.0000      -30735.471474
2368.0000      -30838.880716
2372.0000      -30838.123581
2376.0000      -31044.200255
2380.0000      -30855.554252
2384.0000      -30898.449749
2388.0000      -30744.398273
2392.0000      -30943.185542
2396.0000      -30777.120052
2400.0000      -30884.141898
2404.0000      -30865.082743
2408.0000      -30858.153879
2412.0000      -30972.066288
2416.0000      -30863.049480
2420.0000      -30928.399207
2424.0000      -30950.052090
2428.0000      -30896.525952
2432.0000      -30772.526765
2436.0000      -30908.157596
2440.0000      -30759.964630
2444.0000      -30707.634283
2448.0000      -30830.002252
2452.0000      -30960.342276
2456.0000      -30933.420736
2460.0000      -30935.385402
2464.0000      -30806.892771
2468.0000      -30992.156287
2472.0000      -30715.346793
2476.0000      -30864.371582
2480.0000      -30685.738286
2484.0000      -30814.406375
2488.0000      -30877.725632
2492.0000      -30760.996844
2496.0000      -30921.654949
2500.0000      -30906.583041
2504.0000      -30982.972952
2508.0000      -30870.582339
2512.0000      -30804.056653
2516.0000      -30921.442963
2520.0000      -30978.721856
2524.0000      -30962.690027
2528.0000      -30745.483778
2532.0000      -30874.838346
2536.0000      -30752.950069
2540.0000      -30896.355908
2544.0000      -30743.548271
2548.0000      -30826.507961
2552.0000      -30910.512740
2556.0000      -30745.585954
2560.0000      -30894.428878
2564.0000      -30778.940289
2568.0000      -30721.971531
2572.0000      -30976.497804
2576.0000      -30965.527157
2580.0000      -30857.015032
2584.0000      -30805.253583
2588.0000      -30937.790653
2592.0000      -30819.672185
2596.0000      -30806.336439
2600.0000      -30806.462976
2604.0000      -30854.724707
2608.0000      -30861.894941
2612.0000      -30934.649206
2616.0000      -30748.473044
2620.0000      -31002.198226
2624.0000      -31004.726470
2628.0000      -30880.220989
2632.0000      -30827.357833
2636.0000      -30995.949326
2640.0000      -30769.508398
2644.0000      -30833.788475
2648.0000      -30824.789675
2652.0000      -30846.100865
2656.0000      -30741.908772
2660.0000      -30990.389397
2664.0000      -30604.429059
2668.0000      -30770.402052
2672.0000      -31001.518979
2676.0000      -30862.154021
2680.0000      -30803.249719
2684.0000      -30816.301151
2688.0000      -30972.286620
2692.0000      -30675.445652
2696.0000      -30836.162792
2700.0000      -30904.072183
2704.0000      -31018.161705
2708.0000      -30792.568258
2712.0000      -30931.090849
2716.0000      -30996.814026
2720.0000      -31016.114453
2724.0000      -30854.423292
2728.0000      -31086.077940
2732.0000      -30840.820949
2736.0000      -30952.673104
2740.0000      -30910.207525
2744.0000      -30781.930817
2748.0000      -30880.018881
2752.0000      -30756.216699
2756.0000      -30823.569390
2760.0000      -30838.028314
2764.0000      -30966.679263
2768.0000      -30872.278166
2772.0000      -30788.780113
2776.0000      -30721.596398
2780.0000      -30999.302764
2784.0000      -30820.858150
2788.0000      -30795.395678
2792.0000      -31009.626696
2796.0000      -30893.789077
2800.0000      -30905.148326
2804.0000      -30756.053536
2808.0000      -30957.547175
2812.0000      -30954.208236
2816.0000      -30953.777955
2820.0000      -30771.094206
2824.0000      -30736.615682
2828.0000      -30952.548684
2832.0000      -30681.415002
2836.0000      -30876.817630
2840.0000      -30974.179879
2844.0000      -31061.624607
2848.0000      -30891.094993
2852.0000      -30902.966307
2856.0000      -30791.022574
2860.0000      -30712.879695
2864.0000      -30757.870050
2868.0000      -30875.385001
2872.0000      -30940.487847
2876.0000      -30958.414140
2880.0000      -30752.870314
2884.0000      -30848.636935
2888.0000      -30851.795674
2892.0000      -30872.291990
2896.0000      -30827.113436
2900.0000      -30914.969800
2904.0000      -30860.015216
2908.0000      -30906.272240
2912.0000      -30808.740032
2916.0000      -30814.879106
2920.0000      -30908.916641
2924.0000      -30988.994599
2928.0000      -30848.140328
2932.0000      -30729.507060
2936.0000      -30755.107185
2940.0000      -30834.891632
2944.0000      -30891.110344
2948.0000      -30852.160812
2952.0000      -30917.172549
2956.0000      -30921.933819
2960.0000      -30877.394440
2964.0000      -30870.507944
2968.0000      -31052.670827
2972.0000      -31032.783386
2976.0000      -31001.775339
2980.0000      -30758.887365
2984.0000      -30873.810510
2988.0000      -30922.531732
2992.0000      -30911.091190
2996.0000      -30874.354547
3000.0000      -30860.417260
3004.0000      -30880.477070
3008.0000      -30821.170442
3012.0000      -30983.463494
3016.0000      -30957.730239
3020.0000      -30840.303188
3024.0000      -30795.165132
3028.0000      -30981.377871
3032.0000      -30867.088829
3036.0000      -30699.480621
3040.0000      -30784.721771
3044.0000      -30942.448850
3048.0000      -30841.371312
3052.0000      -30857.261249
3056.0000      -30770.455823
3060.0000      -30880.134723
3064.0000      -30897.614031
3068.0000      -30932.712663
3072.0000      -30863.877518
3076.0000      -30845.265293
3080.0000      -30960.816113
3084.0000      -30914.325472
3088.0000      -30948.204115
3092.0000      -30697.134057
3096.0000      -30859.812521
3100.0000      -30721.151216
3104.0000      -30792.275532
3108.0000      -30831.069595
3112.0000      -30881.960471
3116.0000      -30919.674963
3120.0000      -30826.960935
3124.0000      -30846.773845
3128.0000      -30814.458906
3132.0000      -30850.782728
3136.0000      -30869.163096
3140.0000      -30967.479428
3144.0000      -30804.866700
3148.0000      -30977.253600
3152.0000      -30866.030301
3156.0000      -30970.805774
3160.0000      -31000.880794
3164.0000      -30900.453714
3168.0000      -30986.128974
3172.0000      -31040.936467
3176.0000      -30901.824704
3180.0000      -30872.234383
3184.0000      -30823.828281
3188.0000      -30856.812132
3192.0000      -30964.979980
3196.0000      -30744.022334
3200.0000      -30657.530839
3204.0000      -30800.028604
3208.0000      -30812.553302
3212.0000      -30875.007188
3216.0000      -30817.327302
3220.0000      -30856.381803
3224.0000      -31001.927344
3228.0000      -30830.173054
3232.0000      -30854.235462
3236.0000      -30711.794564
3240.0000      -30916.434240
3244.0000      -30979.161839
3248.0000      -30730.962109
3252.0000      -30910.932608
3256.0000      -30837.131406
3260.0000      -30660.037216
3264.0000      -30819.104120
3268.0000      -31021.206481
3272.0000      -30881.112575
3276.0000      -30799.881263
3280.0000      -30772.674727
3284.0000      -30892.002822
3288.0000      -30846.131685
3292.0000      -30812.396481
3296.0000      -30838.963842
3300.0000      -30786.075291
3304.0000      -30746.313112
3308.0000      -30893.875975
3312.0000      -30829.622354
3316.0000      -30759.682694
3320.0000      -30963.953831
3324.0000      -30870.661502
3328.0000      -30796.829931
3332.0000      -30898.821979
3336.0000      -30792.168216
3340.0000      -30918.190311
3344.0000      -31030.155880
3348.0000      -30734.397086
3352.0000      -30897.117539
3356.0000      -30862.004630
3360.0000      -30845.509620
3364.0000      -30942.555129
3368.0000      -30745.574034
3372.0000      -30750.331415
3376.0000      -30869.932220
3380.0000      -30891.939468
3384.0000      -30855.156004
3388.0000      -30759.368137
3392.0000      -30957.087650
3396.0000      -30681.660722
3400.0000      -30887.379006
3404.0000      -30917.341102
3408.0000      -30726.822708
3412.0000      -30852.334414
3416.0000      -30905.421797
3420.0000      -30806.058190
3424.0000      -30591.895076
3428.0000      -30738.166956
3432.0000      -31009.020288
3436.0000      -30878.362328
3440.0000      -30756.164313
3444.0000      -30855.874680
3448.0000      -30951.973131
3452.0000      -31005.101770
3456.0000      -30961.029091
3460.0000      -30893.478274
3464.0000      -31065.735712
3468.0000      -30753.117091
3472.0000      -30858.458472
3476.0000      -30826.090009
3480.0000      -30997.537482
3484.0000      -31038.510489
3488.0000      -30909.679209
3492.0000      -30812.402131
3496.0000      -30713.607579
3500.0000      -30936.287043
3504.0000      -30902.158910
3508.0000      -30741.932596
3512.0000      -30729.234616
3516.0000      -31006.308563
3520.0000      -30838.412980
3524.0000      -30849.435540
3528.0000      -30885.330892
3532.0000      -30908.269643
3536.0000      -30723.397686
3540.0000      -30837.478749
3544.0000      -30813.484651
3548.0000      -30856.505137
3552.0000      -30809.931203
3556.0000      -30751.616573
3560.0000      -30715.216785
3564.0000      -30893.776992
3568.0000      -31043.748831
3572.0000      -30947.360934
3576.0000      -30917.022365
3580.0000      -30888.042677
3584.0000      -30853.408533
3588.0000      -30848.456336
3592.0000      -30819.453987
3596.0000      -30894.057888
3600.0000      -30949.509973
3604.0000      -30856.900463
3608.0000      -30828.656594
3612.0000      -30889.651405
3616.0000      -30976.030668
3620.0000      -30949.653342
3624.0000      -30842.333160
3628.0000      -30990.093107
3632.0000      -30760.765395
3636.0000      -30831.956842
3640.0000      -30895.024142
3644.0000      -30933.299924
3648.0000      -30863.436003
3652.0000      -30809.652696
3656.0000      -30916.596598
3660.0000      -30864.741000
3664.0000      -30853.591766
3668.0000      -30850.764869
3672.0000      -30866.236192
3676.0000      -30865.708878
3680.0000      -30961.311596
3684.0000      -30890.900084
3688.0000      -30761.262575
3692.0000      -30912.182839
3696.0000      -30781.502221
3700.0000      -30840.127272
3704.0000      -30858.478928
3708.0000      -30852.947782
3712.0000      -31014.725514
3716.0000      -31066.108952
3720.0000      -30948.289487
3724.0000      -30663.323203
3728.0000      -30839.383374
3732.0000      -30849.604986
3736.0000      -30886.002891
3740.0000      -30841.764919
3744.0000      -30977.087118
3748.0000      -30902.889020
3752.0000      -30807.881157
3756.0000      -30734.740576
3760.0000      -30814.566790
3764.0000      -30872.610375
3768.0000      -30859.534729
3772.0000      -30928.125874
3776.0000      -31047.153099
3780.0000      -30864.377078
3784.0000      -30927.166972
3788.0000      -31032.495111
3792.0000      -30941.619740
3796.0000      -31005.055329
3800.0000      -30902.843001
3804.0000      -30731.700059
3808.0000      -30837.056981
3812.0000      -30819.049163
3816.0000      -30761.640360
3820.0000      -30897.512076
3824.0000      -30977.450178
3828.0000      -30873.042855
3832.0000      -30742.241709
3836.0000      -30856.104292
3840.0000      -30831.894647
3844.0000      -30849.665194
3848.0000      -30947.581771
3852.0000      -30978.706983
3856.0000      -31079.580408
3860.0000      -30875.231451
3864.0000      -30878.326825
3868.0000      -30989.805019
3872.0000      -30993.952567
3876.0000      -30973.514525
3880.0000      -30900.109146
3884.0000      -30785.164329
3888.0000      -30917.675006
3892.0000      -30994.870300
3896.0000      -31019.174180
3900.0000      -30891.680339
3904.0000      -30842.564103
3908.0000      -30880.843304
3912.0000      -30927.190050
3916.0000      -30813.055038
3920.0000      -30844.851715
3924.0000      -30962.491760
3928.0000      -30911.606567
3932.0000      -30958.174292
3936.0000      -30949.477907
3940.0000      -30976.257629
3944.0000      -30819.085210
3948.0000      -30781.654443
3952.0000      -30842.532488
3956.0000      -30854.041555
3960.0000      -30835.417739
3964.0000      -31033.600072
3968.0000      -30910.955668
3972.0000      -30892.684877
3976.0000      -30785.763998
3980.0000      -30793.234447
3984.0000      -31075.566581
3988.0000      -31024.844930
3992.0000      -30794.011671
3996.0000      -30826.907633
4000.0000      -30820.167868
4004.0000      -30820.167868
