4.0000      -30854.959569
8.0000      -30909.685256
12.0000      -30785.350490
16.0000      -30832.947467
20.0000      -30840.019449
24.0000      -30967.810237
28.0000      -30828.866307
32.0000      -30811.405549
36.0000      -30997.728859
40.0000      -30850.873494
44.0000      -30863.047246
48.0000      -30902.748556
52.0000      -30831.891852
56.0000      -30823.043941
60.0000      -30848.339782
64.0000      -30838.367733
68.0000      -30766.253110
72.0000      -31114.340325
76.0000      -30846.946424
80.0000      -30958.934021
84.0000      -30801.253568
88.0000      -30787.186353
92.0000      -31030.286819
96.0000      -30951.546028
100.0000      -30978.283574
104.0000      -31013.945921
108.0000      -30944.262170
112.0000      -30813.454950
116.0000      -30902.250278
120.0000      -30825.127014
124.0000      -30910.904477
128.0000      -30892.164653
132.0000      -30871.705043
136.0000      -30905.037178
140.0000      -30968.736592
144.0000      -30857.053445
148.0000      -31034.551551
152.0000      -30814.921234
156.0000      -30813.892973
160.0000      -30926.068885
164.0000      -31044.627892
168.0000      -30751.049312
172.0000      -31066.843115
176.0000      -30874.587237
180.0000      -30867.329930
184.0000      -30830.343815
188.0000      -30921.669355
192.0000      -31090.654792
196.0000      -30991.113413
200.0000      -30898.552068
204.0000      -30875.237985
208.0000      -30786.787733
212.0000      -30984.481731
216.0000      -30921.453088
220.0000      -30945.925365
224.0000      -31089.232619
228.0000      -30850.137811
232.0000      -30933.915425
236.0000      -30908.667575
240.0000      -30974.441519
244.0000      -30778.472259
248.0000      -30919.058085
252.0000      -30987.788417
256.0000      -30899.647974
260.0000      -30889.809691
264.0000      -30803.683025
268.0000      -30992.757959
272.0000      -30905.879533
276.0000      -30798.072268
280.0000      -31170.911841
284.0000      -30970.671917
288.0000      -30996.558128
292.0000      -31033.849809
296.0000      -31083.913945
300.0000      -31034.346204
304.0000      -30985.309857
308.0000      -30831.251310
312.0000      -30839.242738
316.0000      -30936.095483
320.0000      -30957.911767
324.0000      -30750.312864
328.0000      -30918.181489
332.0000      -30890.486503
336.0000      -31036.073812
340.0000      -31069.491564
344.0000      -30919.213851
348.0000      -31002.420627
352.0000      -30723.921101
356.0000      -30911.347685
360.0000      -30938.250806
364.0000      -30830.590805
368.0000      -30885.303215
372.0000      -30991.989316
376.0000      -30940.474109
380.0000      -30901.628285
384.0000      -30876.567556
388.0000      -30747.777856
392.0000      -30870.651003
396.0000      -30862.452777
400.0000      -30938.265679
404.0000      -30852.573151
408.0000      -30791.194175
412.0000      -30886.712591
416.0000      -30919.970108
420.0000      -30939.489833
424.0000      -31015.962934
428.0000      -31031.157921
432.0000      -30948.474498
436.0000      -30901.931647
440.0000      -30863.074636
444.0000      -30870.380367
448.0000      -30794.092088
452.0000      -30702.078374
456.0000      -31007.906667
460.0000      -30722.762101
464.0000      -31028.593822
468.0000      -30884.742035
472.0000      -30974.189299
476.0000      -30849.619916
480.0000      -30688.020030
484.0000      -30880.732555
488.0000      -30943.003057
492.0000      -31153.771728
496.0000      -30834.263144
500.0000      -30892.486548
504.0000      -30839.534935
508.0000      -30955.822144
512.0000      -30956.287445
516.0000      -30939.821435
520.0000      -30899.610702
524.0000      -30939.987723
528.0000      -30867.834100
532.0000      -30896.229499
536.0000      -30827.251494
540.0000      -30837.259712
544.0000      -30882.349587
548.0000      -30886.248658
552.0000      -30805.857165
556.0000      -30956.834782
560.0000      -31019.219090
564.0000      -30987.065469
568.0000      -30875.121087
572.0000      -30825.950464
576.0000      -30929.694484
580.0000      -30940.077482
584.0000      -31073.832719
588.0000      -30965.985646
592.0000      -30826.637643
596.0000      -30877.925576
600.0000      -30952.812632
604.0000      -30829.811548
608.0000      -30822.071365
612.0000      -30929.557519
616.0000      -30795.764689
620.0000      -30887.883360
624.0000      -30956.208653
628.0000      -30991.419114
632.0000      -30890.050772
636.0000      -30946.035308
640.0000      -30977.058085
644.0000      -30903.186292
648.0000      -30934.464930
652.0000      -30904.901446
656.0000      -30860.219211
660.0000      -30950.058230
664.0000      -30942.546203
668.0000      -30924.250393
672.0000      -30898.789561
676.0000      -30873.058036
680.0000      -30916.192262
684.0000      -30998.039352
688.0000      -30926.919541
692.0000      -31109.645757
696.0000      -30843.019695
700.0000      -30877.558897
704.0000      -30840.540353
708.0000      -30941.795179
712.0000      -30914.184191
716.0000      -30828.557604
720.0000      -30879.337237
724.0000      -30794.636100
728.0000      -30850.359221
732.0000      -30818.043566
736.0000      -30875.271270
740.0000      -30836.405813
744.0000      -30873.434192
748.0000      -30927.123548
752.0000      -30870.611195
756.0000      -30943.087974
760.0000      -31039.214133
764.0000      -30685.816083
768.0000      -30910.452002
772.0000      -31032.207970
776.0000      -30886.472267
780.0000      -30868.828316
784.0000      -30999.000248
788.0000      -30851.343007
792.0000      -30901.775984
796.0000      -31047.751067
800.0000      -30898.578040
804.0000      -31166.415631
808.0000      -30954.091625
812.0000      -30921.079948
816.0000      -31164.958392
820.0000      -30911.715362
824.0000      -31010.766855
828.0000      -31028.491032
832.0000      -31042.109495
836.0000      -30952.129196
840.0000      -31033.101822
844.0000      -30868.556500
848.0000      -30852.104866
852.0000      -30885.772304
856.0000      -30928.018016
860.0000      -30847.285237
864.0000      -30767.645676
868.0000      -31014.181421
872.0000      -30789.510506
876.0000      -30673.679658
880.0000      -30803.651348
884.0000      -30971.345318
888.0000      -30873.497808
892.0000      -30863.034029
896.0000      -30870.997552
900.0000      -30900.225361
904.0000      -31086.508685
908.0000      -30909.410533
912.0000      -30871.087472
916.0000      -30860.504821
920.0000      -30847.595849
924.0000      -30838.361954
928.0000      -30833.406100
932.0000      -30854.855961
936.0000      -30872.835749
940.0000      -30960.507948
944.0000      -30859.364663
948.0000      -30914.643219
952.0000      -30865.249595
956.0000      -30945.015839
960.0000      -30833.722640
964.0000      -30947.353043
968.0000      -30829.533034
972.0000      -30896.288884
976.0000      -30898.738105
980.0000      -30875.797673
984.0000      -30962.130668
988.0000      -31016.466876
992.0000      -30985.595339
996.0000      -30935.338937
1000.0000      -31020.046119
1004.0000      -30752.108816
1008.0000      -30890.401787
1012.0000      -31025.527025
1016.0000      -30987.512993
1020.0000      -31058.665319
1024.0000      -30806.161680
1028.0000      -31033.431636
1032.0000      -30834.411002
1036.0000      -30948.954124
1040.0000      -30760.754051
1044.0000      -30863.184521
1048.0000      -30773.537731
1052.0000      -30895.460400
1056.0000      -30762.800594
1060.0000      -31014.304855
1064.0000      -30816.894173
1068.0000      -30910.560827
1072.0000      -30916.163004
1076.0000      -30754.041583
1080.0000      -31014.749518
1084.0000      -30884.216780
1088.0000      -31037.529062
1092.0000      -30803.390166
1096.0000      -30983.172229
1100.0000      -30927.307806
1104.0000      -31012.507373
1108.0000      -30837.209656
1112.0000      -30831.500910
1116.0000      -30910.066493
1120.0000      -31051.896612
1124.0000      -30951.841097
1128.0000      -31032.290556
1132.0000      -31107.316930
1136.0000      -30814.856504
1140.0000      -30901.340706
1144.0000      -30996.426411
1148.0000      -31058.265908
1152.0000      -31002.288535
1156.0000      -30868.855994
1160.0000      -31045.959401
1164.0000      -30998.209816
1168.0000      -30899.273268
1172.0000      -31057.630051
1176.0000      -30950.627826
1180.0000      -30799.467742
1184.0000      -30861.035625
1188.0000      -30849.651502
1192.0000      -30890.747569
1196.0000      -30903.093835
1200.0000      -30908.147856
1204.0000      -30966.770848
1208.0000      -30836.719319
1212.0000      -30990.733080
1216.0000      -30758.997695
1220.0000      -30797.409253
1224.0000      -30896.661388
1228.0000      -30883.885525
1232.0000      -30990.979272
1236.0000      -30971.634376
1240.0000      -30961.683791
1244.0000      -30815.381619
1248.0000      -30965.941584
1252.0000      -30879.229915
1256.0000      -30911.880418
1260.0000      -30967.371042
1264.0000      -30842.203034
1268.0000      -30988.293180
1272.0000      -31137.674232
1276.0000      -30806.125001
1280.0000      -30979.281170
1284.0000      -30900.623217
1288.0000      -30910.865083
1292.0000      -30804.414342
1296.0000      -30719.281670
1300.0000      -30863.862989
1304.0000      -30820.726355
1308.0000      -31052.546091
1312.0000      -30750.096867
1316.0000      -30912.938340
1320.0000      -30944.379349
1324.0000      -30886.800944
1328.0000      -30887.985047
1332.0000      -30922.164447
1336.0000      -30926.149938
1340.0000      -30928.724444
1344.0000      -30949.110151
1348.0000      -30927.952022
1352.0000      -30942.072902
1356.0000      -30944.393346
1360.0000      -31013.999408
1364.0000      -30989.968050
1368.0000      -30865.110663
1372.0000      -30927.552809
1376.0000      -31027.548884
1380.0000      -30918.145305
1384.0000      -30839.366630
1388.0000      -30883.563592
1392.0000      -30819.424321
1396.0000      -30851.341155
1400.0000      -30794.390662
1404.0000      -30799.367254
1408.0000      -30867.184277
1412.0000      -30797.569793
1416.0000      -30890.861396
1420.0000      -31051.274700
1424.0000      -31023.392233
1428.0000      -30855.156111
1432.0000      -30811.674702
1436.0000      -30836.829625
1440.0000      -31015.297014
1444.0000      -30861.726904
1448.0000      -30823.667367
1452.0000      -30842.930116
1456.0000      -30904.777661
1460.0000      -30758.662601
1464.0000      -30722.167737
1468.0000      -31014.503944
1472.0000      -30988.175410
1476.0000      -30755.603025
1480.0000      -30834.501125
1484.0000      -31005.375395
1488.0000      -31025.975385
1492.0000      -30929.560463
1496.0000      -30846.336532
1500.0000      -30885.131951
1504.0000      -30812.188890
1508.0000      -30820.992180
1512.0000      -30838.774504
1516.0000      -30886.760675
1520.0000      -30981.946830
1524.0000      -30800.451463
1528.0000      -30906.067092
1532.0000      -31115.334424
1536.0000      -30884.634341
1540.0000      -30891.050707
1544.0000      -30917.476750
1548.0000      -30900.537930
1552.0000      -30849.980898
1556.0000      -30833.049298
1560.0000      -30968.436093
1564.0000      -30793.644089
1568.0000      -30713.464936
1572.0000      -30798.695463
1576.0000      -30918.655275
1580.0000      -31014.941442
1584.0000      -30680.938869
1588.0000      -30967.910762
1592.0000      -31088.840078
1596.0000      -30972.993484
1600.0000      -31035.554525
1604.0000      -30935.008838
1608.0000      -30979.625452
1612.0000      -31082.289074
1616.0000      -30964.262609
1620.0000      -30903.590010
1624.0000      -30769.178944
1628.0000      -31002.514435
1632.0000      -30902.774362
1636.0000      -30941.601210
1640.0000      -30794.419425
1644.0000      -30819.876995
1648.0000      -31026.922581
1652.0000      -30945.050879
1656.0000      -30953.436509
1660.0000      -30908.387120
1664.0000      -30973.303636
1668.0000      -30755.982612
1672.0000      -30943.443524
1676.0000      -30932.004847
1680.0000      -30980.567317
1684.0000      -30950.333026
1688.0000      -30811.535260
1692.0000      -30791.175375
1696.0000      -30949.128074
1700.0000      -30962.617392
1704.0000      -30712.011370
1708.0000      -31110.739837
1712.0000      -31002.831827
1716.0000      -30925.930259
1720.0000      -30988.718951
1724.0000      -31027.095727
1728.0000      -31011.191427
1732.0000      -31021.621229
1736.0000      -30910.325888
1740.0000      -30768.436251
1744.0000      -30840.194135
1748.0000      -30736.327674
1752.0000      -30858.286462
1756.0000      -30864.963314
1760.0000      -30977.757061
1764.0000      -30843.273083
1768.0000      -30874.599197
1772.0000      -30815.545237
1776.0000      -31017.197501
1780.0000      -30927.398024
1784.0000      -30942.698332
1788.0000      -30714.806905
1792.0000      -30725.474295
1796.0000      -30861.570973
1800.0000      -30784.002135
1804.0000      -30885.330951
1808.0000      -30909.974904
1812.0000      -30971.280568
1816.0000      -30997.993804
1820.0000      -30799.623134
1824.0000      -30843.523551
1828.0000      -30846.814926
1832.0000      -30932.840908
1836.0000      -30821.286052
1840.0000      -30896.747977
1844.0000      -31130.567632
1848.0000      -30964.799173
1852.0000      -31005.401810
1856.0000      -31013.485163
1860.0000      -30778.550397
1864.0000      -31022.728569
1868.0000      -30951.449121
1872.0000      -30833.744696
1876.0000      -31042.386120
1880.0000      -30860.537214
1884.0000      -30926.781911
1888.0000      -30895.807513
1892.0000      -30981.003946
1896.0000      -31071.296618
1900.0000      -31023.632928
1904.0000      -30947.916760
1908.0000      -30874.683831
1912.0000      -30778.449262
1916.0000      -31007.726556
1920.0000      -30873.164145
1924.0000      -31047.811115
1928.0000      -30925.972836
1932.0000      -30827.396217
1936.0000      -30998.447763
1940.0000      -30956.324728
1944.0000      -30845.639618
1948.0000      -31126.905683
1952.0000      -30732.899463
1956.0000      -30872.971715
1960.0000      -30915.194800
1964.0000      -31084.513795
1968.0000      -30875.987401
1972.0000      -31010.713655
1976.0000      -30922.516878
1980.0000      -30846.856968
1984.0000      -30887.860621
1988.0000      -30903.930435
1992.0000      -30767.205585
1996.0000      -30861.624298
2000.0000      -31038.493931
2004.0000      -30873.029446
2008.0000      -30971.801239
2012.0000      -31018.582336
2016.0000      -30985.031379
2020.0000      -31052.948308
2024.0000      -30889.737764
2028.0000      -30945.982006
2032.0000      -30916.756236
2036.0000      -31101.104641
2040.0000      -30953.696884
2044.0000      -30883.615482
2048.0000      -30996.596539
2052.0000      -30917.105319
2056.0000      -31004.087353
2060.0000      -30973.024051
2064.0000      -30752.639813
2068.0000      -30886.652353
2072.0000      -30988.876526
2076.0000      -31086.434803
2080.0000      -30851.646421
2084.0000      -30967.177880
2088.0000      -30879.719122
2092.0000      -30960.200529
2096.0000      -30946.362644
2100.0000      -30845.120496
2104.0000      -30735.718708
2108.0000      -30819.634884
2112.0000      -30959.512917
2116.0000      -30751.812720
2120.0000      -30974.430015
2124.0000      -30893.815022
2128.0000      -30991.133236
2132.0000      -31044.083250
2136.0000      -30920.594209
2140.0000      -30858.021254
2144.0000      -30912.551957
2148.0000      -31009.415020
2152.0000      -30948.963486
2156.0000      -31010.476918
2160.0000      -30955.436595
2164.0000      -31049.140397
2168.0000      -30841.749644
2172.0000      -30936.567629
2176.0000      -30959.559476
2180.0000      -30975.872920
2184.0000      -30972.799540
2188.0000      -30833.484948
2192.0000      -31015.301010
2196.0000      -30973.719109
2200.0000      -30885.942266
2204.0000      -30879.939943
2208.0000      -30914.967266
2212.0000      -30935.585677
2216.0000      -30800.286793
2220.0000      -30779.401114
2224.0000      -30771.997791
2228.0000      -30668.985057
2232.0000      -31072.722364
2236.0000      -30953.157052
2240.0000      -30859.501970
2244.0000      -30831.086427
2248.0000      -30956.694137
2252.0000      -31003.313102
2256.0000      -31016.151545
2260.0000      -30936.323910
2264.0000      -30983.075380
2268.0000      -30851.541222
2272.0000      -30899.108103
2276.0000      -31030.879465
2280.0000      -30865.592105
2284.0000      -31017.689480
2288.0000      -31074.877625
2292.0000      -30954.522033
2296.0000      -30946.098145
2300.0000      -30827.859228
2304.0000      -31056.186899
2308.0000      -30835.925798
2312.0000      -31053.376172
2316.0000      -31116.160017
2320.0000      -30902.862910
2324.0000      -31121.141668
2328.0000      -30944.314643
2332.0000      -30886.978375
2336.0000      -30878.094584
2340.0000      -30853.952802
2344.0000      -30981.831688
2348.0000      -30939.416472
2352.0000      -30882.743792
2356.0000      -30924.798023
2360.0000      -30837.277744
2364.0000      -30768.942854
2368.0000      -30879.482795
2372.0000      -30871.097899
2376.0000      -31075.378830
2380.0000      -30892.342732
2384.0000      -30932.514692
2388.0000      -30775.425715
2392.0000      -30979.597063
2396.0000      -30811.047551
2400.0000      -30920.180684
2404.0000      -30898.597096
2408.0000      -30897.615260
2412.0000      -30999.714528
2416.0000      -30897.793761
2420.0000      -30965.835055
2424.0000      -30981.135562
2428.0000      -30941.128000
2432.0000      -30814.561725
2436.0000      -30943.195009
2440.0000      -30805.896941
2444.0000      -30739.207139
2448.0000      -30863.492063
2452.0000      -30997.367694
2456.0000      -30983.994338
2460.0000      -30973.423110
2464.0000      -30840.547753
2468.0000      -31026.132474
2472.0000      -30763.375799
2476.0000      -30900.564747
2480.0000      -30724.755416
2484.0000      -30848.909617
2488.0000      -30907.049782
2492.0000      -30795.106284
2496.0000      -30951.304329
2500.0000      -30945.657718
2504.0000      -31008.450728
2508.0000      -30902.843022
2512.0000      -30841.908737
2516.0000      -30952.901096
2520.0000      -31020.825187
2524.0000      -31003.960207
2528.0000      -30788.309834
2532.0000      -30911.764381
2536.0000      -30783.520379
2540.0000      -30926.624876
2544.0000      -30792.653118
2548.0000      -30861.271051
2552.0000      -30950.813166
2556.0000      -30780.188968
2560.0000      -30924.832021
2564.0000      -30818.022987
2568.0000      -30752.680368
2572.0000      -31005.192085
2576.0000      -30996.284804
2580.0000      -30892.580641
2584.0000      -30836.797167
2588.0000      -30966.811206
2592.0000      -30850.030929
2596.0000      -30843.554504
2600.0000      -30882.471893
2604.0000      -30884.495632
2608.0000      -30905.047255
2612.0000      -30967.660977
2616.0000      -30778.296689
2620.0000      -31039.357548
2624.0000      -31036.293057
2628.0000      -30913.251067
2632.0000      -30861.898118
2636.0000      -31023.778683
2640.0000      -30809.516300
2644.0000      -30874.738545
2648.0000      -30857.296667
2652.0000      -30882.055154
2656.0000      -30774.916580
2660.0000      -31028.817584
2664.0000      -30638.180220
2668.0000      -30799.590922
2672.0000      -31039.251387
2676.0000      -30893.126669
2680.0000      -30834.495844
2684.0000      -30848.004964
2688.0000      -31003.025658
2692.0000      -30711.018452
2696.0000      -30867.832376
2700.0000      -30927.722767
2704.0000      -31047.601930
2708.0000      -30830.306955
2712.0000      -30976.722382
2716.0000      -31024.378808
2720.0000      -31048.731150
2724.0000      -30882.046555
2728.0000      -31125.678908
2732.0000      -30880.971125
2736.0000      -30981.849819
2740.0000      -30948.775935
2744.0000      -30813.002086
2748.0000      -30925.097281
2752.0000      -30783.045331
2756.0000      -30860.986694
2760.0000      -30872.413865
2764.0000      -30993.032257
2768.0000      -30918.444078
2772.0000      -30820.329157
2776.0000      -30751.199597
2780.0000      -31026.797352
2784.0000      -30858.973525
2788.0000      -30827.369325
2792.0000      -31050.435771
2796.0000      -30921.814599
2800.0000      -30952.332095
2804.0000      -30781.902362
2808.0000      -30990.053073
2812.0000      -30981.750432
2816.0000      -30990.382805
2820.0000      -30800.357755
2824.0000      -30769.400499
2828.0000      -30983.655391
2832.0000      -30711.324156
2836.0000      -30906.280877
2840.0000      -31004.006260
2844.0000      -31092.662583
2848.0000      -30920.958198
2852.0000      -30936.074402
2856.0000      -30824.082153
2860.0000      -30751.250581
2864.0000      -30801.981347
2868.0000      -30910.146054
2872.0000      -30972.377131
2876.0000      -30988.542770
2880.0000      -30785.413103
2884.0000      -30881.328428
2888.0000      -30879.736407
2892.0000      -30905.397691
2896.0000      -30861.882954
2900.0000      -30950.226348
2904.0000      -30892.494650
2908.0000      -30947.268664
2912.0000      -30837.971775
2916.0000      -30846.856349
2920.0000      -30940.555764
2924.0000      -31021.274461
2928.0000      -30880.952191
2932.0000      -30758.558694
2936.0000      -30782.342691
2940.0000      -30874.940483
2944.0000      -30933.997106
2948.0000      -30883.758511
2952.0000      -30953.721008
2956.0000      -30953.862472
2960.0000      -30908.675305
2964.0000      -30899.382770
2968.0000      -31084.235670
2972.0000      -31063.839840
2976.0000      -31035.391196
2980.0000      -30783.657066
2984.0000      -30905.575333
2988.0000      -30954.191770
2992.0000      -30946.603890
2996.0000      -30909.142511
3000.0000      -30893.982228
3004.0000      -30936.325916
3008.0000      -30850.714463
3012.0000      -31017.362781
3016.0000      -30985.448411
3020.0000      -30876.862222
3024.0000      -30826.132805
3028.0000      -31014.553918
3032.0000      -30895.253553
3036.0000      -30740.045033
3040.0000      -30822.280120
3044.0000      -30972.983215
3048.0000      -30878.153788
3052.0000      -30884.734185
3056.0000      -30803.249563
3060.0000      -30910.478914
3064.0000      -30939.919033
3068.0000      -30967.525705
3072.0000      -30891.875426
3076.0000      -30871.944699
3080.0000      -30998.270743
3084.0000      -30958.375894
3088.0000      -30986.921547
3092.0000      -30733.746811
3096.0000      -30889.208491
3100.0000      -30755.216001
3104.0000      -30824.428708
3108.0000      -30877.989898
3112.0000      -30922.346155
3116.0000      -30949.121223
3120.0000      -30863.375501
3124.0000      -30878.214527
3128.0000      -30843.597004
3132.0000      -30887.616159
3136.0000      -30892.967898
3140.0000      -30994.383728
3144.0000      -30835.225762
3148.0000      -31004.892112
3152.0000      -30909.708098
3156.0000      -31004.660980
3160.0000      -31032.869757
3164.0000      -30935.552762
3168.0000      -31017.155193
3172.0000      -31087.774363
3176.0000      -30938.294732
3180.0000      -30908.498702
3184.0000      -30861.846056
3188.0000      -30893.813514
3192.0000      -31005.838429
3196.0000      -30775.705818
3200.0000      -30690.475374
3204.0000      -30834.952877
3208.0000      -30844.845315
3212.0000      -30903.105093
3216.0000      -30846.462493
3220.0000      -30894.144910
3224.0000      -31034.732085
3228.0000      -30858.163270
3232.0000      -30895.913921
3236.0000      -30746.538348
3240.0000      -30949.347053
3244.0000      -31011.715314
3248.0000      -30766.594830
3252.0000      -30944.226360
3256.0000      -30866.474863
3260.0000      -30697.594418
3264.0000      -30875.071846
3268.0000      -31062.587287
3272.0000      -30918.146561
3276.0000      -30838.701109
3280.0000      -30805.414498
3284.0000      -30930.531177
3288.0000      -30879.514764
3292.0000      -30843.872471
3296.0000      -30875.843033
3300.0000      -30824.494962
3304.0000      -30788.966743
3308.0000      -30926.261753
3312.0000      -30860.195864
3316.0000      -30794.327485
3320.0000      -30993.390425
3324.0000      -30901.687014
3328.0000      -30832.011079
3332.0000      -30936.729916
3336.0000      -30824.196317
3340.0000      -30956.850413
3344.0000      -31069.498467
3348.0000      -30779.510727
3352.0000      -30947.451913
3356.0000      -30898.360162
3360.0000      -30875.702207
3364.0000      -30980.220861
3368.0000      -30790.166614
3372.0000      -30790.530057
3376.0000      -30922.369502
3380.0000      -30950.150524
3384.0000      -30889.478338
3388.0000      -30792.054609
3392.0000      -30990.397469
3396.0000      -30720.163205
3400.0000      -30927.267982
3404.0000      -30950.926462
3408.0000      -30758.788536
3412.0000      -30886.202979
3416.0000      -30951.229849
3420.0000      -30846.040267
3424.0000      -30620.077347
3428.0000      -30770.171957
3432.0000      -31041.301729
3436.0000      -30920.087037
3440.0000      -30786.340273
3444.0000      -30894.358566
3448.0000      -30988.035881
3452.0000      -31030.858727
3456.0000      -30991.649692
3460.0000      -30923.148879
3464.0000      -31104.149557
3468.0000      -30781.145125
3472.0000      -30890.393020
3476.0000      -30858.050776
3480.0000      -31028.320192
3484.0000      -31070.304108
3488.0000      -30950.918072
3492.0000      -30854.629136
3496.0000      -30745.348407
3500.0000      -30964.436066
3504.0000      -30928.291361
3508.0000      -30769.778268
3512.0000      -30756.653295
3516.0000      -31033.963636
3520.0000      -30867.517590
3524.0000      -30885.085975
3528.0000      -30919.264954
3532.0000      -30937.562374
3536.0000      -30755.263277
3540.0000      -30872.659278
3544.0000      -30858.865186
3548.0000      -30889.013990
3552.0000      -30837.476735
3556.0000      -30793.304390
3560.0000      -30745.534128
3564.0000      -30922.734186
3568.0000      -31085.737977
3572.0000      -30980.483198
3576.0000      -30951.198698
3580.0000      -30919.752489
3584.0000      -30883.685398
3588.0000      -30883.099377
3592.0000      -30849.279509
3596.0000      -30926.147721
3600.0000      -30976.965488
3604.0000      -30885.975496
3608.0000      -30856.560920
3612.0000      -30918.696371
3616.0000      -31007.981547
3620.0000      -30988.897554
3624.0000      -30877.237560
3628.0000      -31024.160201
3632.0000      -30806.498051
3636.0000      -30871.851494
3640.0000      -30923.298148
3644.0000      -30965.837650
3648.0000      -30890.112362
3652.0000      -30843.907308
3656.0000      -30948.491601
3660.0000      -30894.502043
3664.0000      -30883.183390
3668.0000      -30878.774075
3672.0000      -30896.801924
3676.0000      -30905.310441
3680.0000      -30991.337638
3684.0000      -30923.388458
3688.0000      -30803.924138
3692.0000      -30941.574291
3696.0000      -30819.842186
3700.0000      -30877.737337
3704.0000      -30889.066048
3708.0000      -30882.827517
3712.0000      -31043.692122
3716.0000      -31104.258567
3720.0000      -30989.815711
3724.0000      -30692.761015
3728.0000      -30872.427749
3732.0000      -30885.948930
3736.0000      -30923.724905
3740.0000      -30869.807276
3744.0000      -31008.502903
3748.0000      -30932.992863
3752.0000      -30837.364985
3756.0000      -30775.748693
3760.0000      -30845.940412
3764.0000      -30903.343693
3768.0000      -30900.857827
3772.0000      -30962.517991
3776.0000      -31074.972822
3780.0000      -30895.668436
3784.0000      -30960.858520
3788.0000      -31060.863630
3792.0000      -30973.742022
3796.0000      -31035.420661
3800.0000      -30941.675389
3804.0000      -30761.028855
3808.0000      -30874.949930
3812.0000      -30858.046790
3816.0000      -30791.322785
3820.0000      -30925.717428
3824.0000      -31011.717889
3828.0000      -30909.825130
3832.0000      -30781.140341
3836.0000      -30885.236743
3840.0000      -30864.841139
3844.0000      -30875.958949
3848.0000      -30977.361288
3852.0000      -31010.249229
3856.0000      -31109.475451
3860.0000      -30901.198465
3864.0000      -30921.929536
3868.0000      -31021.535831
3872.0000      -31031.700813
3876.0000      -31004.912731
3880.0000      -30927.983896
3884.0000      -30823.576521
3888.0000      -30955.189665
3892.0000      -31027.621635
3896.0000      -31057.639541
3900.0000      -30923.538210
3904.0000      -30878.632792
3908.0000      -30914.579340
3912.0000      -30963.418348
3916.0000      -30852.397727
3920.0000      -30875.385862
3924.0000      -30996.915689
3928.0000      -30943.412241
3932.0000      -30994.911221
3936.0000      -30976.306192
3940.0000      -31007.914776
3944.0000      -30845.322347
3948.0000      -30836.832086
3952.0000      -30868.958533
3956.0000      -30887.127695
3960.0000      -30861.213714
3964.0000      -31064.188649
3968.0000      -30950.914221
3972.0000      -30922.757629
3976.0000      -30817.669229
3980.0000      -30827.056367
3984.0000      -31124.353083
3988.0000      -31065.036314
3992.0000      -30828.959080
3996.0000      -30859.994205
4000.0000      -30852.504131
4004.0000      -30852.504131
