4.0000      -30765.046758
8.0000      -30822.096818
12.0000      -30845.792597
16.0000      -30911.532090
20.0000      -30769.498567
24.0000      -30707.959743
28.0000      -30871.181904
32.0000      -31006.938623
36.0000      -30920.529528
40.0000      -30963.821070
44.0000      -30819.007784
48.0000      -30881.078310
52.0000      -30980.505665
56.0000      -30980.772330
60.0000      -30912.795754
64.0000      -30916.465980
68.0000      -30931.487440
72.0000      -30923.414103
76.0000      -30897.173432
80.0000      -30899.563382
84.0000      -30812.968604
88.0000      -30986.602524
92.0000      -30878.903576
96.0000      -30852.168898
100.0000      -30851.770869
104.0000      -30923.296748
108.0000      -31000.656911
112.0000      -30799.456019
116.0000      -30767.479559
120.0000      -30881.544875
124.0000      -30945.749098
128.0000      -30878.188569
132.0000      -30812.723452
136.0000      -30896.301795
140.0000      -30939.408370
144.0000      -31066.553271
148.0000      -30874.336446
152.0000      -31041.680149
156.0000      -30995.349959
160.0000      -30892.382439
164.0000      -31090.349174
168.0000      -30827.409206
172.0000      -31068.524415
176.0000      -30909.756015
180.0000      -30929.627269
184.0000      -30809.427795
188.0000      -30784.605259
192.0000      -30781.950934
196.0000      -30854.686931
200.0000      -30974.544410
204.0000      -30982.008580
208.0000      -31000.089863
212.0000      -30970.613632
216.0000      -30796.110549
220.0000      -31017.474123
224.0000      -30877.639840
228.0000      -30887.891200
232.0000      -30929.941302
236.0000      -31133.323118
240.0000      -31025.148384
244.0000      -31021.212782
248.0000      -30804.002383
252.0000      -30933.124364
256.0000      -30947.449545
260.0000      -30996.352526
264.0000      -31010.596771
268.0000      -30786.911861
272.0000      -30876.327068
276.0000      -30902.624729
280.0000      -30889.310285
284.0000      -30895.120330
288.0000      -31084.607440
292.0000      -30895.227872
296.0000      -31055.270938
300.0000      -30811.307084
304.0000      -30878.053983
308.0000      -30962.495213
312.0000      -30989.068626
316.0000      -30709.314958
320.0000      -30901.183962
324.0000      -30885.062616
328.0000      -30868.583825
332.0000      -30790.820566
336.0000      -30972.194866
340.0000      -30940.061377
344.0000      -31019.063909
348.0000      -30835.186063
352.0000      -30918.944471
356.0000      -30901.770171
360.0000      -31008.380223
364.0000      -30830.414363
368.0000      -30925.243628
372.0000      -30731.009200
376.0000      -30875.407237
380.0000      -30933.584163
384.0000      -30839.952768
388.0000      -30997.450774
392.0000      -30861.990570
396.0000      -31167.865377
400.0000      -30960.287143
404.0000      -30908.649186
408.0000      -30939.071973
412.0000      -30986.440176
416.0000      -30975.011681
420.0000      -30994.714588
424.0000      -30875.830135
428.0000      -30944.686271
432.0000      -30912.604278
436.0000      -30910.725111
440.0000      -31036.348308
444.0000      -31011.131893
448.0000      -31001.060455
452.0000      -31039.809906
456.0000      -31048.694357
460.0000      -30814.574023
464.0000      -30951.990222
468.0000      -31141.275728
472.0000      -30807.898495
476.0000      -30976.359691
480.0000      -31077.296110
484.0000      -30881.259996
488.0000      -31043.385183
492.0000      -30934.243085
496.0000      -30962.338856
500.0000      -30790.181419
504.0000      -30836.218961
508.0000      -31036.900172
512.0000      -31039.468890
516.0000      -31107.993300
520.0000      -30902.233503
524.0000      -31048.735437
528.0000      -30974.535798
532.0000      -30988.801937
536.0000      -30942.513411
540.0000      -30965.589161
544.0000      -30935.526475
548.0000      -30909.338645
552.0000      -30823.642641
556.0000      -30954.936142
560.0000      -30765.235150
564.0000      -30975.184579
568.0000      -30951.927907
572.0000      -30872.015693
576.0000      -30868.105198
580.0000      -30971.222461
584.0000      -31076.550971
588.0000      -30920.555810
592.0000      -31014.983287
596.0000      -30977.722277
600.0000      -30865.502692
604.0000      -30806.614223
608.0000      -30915.621014
612.0000      -30838.293933
616.0000      -30951.252653
620.0000      -30832.456533
624.0000      -30884.767730
628.0000      -30951.271605
632.0000      -30972.659685
636.0000      -30957.491047
640.0000      -30972.417634
644.0000      -30892.932519
648.0000      -30869.626720
652.0000      -30884.986614
656.0000      -30975.116559
660.0000      -30789.274958
664.0000      -30789.220973
668.0000      -30863.449854
672.0000      -30958.465204
676.0000      -30952.037565
680.0000      -30998.709261
684.0000      -30848.719094
688.0000      -30992.713060
692.0000      -30990.455567
696.0000      -31125.046771
700.0000      -30994.676858
704.0000      -30934.977386
708.0000      -30764.431290
712.0000      -30938.054753
716.0000      -31003.211696
720.0000      -31069.845155
724.0000      -30949.079623
728.0000      -30833.461131
732.0000      -30850.961141
736.0000      -30899.709097
740.0000      -30839.339762
744.0000      -30959.622026
748.0000      -31023.035572
752.0000      -30888.259356
756.0000      -30849.405728
760.0000      -30864.576479
764.0000      -30853.668946
768.0000      -30699.849741
772.0000      -30895.278037
776.0000      -30806.224942
780.0000      -30846.595136
784.0000      -30941.432015
788.0000      -30840.949426
792.0000      -30906.318568
796.0000      -30909.017832
800.0000      -30999.600961
804.0000      -30927.576829
808.0000      -30880.973221
812.0000      -30895.875715
816.0000      -30994.081949
820.0000      -30993.396338
824.0000      -30922.901912
828.0000      -31062.326682
832.0000      -30877.928952
836.0000      -30886.489676
840.0000      -30986.902748
844.0000      -31015.195480
848.0000      -30843.187940
852.0000      -30852.493095
856.0000      -30959.520451
860.0000      -30901.343259
864.0000      -31103.193314
868.0000      -30981.715436
872.0000      -30894.070392
876.0000      -30984.561777
880.0000      -30870.506455
884.0000      -30864.546625
888.0000      -30990.516705
892.0000      -30952.559789
896.0000      -30909.333310
900.0000      -30891.017905
904.0000      -30896.804274
908.0000      -31009.576329
912.0000      -30877.829518
916.0000      -30830.471313
920.0000      -30954.063877
924.0000      -30812.611837
928.0000      -31018.730038
932.0000      -30924.075978
936.0000      -30992.148987
940.0000      -30956.114929
944.0000      -30836.103246
948.0000      -30863.032227
952.0000      -30966.406671
956.0000      -30981.120681
960.0000      -31115.537978
964.0000      -30929.770772
968.0000      -30839.360374
972.0000      -30834.295390
976.0000      -30905.178439
980.0000      -30905.227901
984.0000      -30843.141411
988.0000      -30850.755741
992.0000      -30821.382466
996.0000      -30886.336127
1000.0000      -31105.437469
1004.0000      -30916.767181
1008.0000      -30927.642053
1012.0000      -30934.804255
1016.0000      -30880.395242
1020.0000      -31078.175123
1024.0000      -30889.470424
1028.0000      -30858.538999
1032.0000      -30768.103328
1036.0000      -30854.233160
1040.0000      -31021.479606
1044.0000      -30951.439559
1048.0000      -31047.555595
1052.0000      -30829.349847
1056.0000      -30929.582768
1060.0000      -30800.223238
1064.0000      -30747.248272
1068.0000      -31069.278128
1072.0000      -31007.652743
1076.0000      -30855.516701
1080.0000      -30849.678888
1084.0000      -30972.746326
1088.0000      -30778.433941
1092.0000      -30939.908024
1096.0000      -30775.176111
1100.0000      -30906.395146
1104.0000      -30996.088859
1108.0000      -30871.929652
1112.0000      -30890.080448
1116.0000      -30746.674547
1120.0000      -31004.991635
1124.0000      -30914.238081
1128.0000      -30897.349043
1132.0000      -30860.980850
1136.0000      -30999.129340
1140.0000      -30913.509310
1144.0000      -30850.809231
1148.0000      -30821.673187
1152.0000      -30889.965528
1156.0000      -30950.836211
1160.0000      -30780.683662
1164.0000      -30901.938930
1168.0000      -30849.457886
1172.0000      -30899.994030
1176.0000      -30937.150287
1180.0000      -30904.971247
1184.0000      -31064.387240
1188.0000      -31220.470381
1192.0000      -30765.792351
1196.0000      -30983.182267
1200.0000      -30917.115943
1204.0000      -30732.263672
1208.0000      -30862.981914
1212.0000      -30852.957496
1216.0000      -31050.218403
1220.0000      -30915.106607
1224.0000      -30783.410320
1228.0000      -30960.196838
1232.0000      -30928.545690
1236.0000      -30894.993868
1240.0000      -31086.499878
1244.0000      -30820.541421
1248.0000      -30848.393380
1252.0000      -31020.523774
1256.0000      -30940.132375
1260.0000      -30954.558455
1264.0000      -30788.209650
1268.0000      -30718.264601
1272.0000      -30938.367779
1276.0000      -31061.184385
1280.0000      -30921.454385
1284.0000      -30961.114227
1288.0000      -31054.805706
1292.0000      -30941.844573
1296.0000      -30827.476593
1300.0000      -30772.609792
1304.0000      -30957.286078
1308.0000      -30954.403213
1312.0000      -30845.167659
1316.0000      -30883.834130
1320.0000      -30892.361325
1324.0000      -30955.221252
1328.0000      -30940.555782
1332.0000      -30849.425054
1336.0000      -30649.182817
1340.0000      -31042.468876
1344.0000      -30906.984906
1348.0000      -30792.696263
1352.0000      -30987.945671
1356.0000      -30996.927845
1360.0000      -30692.206057
1364.0000      -30933.412435
1368.0000      -30886.799847
1372.0000      -30971.203134
1376.0000      -30905.966494
1380.0000      -30899.840766
1384.0000      -31072.955325
1388.0000      -30898.475621
1392.0000      -30798.311796
1396.0000      -30927.585307
1400.0000      -30914.649984
1404.0000      -30959.058598
1408.0000      -31073.005390
1412.0000      -30867.207547
1416.0000      -30881.355810
1420.0000      -30893.875015
1424.0000      -31101.625518
1428.0000      -30956.893984
1432.0000      -30922.604551
1436.0000      -30967.995269
1440.0000      -30876.366125
1444.0000      -30858.872216
1448.0000      -30836.151180
1452.0000      -31120.691588
1456.0000      -30910.910881
1460.0000      -30927.892250
1464.0000      -30992.569493
1468.0000      -30968.021638
1472.0000      -30885.512394
1476.0000      -30970.798496
1480.0000      -30963.187571
1484.0000      -31008.683410
1488.0000      -30809.516155
1492.0000      -30883.940442
1496.0000      -30965.283685
1500.0000      -30948.669572
1504.0000      -30983.935610
1508.0000      -30878.872780
1512.0000      -30778.057991
1516.0000      -30962.282681
1520.0000      -30938.189726
1524.0000      -30878.619462
1528.0000      -30740.446692
1532.0000      -30929.914090
1536.0000      -30811.022716
1540.0000      -30903.638509
1544.0000      -30985.746218
1548.0000      -30879.476786
1552.0000      -30832.154406
1556.0000      -30848.409277
1560.0000      -31239.604993
1564.0000      -30972.236005
1568.0000      -30797.789730
1572.0000      -31012.773276
1576.0000      -30982.940069
1580.0000      -30963.272465
1584.0000      -30826.675856
1588.0000      -30902.428225
1592.0000      -30798.076550
1596.0000      -30778.095419
1600.0000      -30902.402381
1604.0000      -30874.881902
1608.0000      -30879.902272
1612.0000      -31067.056524
1616.0000      -30899.060719
1620.0000      -30856.466691
1624.0000      -30880.198739
1628.0000      -30956.303640
1632.0000      -30792.939780
1636.0000      -30987.564164
1640.0000      -31016.231005
1644.0000      -30898.769408
1648.0000      -30906.777503
1652.0000      -30956.844051
1656.0000      -30968.483172
1660.0000      -30950.603286
1664.0000      -30916.904877
1668.0000      -31005.456578
1672.0000      -30900.932305
1676.0000      -30835.677220
1680.0000      -30806.116600
1684.0000      -30798.998719
1688.0000      -30928.038150
1692.0000      -31083.231775
1696.0000      -30892.470985
1700.0000      -30939.533309
1704.0000      -30832.849647
1708.0000      -30775.602356
1712.0000      -30925.136641
1716.0000      -30879.196430
1720.0000      -30897.797497
1724.0000      -31014.911510
1728.0000      -31078.656600
1732.0000      -30787.961553
1736.0000      -31066.233620
1740.0000      -30826.386434
1744.0000      -30914.000807
1748.0000      -31053.527669
1752.0000      -30744.241363
1756.0000      -31040.342643
1760.0000      -30906.755593
1764.0000      -30810.586945
1768.0000      -30834.496397
1772.0000      -30938.752422
1776.0000      -30943.182270
1780.0000      -30859.214362
1784.0000      -30777.522493
1788.0000      -31005.505048
1792.0000      -31089.297170
1796.0000      -30899.152563
1800.0000      -31075.827362
1804.0000      -30898.201975
1808.0000      -30927.686406
1812.0000      -30879.353727
1816.0000      -30896.207057
1820.0000      -30936.103821
1824.0000      -30927.217467
1828.0000      -30977.206289
1832.0000      -30996.870297
1836.0000      -30963.046323
1840.0000      -31022.470421
1844.0000      -31016.077098
1848.0000      -30846.862405
1852.0000      -30940.885474
1856.0000      -30968.691940
1860.0000      -30901.628987
1864.0000      -30820.780212
1868.0000      -30843.083248
1872.0000      -30712.912464
1876.0000      -30792.392118
1880.0000      -30811.987405
1884.0000      -30752.053847
1888.0000      -30878.709112
1892.0000      -30720.565565
1896.0000      -30912.760011
1900.0000      -30792.936807
1904.0000      -30892.990018
1908.0000      -30807.329112
1912.0000      -30939.548596
1916.0000      -30919.167107
1920.0000      -30944.872015
1924.0000      -30806.947066
1928.0000      -30974.357118
1932.0000      -30784.953331
1936.0000      -31123.587004
1940.0000      -31022.308001
1944.0000      -31076.795642
1948.0000      -30984.151090
1952.0000      -30937.877888
1956.0000      -30772.207973
1960.0000      -31053.704988
1964.0000      -30966.967786
1968.0000      -30985.967778
1972.0000      -30931.040122
1976.0000      -31022.644953
1980.0000      -31036.614245
1984.0000      -30877.375971
1988.0000      -30971.977214
1992.0000      -30943.324901
1996.0000      -30923.933353
2000.0000      -30912.106664
2004.0000      -31117.334960
2008.0000      -30920.713864
2012.0000      -31002.914917
2016.0000      -30985.493698
2020.0000      -30924.270063
2024.0000      -30904.186925
2028.0000      -31021.348642
2032.0000      -30794.210713
2036.0000      -30916.700075
2040.0000      -30886.504967
2044.0000      -30971.090645
2048.0000      -31052.910731
2052.0000      -31062.571484
2056.0000      -30871.778590
2060.0000      -30861.062034
2064.0000      -30947.638495
2068.0000      -30920.304702
2072.0000      -30899.678640
2076.0000      -30947.274981
2080.0000      -30959.333013
2084.0000      -30948.059762
2088.0000      -31081.830896
2092.0000      -30914.384497
2096.0000      -30744.066649
2100.0000      -30929.871943
2104.0000      -30967.544175
2108.0000      -30919.394857
2112.0000      -30922.308026
2116.0000      -30810.202165
2120.0000      -31022.397460
2124.0000      -30741.580647
2128.0000      -30994.219629
2132.0000      -30934.809887
2136.0000      -31060.172852
2140.0000      -30881.459829
2144.0000      -30729.498701
2148.0000      -31067.549067
2152.0000      -30921.131977
2156.0000      -30923.238872
2160.0000      -31003.915141
2164.0000      -30980.189208
2168.0000      -31083.133813
2172.0000      -30950.718097
2176.0000      -30811.651759
2180.0000      -31004.681804
2184.0000      -30810.945514
2188.0000      -30978.510871
2192.0000      -30993.968045
2196.0000      -30866.801223
2200.0000      -31038.465782
2204.0000      -30932.281987
2208.0000      -30866.105549
2212.0000      -30819.032798
2216.0000      -30829.513105
2220.0000      -30865.651924
2224.0000      -30769.379694
2228.0000      -30999.865119
2232.0000      -30955.028658
2236.0000      -30765.168192
2240.0000      -30925.916879
2244.0000      -30935.695416
2248.0000      -30873.562860
2252.0000      -30958.743172
2256.0000      -30898.085659
2260.0000      -30957.807001
2264.0000      -30874.316367
2268.0000      -31080.855126
2272.0000      -30863.782305
2276.0000      -31005.305217
2280.0000      -30975.634156
2284.0000      -31109.350567
2288.0000      -30938.224060
2292.0000      -30867.123085
2296.0000      -30762.716345
2300.0000      -30780.805741
2304.0000      -30801.895007
2308.0000      -31092.055252
2312.0000      -30859.092820
2316.0000      -30980.961582
2320.0000      -30972.695844
2324.0000      -30822.427628
2328.0000      -30974.359957
2332.0000      -30898.501807
2336.0000      -30882.520725
2340.0000      -31036.530875
2344.0000      -30988.774252
2348.0000      -31069.245760
2352.0000      -30973.280534
2356.0000      -31120.409822
2360.0000      -31104.437259
2364.0000      -31068.054141
2368.0000      -30775.890988
2372.0000      -30847.079531
2376.0000      -30746.126550
2380.0000      -31018.862510
2384.0000      -31004.714143
2388.0000      -30965.965521
2392.0000      -30886.360122
2396.0000      -30983.667759
2400.0000      -30991.780542
2404.0000      -30937.160117
2408.0000      -30772.843626
2412.0000      -30946.690241
2416.0000      -30924.511991
2420.0000      -30873.043169
2424.0000      -30862.464077
2428.0000      -30933.779934
2432.0000      -31000.437930
2436.0000      -30916.099680
2440.0000      -30875.852816
2444.0000      -30922.006987
2448.0000      -30980.198287
2452.0000      -30790.116193
2456.0000      -30845.979198
2460.0000      -30961.203573
2464.0000      -30944.580438
2468.0000      -30885.919891
2472.0000      -30908.857741
2476.0000      -31053.270174
2480.0000      -30985.540718
2484.0000      -30963.476419
2488.0000      -30823.995647
2492.0000      -30836.181772
2496.0000      -30902.415287
2500.0000      -30913.133094
2504.0000      -30820.728770
2508.0000      -30813.474364
2512.0000      -30836.068107
2516.0000      -30996.127775
2520.0000      -31097.478342
2524.0000      -31127.903596
2528.0000      -31141.165779
2532.0000      -30928.834870
2536.0000      -30902.000745
2540.0000      -30988.025186
2544.0000      -31091.821053
2548.0000      -30906.760657
2552.0000      -30819.634685
2556.0000      -30779.593238
2560.0000      -30973.265937
2564.0000      -30828.199904
2568.0000      -30921.121561
2572.0000      -30834.817270
2576.0000      -30871.741536
2580.0000      -30993.495546
2584.0000      -30861.461477
2588.0000      -30907.561173
2592.0000      -31117.931344
2596.0000      -30821.240513
2600.0000      -30980.022536
2604.0000      -31096.478802
2608.0000      -30850.754191
2612.0000      -30726.292091
2616.0000      -30685.305597
2620.0000      -30855.899804
2624.0000      -30971.528082
2628.0000      -31004.022023
2632.0000      -30909.266921
2636.0000      -30912.688237
2640.0000      -30966.770721
2644.0000      -30973.047121
2648.0000      -30888.848027
2652.0000      -30846.866983
2656.0000      -30945.553335
2660.0000      -30917.213875
2664.0000      -30917.362264
2668.0000      -30974.441828
2672.0000      -30819.920257
2676.0000      -30934.866530
2680.0000      -30933.397867
2684.0000      -30810.768988
2688.0000      -30856.400698
2692.0000      -30917.679453
2696.0000      -31003.080742
2700.0000      -30855.131706
2704.0000      -30937.408191
2708.0000      -30882.682688
2712.0000      -30911.788661
2716.0000      -30956.429857
2720.0000      -30856.032491
2724.0000      -30887.579465
2728.0000      -30906.091818
2732.0000      -30776.755561
2736.0000      -30892.391473
2740.0000      -31021.860020
2744.0000      -30845.688287
2748.0000      -30805.912742
2752.0000      -30924.477020
2756.0000      -31049.836234
2760.0000      -30979.820675
2764.0000      -30834.877702
2768.0000      -30785.170780
2772.0000      -30835.730084
2776.0000      -30817.205618
2780.0000      -30904.208322
2784.0000      -30772.112698
2788.0000      -30877.886279
2792.0000      -31014.304937
2796.0000      -30940.079187
2800.0000      -30942.233611
2804.0000      -31026.004427
2808.0000      -30872.189295
2812.0000      -30849.318193
2816.0000      -30887.589682
2820.0000      -30865.463003
2824.0000      -30799.911030
2828.0000      -30985.150593
2832.0000      -30890.397190
2836.0000      -30996.406262
2840.0000      -30930.215711
2844.0000      -30974.406487
2848.0000      -31064.317435
2852.0000      -30887.759458
2856.0000      -30710.372689
2860.0000      -31145.822616
2864.0000      -30786.413405
2868.0000      -30928.811374
2872.0000      -31033.693130
2876.0000      -31094.440195
2880.0000      -30819.916034
2884.0000      -30843.084954
2888.0000      -30914.376438
2892.0000      -30792.490841
2896.0000      -30861.252102
2900.0000      -30921.759914
2904.0000      -30939.638335
2908.0000      -31043.092263
2912.0000      -30961.493260
2916.0000      -31027.052289
2920.0000      -31058.043848
2924.0000      -30871.975841
2928.0000      -30945.765699
2932.0000      -30927.456770
2936.0000      -30965.000642
2940.0000      -30846.895694
2944.0000      -30952.014482
2948.0000      -30903.207403
2952.0000      -30996.292501
2956.0000      -31002.400608
2960.0000      -30935.331831
2964.0000      -30806.705470
2968.0000      -30858.429169
2972.0000      -30785.520874
2976.0000      -31077.690947
2980.0000      -30873.455616
2984.0000      -30946.296364
2988.0000      -31070.860457
2992.0000      -30922.130573
2996.0000      -30965.229929
3000.0000      -31023.774327
3004.0000      -30963.414678
3008.0000      -30883.606014
3012.0000      -31000.245093
3016.0000      -30951.520726
3020.0000      -30739.311853
3024.0000      -30986.104164
3028.0000      -31014.961683
3032.0000      -30790.751841
3036.0000      -30885.038893
3040.0000      -31020.309286
3044.0000      -30848.365255
3048.0000      -30851.238509
3052.0000      -30825.090251
3056.0000      -30892.234246
3060.0000      -30958.538366
3064.0000      -30868.482985
3068.0000      -30991.431583
3072.0000      -30805.074497
3076.0000      -30914.524085
3080.0000      -30975.872425
3084.0000      -31024.013383
3088.0000      -30911.124675
3092.0000      -30987.795099
3096.0000      -30860.457876
3100.0000      -30948.158937
3104.0000      -30934.767393
3108.0000      -30817.364905
3112.0000      -31042.029571
3116.0000      -30802.219581
3120.0000      -30860.399758
3124.0000      -30907.419383
3128.0000      -30872.800424
3132.0000      -30907.354984
3136.0000      -30983.363021
3140.0000      -30997.798438
3144.0000      -30798.246582
3148.0000      -30945.563966
3152.0000      -31083.238678
3156.0000      -30844.464372
3160.0000      -30868.347939
3164.0000      -30983.029406
3168.0000      -30997.355671
3172.0000      -30858.896517
3176.0000      -30976.369894
3180.0000      -31009.598823
3184.0000      -30955.973215
3188.0000      -30894.121544
3192.0000      -30915.467770
3196.0000      -30855.865267
3200.0000      -30685.069252
3204.0000      -31011.921457
3208.0000      -30825.847673
3212.0000      -30832.128296
3216.0000      -30895.137052
3220.0000      -30861.601691
3224.0000      -31015.386893
3228.0000      -30825.409529
3232.0000      -30819.637743
3236.0000      -30871.626005
3240.0000      -31037.792495
3244.0000      -30827.031068
3248.0000      -30791.170648
3252.0000      -30751.071901
3256.0000      -30856.052403
3260.0000      -30784.988107
3264.0000      -30716.801585
3268.0000      -30819.225105
3272.0000      -30880.586750
3276.0000      -31061.516853
3280.0000      -30922.272356
3284.0000      -30825.269478
3288.0000      -31028.444237
3292.0000      -30876.413416
3296.0000      -30932.101049
3300.0000      -30894.048987
3304.0000      -30833.472323
3308.0000      -31035.406446
3312.0000      -30782.605178
3316.0000      -30956.740732
3320.0000      -30847.786706
3324.0000      -30848.459556
3328.0000      -30743.829883
3332.0000      -30806.583831
3336.0000      -30894.629324
3340.0000      -31084.373846
3344.0000      -30907.294125
3348.0000      -30960.083980
3352.0000      -30869.476499
3356.0000      -30963.987968
3360.0000      -30810.210454
3364.0000      -30951.534194
3368.0000      -30807.113053
3372.0000      -31075.790932
3376.0000      -30989.095853
3380.0000      -31141.953427
3384.0000      -30978.582640
3388.0000      -30857.021039
3392.0000      -30954.458188
3396.0000      -31094.260522
3400.0000      -30956.126945
3404.0000      -30998.355537
3408.0000      -31004.381387
3412.0000      -31030.833053
3416.0000      -30799.984006
3420.0000      -31055.096675
3424.0000      -30999.486152
3428.0000      -31041.426329
3432.0000      -31011.635263
3436.0000      -31019.704611
3440.0000      -30829.146395
3444.0000      -30930.667770
3448.0000      -31075.147157
3452.0000      -31101.642608
3456.0000      -30945.120623
3460.0000      -30948.733528
3464.0000      -30953.942776
3468.0000      -30952.897994
3472.0000      -30963.359678
3476.0000      -30951.952424
3480.0000      -30941.708726
3484.0000      -30902.594212
3488.0000      -30761.003088
3492.0000      -30827.122202
3496.0000      -30702.582205
3500.0000      -30983.827111
3504.0000      -30840.653528
3508.0000      -31127.020258
3512.0000      -31055.927838
3516.0000      -30835.427634
3520.0000      -30865.888057
3524.0000      -30931.829079
3528.0000      -31127.499394
3532.0000      -31050.572049
3536.0000      -31001.714780
3540.0000      -30936.695788
3544.0000      -30928.827187
3548.0000      -30914.737570
3552.0000      -30995.501017
3556.0000      -30795.611874
3560.0000      -30870.805322
3564.0000      -31115.841687
3568.0000      -31002.871280
3572.0000      -30931.915572
3576.0000      -30770.390697
3580.0000      -30940.944882
3584.0000      -30898.635034
3588.0000      -30999.500688
3592.0000      -30866.973419
3596.0000      -31016.162466
3600.0000      -30886.299795
3604.0000      -30857.150711
3608.0000      -30901.425612
3612.0000      -30832.568979
3616.0000      -30921.142296
3620.0000      -31041.707832
3624.0000      -30861.608575
3628.0000      -30862.594326
3632.0000      -31019.834253
3636.0000      -30931.706266
3640.0000      -30980.188743
3644.0000      -30817.011389
3648.0000      -30922.318769
3652.0000      -31006.400283
3656.0000      -30960.359381
3660.0000      -30946.582308
3664.0000      -30945.478013
3668.0000      -30864.532864
3672.0000      -30937.606376
3676.0000      -30933.712144
3680.0000      -30901.941198
3684.0000      -30988.003648
3688.0000      -30967.305082
3692.0000      -30966.813776
3696.0000      -30871.287227
3700.0000      -30907.811546
3704.0000      -30875.609653
3708.0000      -30871.650738
3712.0000      -31036.767543
3716.0000      -30925.009756
3720.0000      -30942.683918
3724.0000      -30978.590547
3728.0000      -30793.460173
3732.0000      -30976.319967
3736.0000      -30848.209352
3740.0000      -30834.475591
3744.0000      -31083.650911
3748.0000      -30870.193162
3752.0000      -30934.520989
3756.0000      -31171.980975
3760.0000      -30859.736159
3764.0000      -30767.614525
3768.0000      -31004.175705
3772.0000      -30828.301851
3776.0000      -31028.516785
3780.0000      -30883.327913
3784.0000      -30815.558594
3788.0000      -30674.666142
3792.0000      -30872.825741
3796.0000      -30886.568997
3800.0000      -30914.889342
3804.0000      -30857.263650
3808.0000      -31003.631967
3812.0000      -31016.145811
3816.0000      -30819.874993
3820.0000      -30856.398474
3824.0000      -30902.885053
3828.0000      -30936.599857
3832.0000      -30946.926492
3836.0000      -30900.411339
3840.0000      -30892.947563
3844.0000      -30726.876816
3848.0000      -31017.922715
3852.0000      -31039.896222
3856.0000      -31038.918098
3860.0000      -30841.189337
3864.0000      -30923.538596
3868.0000      -30952.809948
3872.0000      -30871.832175
3876.0000      -30876.391609
3880.0000      -30896.334321
3884.0000      -30961.331184
3888.0000      -31048.635658
3892.0000      -30877.330303
3896.0000      -30891.226008
3900.0000      -31055.559518
3904.0000      -30907.246126
3908.0000      -31001.802636
3912.0000      -30813.114907
3916.0000      -30805.302234
3920.0000      -30857.155762
3924.0000      -31026.377903
3928.0000      -30995.050334
3932.0000      -30931.965225
3936.0000      -30762.325972
3940.0000      -31072.199535
3944.0000      -30796.365113
3948.0000      -30905.598872
3952.0000      -30947.729953
3956.0000      -30884.313793
3960.0000      -30949.726652
3964.0000      -30963.805522
3968.0000      -30680.170242
3972.0000      -30976.954985
3976.0000      -30939.179632
3980.0000      -30866.048141
3984.0000      -30857.040303
3988.0000      -31019.740895
3992.0000      -30851.033369
3996.0000      -31059.696432
4000.0000      -30964.380554
4004.0000      -30964.380554
