4.0000     -733185.813820
8.0000     -733236.961321
12.0000     -733379.818992
16.0000     -733038.469666
20.0000     -732486.325082
24.0000     -733500.306548
28.0000     -733342.914564
32.0000     -733392.705678
36.0000     -732825.357040
40.0000     -733528.455693
44.0000     -733916.348420
48.0000     -733132.146268
52.0000     -733507.138767
56.0000     -733529.276004
60.0000     -732748.044498
64.0000     -732832.670388
68.0000     -733558.251196
72.0000     -733691.238976
76.0000     -732374.535745
80.0000     -733767.826246
84.0000     -732846.899325
88.0000     -732778.131211
92.0000     -733560.620040
96.0000     -733435.275750
100.0000     -733343.615562
104.0000     -733182.865954
108.0000     -733487.874960
112.0000     -733668.012304
116.0000     -733866.898844
120.0000     -732830.078920
124.0000     -732687.010396
128.0000     -733593.707834
132.0000     -733489.978388
136.0000     -733517.983361
140.0000     -732882.424300
144.0000     -733526.613469
148.0000     -733410.046266
152.0000     -733806.347405
156.0000     -733694.000353
160.0000     -733140.222489
164.0000     -733727.836613
168.0000     -733407.449359
172.0000     -733390.785741
176.0000     -734307.799737
180.0000     -732342.529918
184.0000     -733064.576487
188.0000     -733053.099056
192.0000     -734263.100737
196.0000     -733331.850088
200.0000     -733935.362144
204.0000     -733773.787916
208.0000     -733161.157059
212.0000     -733530.942456
216.0000     -733183.923192
220.0000     -732791.126022
224.0000     -733340.773586
228.0000     -733556.680888
232.0000     -733256.665804
236.0000     -733375.027120
240.0000     -732852.938962
244.0000     -733828.406923
248.0000     -732836.268511
252.0000     -733695.114868
256.0000     -732336.670890
260.0000     -732942.696305
264.0000     -732421.999152
268.0000     -732503.239523
272.0000     -733605.350401
276.0000     -733199.515112
280.0000     -733429.650364
284.0000     -733700.953816
288.0000     -733221.312425
292.0000     -734163.112949
296.0000     -733606.729563
300.0000     -733364.957649
304.0000     -733262.111509
308.0000     -734088.804893
312.0000     -733300.330900
316.0000     -733807.441342
320.0000     -733781.713436
324.0000     -734125.843272
328.0000     -733738.942775
332.0000     -733639.176346
336.0000     -733775.196882
340.0000     -733399.815371
344.0000     -733667.421916
348.0000     -733309.668398
352.0000     -732866.384180
356.0000     -733181.794125
360.0000     -733151.687898
364.0000     -733289.378080
368.0000     -733595.290567
372.0000     -733907.779619
376.0000     -733402.640091
380.0000     -733372.312534
384.0000     -733841.629369
388.0000     -734241.129727
392.0000     -733075.672019
396.0000     -732656.851200
400.0000     -732977.682014
404.0000     -733028.642522
408.0000     -733061.057308
412.0000     -733579.466910
416.0000     -733657.148596
420.0000     -732752.301288
424.0000     -733405.850777
428.0000     -733120.097254
432.0000     -733046.725505
436.0000     -733896.966027
440.0000     -733505.844660
444.0000     -733483.111017
448.0000     -733632.755416
452.0000     -733206.547955
456.0000     -732743.539696
460.0000     -733119.461926
464.0000     -732745.949293
468.0000     -732823.632316
472.0000     -732986.034296
476.0000     -733873.458937
480.0000     -733079.406732
484.0000     -733469.788712
488.0000     -733635.073478
492.0000     -733513.549347
496.0000     -733113.892799
500.0000     -732844.776709
504.0000     -732924.762076
508.0000     -733293.267256
512.0000     -733809.223354
516.0000     -734038.663765
520.0000     -733079.606936
524.0000     -733569.644791
528.0000     -733480.751563
532.0000     -732967.126783
536.0000     -733018.925806
540.0000     -732971.132191
544.0000     -733236.155966
548.0000     -733806.618298
552.0000     -732920.537144
556.0000     -733419.655267
560.0000     -732714.940031
564.0000     -733391.775593
568.0000     -733757.163268
572.0000     -734036.056467
576.0000     -733273.993787
580.0000     -732727.279565
584.0000     -733222.397984
588.0000     -733463.484271
592.0000     -734614.894670
596.0000     -734038.894212
600.0000     -733649.485600
604.0000     -733592.786252
608.0000     -733793.748892
612.0000     -733375.239011
616.0000     -733649.794144
620.0000     -733390.770478
624.0000     -733276.327462
628.0000     -733628.086212
632.0000     -733474.811515
636.0000     -733525.642433
640.0000     -733572.608731
644.0000     -733132.791940
648.0000     -732942.921972
652.0000     -733348.598695
656.0000     -734161.695729
660.0000     -733512.257011
664.0000     -733942.124741
668.0000     -734042.827863
672.0000     -733285.643723
676.0000     -732906.058997
680.0000     -733790.252312
684.0000     -734125.846617
688.0000     -734540.790936
692.0000     -734001.426747
696.0000     -733534.439544
700.0000     -733533.671034
704.0000     -734558.831222
708.0000     -733176.129426
712.0000     -734186.247982
716.0000     -733651.993501
720.0000     -733028.453073
724.0000     -733501.435771
728.0000     -733024.941554
732.0000     -733260.091818
736.0000     -733610.076351
740.0000     -733288.158958
744.0000     -733327.452507
748.0000     -733480.002118
752.0000     -733025.415341
756.0000     -733697.452000
760.0000     -733414.388989
764.0000     -733145.888431
768.0000     -733104.799527
772.0000     -733285.270967
776.0000     -732836.447235
780.0000     -733572.368521
784.0000     -732998.147137
788.0000     -733714.906049
792.0000     -732646.711577
796.0000     -732893.089094
800.0000     -733082.022231
804.0000     -733239.923589
808.0000     -734101.012471
812.0000     -734201.511744
816.0000     -734011.675630
820.0000     -733643.432488
824.0000     -733289.674309
828.0000     -733626.741887
832.0000     -733649.465833
836.0000     -733892.177103
840.0000     -733350.062827
844.0000     -732697.158414
848.0000     -733391.756182
852.0000     -733357.323888
856.0000     -733421.962333
860.0000     -733926.538737
864.0000     -733615.594156
868.0000     -734538.713486
872.0000     -733879.952715
876.0000     -733767.077828
880.0000     -733724.073612
884.0000     -733787.066469
888.0000     -733453.927043
892.0000     -733846.938599
896.0000     -733506.259297
900.0000     -732668.547450
904.0000     -733507.564157
908.0000     -734052.138631
912.0000     -733176.174543
916.0000     -733564.727196
920.0000     -733340.570588
924.0000     -733224.052524
928.0000     -733224.706404
932.0000     -732803.971963
936.0000     -734230.100870
940.0000     -732996.780453
944.0000     -733170.099743
948.0000     -733445.540990
952.0000     -733462.741049
956.0000     -733772.690739
960.0000     -733206.013958
964.0000     -733738.972973
968.0000     -733161.179776
972.0000     -733695.183541
976.0000     -733946.149732
980.0000     -732603.239816
984.0000     -733515.454049
988.0000     -733216.762897
992.0000     -733391.283511
996.0000     -732953.349120
1000.0000     -732953.424534
1004.0000     -733807.315835
1008.0000     -734229.464507
1012.0000     -733723.844656
1016.0000     -733025.188489
1020.0000     -733136.184540
1024.0000     -733973.564873
1028.0000     -734013.670028
1032.0000     -733520.578024
1036.0000     -733854.313028
1040.0000     -733209.239767
1044.0000     -733548.561371
1048.0000     -733288.039607
1052.0000     -733613.350187
1056.0000     -733554.488443
1060.0000     -734186.892776
1064.0000     -733587.705716
1068.0000     -733002.106098
1072.0000     -733849.143664
1076.0000     -732861.901397
1080.0000     -733787.415902
1084.0000     -733714.468355
1088.0000     -733992.925379
1092.0000     -733634.612668
1096.0000     -734418.679900
1100.0000     -732829.642232
1104.0000     -733916.397538
1108.0000     -733342.363984
1112.0000     -733732.412517
1116.0000     -733853.465578
1120.0000     -733272.115117
1124.0000     -732873.737453
1128.0000     -734143.397599
1132.0000     -734347.488692
1136.0000     -733585.812296
1140.0000     -733440.189993
1144.0000     -733259.561839
1148.0000     -734001.430375
1152.0000     -734156.690679
1156.0000     -733701.936302
1160.0000     -734048.185171
1164.0000     -734390.192294
1168.0000     -734055.147625
1172.0000     -733447.684030
1176.0000     -733790.074916
1180.0000     -734330.657819
1184.0000     -733474.340354
1188.0000     -733982.724241
1192.0000     -733792.739500
1196.0000     -733331.194753
1200.0000     -733966.759113
1204.0000     -733831.542072
1208.0000     -733965.286972
1212.0000     -733526.391013
1216.0000     -733263.985638
1220.0000     -733393.862954
1224.0000     -733079.760810
1228.0000     -732431.564958
1232.0000     -733002.125339
1236.0000     -733112.321618
1240.0000     -734489.682684
1244.0000     -733128.483931
1248.0000     -734197.069299
1252.0000     -733658.560122
1256.0000     -733627.401203
1260.0000     -733777.488058
1264.0000     -733459.789642
1268.0000     -733158.676227
1272.0000     -734274.866253
1276.0000     -733507.031729
1280.0000     -733449.113253
1284.0000     -733852.895336
1288.0000     -733156.351357
1292.0000     -732920.947783
1296.0000     -733703.670759
1300.0000     -733572.880581
1304.0000     -733189.026464
1308.0000     -733131.773611
1312.0000     -733625.822889
1316.0000     -733881.556007
1320.0000     -733248.987087
1324.0000     -733500.938585
1328.0000     -734354.520693
1332.0000     -734170.142277
1336.0000     -733742.709476
1340.0000     -734290.541246
1344.0000     -733892.130222
1348.0000     -734568.976233
1352.0000     -734255.338512
1356.0000     -734907.923537
1360.0000     -733724.709884
1364.0000     -734744.991629
1368.0000     -734074.647200
1372.0000     -733152.098357
1376.0000     -733873.204907
1380.0000     -734012.818217
1384.0000     -733229.334017
1388.0000     -734183.372016
1392.0000     -732988.854927
1396.0000     -734298.310918
1400.0000     -733501.622264
1404.0000     -733949.584470
1408.0000     -733374.123916
1412.0000     -733649.026906
1416.0000     -733566.216006
1420.0000     -732817.801533
1424.0000     -733674.932142
1428.0000     -734101.189321
1432.0000     -733637.939283
1436.0000     -732768.556693
1440.0000     -733127.868635
1444.0000     -733129.735711
1448.0000     -733544.419993
1452.0000     -733556.476983
1456.0000     -733829.044476
1460.0000     -733800.921303
1464.0000     -734213.790380
1468.0000     -734183.013859
1472.0000     -733732.824946
1476.0000     -733479.700213
1480.0000     -733765.819428
1484.0000     -734297.022580
1488.0000     -733584.301080
1492.0000     -734453.716625
1496.0000     -733072.413411
1500.0000     -733828.080405
1504.0000     -733771.686056
1508.0000     -733583.616488
1512.0000     -733982.283455
1516.0000     -733450.227778
1520.0000     -733739.593756
1524.0000     -733916.123185
1528.0000     -733633.293335
1532.0000     -733872.906322
1536.0000     -733097.574205
1540.0000     -734002.490964
1544.0000     -734190.557798
1548.0000     -733750.741565
1552.0000     -733105.081947
1556.0000     -733561.199137
1560.0000     -733157.106619
1564.0000     -733843.781759
1568.0000     -733515.823766
1572.0000     -733995.167948
1576.0000     -733727.662695
1580.0000     -733874.663139
1584.0000     -733382.307600
1588.0000     -734021.917396
1592.0000     -733411.037007
1596.0000     -734348.708207
1600.0000     -733291.142418
1604.0000     -733976.320977
1608.0000     -734619.834212
1612.0000     -733952.049382
1616.0000     -733316.034814
1620.0000     -733721.215477
1624.0000     -733519.803068
1628.0000     -733769.256730
1632.0000     -733670.266912
1636.0000     -733954.380669
1640.0000     -734274.040488
1644.0000     -734506.858992
1648.0000     -733796.275192
1652.0000     -733909.454761
1656.0000     -733771.936569
1660.0000     -733664.429628
1664.0000     -733597.584601
1668.0000     -734040.158437
1672.0000     -733532.991276
1676.0000     -734535.130201
1680.0000     -733270.649523
1684.0000     -733716.326380
1688.0000     -733518.319586
1692.0000     -733998.531852
1696.0000     -733319.342784
1700.0000     -732083.926901
1704.0000     -734168.874848
1708.0000     -733266.461124
1712.0000     -733822.583244
1716.0000     -733618.499166
1720.0000     -733813.103109
1724.0000     -733697.996664
1728.0000     -734010.377241
1732.0000     -732855.188196
1736.0000     -732491.252550
1740.0000     -732829.987404
1744.0000     -732914.814659
1748.0000     -733902.125903
1752.0000     -733730.022550
1756.0000     -734122.729609
1760.0000     -733931.985841
1764.0000     -733426.365008
1768.0000     -734527.889482
1772.0000     -733397.550530
1776.0000     -733092.712873
1780.0000     -732805.255644
1784.0000     -733192.687649
1788.0000     -733762.158999
1792.0000     -733369.085280
1796.0000     -733373.817108
1800.0000     -733815.562002
1804.0000     -733398.318493
1808.0000     -733967.785112
1812.0000     -732991.404085
1816.0000     -734586.302691
1820.0000     -733588.383967
1824.0000     -733830.898034
1828.0000     -734028.902203
1832.0000     -733707.522541
1836.0000     -733882.545114
1840.0000     -733851.511359
1844.0000     -733973.440112
1848.0000     -734257.359927
1852.0000     -733708.047099
1856.0000     -733669.615534
1860.0000     -733539.154535
1864.0000     -733020.263988
1868.0000     -734524.658523
1872.0000     -733706.305598
1876.0000     -733761.670629
1880.0000     -733431.089152
1884.0000     -734106.290018
1888.0000     -733373.511063
1892.0000     -733706.410685
1896.0000     -733534.874773
1900.0000     -734578.987396
1904.0000     -734010.907005
1908.0000     -734120.215910
1912.0000     -733714.425824
1916.0000     -733942.803202
1920.0000     -733753.325029
1924.0000     -733855.318762
1928.0000     -734854.766430
1932.0000     -733530.052578
1936.0000     -734052.481681
1940.0000     -734088.451053
1944.0000     -734742.399394
1948.0000     -733172.171745
1952.0000     -733822.521493
1956.0000     -733479.661440
1960.0000     -732791.892704
1964.0000     -734164.334366
1968.0000     -733578.739481
1972.0000     -733608.804515
1976.0000     -733185.767399
1980.0000     -733482.970133
1984.0000     -733863.842344
1988.0000     -734118.723817
1992.0000     -733505.314562
1996.0000     -733864.073662
2000.0000     -733327.298300
2004.0000     -733768.542265
2008.0000     -733597.150120
2012.0000     -734158.757450
2016.0000     -734179.104441
2020.0000     -733974.785518
2024.0000     -734294.075552
2028.0000     -733642.192069
2032.0000     -733858.522107
2036.0000     -733537.174082
2040.0000     -734043.167240
2044.0000     -734094.943202
2048.0000     -733509.769327
2052.0000     -733271.033970
2056.0000     -733548.963190
2060.0000     -733194.405812
2064.0000     -732893.068103
2068.0000     -733352.227155
2072.0000     -734091.480469
2076.0000     -733434.441263
2080.0000     -733296.483279
2084.0000     -733701.935786
2088.0000     -733325.197902
2092.0000     -733714.963576
2096.0000     -733214.870322
2100.0000     -734096.479444
2104.0000     -733965.813282
2108.0000     -734048.603109
2112.0000     -733508.656977
2116.0000     -733310.826987
2120.0000     -733398.314985
2124.0000     -734025.895764
2128.0000     -732989.449036
2132.0000     -733382.989781
2136.0000     -732844.495824
2140.0000     -733506.419313
2144.0000     -732679.842108
2148.0000     -734315.463808
2152.0000     -733576.030580
2156.0000     -734616.838941
2160.0000     -733473.667990
2164.0000     -734027.337412
2168.0000     -733871.655968
2172.0000     -733352.438038
2176.0000     -733064.642971
2180.0000     -733698.819118
2184.0000     -733345.833456
2188.0000     -733443.453347
2192.0000     -733825.210855
2196.0000     -733726.873019
2200.0000     -734346.215973
2204.0000     -733461.240653
2208.0000     -733629.625837
2212.0000     -733369.545377
2216.0000     -734728.706741
2220.0000     -734162.721619
2224.0000     -733721.815901
2228.0000     -733513.604273
2232.0000     -734153.513899
2236.0000     -733569.570666
2240.0000     -733909.561505
2244.0000     -733382.420059
2248.0000     -734196.931251
2252.0000     -733810.731424
2256.0000     -733605.790563
2260.0000     -733303.403646
2264.0000     -733730.111603
2268.0000     -733614.322960
2272.0000     -733895.053017
2276.0000     -733353.593058
2280.0000     -733102.772103
2284.0000     -733855.620181
2288.0000     -734554.333641
2292.0000     -733404.477599
2296.0000     -733144.201388
2300.0000     -734448.677628
2304.0000     -733785.660334
2308.0000     -734571.589351
2312.0000     -733453.701137
2316.0000     -734529.316129
2320.0000     -733485.581694
2324.0000     -733961.188885
2328.0000     -733980.172123
2332.0000     -733964.677556
2336.0000     -733187.346853
2340.0000     -734500.157872
2344.0000     -733350.221172
2348.0000     -734306.558908
2352.0000     -734008.446163
2356.0000     -733640.427590
2360.0000     -733692.275991
2364.0000     -734053.651758
2368.0000     -734640.786122
2372.0000     -733806.527548
2376.0000     -734416.759013
2380.0000     -733840.709959
2384.0000     -733826.539564
2388.0000     -734110.195120
2392.0000     -733999.491274
2396.0000     -733640.208335
2400.0000     -733694.704001
2404.0000     -733869.221523
2408.0000     -734389.351354
2412.0000     -733928.885750
2416.0000     -734196.625232
2420.0000     -734021.381759
2424.0000     -734019.407123
2428.0000     -733970.604218
2432.0000     -734455.688948
2436.0000     -734720.587363
2440.0000     -735045.166275
2444.0000     -734244.049345
2448.0000     -733754.595842
2452.0000     -734016.723323
2456.0000     -733692.883644
2460.0000     -733824.478677
2464.0000     -733841.292710
2468.0000     -734552.502464
2472.0000     -734134.320661
2476.0000     -733877.710653
2480.0000     -733757.045738
2484.0000     -734306.280817
2488.0000     -733941.836319
2492.0000     -733139.025905
2496.0000     -734320.547745
2500.0000     -733821.835156
2504.0000     -733789.301806
2508.0000     -733521.289484
2512.0000     -733256.646156
2516.0000     -733599.746640
2520.0000     -732795.085051
2524.0000     -732896.611309
2528.0000     -733719.108683
2532.0000     -733617.731784
2536.0000     -733258.324810
2540.0000     -734148.069232
2544.0000     -733741.173019
2548.0000     -734542.300868
2552.0000     -733770.224333
2556.0000     -734559.663454
2560.0000     -733786.250504
2564.0000     -734431.546644
2568.0000     -733845.695206
2572.0000     -734593.337318
2576.0000     -733577.579371
2580.0000     -733509.264835
2584.0000     -733944.075205
2588.0000     -733891.536902
2592.0000     -733847.844208
2596.0000     -734416.237241
2600.0000     -734410.146879
2604.0000     -734259.220872
2608.0000     -734581.501319
2612.0000     -733668.873955
2616.0000     -733169.017824
2620.0000     -733721.386521
2624.0000     -733632.262556
2628.0000     -734002.082821
2632.0000     -734512.337158
2636.0000     -733077.919945
2640.0000     -734301.004481
2644.0000     -733400.733248
2648.0000     -734116.649779
2652.0000     -734203.515003
2656.0000     -734031.541791
2660.0000     -734403.600469
2664.0000     -734362.228744
2668.0000     -734116.765763
2672.0000     -734281.107944
2676.0000     -734186.209774
2680.0000     -734486.315986
2684.0000     -734166.478321
2688.0000     -733337.715933
2692.0000     -732713.103496
2696.0000     -733178.139288
2700.0000     -733779.316633
2704.0000     -733686.729417
2708.0000     -733179.422475
2712.0000     -733663.324742
2716.0000     -733245.103533
2720.0000     -733678.107103
2724.0000     -733511.618139
2728.0000     -733454.259551
2732.0000     -733692.591471
2736.0000     -733667.516472
2740.0000     -734076.699005
2744.0000     -732981.313131
2748.0000     -733989.939668
2752.0000     -733358.013676
2756.0000     -733846.694269
2760.0000     -733605.230820
2764.0000     -733716.305378
2768.0000     -733578.760591
2772.0000     -733257.294449
2776.0000     -732767.155564
2780.0000     -733622.542380
2784.0000     -734263.546936
2788.0000     -733182.098024
2792.0000     -733229.786211
2796.0000     -733438.228872
2800.0000     -733736.640780
2804.0000     -733435.413202
2808.0000     -733823.219862
2812.0000     -733964.687250
2816.0000     -734240.361634
2820.0000     -733827.781762
2824.0000     -734017.911394
2828.0000     -733175.181853
2832.0000     -733917.802879
2836.0000     -734020.811572
2840.0000     -733761.715049
2844.0000     -734375.722544
2848.0000     -733952.666005
2852.0000     -734464.928237
2856.0000     -734006.667792
2860.0000     -733359.315257
2864.0000     -733941.846306
2868.0000     -734175.760518
2872.0000     -733881.122942
2876.0000     -734010.148342
2880.0000     -733137.998415
2884.0000     -733791.364902
2888.0000     -733446.039946
2892.0000     -733287.642861
2896.0000     -733183.398180
2900.0000     -733837.721795
2904.0000     -734319.904136
2908.0000     -733148.318916
2912.0000     -733561.405572
2916.0000     -734084.424209
2920.0000     -733888.816029
2924.0000     -734092.241255
2928.0000     -734275.461198
2932.0000     -733049.494522
2936.0000     -734196.421920
2940.0000     -734026.442483
2944.0000     -734726.418370
2948.0000     -733338.160998
2952.0000     -734498.184369
2956.0000     -734040.143071
2960.0000     -733534.050182
2964.0000     -733515.186189
2968.0000     -733214.316405
2972.0000     -733137.937521
2976.0000     -733716.136357
2980.0000     -733813.895487
2984.0000     -733672.467253
2988.0000     -733366.746804
2992.0000     -733726.681624
2996.0000     -734470.596261
3000.0000     -733417.903476
3004.0000     -733643.590056
3008.0000     -733098.279342
3012.0000     -733473.242479
3016.0000     -732998.752397
3020.0000     -733671.905814
3024.0000     -733448.546204
3028.0000     -733290.998346
3032.0000     -734287.469041
3036.0000     -733016.619604
3040.0000     -733643.919119
3044.0000     -733290.135910
3048.0000     -733620.376749
3052.0000     -733554.764188
3056.0000     -733175.259169
3060.0000     -733427.482898
3064.0000     -733461.749082
3068.0000     -733461.061301
3072.0000     -733630.236816
3076.0000     -734338.281895
3080.0000     -733974.421023
3084.0000     -733681.114455
3088.0000     -733337.423618
3092.0000     -734065.589342
3096.0000     -732801.651373
3100.0000     -733966.356592
3104.0000     -734251.528032
3108.0000     -733360.619939
3112.0000     -733209.887251
3116.0000     -734573.923491
3120.0000     -733545.839745
3124.0000     -734090.177701
3128.0000     -734195.441552
3132.0000     -734190.366161
3136.0000     -734193.400400
3140.0000     -733931.557435
3144.0000     -734140.733865
3148.0000     -733741.897187
3152.0000     -734540.013747
3156.0000     -733771.729620
3160.0000     -733822.985313
3164.0000     -734179.903316
3168.0000     -733852.580164
3172.0000     -733328.305288
3176.0000     -733496.825669
3180.0000     -733914.735582
3184.0000     -733262.598927
3188.0000     -733812.472411
3192.0000     -733079.214823
3196.0000     -733887.076959
3200.0000     -732949.249995
3204.0000     -734183.549418
3208.0000     -733973.923967
3212.0000     -733488.160237
3216.0000     -734161.433814
3220.0000     -733752.242136
3224.0000     -734427.579932
3228.0000     -733940.211204
3232.0000     -733066.887246
3236.0000     -733952.749278
3240.0000     -733785.885399
3244.0000     -733595.615831
3248.0000     -732946.056569
3252.0000     -732597.145260
3256.0000     -733927.491155
3260.0000     -733199.918158
3264.0000     -733237.114040
3268.0000     -733176.277098
3272.0000     -733428.148123
3276.0000     -733535.296948
3280.0000     -733596.385185
3284.0000     -733130.751961
3288.0000     -733542.920890
3292.0000     -733267.524109
3296.0000     -734341.732879
3300.0000     -732978.032851
3304.0000     -733561.675521
3308.0000     -733742.918382
3312.0000     -733602.699550
3316.0000     -733610.359339
3320.0000     -733660.968606
3324.0000     -733847.927503
3328.0000     -734147.561770
3332.0000     -733879.110929
3336.0000     -734153.693745
3340.0000     -734359.674111
3344.0000     -734853.830120
3348.0000     -734444.035106
3352.0000     -733441.551322
3356.0000     -734450.979929
3360.0000     -734087.433065
3364.0000     -734531.264273
3368.0000     -733594.551699
3372.0000     -734078.534633
3376.0000     -733967.226317
3380.0000     -733581.762902
3384.0000     -733988.408086
3388.0000     -733730.836860
3392.0000     -733639.180001
3396.0000     -734300.057459
3400.0000     -733990.704940
3404.0000     -733724.123268
3408.0000     -733251.295120
3412.0000     -734284.123030
3416.0000     -733559.200038
3420.0000     -733812.603784
3424.0000     -733850.048724
3428.0000     -734272.921570
3432.0000     -734642.864450
3436.0000     -734109.787113
3440.0000     -733524.950965
3444.0000     -733586.816290
3448.0000     -734670.801283
3452.0000     -733484.920308
3456.0000     -733581.691865
3460.0000     -733390.767444
3464.0000     -733631.905985
3468.0000     -734116.327810
3472.0000     -734995.696678
3476.0000     -734433.768005
3480.0000     -735037.807401
3484.0000     -734610.734310
3488.0000     -733882.661669
3492.0000     -733463.376939
3496.0000     -734360.685203
3500.0000     -734320.077271
3504.0000     -734632.641848
3508.0000     -734480.710585
3512.0000     -734429.661246
3516.0000     -733578.462059
3520.0000     -733267.969800
3524.0000     -734524.698673
3528.0000     -734273.094735
3532.0000     -734305.986674
3536.0000     -735154.029648
3540.0000     -733951.061083
3544.0000     -733719.896590
3548.0000     -734465.236734
3552.0000     -733948.749592
3556.0000     -733028.809859
3560.0000     -733852.021444
3564.0000     -733781.293280
3568.0000     -733858.470551
3572.0000     -734212.109350
3576.0000     -733971.195255
3580.0000     -734146.042058
3584.0000     -733810.580674
3588.0000     -733616.680229
3592.0000     -735120.131980
3596.0000     -734219.655128
3600.0000     -734440.028569
3604.0000     -734180.790604
3608.0000     -733702.742065
3612.0000     -734009.674576
3616.0000     -733315.460547
3620.0000     -734341.897613
3624.0000     -733430.563827
3628.0000     -733445.143727
3632.0000     -733276.298725
3636.0000     -733621.407549
3640.0000     -734415.333191
3644.0000     -733649.600462
3648.0000     -734200.241592
3652.0000     -733084.685222
3656.0000     -733117.571626
3660.0000     -734027.862090
3664.0000     -733461.967896
3668.0000     -734407.178678
3672.0000     -733180.670205
3676.0000     -733361.873425
3680.0000     -733719.213642
3684.0000     -733718.594204
3688.0000     -733907.582349
3692.0000     -733298.455293
3696.0000     -734309.554767
3700.0000     -732918.369392
3704.0000     -733614.182906
3708.0000     -734739.891151
3712.0000     -733529.014508
3716.0000     -733584.464483
3720.0000     -733884.089235
3724.0000     -733112.339620
3728.0000     -733208.265152
3732.0000     -733779.461971
3736.0000     -733604.474531
3740.0000     -733479.440420
3744.0000     -733861.669584
3748.0000     -733737.295410
3752.0000     -733967.013024
3756.0000     -734124.638099
3760.0000     -734342.767337
3764.0000     -734345.256690
3768.0000     -734106.312247
3772.0000     -733183.771929
3776.0000     -734263.850994
3780.0000     -733776.772691
3784.0000     -733502.703564
3788.0000     -733434.142103
3792.0000     -734104.458071
3796.0000     -733581.211084
3800.0000     -734506.965344
3804.0000     -733816.448844
3808.0000     -733567.874214
3812.0000     -734504.098495
3816.0000     -734869.003316
3820.0000     -734533.863148
3824.0000     -734312.402939
3828.0000     -734344.085192
3832.0000     -734211.914149
3836.0000     -733569.651243
3840.0000     -734477.231047
3844.0000     -734518.765643
3848.0000     -733895.745336
3852.0000     -735160.976978
3856.0000     -733905.682556
3860.0000     -733674.246226
3864.0000     -733961.084782
3868.0000     -733999.959049
3872.0000     -734331.946689
3876.0000     -735028.480213
3880.0000     -734794.143378
3884.0000     -734528.706445
3888.0000     -734709.833608
3892.0000     -734648.598546
3896.0000     -733859.232481
3900.0000     -734563.071293
3904.0000     -733545.652481
3908.0000     -733213.056389
3912.0000     -733945.986930
3916.0000     -733549.463480
3920.0000     -733977.170921
3924.0000     -733776.573133
3928.0000     -733676.568832
3932.0000     -734993.610571
3936.0000     -734696.277640
3940.0000     -733793.482087
3944.0000     -734480.219170
3948.0000     -733851.606210
3952.0000     -734544.004316
3956.0000     -734386.262672
3960.0000     -734698.186154
3964.0000     -734372.051032
3968.0000     -734326.842641
3972.0000     -733907.103704
3976.0000     -734030.069017
3980.0000     -734118.170485
3984.0000     -732903.058826
3988.0000     -733139.438056
3992.0000     -733499.447000
3996.0000     -733075.180951
4000.0000     -733125.731480
4004.0000     -733125.731480
