4.0000     -732541.002995
8.0000     -733243.401687
12.0000     -733001.109352
16.0000     -733263.916238
20.0000     -733103.325593
24.0000     -732489.519247
28.0000     -732934.222918
32.0000     -732450.825414
36.0000     -732626.139810
40.0000     -732684.104072
44.0000     -733093.898500
48.0000     -733270.927500
52.0000     -732908.241235
56.0000     -732333.163196
60.0000     -733801.375484
64.0000     -733544.078930
68.0000     -732827.423308
72.0000     -733337.088239
76.0000     -733316.776236
80.0000     -733011.779474
84.0000     -733466.126997
88.0000     -732306.373523
92.0000     -733432.926822
96.0000     -733197.309553
100.0000     -732623.720698
104.0000     -732722.268739
108.0000     -733394.843504
112.0000     -732988.092232
116.0000     -733414.736619
120.0000     -732407.837357
124.0000     -732849.703375
128.0000     -732828.829819
132.0000     -733425.907745
136.0000     -733492.249358
140.0000     -732404.512843
144.0000     -734057.778479
148.0000     -733638.154861
152.0000     -732919.315395
156.0000     -733469.777125
160.0000     -734098.313718
164.0000     -733753.960332
168.0000     -733195.773778
172.0000     -733507.781595
176.0000     -733972.158739
180.0000     -733465.536327
184.0000     -733335.334215
188.0000     -733338.666591
192.0000     -734093.660278
196.0000     -733693.556217
200.0000     -734019.591190
204.0000     -734221.947783
208.0000     -733474.892206
212.0000     -734035.688823
216.0000     -733811.160057
220.0000     -734300.562583
224.0000     -734051.349381
228.0000     -733243.750800
232.0000     -732961.166690
236.0000     -733260.948509
240.0000     -733942.937761
244.0000     -734285.183771
248.0000     -733015.423384
252.0000     -733298.638044
256.0000     -733812.490105
260.0000     -733294.825799
264.0000     -733979.651570
268.0000     -734097.070950
272.0000     -733414.743819
276.0000     -734085.653914
280.0000     -734289.616878
284.0000     -733538.706850
288.0000     -733455.651963
292.0000     -733770.170139
296.0000     -733674.325607
300.0000     -733291.731823
304.0000     -733011.182163
308.0000     -732685.785535
312.0000     -733503.296368
316.0000     -733193.896120
320.0000     -733232.689645
324.0000     -733711.790062
328.0000     -733687.350850
332.0000     -733116.666944
336.0000     -732950.944330
340.0000     -733032.613975
344.0000     -733695.325672
348.0000     -732949.927921
352.0000     -733512.422127
356.0000     -732253.126500
360.0000     -732665.493338
364.0000     -733402.722185
368.0000     -733206.203200
372.0000     -732877.492966
376.0000     -732987.721409
380.0000     -733395.626395
384.0000     -733141.450884
388.0000     -733114.933416
392.0000     -733142.275989
396.0000     -733076.344533
400.0000     -733010.467801
404.0000     -733780.758040
408.0000     -733524.392628
412.0000     -732902.051403
416.0000     -733070.213446
420.0000     -733903.588822
424.0000     -733446.564990
428.0000     -733391.254744
432.0000     -733420.916132
436.0000     -733160.852091
440.0000     -733759.996534
444.0000     -733375.278456
448.0000     -733215.542810
452.0000     -732839.135539
456.0000     -733356.661410
460.0000     -733298.949200
464.0000     -732910.788374
468.0000     -733682.468897
472.0000     -733372.720492
476.0000     -733654.476783
480.0000     -732704.542721
484.0000     -733055.424929
488.0000     -733024.975081
492.0000     -732892.764637
496.0000     -733645.455537
500.0000     -733170.241538
504.0000     -733933.644917
508.0000     -733935.461421
512.0000     -733183.305309
516.0000     -734928.050296
520.0000     -733884.454006
524.0000     -734027.289821
528.0000     -733185.381430
532.0000     -733789.930276
536.0000     -733421.921103
540.0000     -734144.967174
544.0000     -733127.166068
548.0000     -733067.134457
552.0000     -732702.790285
556.0000     -733031.779225
560.0000     -733211.868827
564.0000     -733178.411667
568.0000     -733408.537128
572.0000     -732960.755019
576.0000     -733084.854521
580.0000     -733095.547498
584.0000     -733681.076934
588.0000     -734038.374800
592.0000     -733567.316767
596.0000     -733168.463946
600.0000     -733443.995900
604.0000     -733008.205007
608.0000     -733577.634854
612.0000     -733212.406579
616.0000     -733424.833313
620.0000     -733465.602729
624.0000     -732883.575034
628.0000     -731655.265152
632.0000     -734005.512329
636.0000     -733353.013787
640.0000     -733731.076837
644.0000     -732696.649233
648.0000     -733511.675154
652.0000     -733941.928180
656.0000     -733115.095151
660.0000     -733517.213301
664.0000     -733648.670561
668.0000     -733026.401531
672.0000     -732651.280363
676.0000     -733871.890374
680.0000     -733311.646535
684.0000     -733347.072708
688.0000     -733633.897272
692.0000     -733157.978948
696.0000     -733030.618460
700.0000     -732959.039312
704.0000     -733504.199782
708.0000     -733098.302856
712.0000     -733331.233280
716.0000     -732600.777413
720.0000     -733927.006554
724.0000     -732597.082967
728.0000     -733912.622725
732.0000     -733999.519302
736.0000     -733496.670747
740.0000     -732934.190139
744.0000     -732370.815140
748.0000     -733390.143301
752.0000     -733237.174850
756.0000     -733618.785570
760.0000     -733850.134923
764.0000     -733620.379600
768.0000     -733318.254482
772.0000     -733388.596876
776.0000     -733483.202630
780.0000     -733253.407249
784.0000     -732686.184632
788.0000     -732784.798507
792.0000     -733448.446150
796.0000     -733664.495247
800.0000     -733692.317258
804.0000     -733070.642638
808.0000     -733366.340490
812.0000     -733171.636459
816.0000     -733569.470266
820.0000     -732949.532423
824.0000     -732883.943753
828.0000     -733321.225573
832.0000     -733417.581077
836.0000     -732720.374606
840.0000     -732822.293115
844.0000     -732819.897297
848.0000     -733585.168963
852.0000     -733402.289334
856.0000     -733427.746574
860.0000     -733179.405758
864.0000     -733251.127281
868.0000     -733866.698837
872.0000     -733832.969510
876.0000     -733497.186173
880.0000     -733880.320239
884.0000     -733627.019112
888.0000     -734097.860669
892.0000     -733717.876238
896.0000     -733086.834157
900.0000     -733938.961442
904.0000     -733521.896417
908.0000     -733351.697758
912.0000     -733195.829349
916.0000     -733661.756848
920.0000     -733643.523298
924.0000     -732173.159388
928.0000     -732583.832163
932.0000     -732945.536014
936.0000     -733934.887858
940.0000     -732621.389410
944.0000     -733052.727796
948.0000     -732708.352192
952.0000     -733872.695085
956.0000     -732891.888231
960.0000     -732621.883359
964.0000     -733032.166819
968.0000     -733230.316270
972.0000     -732973.192105
976.0000     -732990.346855
980.0000     -733910.685636
984.0000     -733621.849208
988.0000     -733442.245950
992.0000     -732727.865498
996.0000     -732872.952334
1000.0000     -733658.502147
1004.0000     -733808.410714
1008.0000     -733321.847501
1012.0000     -733781.536285
1016.0000     -733444.284890
1020.0000     -733806.252874
1024.0000     -733894.301491
1028.0000     -732754.882524
1032.0000     -733687.729123
1036.0000     -733257.009991
1040.0000     -733962.920934
1044.0000     -733198.611420
1048.0000     -733383.757074
1052.0000     -733304.019165
1056.0000     -733479.522571
1060.0000     -733985.515319
1064.0000     -734358.005024
1068.0000     -733739.982245
1072.0000     -732365.617274
1076.0000     -733519.227125
1080.0000     -733837.016215
1084.0000     -733119.746454
1088.0000     -734159.088309
1092.0000     -734047.456194
1096.0000     -734260.215561
1100.0000     -734048.078528
1104.0000     -733898.473521
1108.0000     -734248.603999
1112.0000     -733508.510012
1116.0000     -733636.469369
1120.0000     -733331.127527
1124.0000     -733357.242301
1128.0000     -733371.415631
1132.0000     -733201.537464
1136.0000     -733373.306697
1140.0000     -732826.009790
1144.0000     -733346.784383
1148.0000     -733454.684074
1152.0000     -732815.448749
1156.0000     -734007.151017
1160.0000     -733673.621613
1164.0000     -732963.226490
1168.0000     -733429.206866
1172.0000     -733119.272882
1176.0000     -733617.883234
1180.0000     -733172.204354
1184.0000     -733212.094952
1188.0000     -733492.506386
1192.0000     -733164.049052
1196.0000     -732834.051738
1200.0000     -733659.984934
1204.0000     -732975.232029
1208.0000     -733778.272624
1212.0000     -733669.627055
1216.0000     -733218.395112
1220.0000     -733974.099598
1224.0000     -734079.395172
1228.0000     -733003.602238
1232.0000     -732839.247791
1236.0000     -733289.523563
1240.0000     -732960.291248
1244.0000     -733586.578212
1248.0000     -733490.252274
1252.0000     -733512.348563
1256.0000     -733904.533697
1260.0000     -733632.606530
1264.0000     -733408.304553
1268.0000     -734061.542822
1272.0000     -733833.216109
1276.0000     -733786.206040
1280.0000     -733506.136237
1284.0000     -734387.829734
1288.0000     -734454.862043
1292.0000     -733162.563689
1296.0000     -734122.922502
1300.0000     -733231.405421
1304.0000     -733341.913778
1308.0000     -733663.422193
1312.0000     -733815.124825
1316.0000     -734035.252039
1320.0000     -734838.170238
1324.0000     -732983.111174
1328.0000     -733205.340229
1332.0000     -733731.607397
1336.0000     -733548.242471
1340.0000     -732691.317546
1344.0000     -733118.867230
1348.0000     -734013.112206
1352.0000     -733793.768528
1356.0000     -733049.980673
1360.0000     -733813.756445
1364.0000     -733304.439464
1368.0000     -733088.535240
1372.0000     -733041.090914
1376.0000     -732214.325313
1380.0000     -732945.131512
1384.0000     -733059.962311
1388.0000     -733000.652044
1392.0000     -733141.962564
1396.0000     -733636.833752
1400.0000     -734196.719412
1404.0000     -733499.796145
1408.0000     -734319.729011
1412.0000     -733848.026559
1416.0000     -733534.922512
1420.0000     -733522.081722
1424.0000     -733073.629793
1428.0000     -733016.181900
1432.0000     -733414.505885
1436.0000     -733554.388451
1440.0000     -734240.998342
1444.0000     -732948.748847
1448.0000     -732958.509761
1452.0000     -733523.833688
1456.0000     -733582.576853
1460.0000     -732665.249189
1464.0000     -733619.952235
1468.0000     -733338.927122
1472.0000     -734105.313240
1476.0000     -734181.346361
1480.0000     -734273.143311
1484.0000     -733690.550601
1488.0000     -734437.849695
1492.0000     -734043.175748
1496.0000     -732855.839435
1500.0000     -733882.235235
1504.0000     -734189.548134
1508.0000     -733363.429204
1512.0000     -733767.563256
1516.0000     -733825.835094
1520.0000     -733722.219767
1524.0000     -733092.789289
1528.0000     -733168.770083
1532.0000     -732830.839157
1536.0000     -734259.187518
1540.0000     -733928.841491
1544.0000     -733708.490286
1548.0000     -732761.463365
1552.0000     -734675.087661
1556.0000     -734527.627518
1560.0000     -734142.904741
1564.0000     -733235.972141
1568.0000     -734301.951268
1572.0000     -732772.449326
1576.0000     -733067.953917
1580.0000     -733554.772041
1584.0000     -732641.142015
1588.0000     -733211.858908
1592.0000     -733435.484489
1596.0000     -734515.926992
1600.0000     -733254.781006
1604.0000     -734016.898958
1608.0000     -733040.476194
1612.0000     -733166.449471
1616.0000     -734103.387992
1620.0000     -733517.137491
1624.0000     -733108.147119
1628.0000     -733161.807407
1632.0000     -732661.455849
1636.0000     -733998.259645
1640.0000     -733585.136205
1644.0000     -733809.579841
1648.0000     -733207.112534
1652.0000     -733811.773278
1656.0000     -733500.067029
1660.0000     -733504.207292
1664.0000     -733525.088332
1668.0000     -734235.420531
1672.0000     -733127.708682
1676.0000     -733678.464604
1680.0000     -733427.690642
1684.0000     -734197.126608
1688.0000     -733935.950850
1692.0000     -733737.016955
1696.0000     -733168.688257
1700.0000     -734435.195259
1704.0000     -733863.859236
1708.0000     -733148.590911
1712.0000     -734130.234984
1716.0000     -732806.967618
1720.0000     -734169.688665
1724.0000     -733534.628807
1728.0000     -733675.874881
1732.0000     -733665.486803
1736.0000     -734206.419143
1740.0000     -734706.628593
1744.0000     -733521.940817
1748.0000     -733812.094397
1752.0000     -734243.327967
1756.0000     -733596.170856
1760.0000     -733763.174257
1764.0000     -733962.080718
1768.0000     -733512.150429
1772.0000     -734078.087949
1776.0000     -733995.532123
1780.0000     -733664.378122
1784.0000     -733622.938198
1788.0000     -734112.604575
1792.0000     -733071.290478
1796.0000     -733603.770015
1800.0000     -734232.049103
1804.0000     -733613.133477
1808.0000     -734072.374273
1812.0000     -734367.968892
1816.0000     -734839.184552
1820.0000     -734521.500333
1824.0000     -734852.461283
1828.0000     -734034.063800
1832.0000     -733081.424209
1836.0000     -733330.032592
1840.0000     -732931.108738
1844.0000     -733889.641910
1848.0000     -734195.985270
1852.0000     -734012.864245
1856.0000     -733002.684388
1860.0000     -734036.296861
1864.0000     -733362.386462
1868.0000     -734096.731848
1872.0000     -732868.598166
1876.0000     -733237.221862
1880.0000     -734152.490783
1884.0000     -733599.859839
1888.0000     -733322.332313
1892.0000     -733575.440862
1896.0000     -734459.250581
1900.0000     -734072.424367
1904.0000     -733122.874493
1908.0000     -733964.605986
1912.0000     -732979.108652
1916.0000     -734872.789773
1920.0000     -734193.760391
1924.0000     -734177.479934
1928.0000     -733829.572353
1932.0000     -734229.919731
1936.0000     -733637.618345
1940.0000     -733633.859890
1944.0000     -733674.634840
1948.0000     -733285.989128
1952.0000     -733369.818639
1956.0000     -734867.534887
1960.0000     -733252.501750
1964.0000     -733553.159148
1968.0000     -734224.972543
1972.0000     -733889.163167
1976.0000     -733879.502377
1980.0000     -734386.906781
1984.0000     -733501.021425
1988.0000     -733406.889763
1992.0000     -733970.758917
1996.0000     -734325.688116
2000.0000     -733573.993045
2004.0000     -733093.945849
2008.0000     -734653.332543
2012.0000     -734194.987173
2016.0000     -733577.165343
2020.0000     -734841.372589
2024.0000     -733548.566479
2028.0000     -734048.173370
2032.0000     -734079.899586
2036.0000     -734028.033660
2040.0000     -734340.626671
2044.0000     -734032.573504
2048.0000     -733214.421001
2052.0000     -733868.950475
2056.0000     -734163.286516
2060.0000     -733935.980695
2064.0000     -734144.524000
2068.0000     -734171.814936
2072.0000     -732997.969482
2076.0000     -734760.836659
2080.0000     -734536.383142
2084.0000     -733763.382021
2088.0000     -733555.984888
2092.0000     -733549.036100
2096.0000     -733444.120149
2100.0000     -733345.761852
2104.0000     -733726.237835
2108.0000     -733597.554796
2112.0000     -733802.068518
2116.0000     -734216.386039
2120.0000     -733498.690207
2124.0000     -733077.339101
2128.0000     -733424.226499
2132.0000     -734364.707015
2136.0000     -733906.350022
2140.0000     -733993.610701
2144.0000     -734084.542672
2148.0000     -733668.225871
2152.0000     -734702.366427
2156.0000     -733768.192830
2160.0000     -733425.715273
2164.0000     -733567.589548
2168.0000     -733395.156151
2172.0000     -734295.810310
2176.0000     -734524.209886
2180.0000     -733404.169879
2184.0000     -733394.745855
2188.0000     -732960.107150
2192.0000     -733769.571410
2196.0000     -734937.401301
2200.0000     -734007.494710
2204.0000     -732529.810637
2208.0000     -733245.292948
2212.0000     -734674.009069
2216.0000     -733927.636086
2220.0000     -733860.597104
2224.0000     -733513.686281
2228.0000     -733268.840991
2232.0000     -733613.273294
2236.0000     -733476.303525
2240.0000     -733803.197633
2244.0000     -733263.508628
2248.0000     -733628.362467
2252.0000     -733711.525809
2256.0000     -732695.567547
2260.0000     -733952.488411
2264.0000     -733608.099902
2268.0000     -734009.564639
2272.0000     -733464.244482
2276.0000     -732822.516371
2280.0000     -733390.391770
2284.0000     -733168.823860
2288.0000     -733809.905123
2292.0000     -733470.587584
2296.0000     -733633.181316
2300.0000     -733100.959758
2304.0000     -734383.979371
2308.0000     -733163.028280
2312.0000     -733338.491957
2316.0000     -732620.351847
2320.0000     -733043.559708
2324.0000     -733970.683257
2328.0000     -734084.473680
2332.0000     -733660.618261
2336.0000     -734054.192887
2340.0000     -733991.314356
2344.0000     -734522.718910
2348.0000     -733678.150669
2352.0000     -734910.347306
2356.0000     -733805.994707
2360.0000     -733579.760661
2364.0000     -733809.122413
2368.0000     -733820.345898
2372.0000     -734781.802897
2376.0000     -733966.880054
2380.0000     -733638.069820
2384.0000     -733649.417440
2388.0000     -734168.478074
2392.0000     -733484.849839
2396.0000     -733386.717233
2400.0000     -733469.403314
2404.0000     -734317.666304
2408.0000     -733577.727693
2412.0000     -733696.419601
2416.0000     -734056.971547
2420.0000     -734555.178497
2424.0000     -733616.297769
2428.0000     -733988.237807
2432.0000     -733610.173641
2436.0000     -734408.963796
2440.0000     -733353.209756
2444.0000     -733458.676203
2448.0000     -733649.895115
2452.0000     -733067.975598
2456.0000     -733267.583268
2460.0000     -733823.814564
2464.0000     -733634.280130
2468.0000     -733288.924158
2472.0000     -733475.387906
2476.0000     -733512.063630
2480.0000     -733249.984546
2484.0000     -733731.341997
2488.0000     -733872.317258
2492.0000     -733387.488448
2496.0000     -734137.122430
2500.0000     -734315.191004
2504.0000     -734390.393131
2508.0000     -733022.593485
2512.0000     -733636.262818
2516.0000     -733091.325184
2520.0000     -733942.322816
2524.0000     -734325.681098
2528.0000     -733473.217861
2532.0000     -733653.113426
2536.0000     -734456.913313
2540.0000     -734308.924253
2544.0000     -733810.958158
2548.0000     -733690.715297
2552.0000     -734236.549400
2556.0000     -733238.356605
2560.0000     -733786.441675
2564.0000     -733231.880458
2568.0000     -734023.636385
2572.0000     -733880.211165
2576.0000     -733967.827400
2580.0000     -734075.442926
2584.0000     -733836.950116
2588.0000     -734158.153187
2592.0000     -733753.414631
2596.0000     -734960.634714
2600.0000     -734663.422734
2604.0000     -733901.994715
2608.0000     -733975.402664
2612.0000     -733964.829203
2616.0000     -733959.582865
2620.0000     -734001.046031
2624.0000     -733323.572857
2628.0000     -734089.697728
2632.0000     -733708.095705
2636.0000     -734577.887415
2640.0000     -732682.200826
2644.0000     -734142.043773
2648.0000     -733890.752758
2652.0000     -733762.833401
2656.0000     -734389.145033
2660.0000     -733121.240085
2664.0000     -733466.579400
2668.0000     -734023.019612
2672.0000     -734013.043727
2676.0000     -733639.682902
2680.0000     -734422.259831
2684.0000     -734153.985927
2688.0000     -734042.581565
2692.0000     -733829.371088
2696.0000     -734378.224839
2700.0000     -733121.773863
2704.0000     -733010.306031
2708.0000     -733625.065230
2712.0000     -734045.473937
2716.0000     -733546.812274
2720.0000     -734734.174790
2724.0000     -734297.175429
2728.0000     -733755.227726
2732.0000     -733758.854609
2736.0000     -734578.479473
2740.0000     -734300.498403
2744.0000     -734152.006919
2748.0000     -733752.524454
2752.0000     -733658.324755
2756.0000     -734234.517598
2760.0000     -732982.539403
2764.0000     -733281.839832
2768.0000     -733641.142688
2772.0000     -733522.101489
2776.0000     -733587.847499
2780.0000     -733844.252499
2784.0000     -734118.337620
2788.0000     -733888.210331
2792.0000     -734001.469076
2796.0000     -734127.758388
2800.0000     -733966.877318
2804.0000     -734931.970537
2808.0000     -733743.444355
2812.0000     -733689.617756
2816.0000     -733900.298300
2820.0000     -733845.421614
2824.0000     -733488.463269
2828.0000     -734197.893147
2832.0000     -733385.253030
2836.0000     -733465.540459
2840.0000     -733774.370528
2844.0000     -734103.149708
2848.0000     -733208.508766
2852.0000     -733609.728129
2856.0000     -733404.747265
2860.0000     -733808.612521
2864.0000     -733826.004263
2868.0000     -734433.114110
2872.0000     -733218.310373
2876.0000     -733711.307123
2880.0000     -732840.147613
2884.0000     -733253.408365
2888.0000     -732685.464529
2892.0000     -733903.093235
2896.0000     -733204.636320
2900.0000     -733535.778235
2904.0000     -733717.303214
2908.0000     -733328.826327
2912.0000     -733506.167049
2916.0000     -732923.215662
2920.0000     -734236.991832
2924.0000     -734354.306131
2928.0000     -733910.956258
2932.0000     -733830.808637
2936.0000     -733220.034213
2940.0000     -734301.112263
2944.0000     -733575.838405
2948.0000     -733106.392811
2952.0000     -733885.874203
2956.0000     -734440.992353
2960.0000     -733848.820749
2964.0000     -734152.264252
2968.0000     -734699.143202
2972.0000     -734388.198606
2976.0000     -733751.645351
2980.0000     -733959.124780
2984.0000     -732998.220897
2988.0000     -733956.741667
2992.0000     -733803.626729
2996.0000     -733431.965049
3000.0000     -734446.264333
3004.0000     -733749.687681
3008.0000     -733213.175992
3012.0000     -733012.228515
3016.0000     -734203.717825
3020.0000     -733424.053096
3024.0000     -734237.499382
3028.0000     -734161.819714
3032.0000     -734698.153452
3036.0000     -733202.632970
3040.0000     -733344.420331
3044.0000     -733462.948033
3048.0000     -734227.787817
3052.0000     -734104.966417
3056.0000     -734580.865663
3060.0000     -733651.723514
3064.0000     -733243.489433
3068.0000     -733563.919908
3072.0000     -734082.991667
3076.0000     -733541.020636
3080.0000     -734264.548143
3084.0000     -733543.307372
3088.0000     -733692.279004
3092.0000     -734380.421914
3096.0000     -733777.053258
3100.0000     -733105.170011
3104.0000     -734116.979306
3108.0000     -732832.866281
3112.0000     -733793.046732
3116.0000     -733458.814964
3120.0000     -734015.482437
3124.0000     -733375.621522
3128.0000     -734059.436756
3132.0000     -733544.138762
3136.0000     -733550.643692
3140.0000     -733793.449602
3144.0000     -734554.567585
3148.0000     -733440.732825
3152.0000     -733442.172915
3156.0000     -734404.817238
3160.0000     -734450.895867
3164.0000     -732850.772908
3168.0000     -733772.730028
3172.0000     -733717.087551
3176.0000     -733930.257511
3180.0000     -734169.189367
3184.0000     -733365.498719
3188.0000     -733376.435164
3192.0000     -733439.407414
3196.0000     -732798.845318
3200.0000     -733473.364399
3204.0000     -733084.252926
3208.0000     -734125.382475
3212.0000     -733499.349503
3216.0000     -734536.435076
3220.0000     -734644.684297
3224.0000     -734697.227925
3228.0000     -733414.622205
3232.0000     -734028.846852
3236.0000     -732817.374648
3240.0000     -733305.982149
3244.0000     -733604.680854
3248.0000     -733923.930043
3252.0000     -733541.100564
3256.0000     -733731.782627
3260.0000     -732963.110321
3264.0000     -733851.551486
3268.0000     -733665.726413
3272.0000     -733664.240703
3276.0000     -733374.271597
3280.0000     -733341.406178
3284.0000     -733711.760576
3288.0000     -733500.628947
3292.0000     -733663.000478
3296.0000     -733280.330601
3300.0000     -734057.877053
3304.0000     -733617.572705
3308.0000     -734032.030382
3312.0000     -733973.998746
3316.0000     -733386.625327
3320.0000     -733557.934237
3324.0000     -733871.554262
3328.0000     -733451.925819
3332.0000     -732727.468508
3336.0000     -733001.464903
3340.0000     -733184.438171
3344.0000     -733371.228680
3348.0000     -733625.300324
3352.0000     -733984.377997
3356.0000     -733483.356549
3360.0000     -733076.530151
3364.0000     -733927.320755
3368.0000     -733617.328616
3372.0000     -733678.485206
3376.0000     -733785.294280
3380.0000     -733374.388154
3384.0000     -733628.284760
3388.0000     -732756.117158
3392.0000     -733774.986810
3396.0000     -733627.821433
3400.0000     -733762.848884
3404.0000     -733536.404892
3408.0000     -733525.202888
3412.0000     -734135.866724
3416.0000     -733941.573296
3420.0000     -732853.565901
3424.0000     -734175.312140
3428.0000     -733383.738231
3432.0000     -734000.579992
3436.0000     -734468.250056
3440.0000     -733614.134073
3444.0000     -733398.818883
3448.0000     -733750.525366
3452.0000     -734100.972324
3456.0000     -733174.406088
3460.0000     -733073.441161
3464.0000     -734775.417501
3468.0000     -733674.081447
3472.0000     -733796.498011
3476.0000     -733898.968147
3480.0000     -733417.730337
3484.0000     -733099.244639
3488.0000     -734583.637981
3492.0000     -733695.716255
3496.0000     -733258.420405
3500.0000     -733094.030305
3504.0000     -733364.702808
3508.0000     -733549.331992
3512.0000     -733696.232570
3516.0000     -733287.213071
3520.0000     -733887.429488
3524.0000     -733841.666783
3528.0000     -733537.981385
3532.0000     -733947.664631
3536.0000     -733555.541598
3540.0000     -733618.259892
3544.0000     -733510.870574
3548.0000     -733383.492736
3552.0000     -733520.310284
3556.0000     -734321.097240
3560.0000     -733838.364667
3564.0000     -733923.078357
3568.0000     -733564.606075
3572.0000     -733291.597003
3576.0000     -734020.613347
3580.0000     -733038.296023
3584.0000     -734376.191452
3588.0000     -733581.045802
3592.0000     -734434.607746
3596.0000     -733997.311001
3600.0000     -734459.186224
3604.0000     -734050.818978
3608.0000     -734057.704861
3612.0000     -733659.394873
3616.0000     -733871.810208
3620.0000     -734548.326853
3624.0000     -733440.874560
3628.0000     -734040.606234
3632.0000     -733907.892651
3636.0000     -733066.469848
3640.0000     -733468.233945
3644.0000     -733176.411006
3648.0000     -734090.296347
3652.0000     -733678.248616
3656.0000     -733530.995639
3660.0000     -733683.574026
3664.0000     -734655.572055
3668.0000     -733222.848635
3672.0000     -734158.712083
3676.0000     -733821.514721
3680.0000     -733024.046234
3684.0000     -734101.027396
3688.0000     -733627.402052
3692.0000     -734019.714807
3696.0000     -733535.287795
3700.0000     -734301.876087
3704.0000     -732903.292533
3708.0000     -734001.010006
3712.0000     -733658.260053
3716.0000     -734392.222546
3720.0000     -733888.847100
3724.0000     -733914.482208
3728.0000     -733331.112622
3732.0000     -733396.870235
3736.0000     -734185.633679
3740.0000     -733563.892205
3744.0000     -734614.837821
3748.0000     -733933.296794
3752.0000     -733457.080100
3756.0000     -734904.590444
3760.0000     -734338.312533
3764.0000     -733714.011821
3768.0000     -734070.819307
3772.0000     -733908.345324
3776.0000     -734108.029729
3780.0000     -734140.117208
3784.0000     -733709.714913
3788.0000     -733758.079036
3792.0000     -734469.724662
3796.0000     -733916.259116
3800.0000     -733830.198270
3804.0000     -734234.167975
3808.0000     -734109.647019
3812.0000     -734496.545039
3816.0000     -734083.318547
3820.0000     -734329.232905
3824.0000     -733681.965826
3828.0000     -734259.431402
3832.0000     -734442.454558
3836.0000     -733849.769636
3840.0000     -734112.241831
3844.0000     -734545.876129
3848.0000     -733886.453836
3852.0000     -733499.830248
3856.0000     -733237.227568
3860.0000     -733855.716630
3864.0000     -733778.393731
3868.0000     -733938.498668
3872.0000     -734822.143097
3876.0000     -734091.085187
3880.0000     -733316.153683
3884.0000     -733404.113240
3888.0000     -734589.082979
3892.0000     -734318.416988
3896.0000     -733907.946676
3900.0000     -733497.103595
3904.0000     -733766.249554
3908.0000     -733683.527947
3912.0000     -733687.428779
3916.0000     -734662.541342
3920.0000     -734542.973883
3924.0000     -734329.741154
3928.0000     -733318.329110
3932.0000     -734045.799753
3936.0000     -734395.959829
3940.0000     -734229.216352
3944.0000     -733250.860362
3948.0000     -733643.506797
3952.0000     -733716.202791
3956.0000     -733975.597328
3960.0000     -733958.037682
3964.0000     -733841.614832
3968.0000     -733807.521745
3972.0000     -734401.246742
3976.0000     -734036.730342
3980.0000     -734322.259179
3984.0000     -733681.579432
3988.0000     -733895.973744
3992.0000     -733531.557491
3996.0000     -732882.171720
4000.0000     -733375.432176
4004.0000     -733375.432176
