4.0000     -733651.805556
8.0000     -733465.404300
12.0000     -733330.005732
16.0000     -733693.232944
20.0000     -733554.846592
24.0000     -734107.230709
28.0000     -733374.008825
32.0000     -733571.174446
36.0000     -733468.819497
40.0000     -733727.596022
44.0000     -733145.800199
48.0000     -732896.198504
52.0000     -733789.810746
56.0000     -733390.774370
60.0000     -733970.206789
64.0000     -733345.579382
68.0000     -732799.396467
72.0000     -733052.092173
76.0000     -733264.403338
80.0000     -733861.144951
84.0000     -733176.114931
88.0000     -732730.713843
92.0000     -732906.293198
96.0000     -732868.252347
100.0000     -733424.924255
104.0000     -733145.853076
108.0000     -733084.296761
112.0000     -733056.728667
116.0000     -733243.663836
120.0000     -732778.454062
124.0000     -732447.087987
128.0000     -733245.851363
132.0000     -732576.376495
136.0000     -733281.658713
140.0000     -732812.833649
144.0000     -732894.063400
148.0000     -732830.437015
152.0000     -733343.517233
156.0000     -733296.401529
160.0000     -732952.800975
164.0000     -733214.510715
168.0000     -733211.405893
172.0000     -732842.610156
176.0000     -732635.314565
180.0000     -732756.368290
184.0000     -733215.916688
188.0000     -733827.912060
192.0000     -733081.704974
196.0000     -734498.108010
200.0000     -733211.951507
204.0000     -732950.751851
208.0000     -733572.757492
212.0000     -733772.157062
216.0000     -733178.394496
220.0000     -733668.367435
224.0000     -733251.265209
228.0000     -732674.945231
232.0000     -733065.676385
236.0000     -732929.503452
240.0000     -732962.722284
244.0000     -732769.957169
248.0000     -732334.975197
252.0000     -733356.706599
256.0000     -733038.735430
260.0000     -733584.338374
264.0000     -733085.485102
268.0000     -732847.314095
272.0000     -732597.635740
276.0000     -732530.282570
280.0000     -732968.119362
284.0000     -733106.706130
288.0000     -733014.080600
292.0000     -732987.010541
296.0000     -732688.782284
300.0000     -733446.965592
304.0000     -733507.520935
308.0000     -733343.270849
312.0000     -733348.747638
316.0000     -733905.629355
320.0000     -732639.893785
324.0000     -733260.531824
328.0000     -732814.320824
332.0000     -733958.828653
336.0000     -733577.362903
340.0000     -732896.880891
344.0000     -733349.465148
348.0000     -733540.171593
352.0000     -732255.728519
356.0000     -733247.404111
360.0000     -733243.121902
364.0000     -733326.807235
368.0000     -732790.434948
372.0000     -733109.543635
376.0000     -732739.693623
380.0000     -732696.536469
384.0000     -732553.057625
388.0000     -732315.397646
392.0000     -733215.847068
396.0000     -734101.132264
400.0000     -733151.785457
404.0000     -733097.458494
408.0000     -733470.723262
412.0000     -733783.550071
416.0000     -732741.187659
420.0000     -733054.205863
424.0000     -732697.326214
428.0000     -733395.777130
432.0000     -732715.197743
436.0000     -733475.133249
440.0000     -733122.851946
444.0000     -733808.782877
448.0000     -733161.445830
452.0000     -732954.747473
456.0000     -733818.224380
460.0000     -732238.855358
464.0000     -733721.788725
468.0000     -732693.924607
472.0000     -733979.731764
476.0000     -732500.171496
480.0000     -732877.177717
484.0000     -733395.346197
488.0000     -732943.571065
492.0000     -733054.740957
496.0000     -733377.728244
500.0000     -732102.385635
504.0000     -733083.217042
508.0000     -733063.303637
512.0000     -733701.484804
516.0000     -732898.979606
520.0000     -732881.492945
524.0000     -733226.739781
528.0000     -733646.908434
532.0000     -734119.123403
536.0000     -732769.966131
540.0000     -732917.249428
544.0000     -732950.606011
548.0000     -732818.456819
552.0000     -733397.736050
556.0000     -732757.899119
560.0000     -732490.710545
564.0000     -732842.442931
568.0000     -732950.231586
572.0000     -733336.051312
576.0000     -733042.201327
580.0000     -732656.957101
584.0000     -732689.260526
588.0000     -733857.227125
592.0000     -733447.747988
596.0000     -733211.319964
600.0000     -732830.788592
604.0000     -733064.641397
608.0000     -733338.917877
612.0000     -733243.748254
616.0000     -732958.793522
620.0000     -732936.011864
624.0000     -732741.745691
628.0000     -733301.380642
632.0000     -733359.215602
636.0000     -732950.266983
640.0000     -732543.007492
644.0000     -733026.553121
648.0000     -733658.255604
652.0000     -732916.827701
656.0000     -732871.148933
660.0000     -733518.546158
664.0000     -733457.968312
668.0000     -733511.491951
672.0000     -733451.828115
676.0000     -732978.450716
680.0000     -733537.281838
684.0000     -733472.300922
688.0000     -733478.256360
692.0000     -732837.336040
696.0000     -732161.997720
700.0000     -732508.025742
704.0000     -732959.541418
708.0000     -732653.635839
712.0000     -732900.714369
716.0000     -732500.733705
720.0000     -733083.554988
724.0000     -733942.063306
728.0000     -733473.766007
732.0000     -733074.175116
736.0000     -733390.620517
740.0000     -732922.569422
744.0000     -732591.605195
748.0000     -732670.128680
752.0000     -733502.428029
756.0000     -732688.994503
760.0000     -732736.885533
764.0000     -732856.260345
768.0000     -733155.569694
772.0000     -733213.442276
776.0000     -733641.601867
780.0000     -733386.706344
784.0000     -733941.639684
788.0000     -733326.660770
792.0000     -732584.022101
796.0000     -733230.710383
800.0000     -733513.749907
804.0000     -733376.775982
808.0000     -733428.132960
812.0000     -733224.542611
816.0000     -733632.928007
820.0000     -733557.184648
824.0000     -733711.805949
828.0000     -733729.331969
832.0000     -733722.860725
836.0000     -733560.831342
840.0000     -733993.010833
844.0000     -733242.185446
848.0000     -732616.802915
852.0000     -733111.453788
856.0000     -733680.784389
860.0000     -733121.474186
864.0000     -732901.430528
868.0000     -732732.080725
872.0000     -733132.237062
876.0000     -732990.221757
880.0000     -732454.999264
884.0000     -733672.006075
888.0000     -731859.933214
892.0000     -733327.115077
896.0000     -733229.837190
900.0000     -732535.766424
904.0000     -732983.252367
908.0000     -733157.335828
912.0000     -733448.307886
916.0000     -733131.954317
920.0000     -732728.380095
924.0000     -732937.564453
928.0000     -733612.499748
932.0000     -732948.501653
936.0000     -733298.066872
940.0000     -733678.104691
944.0000     -733403.240073
948.0000     -733972.874548
952.0000     -733404.004896
956.0000     -732994.765854
960.0000     -733416.713728
964.0000     -733299.183806
968.0000     -732990.470010
972.0000     -733235.062209
976.0000     -733457.257119
980.0000     -733585.535565
984.0000     -733799.935754
988.0000     -733331.700554
992.0000     -733733.857940
996.0000     -733886.383174
1000.0000     -733757.569404
1004.0000     -733548.581702
1008.0000     -733507.650562
1012.0000     -733403.748488
1016.0000     -733466.273437
1020.0000     -733136.209622
1024.0000     -733784.544069
1028.0000     -733529.503781
1032.0000     -733036.888154
1036.0000     -733106.228872
1040.0000     -732042.392215
1044.0000     -733217.185436
1048.0000     -732840.098728
1052.0000     -734502.686105
1056.0000     -733493.791849
1060.0000     -733695.439513
1064.0000     -732865.702268
1068.0000     -733186.545621
1072.0000     -733006.761337
1076.0000     -732875.622657
1080.0000     -733742.962816
1084.0000     -733558.818431
1088.0000     -732719.286414
1092.0000     -732959.451627
1096.0000     -733629.672532
1100.0000     -733823.946893
1104.0000     -733194.778990
1108.0000     -734152.168527
1112.0000     -732918.893503
1116.0000     -732921.499025
1120.0000     -733408.401964
1124.0000     -733763.113657
1128.0000     -733252.777730
1132.0000     -733451.943254
1136.0000     -733462.289923
1140.0000     -734367.396685
1144.0000     -733555.279998
1148.0000     -732994.165778
1152.0000     -734013.969618
1156.0000     -733276.757446
1160.0000     -733247.443634
1164.0000     -733418.606884
1168.0000     -733070.199258
1172.0000     -733134.369340
1176.0000     -733468.002885
1180.0000     -733845.350338
1184.0000     -733266.402105
1188.0000     -733166.255616
1192.0000     -733036.519213
1196.0000     -733844.587742
1200.0000     -732191.933863
1204.0000     -733201.511156
1208.0000     -733688.380264
1212.0000     -733648.056912
1216.0000     -733532.926734
1220.0000     -734312.191685
1224.0000     -733270.548279
1228.0000     -733079.151084
1232.0000     -733512.043683
1236.0000     -734285.185802
1240.0000     -734373.314304
1244.0000     -732640.198020
1248.0000     -733689.112074
1252.0000     -733616.929301
1256.0000     -733616.395845
1260.0000     -733567.781031
1264.0000     -733956.169777
1268.0000     -733477.875700
1272.0000     -733381.707941
1276.0000     -734427.655971
1280.0000     -733847.746816
1284.0000     -733936.425921
1288.0000     -733426.769937
1292.0000     -733696.293826
1296.0000     -733462.390722
1300.0000     -733097.573238
1304.0000     -733674.848074
1308.0000     -733521.041279
1312.0000     -733148.786951
1316.0000     -733573.229482
1320.0000     -733539.482174
1324.0000     -733641.423453
1328.0000     -733286.576163
1332.0000     -733314.922453
1336.0000     -733208.873342
1340.0000     -732558.614422
1344.0000     -733466.644762
1348.0000     -733204.946053
1352.0000     -732921.189223
1356.0000     -733282.227706
1360.0000     -733527.673642
1364.0000     -733330.685599
1368.0000     -733246.877461
1372.0000     -733042.471665
1376.0000     -734128.567540
1380.0000     -733150.620226
1384.0000     -733126.979071
1388.0000     -733308.371706
1392.0000     -733171.488345
1396.0000     -732658.508964
1400.0000     -732690.000519
1404.0000     -732603.683097
1408.0000     -733276.308574
1412.0000     -733114.316248
1416.0000     -733255.474413
1420.0000     -732938.042403
1424.0000     -733269.313807
1428.0000     -733225.621825
1432.0000     -733815.155276
1436.0000     -733164.041819
1440.0000     -733562.498120
1444.0000     -733598.935238
1448.0000     -733529.250279
1452.0000     -732682.642767
1456.0000     -733081.245176
1460.0000     -733446.041760
1464.0000     -733714.897537
1468.0000     -733611.556792
1472.0000     -732923.631305
1476.0000     -734037.537672
1480.0000     -733784.464853
1484.0000     -732960.923088
1488.0000     -733732.322044
1492.0000     -733159.327361
1496.0000     -733900.646986
1500.0000     -733094.836611
1504.0000     -733840.205528
1508.0000     -733319.814607
1512.0000     -733508.152375
1516.0000     -733668.666064
1520.0000     -733067.533264
1524.0000     -733588.101354
1528.0000     -733251.852097
1532.0000     -733980.589210
1536.0000     -733106.638848
1540.0000     -733438.255840
1544.0000     -733077.521120
1548.0000     -732898.500891
1552.0000     -733068.300794
1556.0000     -733208.991940
1560.0000     -732678.159783
1564.0000     -733310.924618
1568.0000     -732543.753115
1572.0000     -733357.953397
1576.0000     -733148.827720
1580.0000     -733294.648536
1584.0000     -733626.280615
1588.0000     -732722.111660
1592.0000     -732909.555557
1596.0000     -733844.998275
1600.0000     -733289.429970
1604.0000     -734444.723020
1608.0000     -733892.026555
1612.0000     -732638.104799
1616.0000     -733102.298305
1620.0000     -731872.476322
1624.0000     -733017.700596
1628.0000     -733737.497563
1632.0000     -733377.334544
1636.0000     -733593.927116
1640.0000     -733676.136983
1644.0000     -733766.740966
1648.0000     -733982.118124
1652.0000     -733663.511565
1656.0000     -733510.865857
1660.0000     -733878.212874
1664.0000     -733199.550528
1668.0000     -732826.906041
1672.0000     -733761.382679
1676.0000     -734094.370707
1680.0000     -732903.914106
1684.0000     -733220.089133
1688.0000     -733854.794821
1692.0000     -733211.761089
1696.0000     -733072.580424
1700.0000     -733087.002591
1704.0000     -733252.450679
1708.0000     -732546.763334
1712.0000     -732752.462842
1716.0000     -733648.945894
1720.0000     -733611.203757
1724.0000     -732741.267585
1728.0000     -732863.484419
1732.0000     -732716.923746
1736.0000     -733685.108509
1740.0000     -733127.548951
1744.0000     -732539.171547
1748.0000     -733016.982679
1752.0000     -732259.023833
1756.0000     -733334.483688
1760.0000     -731472.508664
1764.0000     -733109.634659
1768.0000     -733101.190061
1772.0000     -733276.912982
1776.0000     -733888.479580
1780.0000     -732632.553911
1784.0000     -733330.893103
1788.0000     -732784.512623
1792.0000     -733726.597413
1796.0000     -733600.461171
1800.0000     -733327.055742
1804.0000     -733252.841919
1808.0000     -733870.171007
1812.0000     -732829.579918
1816.0000     -733314.053932
1820.0000     -734025.750347
1824.0000     -733126.440301
1828.0000     -733620.935280
1832.0000     -733399.031174
1836.0000     -734443.173229
1840.0000     -733525.804814
1844.0000     -734019.151091
1848.0000     -733773.143197
1852.0000     -733737.592283
1856.0000     -733717.889912
1860.0000     -733552.428701
1864.0000     -732148.337263
1868.0000     -733039.980536
1872.0000     -733973.033253
1876.0000     -733026.250370
1880.0000     -733340.154596
1884.0000     -733348.365890
1888.0000     -733432.178410
1892.0000     -732540.668084
1896.0000     -732701.486739
1900.0000     -733048.237577
1904.0000     -733428.198920
1908.0000     -733266.137620
1912.0000     -733858.022016
1916.0000     -732336.038483
1920.0000     -732883.606532
1924.0000     -733207.070597
1928.0000     -733293.506078
1932.0000     -733630.651873
1936.0000     -734537.132295
1940.0000     -733070.787274
1944.0000     -734043.219673
1948.0000     -733623.011201
1952.0000     -732841.117208
1956.0000     -733940.163940
1960.0000     -733814.146290
1964.0000     -733441.449957
1968.0000     -732873.989660
1972.0000     -733564.534853
1976.0000     -733421.205130
1980.0000     -733495.377102
1984.0000     -733176.661855
1988.0000     -733533.849809
1992.0000     -732754.697114
1996.0000     -732375.627448
2000.0000     -732666.706594
2004.0000     -733495.279264
2008.0000     -733961.159571
2012.0000     -733796.544389
2016.0000     -733526.946770
2020.0000     -733645.786449
2024.0000     -732279.458532
2028.0000     -733117.874954
2032.0000     -733624.543560
2036.0000     -734256.459451
2040.0000     -733133.564084
2044.0000     -733770.733535
2048.0000     -732446.119362
2052.0000     -732658.558942
2056.0000     -733650.735549
2060.0000     -732539.739928
2064.0000     -733365.609275
2068.0000     -732980.315656
2072.0000     -733147.964106
2076.0000     -733546.118543
2080.0000     -733550.775910
2084.0000     -732636.684003
2088.0000     -732795.919952
2092.0000     -733861.006745
2096.0000     -733632.724297
2100.0000     -733094.366761
2104.0000     -733600.983229
2108.0000     -732818.952867
2112.0000     -733554.190361
2116.0000     -733667.910429
2120.0000     -733155.361114
2124.0000     -732855.483996
2128.0000     -733183.107588
2132.0000     -733754.415060
2136.0000     -733246.596771
2140.0000     -733170.334834
2144.0000     -734044.886807
2148.0000     -733783.710573
2152.0000     -733282.013697
2156.0000     -733579.435700
2160.0000     -733666.008018
2164.0000     -732847.284302
2168.0000     -733299.737168
2172.0000     -732850.603420
2176.0000     -733550.595861
2180.0000     -734055.116581
2184.0000     -733596.592638
2188.0000     -733487.218055
2192.0000     -734110.960516
2196.0000     -733282.566168
2200.0000     -733336.600101
2204.0000     -734249.188211
2208.0000     -733744.466332
2212.0000     -733767.562432
2216.0000     -732660.848188
2220.0000     -733819.587452
2224.0000     -733616.416206
2228.0000     -734015.630982
2232.0000     -733668.758551
2236.0000     -733265.482649
2240.0000     -733029.244030
2244.0000     -733788.197605
2248.0000     -734045.766054
2252.0000     -734115.694930
2256.0000     -733762.558282
2260.0000     -734737.148076
2264.0000     -733209.079176
2268.0000     -733822.625933
2272.0000     -734098.280398
2276.0000     -733431.002917
2280.0000     -734027.449672
2284.0000     -732862.964055
2288.0000     -733317.266104
2292.0000     -733166.642628
2296.0000     -733160.396274
2300.0000     -732748.628880
2304.0000     -732899.991217
2308.0000     -733797.891468
2312.0000     -733634.672559
2316.0000     -733796.615184
2320.0000     -733428.999077
2324.0000     -733845.074112
2328.0000     -732891.457181
2332.0000     -732457.628294
2336.0000     -733558.151830
2340.0000     -733351.243250
2344.0000     -733287.629783
2348.0000     -733198.936194
2352.0000     -733343.889286
2356.0000     -731965.428569
2360.0000     -733591.173726
2364.0000     -733662.806417
2368.0000     -733244.498255
2372.0000     -733349.887878
2376.0000     -733401.745763
2380.0000     -733349.896289
2384.0000     -733043.820756
2388.0000     -733553.085363
2392.0000     -733582.562894
2396.0000     -733559.557114
2400.0000     -733226.783602
2404.0000     -734131.087562
2408.0000     -733740.873220
2412.0000     -733580.293409
2416.0000     -733339.687907
2420.0000     -732761.517371
2424.0000     -733266.630371
2428.0000     -733424.464616
2432.0000     -733174.053920
2436.0000     -733536.314540
2440.0000     -732533.069700
2444.0000     -733690.521801
2448.0000     -733351.441532
2452.0000     -733185.185034
2456.0000     -733499.913398
2460.0000     -733132.156846
2464.0000     -732535.743087
2468.0000     -733496.124547
2472.0000     -732985.204192
2476.0000     -733926.073966
2480.0000     -733917.900512
2484.0000     -733368.864850
2488.0000     -733328.213157
2492.0000     -734739.238500
2496.0000     -732979.432695
2500.0000     -732802.540237
2504.0000     -732758.364510
2508.0000     -733013.644232
2512.0000     -734077.784465
2516.0000     -733520.258741
2520.0000     -733776.747488
2524.0000     -733455.575623
2528.0000     -733059.404141
2532.0000     -733460.194699
2536.0000     -733417.867029
2540.0000     -732706.186506
2544.0000     -733278.502691
2548.0000     -733563.048600
2552.0000     -732971.152560
2556.0000     -732945.341024
2560.0000     -733646.191800
2564.0000     -733260.477120
2568.0000     -733391.899606
2572.0000     -733974.905534
2576.0000     -734715.439206
2580.0000     -734244.333265
2584.0000     -733577.872101
2588.0000     -732628.396923
2592.0000     -733548.789245
2596.0000     -734188.499942
2600.0000     -733985.920038
2604.0000     -733190.316487
2608.0000     -734323.844084
2612.0000     -732984.341701
2616.0000     -733093.510702
2620.0000     -733344.460600
2624.0000     -734132.094476
2628.0000     -733718.221046
2632.0000     -733911.808238
2636.0000     -732862.340596
2640.0000     -733553.082142
2644.0000     -733851.279170
2648.0000     -733181.745492
2652.0000     -733185.454948
2656.0000     -733742.478547
2660.0000     -733158.959819
2664.0000     -734587.517632
2668.0000     -733501.363679
2672.0000     -733114.344548
2676.0000     -733702.571997
2680.0000     -733918.972997
2684.0000     -732610.636977
2688.0000     -733247.824465
2692.0000     -733512.215097
2696.0000     -733918.967794
2700.0000     -733564.711083
2704.0000     -733865.149694
2708.0000     -733636.689978
2712.0000     -734377.900414
2716.0000     -732491.323578
2720.0000     -733609.700667
2724.0000     -733441.102495
2728.0000     -734217.740940
2732.0000     -733606.367194
2736.0000     -733875.753247
2740.0000     -733550.743348
2744.0000     -733568.357165
2748.0000     -733713.624647
2752.0000     -733412.101850
2756.0000     -733816.631755
2760.0000     -733370.685120
2764.0000     -733551.990036
2768.0000     -733311.175679
2772.0000     -733509.946490
2776.0000     -733496.351417
2780.0000     -733834.133322
2784.0000     -733113.022228
2788.0000     -732802.032934
2792.0000     -733577.697963
2796.0000     -733846.605777
2800.0000     -733375.189988
2804.0000     -732628.188959
2808.0000     -733547.525382
2812.0000     -733515.157416
2816.0000     -733629.559680
2820.0000     -733091.550502
2824.0000     -733180.205193
2828.0000     -732968.059047
2832.0000     -734023.030403
2836.0000     -733556.089391
2840.0000     -733251.230217
2844.0000     -733739.485232
2848.0000     -733249.180595
2852.0000     -734078.863927
2856.0000     -733634.654865
2860.0000     -732634.574835
2864.0000     -733417.685993
2868.0000     -733846.705467
2872.0000     -733876.187247
2876.0000     -733653.445239
2880.0000     -734181.275097
2884.0000     -733010.368506
2888.0000     -733196.990799
2892.0000     -733555.498426
2896.0000     -734429.543557
2900.0000     -733626.595845
2904.0000     -733524.872813
2908.0000     -734314.490627
2912.0000     -733398.706551
2916.0000     -733663.759330
2920.0000     -733317.200481
2924.0000     -733847.703751
2928.0000     -734194.532024
2932.0000     -733293.244144
2936.0000     -733231.950942
2940.0000     -733639.607690
2944.0000     -733157.714054
2948.0000     -732837.052756
2952.0000     -733432.415419
2956.0000     -733053.257119
2960.0000     -733411.733744
2964.0000     -734321.975213
2968.0000     -733734.260728
2972.0000     -733457.478420
2976.0000     -733320.312929
2980.0000     -734307.120921
2984.0000     -733802.130526
2988.0000     -733967.918302
2992.0000     -734170.459349
2996.0000     -733575.154432
3000.0000     -733643.158943
3004.0000     -733284.255669
3008.0000     -733583.307726
3012.0000     -733131.483391
3016.0000     -733227.125597
3020.0000     -732984.696533
3024.0000     -733569.188712
3028.0000     -734001.498283
3032.0000     -733748.793397
3036.0000     -733328.305104
3040.0000     -733470.138160
3044.0000     -733233.241694
3048.0000     -733194.202115
3052.0000     -734093.439883
3056.0000     -734012.517389
3060.0000     -734108.543704
3064.0000     -734030.737015
3068.0000     -733664.775780
3072.0000     -733564.727208
3076.0000     -733504.779368
3080.0000     -735094.708347
3084.0000     -733932.537211
3088.0000     -733985.644143
3092.0000     -733321.286183
3096.0000     -732846.647111
3100.0000     -733328.528538
3104.0000     -733540.188883
3108.0000     -733573.901323
3112.0000     -733325.057311
3116.0000     -733049.047075
3120.0000     -733646.918673
3124.0000     -734001.855734
3128.0000     -733828.241622
3132.0000     -734014.858715
3136.0000     -733727.991764
3140.0000     -734777.427582
3144.0000     -733296.045922
3148.0000     -733640.934224
3152.0000     -733492.068675
3156.0000     -734177.066865
3160.0000     -734082.098565
3164.0000     -733594.791882
3168.0000     -733712.026752
3172.0000     -733342.634918
3176.0000     -733577.702601
3180.0000     -733833.305269
3184.0000     -733751.708219
3188.0000     -733574.963582
3192.0000     -733486.318793
3196.0000     -733423.642812
3200.0000     -733332.939403
3204.0000     -733077.876380
3208.0000     -733786.521978
3212.0000     -734166.079719
3216.0000     -733256.485944
3220.0000     -733392.341727
3224.0000     -733776.931327
3228.0000     -733970.433311
3232.0000     -733665.757688
3236.0000     -734217.892851
3240.0000     -734218.914020
3244.0000     -734048.866425
3248.0000     -734023.481938
3252.0000     -733822.254579
3256.0000     -734013.693171
3260.0000     -733536.798136
3264.0000     -732589.612343
3268.0000     -733716.239192
3272.0000     -733547.349649
3276.0000     -733568.083922
3280.0000     -734537.918476
3284.0000     -733428.591558
3288.0000     -733041.607315
3292.0000     -733322.766207
3296.0000     -732677.395907
3300.0000     -732433.831836
3304.0000     -733166.921707
3308.0000     -734260.093019
3312.0000     -733778.912557
3316.0000     -732769.464490
3320.0000     -733233.758709
3324.0000     -732593.195435
3328.0000     -734148.726468
3332.0000     -734017.376298
3336.0000     -733398.821394
3340.0000     -733534.982530
3344.0000     -733786.903224
3348.0000     -733459.818946
3352.0000     -733715.232636
3356.0000     -733150.994806
3360.0000     -732914.933847
3364.0000     -733660.257386
3368.0000     -733839.850569
3372.0000     -733405.460645
3376.0000     -733259.182633
3380.0000     -733250.881464
3384.0000     -733786.716241
3388.0000     -732752.445610
3392.0000     -733823.623731
3396.0000     -733674.220062
3400.0000     -733853.074177
3404.0000     -733701.777240
3408.0000     -732883.064577
3412.0000     -734098.117578
3416.0000     -734081.047949
3420.0000     -734017.373130
3424.0000     -733571.948290
3428.0000     -733759.665023
3432.0000     -734530.054384
3436.0000     -733667.992665
3440.0000     -732723.553444
3444.0000     -734441.964505
3448.0000     -733686.589659
3452.0000     -733478.974996
3456.0000     -733658.522434
3460.0000     -733269.352584
3464.0000     -734515.627864
3468.0000     -734461.709810
3472.0000     -733499.802627
3476.0000     -734474.817581
3480.0000     -734399.076849
3484.0000     -733495.936488
3488.0000     -733832.866706
3492.0000     -734438.573554
3496.0000     -733290.706831
3500.0000     -733604.192883
3504.0000     -734310.274386
3508.0000     -732228.937630
3512.0000     -733707.679138
3516.0000     -733912.863246
3520.0000     -733974.849610
3524.0000     -734337.203730
3528.0000     -732998.961843
3532.0000     -733515.020016
3536.0000     -733158.024451
3540.0000     -733360.552163
3544.0000     -733351.207139
3548.0000     -733374.415729
3552.0000     -733724.414782
3556.0000     -733167.425437
3560.0000     -733698.028770
3564.0000     -733076.695606
3568.0000     -733727.557372
3572.0000     -733470.778074
3576.0000     -733135.356313
3580.0000     -733261.734365
3584.0000     -733356.760041
3588.0000     -733256.787617
3592.0000     -733052.211789
3596.0000     -733782.678344
3600.0000     -733738.092772
3604.0000     -733623.627405
3608.0000     -733832.891828
3612.0000     -733899.463941
3616.0000     -733616.063694
3620.0000     -733631.845437
3624.0000     -733334.990537
3628.0000     -733936.279765
3632.0000     -732883.735598
3636.0000     -733148.800860
3640.0000     -733193.753542
3644.0000     -732886.500723
3648.0000     -733280.229003
3652.0000     -734120.199517
3656.0000     -733498.778199
3660.0000     -733508.730317
3664.0000     -733829.582408
3668.0000     -734250.934801
3672.0000     -733608.961508
3676.0000     -734114.542643
3680.0000     -733778.015634
3684.0000     -733289.394520
3688.0000     -733757.180534
3692.0000     -733530.467827
3696.0000     -733084.553760
3700.0000     -733493.474783
3704.0000     -733190.632033
3708.0000     -733344.089810
3712.0000     -733130.994167
3716.0000     -733738.413707
3720.0000     -734115.350374
3724.0000     -733870.064076
3728.0000     -734266.523727
3732.0000     -733547.730298
3736.0000     -733612.596664
3740.0000     -733836.822242
3744.0000     -734082.123941
3748.0000     -733978.234208
3752.0000     -734063.724852
3756.0000     -732874.409522
3760.0000     -734056.018981
3764.0000     -734575.750899
3768.0000     -733673.254005
3772.0000     -732625.601214
3776.0000     -733462.831555
3780.0000     -733243.240889
3784.0000     -733624.002638
3788.0000     -733993.311785
3792.0000     -733998.024848
3796.0000     -733634.864826
3800.0000     -734131.352653
3804.0000     -733900.117536
3808.0000     -734021.610154
3812.0000     -732631.020002
3816.0000     -732885.498294
3820.0000     -734265.986590
3824.0000     -734105.977001
3828.0000     -733377.185340
3832.0000     -733841.907104
3836.0000     -734183.009784
3840.0000     -733766.512015
3844.0000     -733786.266421
3848.0000     -733969.797382
3852.0000     -733699.007227
3856.0000     -733967.947167
3860.0000     -732679.239618
3864.0000     -734038.464415
3868.0000     -733896.531035
3872.0000     -733487.959218
3876.0000     -733847.712855
3880.0000     -732736.021052
3884.0000     -733875.527430
3888.0000     -733991.661409
3892.0000     -733983.859569
3896.0000     -734091.802835
3900.0000     -734490.803301
3904.0000     -733878.811883
3908.0000     -733809.944499
3912.0000     -733769.812146
3916.0000     -733927.825610
3920.0000     -733864.504202
3924.0000     -733489.825468
3928.0000     -733339.372374
3932.0000     -734243.983632
3936.0000     -733813.182659
3940.0000     -734384.159657
3944.0000     -733595.264166
3948.0000     -733035.916226
3952.0000     -733896.008471
3956.0000     -733768.461228
3960.0000     -733652.300649
3964.0000     -733124.956923
3968.0000     -733524.076840
3972.0000     -733215.727364
3976.0000     -733044.649915
3980.0000     -734078.862048
3984.0000     -733433.660915
3988.0000     -733041.410356
3992.0000     -733240.870111
3996.0000     -732980.219390
4000.0000     -734318.957239
4004.0000     -734318.957239
