4.0000     -733687.738846
8.0000     -733548.665165
12.0000     -733383.055273
16.0000     -733783.448987
20.0000     -733608.278106
24.0000     -734143.558049
28.0000     -733482.610183
32.0000     -733645.031074
36.0000     -733502.479867
40.0000     -733781.379609
44.0000     -733216.739999
48.0000     -732986.798170
52.0000     -733853.449370
56.0000     -733435.233950
60.0000     -734019.656836
64.0000     -733386.835128
68.0000     -732837.259048
72.0000     -733132.154869
76.0000     -733333.392948
80.0000     -733900.019832
84.0000     -733215.217432
88.0000     -732798.529687
92.0000     -732950.491261
96.0000     -732932.440987
100.0000     -733497.392920
104.0000     -733197.640044
108.0000     -733160.911414
112.0000     -733097.955891
116.0000     -733290.501024
120.0000     -732876.666730
124.0000     -732505.396176
128.0000     -733302.335326
132.0000     -732629.474270
136.0000     -733341.250381
140.0000     -732885.056009
144.0000     -732956.784082
148.0000     -732873.213392
152.0000     -733412.440879
156.0000     -733452.144907
160.0000     -732998.625975
164.0000     -733258.697569
168.0000     -733254.406066
172.0000     -732878.745032
176.0000     -732680.238255
180.0000     -732803.308082
184.0000     -733261.097108
188.0000     -733861.652895
192.0000     -733119.908316
196.0000     -734576.930738
200.0000     -733332.864220
204.0000     -732993.404861
208.0000     -733638.226242
212.0000     -733831.849805
216.0000     -733217.998990
220.0000     -733733.939397
224.0000     -733297.259175
228.0000     -732715.432648
232.0000     -733107.664873
236.0000     -732971.570345
240.0000     -733012.625735
244.0000     -732823.727490
248.0000     -732369.677049
252.0000     -733399.566545
256.0000     -733074.590998
260.0000     -733619.887704
264.0000     -733131.939277
268.0000     -732911.070035
272.0000     -732634.341296
276.0000     -732619.001414
280.0000     -733025.806270
284.0000     -733138.667303
288.0000     -733063.612744
292.0000     -733042.138131
296.0000     -732739.807026
300.0000     -733493.505867
304.0000     -733563.520263
308.0000     -733385.882665
312.0000     -733389.581609
316.0000     -733959.027825
320.0000     -732702.447547
324.0000     -733311.112878
328.0000     -732867.424699
332.0000     -734043.839388
336.0000     -733632.406712
340.0000     -732931.435839
344.0000     -733393.650222
348.0000     -733586.238664
352.0000     -732307.319843
356.0000     -733314.890839
360.0000     -733276.610258
364.0000     -733385.876179
368.0000     -732847.238099
372.0000     -733148.053285
376.0000     -732812.490758
380.0000     -732750.350648
384.0000     -732591.877104
388.0000     -732364.377135
392.0000     -733288.152165
396.0000     -734153.323533
400.0000     -733190.812731
404.0000     -733142.146106
408.0000     -733517.190435
412.0000     -733821.522129
416.0000     -732791.445943
420.0000     -733120.422214
424.0000     -732753.749161
428.0000     -733430.962976
432.0000     -732787.455196
436.0000     -733530.564412
440.0000     -733161.080985
444.0000     -733841.529738
448.0000     -733195.164129
452.0000     -732998.710543
456.0000     -733854.854261
460.0000     -732290.822038
464.0000     -733756.215529
468.0000     -732744.182932
472.0000     -734025.293981
476.0000     -732539.409231
480.0000     -732923.232487
484.0000     -733449.591139
488.0000     -732982.680292
492.0000     -733108.863700
496.0000     -733442.055992
500.0000     -732155.270639
504.0000     -733218.184540
508.0000     -733109.347611
512.0000     -733747.220453
516.0000     -732942.224474
520.0000     -732938.630506
524.0000     -733267.057447
528.0000     -733681.056964
532.0000     -734165.888094
536.0000     -732808.131638
540.0000     -732964.128652
544.0000     -732993.482430
548.0000     -732932.625881
552.0000     -733448.872625
556.0000     -732793.556805
560.0000     -732564.895065
564.0000     -732878.551141
568.0000     -733030.053811
572.0000     -733383.581649
576.0000     -733082.534193
580.0000     -732715.771312
584.0000     -732728.031985
588.0000     -733897.628671
592.0000     -733483.437176
596.0000     -733267.872962
600.0000     -732879.630505
604.0000     -733104.929949
608.0000     -733402.332367
612.0000     -733310.024402
616.0000     -733039.054018
620.0000     -732983.152676
624.0000     -732795.260554
628.0000     -733353.505098
632.0000     -733402.317638
636.0000     -732987.634961
640.0000     -732612.169958
644.0000     -733071.906392
648.0000     -733716.532635
652.0000     -732979.022189
656.0000     -732963.144448
660.0000     -733585.843736
664.0000     -733498.222765
668.0000     -733607.143237
672.0000     -733504.681115
676.0000     -733009.474701
680.0000     -733596.744759
684.0000     -733558.176181
688.0000     -733518.197249
692.0000     -732897.306846
696.0000     -732205.322025
700.0000     -732576.118745
704.0000     -733032.384346
708.0000     -732694.580118
712.0000     -732942.074397
716.0000     -732535.146373
720.0000     -733173.871089
724.0000     -734001.049062
728.0000     -733525.575546
732.0000     -733145.783361
736.0000     -733461.174420
740.0000     -732966.674006
744.0000     -732642.371895
748.0000     -732713.245749
752.0000     -733608.775167
756.0000     -732743.822771
760.0000     -732788.998171
764.0000     -732893.611284
768.0000     -733216.775756
772.0000     -733264.883613
776.0000     -733681.781193
780.0000     -733421.681670
784.0000     -733994.336548
788.0000     -733391.039791
792.0000     -732637.748269
796.0000     -733292.748164
800.0000     -733555.593556
804.0000     -733430.593243
808.0000     -733513.396077
812.0000     -733271.793351
816.0000     -733688.337800
820.0000     -733615.310177
824.0000     -733798.506067
828.0000     -733839.365106
832.0000     -733781.137324
836.0000     -733597.967963
840.0000     -734054.502301
844.0000     -733295.834682
848.0000     -732671.376126
852.0000     -733203.966854
856.0000     -733727.535837
860.0000     -733238.541068
864.0000     -732959.991328
868.0000     -732770.916368
872.0000     -733178.496821
876.0000     -733034.405892
880.0000     -732496.095079
884.0000     -733751.153913
888.0000     -731920.586165
892.0000     -733396.347989
896.0000     -733292.251946
900.0000     -732605.724305
904.0000     -733028.791729
908.0000     -733199.664610
912.0000     -733546.865404
916.0000     -733247.781479
920.0000     -732774.432424
924.0000     -732996.366094
928.0000     -733670.690766
932.0000     -732997.144845
936.0000     -733347.539746
940.0000     -733717.231489
944.0000     -733436.295136
948.0000     -734014.137128
952.0000     -733525.917705
956.0000     -733051.148770
960.0000     -733452.056780
964.0000     -733381.309562
968.0000     -733045.099219
972.0000     -733290.488613
976.0000     -733508.313499
980.0000     -733641.741788
984.0000     -733845.014244
988.0000     -733387.670000
992.0000     -733782.674250
996.0000     -733929.922866
1000.0000     -733791.414437
1004.0000     -733596.395738
1008.0000     -733564.735194
1012.0000     -733490.053385
1016.0000     -733527.784264
1020.0000     -733174.187074
1024.0000     -733834.480238
1028.0000     -733564.431870
1032.0000     -733129.296130
1036.0000     -733181.706680
1040.0000     -732091.734250
1044.0000     -733287.510596
1048.0000     -732916.438095
1052.0000     -734566.222766
1056.0000     -733539.044215
1060.0000     -733757.037348
1064.0000     -732938.804384
1068.0000     -733246.450737
1072.0000     -733061.930637
1076.0000     -732924.150770
1080.0000     -733817.328725
1084.0000     -733596.069146
1088.0000     -732769.325474
1092.0000     -733007.413067
1096.0000     -733704.496488
1100.0000     -733870.471399
1104.0000     -733248.518791
1108.0000     -734193.289752
1112.0000     -732982.927833
1116.0000     -732974.386043
1120.0000     -733475.082492
1124.0000     -733853.850006
1128.0000     -733306.380267
1132.0000     -733539.726695
1136.0000     -733514.091732
1140.0000     -734465.179798
1144.0000     -733593.961684
1148.0000     -733037.874435
1152.0000     -734107.887134
1156.0000     -733345.011934
1160.0000     -733284.515785
1164.0000     -733457.057165
1168.0000     -733111.741020
1172.0000     -733201.680755
1176.0000     -733523.920295
1180.0000     -733892.377130
1184.0000     -733327.531068
1188.0000     -733213.074163
1192.0000     -733103.615375
1196.0000     -733907.371185
1200.0000     -732242.959066
1204.0000     -733286.804331
1208.0000     -733727.664093
1212.0000     -733703.542726
1216.0000     -733580.679124
1220.0000     -734383.096755
1224.0000     -733317.743113
1228.0000     -733139.156050
1232.0000     -733563.033516
1236.0000     -734369.415395
1240.0000     -734429.911242
1244.0000     -732703.519651
1248.0000     -733733.494301
1252.0000     -733701.466536
1256.0000     -733653.068666
1260.0000     -733622.066093
1264.0000     -733988.473490
1268.0000     -733517.906308
1272.0000     -733434.472101
1276.0000     -734481.189126
1280.0000     -733884.904138
1284.0000     -733996.686947
1288.0000     -733477.681192
1292.0000     -733741.967051
1296.0000     -733513.452858
1300.0000     -733136.164863
1304.0000     -733723.883963
1308.0000     -733585.175379
1312.0000     -733203.843145
1316.0000     -733616.521701
1320.0000     -733580.700576
1324.0000     -733725.773686
1328.0000     -733329.723681
1332.0000     -733363.900814
1336.0000     -733242.660392
1340.0000     -732629.809385
1344.0000     -733508.347926
1348.0000     -733281.085312
1352.0000     -732982.671404
1356.0000     -733347.993439
1360.0000     -733593.383356
1364.0000     -733369.174922
1368.0000     -733296.356671
1372.0000     -733090.541671
1376.0000     -734201.535142
1380.0000     -733206.217048
1384.0000     -733216.355774
1388.0000     -733383.551415
1392.0000     -733211.032332
1396.0000     -732718.122345
1400.0000     -732740.933065
1404.0000     -732643.507387
1408.0000     -733335.335916
1412.0000     -733170.547528
1416.0000     -733306.301854
1420.0000     -732999.113910
1424.0000     -733324.903022
1428.0000     -733290.735275
1432.0000     -733861.334079
1436.0000     -733235.151356
1440.0000     -733604.032731
1444.0000     -733655.604700
1448.0000     -733579.365966
1452.0000     -732737.511574
1456.0000     -733132.509412
1460.0000     -733574.487263
1464.0000     -733772.066809
1468.0000     -733690.646222
1472.0000     -732977.656815
1476.0000     -734092.197414
1480.0000     -733822.939910
1484.0000     -733013.702670
1488.0000     -733807.337051
1492.0000     -733212.670611
1496.0000     -733982.351553
1500.0000     -733145.630189
1504.0000     -733916.626464
1508.0000     -733370.771676
1512.0000     -733589.382482
1516.0000     -733721.543946
1520.0000     -733133.390694
1524.0000     -733662.262155
1528.0000     -733298.069145
1532.0000     -734024.951336
1536.0000     -733165.403683
1540.0000     -733505.276920
1544.0000     -733121.075886
1548.0000     -732939.090785
1552.0000     -733132.535992
1556.0000     -733254.726804
1560.0000     -732780.287857
1564.0000     -733349.655443
1568.0000     -732590.922576
1572.0000     -733491.772325
1576.0000     -733227.546771
1580.0000     -733355.366854
1584.0000     -733661.995946
1588.0000     -732772.330841
1592.0000     -732962.560455
1596.0000     -733946.219923
1600.0000     -733353.675664
1604.0000     -734483.516039
1608.0000     -733935.468169
1612.0000     -732673.148776
1616.0000     -733162.529443
1620.0000     -731918.424103
1624.0000     -733060.134899
1628.0000     -733894.241907
1632.0000     -733644.763041
1636.0000     -733730.436868
1640.0000     -733742.805864
1644.0000     -733841.395510
1648.0000     -734033.439564
1652.0000     -733715.116288
1656.0000     -733560.024049
1660.0000     -733940.707353
1664.0000     -733262.150064
1668.0000     -732935.537875
1672.0000     -733869.112536
1676.0000     -734159.047165
1680.0000     -732962.807121
1684.0000     -733320.740695
1688.0000     -733923.533005
1692.0000     -733306.504825
1696.0000     -733118.826703
1700.0000     -733140.868093
1704.0000     -733297.479417
1708.0000     -732607.074899
1712.0000     -732812.386168
1716.0000     -733693.719340
1720.0000     -733753.488717
1724.0000     -732803.199320
1728.0000     -732918.577709
1732.0000     -732800.292871
1736.0000     -733734.928803
1740.0000     -733165.996538
1744.0000     -732604.278771
1748.0000     -733064.204774
1752.0000     -732306.734213
1756.0000     -733370.116909
1760.0000     -731521.392388
1764.0000     -733186.829602
1768.0000     -733169.195837
1772.0000     -733310.480970
1776.0000     -733935.932181
1780.0000     -732674.797752
1784.0000     -733404.593075
1788.0000     -732821.094321
1792.0000     -733776.434497
1796.0000     -733673.722609
1800.0000     -733475.090281
1804.0000     -733294.828725
1808.0000     -733988.519673
1812.0000     -732926.251786
1816.0000     -733390.227205
1820.0000     -734061.746187
1824.0000     -733172.058362
1828.0000     -733677.279683
1832.0000     -733503.806054
1836.0000     -734502.001370
1840.0000     -733572.650208
1844.0000     -734060.013824
1848.0000     -733823.672443
1852.0000     -733785.390216
1856.0000     -733752.757979
1860.0000     -733608.617440
1864.0000     -732201.966521
1868.0000     -733130.430260
1872.0000     -734013.121083
1876.0000     -733127.431339
1880.0000     -733424.385505
1884.0000     -733385.302221
1888.0000     -733479.710120
1892.0000     -732580.891846
1896.0000     -732779.756235
1900.0000     -733102.365249
1904.0000     -733482.572869
1908.0000     -733357.668855
1912.0000     -733927.169498
1916.0000     -732396.644631
1920.0000     -732934.273766
1924.0000     -733262.760197
1928.0000     -733397.007896
1932.0000     -733682.379008
1936.0000     -734619.217872
1940.0000     -733120.241279
1944.0000     -734099.388846
1948.0000     -733698.514645
1952.0000     -732882.381545
1956.0000     -734076.025302
1960.0000     -733861.048813
1964.0000     -733503.095928
1968.0000     -732999.425962
1972.0000     -733601.392528
1976.0000     -733467.228613
1980.0000     -733545.743560
1984.0000     -733216.911271
1988.0000     -733576.625592
1992.0000     -732798.783243
1996.0000     -732711.392167
2000.0000     -732714.716381
2004.0000     -733534.871776
2008.0000     -734022.326283
2012.0000     -733848.580542
2016.0000     -733578.059708
2020.0000     -733697.878352
2024.0000     -732348.954662
2028.0000     -733180.309187
2032.0000     -733691.955567
2036.0000     -734309.100452
2040.0000     -733176.211763
2044.0000     -733808.363535
2048.0000     -732482.996811
2052.0000     -732728.391163
2056.0000     -733692.410199
2060.0000     -732617.360618
2064.0000     -733434.044571
2068.0000     -733020.395938
2072.0000     -733192.683680
2076.0000     -733591.013572
2080.0000     -733602.383452
2084.0000     -732675.547735
2088.0000     -732877.754861
2092.0000     -733903.979021
2096.0000     -733704.160219
2100.0000     -733130.770184
2104.0000     -733670.724408
2108.0000     -732909.018028
2112.0000     -733598.315918
2116.0000     -733717.360832
2120.0000     -733188.535424
2124.0000     -732912.913010
2128.0000     -733277.709408
2132.0000     -733827.260864
2136.0000     -733293.475823
2140.0000     -733220.838299
2144.0000     -734093.422791
2148.0000     -733846.835697
2152.0000     -733318.969106
2156.0000     -733631.471251
2160.0000     -733706.626986
2164.0000     -732898.111065
2168.0000     -733363.483781
2172.0000     -732894.764061
2176.0000     -733637.448914
2180.0000     -734111.644796
2184.0000     -733657.647831
2188.0000     -733539.078723
2192.0000     -734159.692556
2196.0000     -733343.852165
2200.0000     -733379.388086
2204.0000     -734295.270050
2208.0000     -733809.230395
2212.0000     -733806.781859
2216.0000     -732705.128690
2220.0000     -733870.640530
2224.0000     -733656.526073
2228.0000     -734087.507148
2232.0000     -733708.384582
2236.0000     -733314.010338
2240.0000     -733077.301338
2244.0000     -733829.030339
2248.0000     -734083.770249
2252.0000     -734154.595006
2256.0000     -733801.412200
2260.0000     -734804.081230
2264.0000     -733322.066069
2268.0000     -733863.494220
2272.0000     -734145.236146
2276.0000     -733489.276161
2280.0000     -734063.046366
2284.0000     -732921.222801
2288.0000     -733375.043568
2292.0000     -733229.078155
2296.0000     -733194.748010
2300.0000     -732790.522210
2304.0000     -732944.828135
2308.0000     -733876.188222
2312.0000     -733707.841483
2316.0000     -733845.845322
2320.0000     -733479.122230
2324.0000     -733892.544459
2328.0000     -732954.362181
2332.0000     -732557.568213
2336.0000     -733594.302026
2340.0000     -733409.649270
2344.0000     -733370.665739
2348.0000     -733232.273760
2352.0000     -733391.999637
2356.0000     -732010.415367
2360.0000     -733639.708321
2364.0000     -733699.746754
2368.0000     -733323.194322
2372.0000     -733395.060504
2376.0000     -733441.540751
2380.0000     -733388.745909
2384.0000     -733076.242286
2388.0000     -733589.173389
2392.0000     -733616.072643
2396.0000     -733612.747360
2400.0000     -733268.341435
2404.0000     -734209.018503
2408.0000     -733806.645419
2412.0000     -733745.692852
2416.0000     -733445.985096
2420.0000     -732815.394429
2424.0000     -733319.188436
2428.0000     -733465.559897
2432.0000     -733212.671703
2436.0000     -733577.416702
2440.0000     -732629.471626
2444.0000     -733795.438096
2448.0000     -733401.587067
2452.0000     -733223.427249
2456.0000     -733544.320180
2460.0000     -733182.347285
2464.0000     -732579.846324
2468.0000     -733594.038016
2472.0000     -733079.564032
2476.0000     -733984.103565
2480.0000     -733961.413731
2484.0000     -733412.188090
2488.0000     -733410.412596
2492.0000     -734819.297303
2496.0000     -733026.501000
2500.0000     -732856.648498
2504.0000     -732826.208160
2508.0000     -733061.929986
2512.0000     -734116.263565
2516.0000     -733574.115524
2520.0000     -733947.084008
2524.0000     -733520.340124
2528.0000     -733126.829878
2532.0000     -733508.851852
2536.0000     -733459.874926
2540.0000     -732762.802611
2544.0000     -733352.112434
2548.0000     -733610.885870
2552.0000     -733007.633324
2556.0000     -732995.476807
2560.0000     -733765.348676
2564.0000     -733297.965493
2568.0000     -733489.637488
2572.0000     -734030.423585
2576.0000     -734754.644574
2580.0000     -734282.293043
2584.0000     -733656.413004
2588.0000     -732699.546996
2592.0000     -733607.384677
2596.0000     -734295.284877
2600.0000     -734040.725487
2604.0000     -733251.169061
2608.0000     -734393.898669
2612.0000     -733240.038640
2616.0000     -733139.496163
2620.0000     -733382.020988
2624.0000     -734190.087616
2628.0000     -733761.768271
2632.0000     -733956.684342
2636.0000     -732912.975533
2640.0000     -733619.839722
2644.0000     -733898.492101
2648.0000     -733241.313510
2652.0000     -733257.272000
2656.0000     -733963.571128
2660.0000     -733256.682890
2664.0000     -734670.511838
2668.0000     -733540.943849
2672.0000     -733157.482759
2676.0000     -733793.296082
2680.0000     -733967.854814
2684.0000     -732652.080628
2688.0000     -733298.426321
2692.0000     -733554.191751
2696.0000     -733983.703965
2700.0000     -733627.016564
2704.0000     -733909.040927
2708.0000     -733689.295636
2712.0000     -734468.748944
2716.0000     -732587.295908
2720.0000     -733647.816753
2724.0000     -733490.425808
2728.0000     -734278.136332
2732.0000     -733663.271791
2736.0000     -733918.214335
2740.0000     -733628.058496
2744.0000     -733621.580316
2748.0000     -733754.832116
2752.0000     -733461.414732
2756.0000     -733875.394264
2760.0000     -733412.212943
2764.0000     -733604.453655
2768.0000     -733350.865411
2772.0000     -733567.173887
2776.0000     -733543.593887
2780.0000     -733883.518400
2784.0000     -733153.211706
2788.0000     -732841.551739
2792.0000     -733627.219574
2796.0000     -733897.803048
2800.0000     -733550.740956
2804.0000     -732675.470029
2808.0000     -733585.073227
2812.0000     -733553.153473
2816.0000     -733673.219816
2820.0000     -733140.538771
2824.0000     -733217.806454
2828.0000     -733014.177147
2832.0000     -734062.595087
2836.0000     -733632.878372
2840.0000     -733289.885516
2844.0000     -733788.408471
2848.0000     -733318.595201
2852.0000     -734129.002580
2856.0000     -733717.520997
2860.0000     -732681.768670
2864.0000     -733475.678967
2868.0000     -733912.209857
2872.0000     -733922.130457
2876.0000     -733769.534242
2880.0000     -734218.301116
2884.0000     -733053.671923
2888.0000     -733252.155133
2892.0000     -733597.510777
2896.0000     -734478.843301
2900.0000     -733670.363960
2904.0000     -733578.071562
2908.0000     -734373.929518
2912.0000     -733465.431523
2916.0000     -733751.610443
2920.0000     -733359.457260
2924.0000     -733925.871988
2928.0000     -734360.191692
2932.0000     -733334.635628
2936.0000     -733304.435323
2940.0000     -733719.653888
2944.0000     -733211.936379
2948.0000     -732887.547404
2952.0000     -733479.791285
2956.0000     -733088.821445
2960.0000     -733450.943778
2964.0000     -734355.725982
2968.0000     -733801.216885
2972.0000     -733513.665994
2976.0000     -733429.163786
2980.0000     -734368.212694
2984.0000     -733842.236282
2988.0000     -734013.479343
2992.0000     -734223.814713
2996.0000     -733645.640831
3000.0000     -733693.287783
3004.0000     -733334.307573
3008.0000     -733731.919923
3012.0000     -733177.063443
3016.0000     -733268.389815
3020.0000     -733054.504184
3024.0000     -733626.710936
3028.0000     -734043.512125
3032.0000     -733802.219416
3036.0000     -733380.634040
3040.0000     -733539.809732
3044.0000     -733268.771942
3048.0000     -733241.914510
3052.0000     -734133.538744
3056.0000     -734076.055659
3060.0000     -734147.791231
3064.0000     -734131.374623
3068.0000     -733727.829462
3072.0000     -733631.356865
3076.0000     -733549.411068
3080.0000     -735152.172096
3084.0000     -733980.816786
3088.0000     -734036.886055
3092.0000     -733379.833368
3096.0000     -732900.091422
3100.0000     -733414.265024
3104.0000     -733599.764811
3108.0000     -733616.258779
3112.0000     -733377.110546
3116.0000     -733113.398384
3120.0000     -733709.539763
3124.0000     -734048.115813
3128.0000     -733906.200806
3132.0000     -734074.175151
3136.0000     -733779.475477
3140.0000     -734847.131404
3144.0000     -733335.640845
3148.0000     -733712.761929
3152.0000     -733562.405168
3156.0000     -734234.117791
3160.0000     -734201.839679
3164.0000     -733672.877666
3168.0000     -733773.130595
3172.0000     -733409.371735
3176.0000     -733633.542520
3180.0000     -733920.672338
3184.0000     -733812.113973
3188.0000     -733640.219766
3192.0000     -733543.707292
3196.0000     -733473.980762
3200.0000     -733385.065121
3204.0000     -733123.962483
3208.0000     -733851.552548
3212.0000     -734214.555764
3216.0000     -733300.408340
3220.0000     -733490.066551
3224.0000     -733822.242338
3228.0000     -734016.100984
3232.0000     -733733.679963
3236.0000     -734268.994711
3240.0000     -734275.092042
3244.0000     -734100.952691
3248.0000     -734057.842574
3252.0000     -733875.621608
3256.0000     -734101.630370
3260.0000     -733633.242061
3264.0000     -732676.978487
3268.0000     -733776.838843
3272.0000     -733604.719437
3276.0000     -733604.439895
3280.0000     -734571.904158
3284.0000     -733487.975250
3288.0000     -733080.449301
3292.0000     -733374.842910
3296.0000     -732839.871591
3300.0000     -732481.034067
3304.0000     -733232.630352
3308.0000     -734309.481635
3312.0000     -733826.410160
3316.0000     -732830.563326
3320.0000     -733296.705885
3324.0000     -732653.879001
3328.0000     -734193.800498
3332.0000     -734091.104586
3336.0000     -733447.798701
3340.0000     -733580.405821
3344.0000     -733826.601374
3348.0000     -733511.942380
3352.0000     -733757.517317
3356.0000     -733195.969398
3360.0000     -732996.900285
3364.0000     -733714.265301
3368.0000     -733892.788086
3372.0000     -733453.220163
3376.0000     -733309.483683
3380.0000     -733299.710011
3384.0000     -733873.704449
3388.0000     -732813.252885
3392.0000     -733870.480081
3396.0000     -733710.716502
3400.0000     -733900.770682
3404.0000     -733768.679680
3408.0000     -732939.550007
3412.0000     -734151.966492
3416.0000     -734120.878048
3420.0000     -734061.509618
3424.0000     -733615.938540
3428.0000     -733834.944910
3432.0000     -734579.371721
3436.0000     -733751.545636
3440.0000     -732783.303430
3444.0000     -734477.380303
3448.0000     -733745.575737
3452.0000     -733531.486603
3456.0000     -733710.591996
3460.0000     -733314.762179
3464.0000     -734597.868934
3468.0000     -734502.394055
3472.0000     -733550.143459
3476.0000     -734519.091492
3480.0000     -734442.004538
3484.0000     -733580.704960
3488.0000     -733893.395553
3492.0000     -734494.029661
3496.0000     -733351.111665
3500.0000     -733641.742843
3504.0000     -734353.593086
3508.0000     -732292.709572
3512.0000     -733750.458044
3516.0000     -733954.752236
3520.0000     -734044.058650
3524.0000     -734404.919470
3528.0000     -733058.973375
3532.0000     -733571.281336
3536.0000     -733212.102842
3540.0000     -733400.290462
3544.0000     -733391.939545
3548.0000     -733506.775383
3552.0000     -733775.519191
3556.0000     -733211.453069
3560.0000     -733753.581537
3564.0000     -733117.131073
3568.0000     -733772.145592
3572.0000     -733541.793911
3576.0000     -733204.160787
3580.0000     -733312.241458
3584.0000     -733454.770338
3588.0000     -733297.234262
3592.0000     -733093.231521
3596.0000     -733826.038891
3600.0000     -733807.203775
3604.0000     -733673.866811
3608.0000     -733880.857644
3612.0000     -733944.034781
3616.0000     -733695.453083
3620.0000     -733709.630237
3624.0000     -733410.673746
3628.0000     -733981.238824
3632.0000     -732930.443316
3636.0000     -733195.146640
3640.0000     -733266.848267
3644.0000     -732925.284043
3648.0000     -733347.898393
3652.0000     -734199.645517
3656.0000     -733545.521346
3660.0000     -733554.015250
3664.0000     -733871.348143
3668.0000     -734308.495523
3672.0000     -733663.903626
3676.0000     -734175.124700
3680.0000     -733827.732097
3684.0000     -733335.874853
3688.0000     -733807.409315
3692.0000     -733608.337361
3696.0000     -733124.181032
3700.0000     -733543.717285
3704.0000     -733267.967523
3708.0000     -733395.976683
3712.0000     -733208.750686
3716.0000     -733775.291063
3720.0000     -734153.633360
3724.0000     -733935.149755
3728.0000     -734313.860804
3732.0000     -733593.435461
3736.0000     -733651.426916
3740.0000     -733886.452320
3744.0000     -734163.490047
3748.0000     -734052.962415
3752.0000     -734160.585619
3756.0000     -732941.184226
3760.0000     -734094.280334
3764.0000     -734615.658597
3768.0000     -733731.573281
3772.0000     -732669.803527
3776.0000     -733500.066365
3780.0000     -733366.922654
3784.0000     -733668.586610
3788.0000     -734043.496560
3792.0000     -734070.990872
3796.0000     -733670.281071
3800.0000     -734190.871317
3804.0000     -733942.297604
3808.0000     -734080.748890
3812.0000     -732671.774629
3816.0000     -732927.464092
3820.0000     -734305.832606
3824.0000     -734147.012306
3828.0000     -733412.746724
3832.0000     -733901.957404
3836.0000     -734227.388970
3840.0000     -733808.042173
3844.0000     -733823.037292
3848.0000     -734008.010508
3852.0000     -733737.708428
3856.0000     -734035.629930
3860.0000     -732780.537269
3864.0000     -734137.829835
3868.0000     -733957.656677
3872.0000     -733525.342459
3876.0000     -733907.143552
3880.0000     -732802.412112
3884.0000     -733928.648030
3888.0000     -734041.932524
3892.0000     -734033.194290
3896.0000     -734138.860551
3900.0000     -734541.679919
3904.0000     -733920.969494
3908.0000     -733874.744919
3912.0000     -733832.231245
3916.0000     -733996.362505
3920.0000     -733913.210129
3924.0000     -733565.830775
3928.0000     -733392.788885
3932.0000     -734290.745207
3936.0000     -733958.913097
3940.0000     -734431.848228
3944.0000     -733662.972474
3948.0000     -733095.713758
3952.0000     -733933.315890
3956.0000     -733854.040094
3960.0000     -733704.441366
3964.0000     -733164.952144
3968.0000     -733560.737654
3972.0000     -733266.198442
3976.0000     -733112.399756
3980.0000     -734117.033947
3984.0000     -733504.928950
3988.0000     -733104.199604
3992.0000     -733281.721699
3996.0000     -733029.695722
4000.0000     -734395.833016
4004.0000     -734395.833016
