4.0000      -30994.420392
8.0000      -30972.198288
12.0000      -31025.044481
16.0000      -30933.678800
20.0000      -30888.136461
24.0000      -30870.965044
28.0000      -30923.567535
32.0000      -30845.202193
36.0000      -31033.985639
40.0000      -31105.435476
44.0000      -30818.220569
48.0000      -30816.954294
52.0000      -30891.679464
56.0000      -30766.631219
60.0000      -30803.454442
64.0000      -30788.221002
68.0000      -30973.932798
72.0000      -30718.181996
76.0000      -30943.474072
80.0000      -30906.619708
84.0000      -30950.103278
88.0000      -30830.673569
92.0000      -30884.453290
96.0000      -30855.635664
100.0000      -30902.444613
104.0000      -30886.275047
108.0000      -30858.505952
112.0000      -30723.512784
116.0000      -31007.684619
120.0000      -30870.023534
124.0000      -30755.823195
128.0000      -30971.276350
132.0000      -30847.272100
136.0000      -30911.140410
140.0000      -30840.820516
144.0000      -30706.650626
148.0000      -30739.799897
152.0000      -30813.943724
156.0000      -30818.608227
160.0000      -30927.181060
164.0000      -30803.053612
168.0000      -30896.401748
172.0000      -30745.201061
176.0000      -30900.740180
180.0000      -30897.272800
184.0000      -31024.160803
188.0000      -30969.223073
192.0000      -30777.688778
196.0000      -30916.658670
200.0000      -30861.673007
204.0000      -30729.326784
208.0000      -30841.943105
212.0000      -30917.259852
216.0000      -30915.275511
220.0000      -30777.179301
224.0000      -30876.038387
228.0000      -30828.120137
232.0000      -30752.189462
236.0000      -30697.955536
240.0000      -30806.469222
244.0000      -30839.558610
248.0000      -30932.517556
252.0000      -31117.897540
256.0000      -30900.313130
260.0000      -30872.496575
264.0000      -30757.182036
268.0000      -30931.109131
272.0000      -30975.108923
276.0000      -30880.503442
280.0000      -30914.722897
284.0000      -30987.498890
288.0000      -30808.082185
292.0000      -30723.977872
296.0000      -30788.985729
300.0000      -30753.671038
304.0000      -30878.404960
308.0000      -30972.024420
312.0000      -30804.730467
316.0000      -30767.595720
320.0000      -30870.933334
324.0000      -30836.693229
328.0000      -30751.351022
332.0000      -30892.573707
336.0000      -30855.552294
340.0000      -30816.186944
344.0000      -30864.433249
348.0000      -30809.440926
352.0000      -30770.889558
356.0000      -30779.203858
360.0000      -30660.852890
364.0000      -30888.341834
368.0000      -30836.975452
372.0000      -30858.226338
376.0000      -30864.494772
380.0000      -30693.379799
384.0000      -30829.994018
388.0000      -30785.599469
392.0000      -30991.046331
396.0000      -30820.146350
400.0000      -31030.697645
404.0000      -30833.117301
408.0000      -30842.828451
412.0000      -30861.437217
416.0000      -30799.596192
420.0000      -30820.354902
424.0000      -30968.627888
428.0000      -30889.136749
432.0000      -30740.994111
436.0000      -30874.064273
440.0000      -30871.241477
444.0000      -30828.722433
448.0000      -30884.317182
452.0000      -30938.797108
456.0000      -31088.137659
460.0000      -30885.660496
464.0000      -31004.756302
468.0000      -30926.012987
472.0000      -30860.691821
476.0000      -30871.748643
480.0000      -30895.695689
484.0000      -30767.678784
488.0000      -30905.647132
492.0000      -30944.260692
496.0000      -31049.687674
500.0000      -30751.416188
504.0000      -30968.482012
508.0000      -30901.925973
512.0000      -30880.185499
516.0000      -30903.514422
520.0000      -30840.813834
524.0000      -30737.440605
528.0000      -30890.215564
532.0000      -30830.112611
536.0000      -30931.654644
540.0000      -30914.908870
544.0000      -30792.576506
548.0000      -30896.523681
552.0000      -30819.622784
556.0000      -30872.036408
560.0000      -30739.532731
564.0000      -30806.031818
568.0000      -30882.738980
572.0000      -30807.632825
576.0000      -30865.197205
580.0000      -30818.975758
584.0000      -31039.483393
588.0000      -30772.666137
592.0000      -30862.019160
596.0000      -31032.633951
600.0000      -30761.809377
604.0000      -30857.806655
608.0000      -30852.511328
612.0000      -30760.586334
616.0000      -30889.462920
620.0000      -30910.908319
624.0000      -30817.619642
628.0000      -31087.347093
632.0000      -30689.025567
636.0000      -30962.018679
640.0000      -30891.256910
644.0000      -30729.796908
648.0000      -30821.181554
652.0000      -30915.660919
656.0000      -30840.610558
660.0000      -30630.324740
664.0000      -30841.699374
668.0000      -30957.395993
672.0000      -30949.519398
676.0000      -30879.253997
680.0000      -31136.465747
684.0000      -30947.453770
688.0000      -30864.888416
692.0000      -30904.082625
696.0000      -30770.567427
700.0000      -30908.481244
704.0000      -30916.275316
708.0000      -30977.163556
712.0000      -30789.522508
716.0000      -30905.639291
720.0000      -30753.565556
724.0000      -30821.597155
728.0000      -31004.949368
732.0000      -30766.717194
736.0000      -30818.399242
740.0000      -30906.723080
744.0000      -30825.348522
748.0000      -30803.368313
752.0000      -31045.964458
756.0000      -30993.309194
760.0000      -30877.030711
764.0000      -30971.340584
768.0000      -30851.115292
772.0000      -30991.785021
776.0000      -30917.800535
780.0000      -30868.822838
784.0000      -30889.972912
788.0000      -30737.477664
792.0000      -30883.711578
796.0000      -30857.500770
800.0000      -30872.049329
804.0000      -30832.771509
808.0000      -30996.590009
812.0000      -30840.499811
816.0000      -30884.407453
820.0000      -30613.546989
824.0000      -30758.912058
828.0000      -30766.423319
832.0000      -30881.881843
836.0000      -30885.715237
840.0000      -30904.755653
844.0000      -30797.551458
848.0000      -30886.043940
852.0000      -30731.933128
856.0000      -30867.581868
860.0000      -30864.867159
864.0000      -30866.661881
868.0000      -30812.185196
872.0000      -30838.666257
876.0000      -30759.503977
880.0000      -30863.138970
884.0000      -30961.181393
888.0000      -30919.108235
892.0000      -30828.561571
896.0000      -30859.109021
900.0000      -30983.308221
904.0000      -30939.771797
908.0000      -30938.478855
912.0000      -30693.569437
916.0000      -30910.058611
920.0000      -30968.088789
924.0000      -30904.449558
928.0000      -30821.248849
932.0000      -31056.767807
936.0000      -30674.812667
940.0000      -30644.948528
944.0000      -31000.019284
948.0000      -30984.997444
952.0000      -30633.617947
956.0000      -30797.350672
960.0000      -30804.412722
964.0000      -30944.036022
968.0000      -30778.349305
972.0000      -30809.774208
976.0000      -30653.918396
980.0000      -30833.799848
984.0000      -30926.417378
988.0000      -30830.187214
992.0000      -30737.881820
996.0000      -30964.771020
1000.0000      -30738.790259
1004.0000      -30938.296866
1008.0000      -30866.847098
1012.0000      -30623.761309
1016.0000      -30955.030117
1020.0000      -31127.286364
1024.0000      -31013.415087
1028.0000      -30977.196302
1032.0000      -30738.375241
1036.0000      -30771.224739
1040.0000      -30886.828330
1044.0000      -30828.009302
1048.0000      -30930.363804
1052.0000      -30757.745782
1056.0000      -30823.890805
1060.0000      -30950.698075
1064.0000      -30778.130231
1068.0000      -30840.008889
1072.0000      -30906.603914
1076.0000      -30926.225510
1080.0000      -30848.097321
1084.0000      -30981.265987
1088.0000      -30827.943196
1092.0000      -30882.930987
1096.0000      -30854.801281
1100.0000      -30974.534966
1104.0000      -31002.640874
1108.0000      -30764.719307
1112.0000      -30967.603137
1116.0000      -30858.798206
1120.0000      -30798.363073
1124.0000      -30857.682697
1128.0000      -30874.578184
1132.0000      -30976.646382
1136.0000      -30957.650328
1140.0000      -30933.568709
1144.0000      -30995.213442
1148.0000      -30935.362779
1152.0000      -30983.806567
1156.0000      -30974.065057
1160.0000      -31066.348368
1164.0000      -30846.340201
1168.0000      -30931.218258
1172.0000      -30912.865748
1176.0000      -30869.705997
1180.0000      -31014.786873
1184.0000      -30875.537417
1188.0000      -30906.112709
1192.0000      -30872.711732
1196.0000      -30954.941381
1200.0000      -30856.398708
1204.0000      -30539.091521
1208.0000      -30829.253275
1212.0000      -30815.097407
1216.0000      -30716.390220
1220.0000      -30774.224986
1224.0000      -31088.846910
1228.0000      -31028.625507
1232.0000      -30944.759670
1236.0000      -30851.374821
1240.0000      -30876.651921
1244.0000      -30861.393908
1248.0000      -30754.419198
1252.0000      -31076.152748
1256.0000      -30854.661389
1260.0000      -30931.889384
1264.0000      -31067.934084
1268.0000      -30982.725690
1272.0000      -30939.072046
1276.0000      -30967.609953
1280.0000      -30897.683073
1284.0000      -30903.741961
1288.0000      -30847.931263
1292.0000      -30881.414535
1296.0000      -30911.141502
1300.0000      -30887.438101
1304.0000      -30873.729018
1308.0000      -30778.033497
1312.0000      -30895.748903
1316.0000      -30806.055877
1320.0000      -30758.182827
1324.0000      -30759.850108
1328.0000      -30781.940015
1332.0000      -30848.708688
1336.0000      -30915.824041
1340.0000      -30917.282526
1344.0000      -30817.136503
1348.0000      -30926.734734
1352.0000      -30919.300109
1356.0000      -30878.349665
1360.0000      -30748.798632
1364.0000      -31015.894019
1368.0000      -30786.240398
1372.0000      -31048.185525
1376.0000      -30924.386152
1380.0000      -30899.541176
1384.0000      -31004.594353
1388.0000      -30931.732729
1392.0000      -30689.528944
1396.0000      -30903.719144
1400.0000      -30954.006868
1404.0000      -30937.644627
1408.0000      -30775.094760
1412.0000      -30929.772065
1416.0000      -31067.758499
1420.0000      -30874.291483
1424.0000      -30901.367907
1428.0000      -30856.980850
1432.0000      -30917.138210
1436.0000      -30847.557814
1440.0000      -30992.755754
1444.0000      -30886.851730
1448.0000      -30879.064000
1452.0000      -30789.470536
1456.0000      -31029.966761
1460.0000      -30920.282848
1464.0000      -30792.636872
1468.0000      -30967.790580
1472.0000      -30779.854662
1476.0000      -31040.730442
1480.0000      -30935.355946
1484.0000      -30802.500220
1488.0000      -30910.077694
1492.0000      -30873.981190
1496.0000      -30808.510379
1500.0000      -30860.597144
1504.0000      -30970.062604
1508.0000      -30903.425162
1512.0000      -30883.025020
1516.0000      -30721.566560
1520.0000      -30918.900597
1524.0000      -30807.803141
1528.0000      -30843.616774
1532.0000      -30835.871762
1536.0000      -30842.282823
1540.0000      -30902.418554
1544.0000      -30853.246751
1548.0000      -30831.193447
1552.0000      -30962.433451
1556.0000      -30882.666226
1560.0000      -30965.680278
1564.0000      -30930.267683
1568.0000      -30959.366275
1572.0000      -30953.512342
1576.0000      -31028.428910
1580.0000      -30990.268906
1584.0000      -30994.410079
1588.0000      -30768.119016
1592.0000      -30772.574774
1596.0000      -30861.595319
1600.0000      -30880.687224
1604.0000      -31035.677425
1608.0000      -30919.562826
1612.0000      -30964.367188
1616.0000      -30926.651762
1620.0000      -30589.065902
1624.0000      -30867.732995
1628.0000      -30926.466543
1632.0000      -30816.091305
1636.0000      -30889.854860
1640.0000      -30941.533330
1644.0000      -30853.258070
1648.0000      -30704.359524
1652.0000      -31015.210938
1656.0000      -30733.858039
1660.0000      -30852.023348
1664.0000      -30854.086350
1668.0000      -30911.844864
1672.0000      -30824.484749
1676.0000      -30986.595463
1680.0000      -30872.441799
1684.0000      -30975.920087
1688.0000      -30855.238945
1692.0000      -30825.997339
1696.0000      -30845.616078
1700.0000      -30873.162257
1704.0000      -30900.481398
1708.0000      -30766.550388
1712.0000      -30793.243688
1716.0000      -30815.855094
1720.0000      -30848.242539
1724.0000      -30901.015952
1728.0000      -30994.417829
1732.0000      -30927.933190
1736.0000      -30862.869891
1740.0000      -30978.956813
1744.0000      -30867.108511
1748.0000      -30835.141827
1752.0000      -30816.812347
1756.0000      -30692.515256
1760.0000      -30781.088535
1764.0000      -30743.968863
1768.0000      -30965.434207
1772.0000      -30981.036000
1776.0000      -30831.871950
1780.0000      -30959.258652
1784.0000      -30988.082342
1788.0000      -30879.383965
1792.0000      -30888.043759
1796.0000      -30761.525901
1800.0000      -31002.891452
1804.0000      -30888.378398
1808.0000      -30930.671798
1812.0000      -30995.996010
1816.0000      -30877.891208
1820.0000      -30748.037013
1824.0000      -31017.293902
1828.0000      -30825.583482
1832.0000      -30845.092609
1836.0000      -30857.380732
1840.0000      -30957.616158
1844.0000      -31131.373041
1848.0000      -30911.313939
1852.0000      -31156.513936
1856.0000      -31060.738066
1860.0000      -30897.328692
1864.0000      -30830.249854
1868.0000      -30796.149993
1872.0000      -30915.255016
1876.0000      -30968.197096
1880.0000      -31093.489908
1884.0000      -30854.754684
1888.0000      -30920.150185
1892.0000      -30940.528132
1896.0000      -30874.197312
1900.0000      -30962.777320
1904.0000      -30784.597266
1908.0000      -30821.632102
1912.0000      -30895.524019
1916.0000      -30799.326526
1920.0000      -30858.079347
1924.0000      -31064.365421
1928.0000      -30890.119453
1932.0000      -30924.606064
1936.0000      -30965.364386
1940.0000      -30858.248880
1944.0000      -30858.843858
1948.0000      -30856.415143
1952.0000      -30711.945190
1956.0000      -30776.172186
1960.0000      -30972.508258
1964.0000      -30782.473896
1968.0000      -30823.731184
1972.0000      -30785.392346
1976.0000      -31038.874311
1980.0000      -30854.668558
1984.0000      -30936.429856
1988.0000      -30844.129091
1992.0000      -30836.994543
1996.0000      -30859.467183
2000.0000      -30991.463326
2004.0000      -30990.081278
2008.0000      -30766.293414
2012.0000      -30960.887004
2016.0000      -30852.439447
2020.0000      -30818.467260
2024.0000      -30893.564133
2028.0000      -30876.913698
2032.0000      -30857.544309
2036.0000      -30883.724747
2040.0000      -30937.912316
2044.0000      -30845.626722
2048.0000      -30945.656973
2052.0000      -30750.027999
2056.0000      -30952.509016
2060.0000      -30852.991837
2064.0000      -30864.093626
2068.0000      -30911.040989
2072.0000      -30679.098997
2076.0000      -30879.528565
2080.0000      -30936.679273
2084.0000      -30839.210749
2088.0000      -30875.935205
2092.0000      -30759.794436
2096.0000      -30907.958775
2100.0000      -30881.458287
2104.0000      -30990.566792
2108.0000      -30694.086873
2112.0000      -30978.740906
2116.0000      -30905.606887
2120.0000      -30953.524484
2124.0000      -30827.661374
2128.0000      -30844.820421
2132.0000      -30960.783010
2136.0000      -30855.086081
2140.0000      -30817.874206
2144.0000      -31089.775174
2148.0000      -30964.847032
2152.0000      -30895.393129
2156.0000      -30720.357531
2160.0000      -30919.481520
2164.0000      -30757.189708
2168.0000      -30903.367716
2172.0000      -30952.099095
2176.0000      -30909.599797
2180.0000      -30825.182422
2184.0000      -30794.593639
2188.0000      -30864.720191
2192.0000      -31090.050738
2196.0000      -30922.164762
2200.0000      -30978.011081
2204.0000      -30912.774874
2208.0000      -30879.608568
2212.0000      -30909.715062
2216.0000      -31015.220183
2220.0000      -30877.763519
2224.0000      -30974.973279
2228.0000      -30916.117073
2232.0000      -30863.124218
2236.0000      -30857.182678
2240.0000      -30812.830421
2244.0000      -30844.840468
2248.0000      -30854.158447
2252.0000      -30834.581886
2256.0000      -30789.898086
2260.0000      -30846.180243
2264.0000      -30993.825830
2268.0000      -30893.977629
2272.0000      -30783.681516
2276.0000      -30938.031491
2280.0000      -30636.917402
2284.0000      -30941.893353
2288.0000      -30858.442163
2292.0000      -30953.049869
2296.0000      -30878.698598
2300.0000      -30929.924546
2304.0000      -30800.319812
2308.0000      -30988.818196
2312.0000      -30834.644265
2316.0000      -30652.598291
2320.0000      -30855.340365
2324.0000      -30815.787194
2328.0000      -30917.051217
2332.0000      -30847.437694
2336.0000      -30832.809219
2340.0000      -30895.830563
2344.0000      -30962.990346
2348.0000      -30938.585953
2352.0000      -30998.684704
2356.0000      -30749.275933
2360.0000      -31001.052346
2364.0000      -30820.574334
2368.0000      -30869.076859
2372.0000      -30822.905256
2376.0000      -30739.406735
2380.0000      -30871.508214
2384.0000      -30856.318776
2388.0000      -30901.356877
2392.0000      -30837.355889
2396.0000      -30781.002169
2400.0000      -30912.963587
2404.0000      -31002.793828
2408.0000      -30985.155039
2412.0000      -30794.313340
2416.0000      -30818.667817
2420.0000      -30836.505473
2424.0000      -31044.955367
2428.0000      -30809.514847
2432.0000      -30914.763859
2436.0000      -30867.823600
2440.0000      -30815.455924
2444.0000      -30858.570397
2448.0000      -30928.343706
2452.0000      -30837.915314
2456.0000      -30935.871842
2460.0000      -30691.183604
2464.0000      -30959.588709
2468.0000      -30909.839454
2472.0000      -30994.160290
2476.0000      -30994.838800
2480.0000      -30862.459407
2484.0000      -30818.751467
2488.0000      -30937.854067
2492.0000      -30864.937875
2496.0000      -30867.008524
2500.0000      -30853.018763
2504.0000      -30999.080060
2508.0000      -30877.267164
2512.0000      -30787.189573
2516.0000      -30971.203894
2520.0000      -30969.383017
2524.0000      -30958.459952
2528.0000      -30951.698037
2532.0000      -30852.890333
2536.0000      -30922.897925
2540.0000      -30978.095437
2544.0000      -30885.973020
2548.0000      -30855.271030
2552.0000      -30710.503237
2556.0000      -31002.727816
2560.0000      -30855.569333
2564.0000      -30747.379566
2568.0000      -30939.128790
2572.0000      -30851.411960
2576.0000      -30714.055855
2580.0000      -30837.379410
2584.0000      -30892.257755
2588.0000      -30852.525691
2592.0000      -30819.968714
2596.0000      -30805.111219
2600.0000      -30855.169184
2604.0000      -30810.528313
2608.0000      -30876.796465
2612.0000      -30736.696924
2616.0000      -30935.847193
2620.0000      -30724.107046
2624.0000      -30729.540116
2628.0000      -30787.058231
2632.0000      -30830.855360
2636.0000      -30743.424128
2640.0000      -30928.275353
2644.0000      -31079.386612
2648.0000      -30924.802821
2652.0000      -30735.486298
2656.0000      -30846.129688
2660.0000      -30886.714034
2664.0000      -30875.329223
2668.0000      -30862.749740
2672.0000      -30799.974564
2676.0000      -30900.776649
2680.0000      -30863.148330
2684.0000      -30920.665086
2688.0000      -30852.674485
2692.0000      -30899.794725
2696.0000      -30997.367089
2700.0000      -30883.826367
2704.0000      -30885.679432
2708.0000      -30987.103713
2712.0000      -30879.666512
2716.0000      -30867.993312
2720.0000      -31030.312975
2724.0000      -30922.856835
2728.0000      -30866.775904
2732.0000      -30753.818427
2736.0000      -30874.350597
2740.0000      -30836.861599
2744.0000      -30913.408917
2748.0000      -31008.228006
2752.0000      -30982.835027
2756.0000      -30819.018225
2760.0000      -31013.320814
2764.0000      -30856.049926
2768.0000      -30844.592712
2772.0000      -30815.853703
2776.0000      -30824.623122
2780.0000      -30836.723531
2784.0000      -30858.043370
2788.0000      -30895.813053
2792.0000      -30783.385818
2796.0000      -30948.939157
2800.0000      -30945.171359
2804.0000      -30986.618746
2808.0000      -30839.628242
2812.0000      -30912.466860
2816.0000      -30880.359573
2820.0000      -30898.037600
2824.0000      -30940.652841
2828.0000      -30907.646672
2832.0000      -30888.078477
2836.0000      -30857.684676
2840.0000      -30903.134484
2844.0000      -30836.448605
2848.0000      -30907.385408
2852.0000      -30850.309629
2856.0000      -30881.027441
2860.0000      -30892.363985
2864.0000      -30772.138897
2868.0000      -30838.510845
2872.0000      -30842.821174
2876.0000      -30717.808789
2880.0000      -30930.500203
2884.0000      -30740.788850
2888.0000      -30851.047758
2892.0000      -30669.308631
2896.0000      -30845.163583
2900.0000      -30884.534691
2904.0000      -30719.979060
2908.0000      -30964.493258
2912.0000      -30835.287686
2916.0000      -30864.216454
2920.0000      -30733.026934
2924.0000      -31035.275605
2928.0000      -30790.357323
2932.0000      -31052.649930
2936.0000      -30969.424326
2940.0000      -30851.479666
2944.0000      -30943.781537
2948.0000      -30852.086622
2952.0000      -31025.119198
2956.0000      -30775.419977
2960.0000      -30746.649188
2964.0000      -30921.809538
2968.0000      -31010.925941
2972.0000      -30991.635838
2976.0000      -31077.683074
2980.0000      -30869.551913
2984.0000      -30821.796701
2988.0000      -30811.180403
2992.0000      -30839.161062
2996.0000      -30849.952475
3000.0000      -31072.004544
3004.0000      -30934.795726
3008.0000      -30860.840494
3012.0000      -30921.963518
3016.0000      -30793.593733
3020.0000      -30952.247224
3024.0000      -30834.491608
3028.0000      -30765.191751
3032.0000      -30839.068645
3036.0000      -30724.746141
3040.0000      -30914.540671
3044.0000      -30856.834271
3048.0000      -31062.754164
3052.0000      -30875.902554
3056.0000      -30993.737201
3060.0000      -30877.453794
3064.0000      -30957.118255
3068.0000      -30831.904927
3072.0000      -30849.373820
3076.0000      -30866.421105
3080.0000      -30836.482788
3084.0000      -30797.058286
3088.0000      -30885.301791
3092.0000      -30866.020208
3096.0000      -31038.624131
3100.0000      -30863.992270
3104.0000      -30833.361934
3108.0000      -30804.363480
3112.0000      -30809.356166
3116.0000      -30862.505579
3120.0000      -30817.459885
3124.0000      -30878.180601
3128.0000      -30957.424521
3132.0000      -30824.679076
3136.0000      -30889.853610
3140.0000      -30890.818472
3144.0000      -30807.168108
3148.0000      -30757.416842
3152.0000      -31086.534524
3156.0000      -30997.600335
3160.0000      -30893.790306
3164.0000      -30843.759082
3168.0000      -30897.581702
3172.0000      -30775.102768
3176.0000      -30921.058948
3180.0000      -30852.732207
3184.0000      -30863.399095
3188.0000      -30899.456067
3192.0000      -30891.291737
3196.0000      -30892.375621
3200.0000      -30883.812620
3204.0000      -30906.274611
3208.0000      -30930.668802
3212.0000      -30899.763305
3216.0000      -30666.740691
3220.0000      -30910.690053
3224.0000      -30953.908222
3228.0000      -30834.726456
3232.0000      -30939.101602
3236.0000      -31092.602528
3240.0000      -31054.593121
3244.0000      -30826.841490
3248.0000      -30802.092941
3252.0000      -30822.164984
3256.0000      -30923.756191
3260.0000      -30910.052840
3264.0000      -30868.015416
3268.0000      -30983.663635
3272.0000      -30987.553584
3276.0000      -30945.939561
3280.0000      -30890.137355
3284.0000      -30817.300660
3288.0000      -30875.647421
3292.0000      -30602.862219
3296.0000      -30936.449943
3300.0000      -30847.575962
3304.0000      -30861.064531
3308.0000      -30758.698505
3312.0000      -30733.015899
3316.0000      -30886.552065
3320.0000      -30797.920297
3324.0000      -30965.270851
3328.0000      -30972.105520
3332.0000      -30863.345222
3336.0000      -30847.092277
3340.0000      -30888.775087
3344.0000      -30939.524004
3348.0000      -30960.149238
3352.0000      -30861.565172
3356.0000      -30945.151409
3360.0000      -30927.502499
3364.0000      -30989.015647
3368.0000      -30886.970149
3372.0000      -30939.067937
3376.0000      -30816.182889
3380.0000      -30869.489925
3384.0000      -30790.314662
3388.0000      -30688.110537
3392.0000      -30839.808225
3396.0000      -30951.459847
3400.0000      -30881.139710
3404.0000      -30882.797789
3408.0000      -30853.834562
3412.0000      -30873.417499
3416.0000      -30799.261478
3420.0000      -31085.823083
3424.0000      -30648.557762
3428.0000      -30807.584508
3432.0000      -30745.709193
3436.0000      -31010.846112
3440.0000      -30875.355513
3444.0000      -30869.289473
3448.0000      -30799.964947
3452.0000      -30931.812280
3456.0000      -31020.893857
3460.0000      -30920.315398
3464.0000      -30837.820572
3468.0000      -30828.097034
3472.0000      -30767.095486
3476.0000      -30867.860513
3480.0000      -31007.677103
3484.0000      -30920.000546
3488.0000      -30791.199590
3492.0000      -30774.392653
3496.0000      -31012.006034
3500.0000      -30919.402302
3504.0000      -30902.579522
3508.0000      -30735.763586
3512.0000      -30835.517318
3516.0000      -30929.390483
3520.0000      -30943.842124
3524.0000      -30902.145417
3528.0000      -30917.694830
3532.0000      -30674.686785
3536.0000      -30889.515556
3540.0000      -30883.366148
3544.0000      -30885.979297
3548.0000      -30889.135708
3552.0000      -30973.442289
3556.0000      -30819.479238
3560.0000      -30973.909131
3564.0000      -30935.870593
3568.0000      -30747.457712
3572.0000      -30924.774095
3576.0000      -30793.667699
3580.0000      -30688.713877
3584.0000      -30672.257233
3588.0000      -30778.129717
3592.0000      -30720.539211
3596.0000      -30832.908187
3600.0000      -30967.333216
3604.0000      -30910.068385
3608.0000      -30862.746923
3612.0000      -30893.899423
3616.0000      -30932.516391
3620.0000      -30924.073637
3624.0000      -30854.154076
3628.0000      -30874.445073
3632.0000      -30663.628967
3636.0000      -30988.638281
3640.0000      -30941.531509
3644.0000      -30889.155649
3648.0000      -30960.526339
3652.0000      -30853.866550
3656.0000      -30931.151919
3660.0000      -30963.160544
3664.0000      -30766.703822
3668.0000      -31028.982294
3672.0000      -30877.251107
3676.0000      -30811.980439
3680.0000      -30912.745299
3684.0000      -30974.346592
3688.0000      -31096.009985
3692.0000      -30844.859531
3696.0000      -30716.408739
3700.0000      -30961.014280
3704.0000      -30944.845509
3708.0000      -30839.627454
3712.0000      -30822.860714
3716.0000      -30701.868108
3720.0000      -30748.344504
3724.0000      -30777.110493
3728.0000      -30858.556372
3732.0000      -30656.307861
3736.0000      -31055.976263
3740.0000      -30787.269798
3744.0000      -30779.629134
3748.0000      -30799.743564
3752.0000      -30676.599809
3756.0000      -30799.270210
3760.0000      -30919.276046
3764.0000      -30968.450210
3768.0000      -30971.839285
3772.0000      -30797.458213
3776.0000      -30959.736558
3780.0000      -30796.479891
3784.0000      -30818.234740
3788.0000      -30811.132171
3792.0000      -30711.873878
3796.0000      -30996.224196
3800.0000      -30816.534605
3804.0000      -30943.535455
3808.0000      -30991.229028
3812.0000      -30902.522404
3816.0000      -30809.646939
3820.0000      -30808.669927
3824.0000      -30859.920098
3828.0000      -30828.479751
3832.0000      -30856.802745
3836.0000      -30916.203343
3840.0000      -30788.631955
3844.0000      -30789.830506
3848.0000      -30752.225511
3852.0000      -30860.544854
3856.0000      -30956.569073
3860.0000      -30852.007527
3864.0000      -30942.665688
3868.0000      -30933.629623
3872.0000      -30780.402981
3876.0000      -30842.918686
3880.0000      -30988.107444
3884.0000      -30814.438685
3888.0000      -30771.167271
3892.0000      -30874.864370
3896.0000      -30982.270020
3900.0000      -30980.959615
3904.0000      -30891.480902
3908.0000      -30943.358048
3912.0000      -30915.389065
3916.0000      -30745.449224
3920.0000      -30841.402312
3924.0000      -30867.702268
3928.0000      -30925.188182
3932.0000      -30960.812883
3936.0000      -30891.767314
3940.0000      -30981.609728
3944.0000      -30951.079280
3948.0000      -30837.815149
3952.0000      -30912.847201
3956.0000      -30799.278412
3960.0000      -30834.627114
3964.0000      -30809.812979
3968.0000      -30907.471302
3972.0000      -30877.323397
3976.0000      -30965.245625
3980.0000      -30935.563771
3984.0000      -30877.513207
3988.0000      -30881.107060
3992.0000      -30869.181435
3996.0000      -30862.474699
4000.0000      -30906.714943
4004.0000      -30906.714943
