4.0000     -733321.236076
8.0000     -733491.478781
12.0000     -733144.158953
16.0000     -732638.329874
20.0000     -733247.732236
24.0000     -733382.943929
28.0000     -733276.867339
32.0000     -733293.775669
36.0000     -732734.369766
40.0000     -732921.210694
44.0000     -732966.075657
48.0000     -733752.276199
52.0000     -732937.254625
56.0000     -732631.591552
60.0000     -733248.230863
64.0000     -732645.980513
68.0000     -732736.313326
72.0000     -733137.201901
76.0000     -732871.372017
80.0000     -732668.442922
84.0000     -733879.008129
88.0000     -734227.970036
92.0000     -732630.220107
96.0000     -733343.058673
100.0000     -733283.300290
104.0000     -732804.833759
108.0000     -731877.158927
112.0000     -732832.023127
116.0000     -732291.521498
120.0000     -732868.368045
124.0000     -733813.112062
128.0000     -732892.628842
132.0000     -732464.828217
136.0000     -733050.439280
140.0000     -732587.715266
144.0000     -732874.073407
148.0000     -733006.134996
152.0000     -733884.878355
156.0000     -734089.945496
160.0000     -732990.971740
164.0000     -733137.461723
168.0000     -732915.975771
172.0000     -732956.167599
176.0000     -732466.638823
180.0000     -733076.769308
184.0000     -733407.735596
188.0000     -732941.356137
192.0000     -732403.796199
196.0000     -733110.373337
200.0000     -732716.656650
204.0000     -732762.568116
208.0000     -733095.637887
212.0000     -733537.962796
216.0000     -732908.607117
220.0000     -733236.440303
224.0000     -733038.370517
228.0000     -733074.237410
232.0000     -732516.989058
236.0000     -733496.304568
240.0000     -732856.908756
244.0000     -733511.532297
248.0000     -733187.298927
252.0000     -733567.860964
256.0000     -732780.098958
260.0000     -733618.787644
264.0000     -732409.199935
268.0000     -732704.420608
272.0000     -732413.980858
276.0000     -732708.635577
280.0000     -733804.044447
284.0000     -732879.481842
288.0000     -732644.603249
292.0000     -732454.550584
296.0000     -732701.492353
300.0000     -733677.434641
304.0000     -733415.425644
308.0000     -734267.119240
312.0000     -733603.725785
316.0000     -733425.284181
320.0000     -734196.234818
324.0000     -733263.132638
328.0000     -733121.294849
332.0000     -733666.518692
336.0000     -733121.101042
340.0000     -732947.843098
344.0000     -733409.469282
348.0000     -733301.131847
352.0000     -732591.146804
356.0000     -733519.920058
360.0000     -733297.477232
364.0000     -733334.635657
368.0000     -733273.111821
372.0000     -732556.331218
376.0000     -733038.765109
380.0000     -732824.180316
384.0000     -732956.041732
388.0000     -733679.435090
392.0000     -734413.870325
396.0000     -732651.992335
400.0000     -732984.033054
404.0000     -733835.864607
408.0000     -732846.750143
412.0000     -732626.888713
416.0000     -733366.064708
420.0000     -733416.585957
424.0000     -733279.057984
428.0000     -733266.169008
432.0000     -733175.402664
436.0000     -733749.031444
440.0000     -733447.195987
444.0000     -733016.191995
448.0000     -732919.560441
452.0000     -733224.383227
456.0000     -733714.722223
460.0000     -732907.012783
464.0000     -733868.539051
468.0000     -732911.930400
472.0000     -733753.777408
476.0000     -734122.580438
480.0000     -733534.000044
484.0000     -733315.196811
488.0000     -733708.414816
492.0000     -733557.631742
496.0000     -733516.280427
500.0000     -734426.843003
504.0000     -733728.885192
508.0000     -734243.227209
512.0000     -733699.321600
516.0000     -733413.647357
520.0000     -733309.872863
524.0000     -733635.060787
528.0000     -733018.272129
532.0000     -732751.031602
536.0000     -732826.632812
540.0000     -733700.508815
544.0000     -733606.448631
548.0000     -733936.697721
552.0000     -732228.417233
556.0000     -733548.587236
560.0000     -733035.156117
564.0000     -733470.800735
568.0000     -732700.915139
572.0000     -733475.628618
576.0000     -733815.652916
580.0000     -733491.323814
584.0000     -733798.880992
588.0000     -732861.766555
592.0000     -733474.177901
596.0000     -733229.524244
600.0000     -733304.874737
604.0000     -733963.490300
608.0000     -733049.273067
612.0000     -733717.099554
616.0000     -733752.716194
620.0000     -733476.426205
624.0000     -733012.511867
628.0000     -734014.458090
632.0000     -732469.203487
636.0000     -732906.562340
640.0000     -733208.000212
644.0000     -733342.208706
648.0000     -733036.967622
652.0000     -733479.526069
656.0000     -733312.253231
660.0000     -733443.772953
664.0000     -733608.984067
668.0000     -732992.555831
672.0000     -733677.212847
676.0000     -733840.017086
680.0000     -732656.762424
684.0000     -733003.866196
688.0000     -732600.440598
692.0000     -732691.287008
696.0000     -732672.390660
700.0000     -732763.153095
704.0000     -733627.745241
708.0000     -732891.963113
712.0000     -732803.114195
716.0000     -733326.325306
720.0000     -733600.142163
724.0000     -732388.029885
728.0000     -733988.992686
732.0000     -732963.399670
736.0000     -733191.441892
740.0000     -732989.808359
744.0000     -734160.480458
748.0000     -733242.352986
752.0000     -734634.877644
756.0000     -733179.269200
760.0000     -733617.322096
764.0000     -732848.772216
768.0000     -733553.911753
772.0000     -733235.982350
776.0000     -733549.696113
780.0000     -733676.059533
784.0000     -732844.181592
788.0000     -733660.580002
792.0000     -733133.155110
796.0000     -732826.486790
800.0000     -732767.624402
804.0000     -733177.675980
808.0000     -733387.770953
812.0000     -732635.703704
816.0000     -733777.553708
820.0000     -733406.679018
824.0000     -733604.685661
828.0000     -734458.597966
832.0000     -733654.369722
836.0000     -733912.884211
840.0000     -734044.845509
844.0000     -734080.323006
848.0000     -734383.037102
852.0000     -733297.653998
856.0000     -733588.899851
860.0000     -732652.359394
864.0000     -734084.726336
868.0000     -733652.407586
872.0000     -733204.942471
876.0000     -733695.913309
880.0000     -733058.922808
884.0000     -733375.607861
888.0000     -733217.659173
892.0000     -733533.481189
896.0000     -733114.478064
900.0000     -733357.574054
904.0000     -733590.241627
908.0000     -732642.920054
912.0000     -733036.833626
916.0000     -732562.521515
920.0000     -732372.055863
924.0000     -733117.177425
928.0000     -733090.035977
932.0000     -734047.405804
936.0000     -732354.748782
940.0000     -733484.139844
944.0000     -733568.239950
948.0000     -733429.471350
952.0000     -732854.866188
956.0000     -733226.258616
960.0000     -733643.887344
964.0000     -733250.673972
968.0000     -733211.033743
972.0000     -734092.387067
976.0000     -733473.503863
980.0000     -733607.690501
984.0000     -733288.046244
988.0000     -734048.611210
992.0000     -733100.489525
996.0000     -733279.408920
1000.0000     -732488.889966
1004.0000     -733330.966528
1008.0000     -733097.435791
1012.0000     -733851.458164
1016.0000     -733228.322636
1020.0000     -733316.630208
1024.0000     -733149.209375
1028.0000     -732565.672120
1032.0000     -733830.258661
1036.0000     -732524.772661
1040.0000     -732510.445878
1044.0000     -732596.288355
1048.0000     -733506.441635
1052.0000     -733112.451468
1056.0000     -733200.618977
1060.0000     -733460.226476
1064.0000     -733209.067868
1068.0000     -732883.744137
1072.0000     -733358.517140
1076.0000     -733101.869939
1080.0000     -733248.345921
1084.0000     -733170.499246
1088.0000     -732489.673922
1092.0000     -733504.715574
1096.0000     -733065.820785
1100.0000     -733298.523934
1104.0000     -733617.841422
1108.0000     -732689.566817
1112.0000     -732985.505932
1116.0000     -732887.615436
1120.0000     -733317.532432
1124.0000     -732943.437985
1128.0000     -733343.386084
1132.0000     -733731.492110
1136.0000     -733625.618248
1140.0000     -733284.858113
1144.0000     -733237.803631
1148.0000     -733331.416004
1152.0000     -733940.939266
1156.0000     -733394.634545
1160.0000     -733805.789896
1164.0000     -733750.661680
1168.0000     -733711.338958
1172.0000     -733201.676458
1176.0000     -732938.488544
1180.0000     -733352.601057
1184.0000     -733596.147695
1188.0000     -733592.969959
1192.0000     -732966.055455
1196.0000     -734104.787705
1200.0000     -733246.712116
1204.0000     -734041.123687
1208.0000     -733630.378735
1212.0000     -733570.013728
1216.0000     -733308.530205
1220.0000     -733158.249659
1224.0000     -734021.377835
1228.0000     -733735.004931
1232.0000     -734045.905989
1236.0000     -733392.753305
1240.0000     -733681.177845
1244.0000     -733564.370936
1248.0000     -734148.889393
1252.0000     -733414.838933
1256.0000     -734421.176438
1260.0000     -733867.591652
1264.0000     -733419.128469
1268.0000     -733586.035571
1272.0000     -733205.408020
1276.0000     -733506.094934
1280.0000     -733097.396836
1284.0000     -733301.104055
1288.0000     -733141.220334
1292.0000     -733303.914799
1296.0000     -733819.123018
1300.0000     -734136.184354
1304.0000     -734326.697916
1308.0000     -733379.282224
1312.0000     -733442.479441
1316.0000     -733350.466334
1320.0000     -733542.640302
1324.0000     -733500.669972
1328.0000     -733735.187249
1332.0000     -733315.634326
1336.0000     -732709.198388
1340.0000     -733456.789524
1344.0000     -733617.977540
1348.0000     -732831.438548
1352.0000     -733184.559450
1356.0000     -733147.860611
1360.0000     -733528.880073
1364.0000     -733622.994744
1368.0000     -732976.466845
1372.0000     -733979.133197
1376.0000     -733134.559526
1380.0000     -733987.709743
1384.0000     -733965.577788
1388.0000     -733205.676354
1392.0000     -733109.125877
1396.0000     -733422.587266
1400.0000     -732895.082641
1404.0000     -733380.519171
1408.0000     -733317.190420
1412.0000     -733350.364352
1416.0000     -733668.900169
1420.0000     -733576.102222
1424.0000     -733985.419278
1428.0000     -732955.868187
1432.0000     -733962.733055
1436.0000     -733238.911183
1440.0000     -733168.784770
1444.0000     -734042.732651
1448.0000     -734661.467070
1452.0000     -733240.042494
1456.0000     -732972.259038
1460.0000     -733652.737807
1464.0000     -733085.222924
1468.0000     -733349.065569
1472.0000     -733733.670986
1476.0000     -733588.138791
1480.0000     -732448.039735
1484.0000     -733635.641014
1488.0000     -732936.953225
1492.0000     -733549.328890
1496.0000     -733812.071779
1500.0000     -733632.215877
1504.0000     -733579.790748
1508.0000     -733040.832804
1512.0000     -733521.022312
1516.0000     -733488.316677
1520.0000     -733216.469670
1524.0000     -733775.926830
1528.0000     -733374.912053
1532.0000     -733705.691033
1536.0000     -732883.387706
1540.0000     -733457.391878
1544.0000     -733364.063647
1548.0000     -733989.379484
1552.0000     -733454.157804
1556.0000     -733459.282442
1560.0000     -734096.571073
1564.0000     -732982.980305
1568.0000     -734153.313302
1572.0000     -733510.835195
1576.0000     -733889.441448
1580.0000     -733570.388568
1584.0000     -733197.235461
1588.0000     -733309.693782
1592.0000     -733471.338467
1596.0000     -733799.169807
1600.0000     -734296.313712
1604.0000     -733696.014511
1608.0000     -732937.190721
1612.0000     -733534.300902
1616.0000     -733523.830760
1620.0000     -733974.703069
1624.0000     -734232.060820
1628.0000     -733820.679262
1632.0000     -733016.255863
1636.0000     -733148.631081
1640.0000     -733562.577903
1644.0000     -734570.410907
1648.0000     -733320.061284
1652.0000     -733733.150036
1656.0000     -733289.454069
1660.0000     -732880.794676
1664.0000     -733927.160760
1668.0000     -733835.982945
1672.0000     -734001.031369
1676.0000     -733232.093097
1680.0000     -733656.578307
1684.0000     -733616.001298
1688.0000     -733548.722732
1692.0000     -733168.541808
1696.0000     -733259.514609
1700.0000     -732999.660955
1704.0000     -733146.403665
1708.0000     -733449.096065
1712.0000     -733568.461986
1716.0000     -733502.271306
1720.0000     -733016.650758
1724.0000     -734836.508634
1728.0000     -733087.900254
1732.0000     -733982.911528
1736.0000     -733281.726574
1740.0000     -733231.224257
1744.0000     -733312.421847
1748.0000     -733796.116378
1752.0000     -734437.907912
1756.0000     -733123.881903
1760.0000     -733696.709388
1764.0000     -733610.937342
1768.0000     -734023.469627
1772.0000     -733855.642653
1776.0000     -733705.743933
1780.0000     -734552.158360
1784.0000     -734513.104429
1788.0000     -733434.416080
1792.0000     -734346.213434
1796.0000     -734419.247539
1800.0000     -734055.434209
1804.0000     -734690.408219
1808.0000     -734229.277870
1812.0000     -733594.936522
1816.0000     -733911.839027
1820.0000     -733740.388818
1824.0000     -733447.576535
1828.0000     -733735.128801
1832.0000     -733162.508266
1836.0000     -734072.566214
1840.0000     -733117.489343
1844.0000     -733930.415855
1848.0000     -733165.010241
1852.0000     -733144.718600
1856.0000     -734483.509758
1860.0000     -734356.325180
1864.0000     -734141.012522
1868.0000     -733670.062365
1872.0000     -734300.635741
1876.0000     -733735.694217
1880.0000     -733954.157451
1884.0000     -733285.916224
1888.0000     -733157.400641
1892.0000     -733977.623931
1896.0000     -733354.159956
1900.0000     -734275.494575
1904.0000     -734485.491745
1908.0000     -734113.025898
1912.0000     -733229.154712
1916.0000     -733714.970023
1920.0000     -733337.648138
1924.0000     -733656.200667
1928.0000     -733973.477512
1932.0000     -733717.629286
1936.0000     -732724.448389
1940.0000     -733997.882428
1944.0000     -734043.950106
1948.0000     -733309.295626
1952.0000     -733412.210442
1956.0000     -734029.198014
1960.0000     -734553.910868
1964.0000     -733802.069009
1968.0000     -733424.325039
1972.0000     -732937.593767
1976.0000     -733428.331946
1980.0000     -733932.748642
1984.0000     -734039.845428
1988.0000     -733976.160950
1992.0000     -733357.224775
1996.0000     -732933.895491
2000.0000     -733677.518479
2004.0000     -733316.678183
2008.0000     -733175.370791
2012.0000     -733192.329605
2016.0000     -733998.898195
2020.0000     -732754.403160
2024.0000     -733372.127197
2028.0000     -733360.797433
2032.0000     -733304.715319
2036.0000     -734074.606536
2040.0000     -733591.044823
2044.0000     -733803.019335
2048.0000     -734020.215604
2052.0000     -733182.798805
2056.0000     -733481.437009
2060.0000     -734055.105004
2064.0000     -733739.423586
2068.0000     -733760.504603
2072.0000     -734807.830954
2076.0000     -732865.980178
2080.0000     -733650.170205
2084.0000     -733863.050411
2088.0000     -733320.880019
2092.0000     -733987.077705
2096.0000     -732800.536572
2100.0000     -732923.719338
2104.0000     -734146.532915
2108.0000     -732923.273126
2112.0000     -733665.689523
2116.0000     -733656.445388
2120.0000     -733816.744090
2124.0000     -734123.738742
2128.0000     -733010.133992
2132.0000     -733179.698361
2136.0000     -732949.355163
2140.0000     -733498.507222
2144.0000     -733302.580759
2148.0000     -734239.845766
2152.0000     -734404.768919
2156.0000     -733787.520957
2160.0000     -733855.866605
2164.0000     -734138.690491
2168.0000     -734302.949969
2172.0000     -734460.873045
2176.0000     -734445.160771
2180.0000     -734586.549414
2184.0000     -733761.537599
2188.0000     -734301.482069
2192.0000     -734490.836264
2196.0000     -732916.055196
2200.0000     -733992.694000
2204.0000     -733462.366905
2208.0000     -733464.947762
2212.0000     -734856.397072
2216.0000     -733356.803872
2220.0000     -732893.367774
2224.0000     -733377.446389
2228.0000     -733680.470024
2232.0000     -733489.927588
2236.0000     -733452.979755
2240.0000     -733497.280168
2244.0000     -733997.108395
2248.0000     -733491.316897
2252.0000     -733409.016533
2256.0000     -733349.467641
2260.0000     -733777.595766
2264.0000     -734563.970338
2268.0000     -733741.474273
2272.0000     -733052.495096
2276.0000     -733640.642533
2280.0000     -733692.807963
2284.0000     -734168.230759
2288.0000     -733437.465910
2292.0000     -733649.113660
2296.0000     -733830.738829
2300.0000     -733161.520928
2304.0000     -733852.745094
2308.0000     -733050.643258
2312.0000     -733997.967506
2316.0000     -733716.955166
2320.0000     -732946.373864
2324.0000     -733640.728612
2328.0000     -733092.154605
2332.0000     -733808.513500
2336.0000     -733217.711753
2340.0000     -733186.657251
2344.0000     -733009.349907
2348.0000     -733067.065377
2352.0000     -733110.901971
2356.0000     -733218.001233
2360.0000     -732848.569237
2364.0000     -733449.979111
2368.0000     -734056.402385
2372.0000     -733636.888322
2376.0000     -733581.297454
2380.0000     -733944.100604
2384.0000     -732213.971655
2388.0000     -732736.633949
2392.0000     -734279.209253
2396.0000     -734598.261564
2400.0000     -733810.039702
2404.0000     -733708.763501
2408.0000     -733934.452043
2412.0000     -733646.926538
2416.0000     -732717.304650
2420.0000     -733734.939452
2424.0000     -732766.989329
2428.0000     -733311.466146
2432.0000     -733381.323522
2436.0000     -733422.001739
2440.0000     -733734.110294
2444.0000     -732801.869140
2448.0000     -733315.676698
2452.0000     -733049.218495
2456.0000     -734205.041983
2460.0000     -734003.358322
2464.0000     -734148.547426
2468.0000     -734017.913697
2472.0000     -733239.910303
2476.0000     -733208.345274
2480.0000     -733745.384620
2484.0000     -732742.920807
2488.0000     -733001.619977
2492.0000     -733234.868255
2496.0000     -733213.835885
2500.0000     -733783.205299
2504.0000     -733526.610370
2508.0000     -733738.725944
2512.0000     -734186.798186
2516.0000     -733620.881877
2520.0000     -733420.443966
2524.0000     -733785.154448
2528.0000     -733497.656310
2532.0000     -734502.262277
2536.0000     -732815.717125
2540.0000     -732982.030821
2544.0000     -733388.785181
2548.0000     -734094.737200
2552.0000     -734597.507725
2556.0000     -734044.993624
2560.0000     -734188.055303
2564.0000     -734082.435193
2568.0000     -733289.418766
2572.0000     -734074.450428
2576.0000     -733014.346228
2580.0000     -734117.213495
2584.0000     -733580.200527
2588.0000     -734175.196652
2592.0000     -733384.124601
2596.0000     -733243.432701
2600.0000     -733624.603037
2604.0000     -734023.438004
2608.0000     -733473.194980
2612.0000     -733692.016039
2616.0000     -733745.972638
2620.0000     -734599.165416
2624.0000     -733869.493291
2628.0000     -732792.766537
2632.0000     -733335.497470
2636.0000     -733101.573976
2640.0000     -733394.383295
2644.0000     -733886.123094
2648.0000     -734039.246586
2652.0000     -732831.659049
2656.0000     -733931.662061
2660.0000     -732910.706957
2664.0000     -733319.484485
2668.0000     -733850.471433
2672.0000     -734810.289918
2676.0000     -733348.152076
2680.0000     -733727.968373
2684.0000     -733160.748646
2688.0000     -734644.899501
2692.0000     -734542.662881
2696.0000     -734454.941419
2700.0000     -734594.883660
2704.0000     -733942.639034
2708.0000     -734157.110908
2712.0000     -734128.547885
2716.0000     -733237.094261
2720.0000     -733941.972530
2724.0000     -734219.301975
2728.0000     -734143.871782
2732.0000     -734030.080677
2736.0000     -733876.256064
2740.0000     -734182.426560
2744.0000     -733424.139110
2748.0000     -733174.066609
2752.0000     -733697.491312
2756.0000     -733876.425479
2760.0000     -733803.996143
2764.0000     -733849.868347
2768.0000     -733310.277951
2772.0000     -733087.025452
2776.0000     -734289.566995
2780.0000     -733774.267966
2784.0000     -732851.778313
2788.0000     -733657.545546
2792.0000     -732407.730883
2796.0000     -733856.729284
2800.0000     -733888.617994
2804.0000     -733680.369233
2808.0000     -734107.768760
2812.0000     -733633.724214
2816.0000     -733926.094184
2820.0000     -733848.897024
2824.0000     -733038.117377
2828.0000     -733481.797801
2832.0000     -733677.059687
2836.0000     -733619.916814
2840.0000     -734299.580980
2844.0000     -733299.836560
2848.0000     -733957.251362
2852.0000     -732680.470132
2856.0000     -733302.188891
2860.0000     -734711.822896
2864.0000     -733588.307123
2868.0000     -733702.467333
2872.0000     -733656.615710
2876.0000     -733859.402876
2880.0000     -733691.886548
2884.0000     -733856.344771
2888.0000     -734860.974553
2892.0000     -733971.015565
2896.0000     -733276.785327
2900.0000     -734327.747300
2904.0000     -734331.994278
2908.0000     -733589.174739
2912.0000     -733950.507690
2916.0000     -733841.597286
2920.0000     -733348.381573
2924.0000     -733182.133116
2928.0000     -733839.966292
2932.0000     -733455.469537
2936.0000     -733275.503736
2940.0000     -733237.541763
2944.0000     -733936.833317
2948.0000     -734205.731358
2952.0000     -733938.367305
2956.0000     -732913.633912
2960.0000     -733533.032463
2964.0000     -733122.317309
2968.0000     -733650.265456
2972.0000     -733689.581694
2976.0000     -734126.167465
2980.0000     -733791.124023
2984.0000     -733714.868842
2988.0000     -733271.024186
2992.0000     -733874.017249
2996.0000     -733288.018649
3000.0000     -733368.908305
3004.0000     -733586.970562
3008.0000     -733490.952258
3012.0000     -733643.039060
3016.0000     -733942.836442
3020.0000     -733403.659941
3024.0000     -733649.668868
3028.0000     -733784.455267
3032.0000     -733739.500524
3036.0000     -733460.458822
3040.0000     -733331.492814
3044.0000     -733274.108337
3048.0000     -733954.219932
3052.0000     -733534.012196
3056.0000     -733556.969981
3060.0000     -733011.863386
3064.0000     -734248.462882
3068.0000     -733966.705327
3072.0000     -734365.029944
3076.0000     -733319.788207
3080.0000     -733987.095981
3084.0000     -734115.414338
3088.0000     -733558.823228
3092.0000     -733825.313851
3096.0000     -733659.371953
3100.0000     -734088.901173
3104.0000     -733969.132353
3108.0000     -733200.064413
3112.0000     -734009.109054
3116.0000     -732855.336300
3120.0000     -733682.424914
3124.0000     -733628.952776
3128.0000     -733669.318505
3132.0000     -734318.197901
3136.0000     -733977.311319
3140.0000     -734128.881089
3144.0000     -734049.780954
3148.0000     -734178.115203
3152.0000     -734067.145121
3156.0000     -734306.113653
3160.0000     -733624.080921
3164.0000     -733306.780558
3168.0000     -733302.384681
3172.0000     -734063.297303
3176.0000     -733651.822219
3180.0000     -733887.832638
3184.0000     -734322.911679
3188.0000     -733074.935985
3192.0000     -733728.466996
3196.0000     -733783.010280
3200.0000     -733289.606427
3204.0000     -732569.065020
3208.0000     -733448.530340
3212.0000     -732829.539180
3216.0000     -733229.720476
3220.0000     -734567.306104
3224.0000     -735273.920085
3228.0000     -733451.578527
3232.0000     -734712.288495
3236.0000     -733835.121320
3240.0000     -733288.566279
3244.0000     -733836.715726
3248.0000     -734188.699380
3252.0000     -732443.287157
3256.0000     -734526.972140
3260.0000     -733550.549924
3264.0000     -733917.541000
3268.0000     -733118.144598
3272.0000     -732897.310268
3276.0000     -733545.481554
3280.0000     -734021.590876
3284.0000     -734148.058386
3288.0000     -734259.248380
3292.0000     -733879.449642
3296.0000     -733407.214264
3300.0000     -732699.965182
3304.0000     -733645.999996
3308.0000     -733231.120743
3312.0000     -734712.706936
3316.0000     -733413.010912
3320.0000     -732814.933773
3324.0000     -733631.523094
3328.0000     -734028.292636
3332.0000     -733468.653345
3336.0000     -733133.007663
3340.0000     -734369.667556
3344.0000     -734195.347965
3348.0000     -733909.430512
3352.0000     -733708.209924
3356.0000     -733807.207861
3360.0000     -733470.113081
3364.0000     -734032.750811
3368.0000     -734313.424368
3372.0000     -733642.672054
3376.0000     -734002.676115
3380.0000     -734078.352021
3384.0000     -733402.562459
3388.0000     -734219.373593
3392.0000     -734307.751686
3396.0000     -733274.817499
3400.0000     -733226.629951
3404.0000     -733212.234168
3408.0000     -734472.095805
3412.0000     -733467.660543
3416.0000     -733891.281972
3420.0000     -733815.222510
3424.0000     -733236.669154
3428.0000     -733402.656297
3432.0000     -733054.539227
3436.0000     -733619.352919
3440.0000     -733322.712411
3444.0000     -733061.116549
3448.0000     -733056.985651
3452.0000     -733904.246830
3456.0000     -733288.006137
3460.0000     -733472.731525
3464.0000     -733586.351858
3468.0000     -733475.291792
3472.0000     -733681.412461
3476.0000     -733837.472476
3480.0000     -733209.698275
3484.0000     -733762.505719
3488.0000     -733738.834917
3492.0000     -733805.040030
3496.0000     -733333.367417
3500.0000     -734053.004996
3504.0000     -732948.386211
3508.0000     -733611.131457
3512.0000     -733886.613893
3516.0000     -734075.742483
3520.0000     -733497.406202
3524.0000     -733945.399356
3528.0000     -733109.596611
3532.0000     -733009.189958
3536.0000     -732448.816586
3540.0000     -733608.757527
3544.0000     -732423.326071
3548.0000     -733589.722434
3552.0000     -733841.157547
3556.0000     -734001.754032
3560.0000     -733895.984179
3564.0000     -732995.629665
3568.0000     -732836.605866
3572.0000     -733318.698923
3576.0000     -733460.272501
3580.0000     -733417.335182
3584.0000     -732326.676767
3588.0000     -733413.667750
3592.0000     -733683.825231
3596.0000     -733986.553567
3600.0000     -733802.849951
3604.0000     -733834.538731
3608.0000     -734114.568711
3612.0000     -732650.327810
3616.0000     -734483.078102
3620.0000     -733942.878519
3624.0000     -733690.758508
3628.0000     -733836.279691
3632.0000     -734099.400647
3636.0000     -733320.504313
3640.0000     -733979.129883
3644.0000     -733385.203557
3648.0000     -733758.990089
3652.0000     -734428.731974
3656.0000     -734154.970031
3660.0000     -734155.441504
3664.0000     -734366.795982
3668.0000     -733882.854239
3672.0000     -734016.546964
3676.0000     -733928.313197
3680.0000     -733878.304071
3684.0000     -734263.067276
3688.0000     -734194.193035
3692.0000     -733595.153449
3696.0000     -733379.891673
3700.0000     -733952.356517
3704.0000     -733826.424482
3708.0000     -733374.050409
3712.0000     -733289.586339
3716.0000     -733785.645450
3720.0000     -734428.125194
3724.0000     -733713.344717
3728.0000     -733849.154628
3732.0000     -733912.415521
3736.0000     -733640.526177
3740.0000     -734202.871023
3744.0000     -733396.102041
3748.0000     -734743.249095
3752.0000     -733733.103499
3756.0000     -733571.393801
3760.0000     -734180.688029
3764.0000     -734532.831261
3768.0000     -734362.950100
3772.0000     -734470.318824
3776.0000     -733868.966165
3780.0000     -734493.526527
3784.0000     -733629.256380
3788.0000     -733734.801767
3792.0000     -733740.334729
3796.0000     -733757.394082
3800.0000     -733378.072405
3804.0000     -733622.651520
3808.0000     -733927.991097
3812.0000     -734135.661675
3816.0000     -733760.768311
3820.0000     -733714.294362
3824.0000     -734293.182905
3828.0000     -733283.777588
3832.0000     -732973.257655
3836.0000     -734250.764789
3840.0000     -733709.448214
3844.0000     -733375.176275
3848.0000     -733927.476999
3852.0000     -733714.914257
3856.0000     -734180.034589
3860.0000     -733309.764671
3864.0000     -733666.845169
3868.0000     -733879.515507
3872.0000     -734655.219390
3876.0000     -734308.524604
3880.0000     -733560.378257
3884.0000     -733144.140714
3888.0000     -733192.532902
3892.0000     -733279.636033
3896.0000     -734122.434663
3900.0000     -733508.015862
3904.0000     -733665.622224
3908.0000     -733348.877595
3912.0000     -733705.810719
3916.0000     -733332.376647
3920.0000     -733550.166444
3924.0000     -733904.082526
3928.0000     -734991.078925
3932.0000     -732948.141337
3936.0000     -733591.805327
3940.0000     -733867.500575
3944.0000     -732699.269559
3948.0000     -734002.251650
3952.0000     -733414.960903
3956.0000     -733264.484861
3960.0000     -733182.666795
3964.0000     -733963.602634
3968.0000     -733971.500302
3972.0000     -733669.533526
3976.0000     -734271.825009
3980.0000     -734069.360778
3984.0000     -733803.134502
3988.0000     -733882.020154
3992.0000     -733892.578545
3996.0000     -734506.636270
4000.0000     -734215.380849
4004.0000     -734215.380849
