4.0000     -733330.883492
8.0000     -733499.766222
12.0000     -733154.586381
16.0000     -732647.920310
20.0000     -733258.470566
24.0000     -733392.495045
28.0000     -733286.768003
32.0000     -733303.763495
36.0000     -732742.723180
40.0000     -732930.025603
44.0000     -732975.954800
48.0000     -733762.249173
52.0000     -732946.079213
56.0000     -732640.961153
60.0000     -733257.560242
64.0000     -732654.392434
68.0000     -732746.151783
72.0000     -733148.690789
76.0000     -732879.760060
80.0000     -732678.098761
84.0000     -733888.180262
88.0000     -734238.348820
92.0000     -732639.730039
96.0000     -733352.396176
100.0000     -733293.348996
104.0000     -732812.972066
108.0000     -731886.244868
112.0000     -732840.730404
116.0000     -732302.248042
120.0000     -732879.261284
124.0000     -733822.571934
128.0000     -732902.738664
132.0000     -732473.863290
136.0000     -733060.852469
140.0000     -732598.408822
144.0000     -732884.907731
148.0000     -733015.946458
152.0000     -733893.032875
156.0000     -734099.472907
160.0000     -732999.909259
164.0000     -733146.691547
168.0000     -732925.797165
172.0000     -732966.277866
176.0000     -732477.767592
180.0000     -733087.451838
184.0000     -733418.035193
188.0000     -732950.997183
192.0000     -732412.873427
196.0000     -733120.279158
200.0000     -732725.071012
204.0000     -732772.915800
208.0000     -733104.800078
212.0000     -733547.006468
216.0000     -732917.885432
220.0000     -733248.476297
224.0000     -733049.005286
228.0000     -733085.021539
232.0000     -732528.590445
236.0000     -733504.856681
240.0000     -732866.479514
244.0000     -733520.991616
248.0000     -733197.331886
252.0000     -733576.968914
256.0000     -732789.952046
260.0000     -733627.996192
264.0000     -732418.941687
268.0000     -732713.779216
272.0000     -732423.016252
276.0000     -732718.867703
280.0000     -733811.378429
284.0000     -732888.677105
288.0000     -732653.971373
292.0000     -732462.928967
296.0000     -732712.157519
300.0000     -733687.739237
304.0000     -733425.248545
308.0000     -734275.915928
312.0000     -733613.663421
316.0000     -733434.959694
320.0000     -734204.632442
324.0000     -733273.088842
328.0000     -733130.386813
332.0000     -733676.460083
336.0000     -733129.935502
340.0000     -732958.079804
344.0000     -733418.670809
348.0000     -733311.221849
352.0000     -732599.647012
356.0000     -733527.915961
360.0000     -733306.152137
364.0000     -733343.415236
368.0000     -733277.995493
372.0000     -732565.345472
376.0000     -733046.385841
380.0000     -732831.109020
384.0000     -732963.291333
388.0000     -733687.798585
392.0000     -734423.029377
396.0000     -732661.112788
400.0000     -732994.300527
404.0000     -733845.708014
408.0000     -732855.405447
412.0000     -732635.697363
416.0000     -733373.779442
420.0000     -733426.438617
424.0000     -733287.360177
428.0000     -733274.776588
432.0000     -733183.765739
436.0000     -733757.082220
440.0000     -733456.984933
444.0000     -733024.440226
448.0000     -732923.246677
452.0000     -733234.449982
456.0000     -733722.490587
460.0000     -732917.007467
464.0000     -733876.222155
468.0000     -732923.120049
472.0000     -733763.110108
476.0000     -734131.905603
480.0000     -733543.071293
484.0000     -733324.053201
488.0000     -733717.373808
492.0000     -733567.220144
496.0000     -733526.860858
500.0000     -734437.187588
504.0000     -733738.886865
508.0000     -734252.001072
512.0000     -733710.125861
516.0000     -733424.276425
520.0000     -733321.053749
524.0000     -733647.174804
528.0000     -733030.291597
532.0000     -732762.234437
536.0000     -732836.535550
540.0000     -733712.217188
544.0000     -733616.841591
548.0000     -733948.206131
552.0000     -732238.493848
556.0000     -733559.999357
560.0000     -733046.133658
564.0000     -733479.566078
568.0000     -732709.583109
572.0000     -733486.135890
576.0000     -733823.665308
580.0000     -733501.599192
584.0000     -733809.181916
588.0000     -732873.068613
592.0000     -733482.130672
596.0000     -733239.403467
600.0000     -733314.602761
604.0000     -733973.404696
608.0000     -733059.589028
612.0000     -733727.338152
616.0000     -733762.289805
620.0000     -733486.367081
624.0000     -733020.570636
628.0000     -734022.908857
632.0000     -732479.881552
636.0000     -732914.337146
640.0000     -733218.134647
644.0000     -733351.672854
648.0000     -733048.605010
652.0000     -733489.081374
656.0000     -733319.433031
660.0000     -733453.080225
664.0000     -733618.236342
668.0000     -733002.328719
672.0000     -733686.419048
676.0000     -733849.477017
680.0000     -732667.049608
684.0000     -733014.227442
688.0000     -732610.266175
692.0000     -732701.372033
696.0000     -732683.048400
700.0000     -732773.652494
704.0000     -733634.811336
708.0000     -732898.377370
712.0000     -732814.252171
716.0000     -733334.644784
720.0000     -733610.398601
724.0000     -732398.005915
728.0000     -733998.721242
732.0000     -732973.312872
736.0000     -733201.800466
740.0000     -732998.969886
744.0000     -734170.698123
748.0000     -733252.123579
752.0000     -734644.031922
756.0000     -733186.595265
760.0000     -733622.635512
764.0000     -732858.967328
768.0000     -733563.988512
772.0000     -733245.767278
776.0000     -733559.227229
780.0000     -733686.903566
784.0000     -732855.133602
788.0000     -733670.916790
792.0000     -733142.582817
796.0000     -732837.369750
800.0000     -732778.273682
804.0000     -733188.255660
808.0000     -733397.939614
812.0000     -732645.970793
816.0000     -733787.876925
820.0000     -733416.427053
824.0000     -733615.818717
828.0000     -734468.492279
832.0000     -733665.515240
836.0000     -733922.738610
840.0000     -734053.210120
844.0000     -734090.401008
848.0000     -734394.325002
852.0000     -733308.088643
856.0000     -733598.970969
860.0000     -732662.330188
864.0000     -734093.813831
868.0000     -733661.956685
872.0000     -733215.032681
876.0000     -733706.547527
880.0000     -733069.135320
884.0000     -733385.240013
888.0000     -733227.729778
892.0000     -733544.232845
896.0000     -733122.069483
900.0000     -733366.533349
904.0000     -733600.410022
908.0000     -732654.414846
912.0000     -733048.338695
916.0000     -732573.250935
920.0000     -732381.425045
924.0000     -733127.908651
928.0000     -733100.189104
932.0000     -734056.552069
936.0000     -732364.617214
940.0000     -733493.100437
944.0000     -733578.255461
948.0000     -733440.556834
952.0000     -732864.514806
956.0000     -733235.617896
960.0000     -733654.497320
964.0000     -733261.681117
968.0000     -733221.084780
972.0000     -734102.399767
976.0000     -733482.758965
980.0000     -733619.824537
984.0000     -733297.969319
988.0000     -734059.768030
992.0000     -733109.893623
996.0000     -733289.759958
1000.0000     -732499.908198
1004.0000     -733340.134238
1008.0000     -733107.055044
1012.0000     -733862.744884
1016.0000     -733238.600237
1020.0000     -733327.247196
1024.0000     -733158.868051
1028.0000     -732576.280007
1032.0000     -733840.348368
1036.0000     -732536.244564
1040.0000     -732520.717799
1044.0000     -732607.322019
1048.0000     -733516.754725
1052.0000     -733122.083552
1056.0000     -733211.560909
1060.0000     -733470.431232
1064.0000     -733220.583072
1068.0000     -732892.979761
1072.0000     -733367.259525
1076.0000     -733111.461659
1080.0000     -733258.608503
1084.0000     -733181.002716
1088.0000     -732495.275539
1092.0000     -733515.027623
1096.0000     -733073.144285
1100.0000     -733306.178218
1104.0000     -733629.561196
1108.0000     -732701.864485
1112.0000     -732993.779515
1116.0000     -732899.831408
1120.0000     -733327.545850
1124.0000     -732954.730042
1128.0000     -733351.485229
1132.0000     -733742.764138
1136.0000     -733633.484734
1140.0000     -733293.872889
1144.0000     -733248.340769
1148.0000     -733342.313376
1152.0000     -733951.733431
1156.0000     -733404.000853
1160.0000     -733817.026756
1164.0000     -733759.745042
1168.0000     -733722.980397
1172.0000     -733212.779225
1176.0000     -732949.287863
1180.0000     -733362.467379
1184.0000     -733603.926451
1188.0000     -733602.647568
1192.0000     -732976.152505
1196.0000     -734109.865977
1200.0000     -733257.508676
1204.0000     -734051.739902
1208.0000     -733636.598565
1212.0000     -733580.993841
1216.0000     -733319.627970
1220.0000     -733167.924081
1224.0000     -734031.454371
1228.0000     -733746.576402
1232.0000     -734053.258966
1236.0000     -733403.848974
1240.0000     -733692.848011
1244.0000     -733574.296994
1248.0000     -734159.835312
1252.0000     -733426.704100
1256.0000     -734432.836902
1260.0000     -733878.374849
1264.0000     -733423.966382
1268.0000     -733596.199488
1272.0000     -733215.428168
1276.0000     -733515.935191
1280.0000     -733109.131411
1284.0000     -733310.931652
1288.0000     -733146.718474
1292.0000     -733313.686693
1296.0000     -733829.549610
1300.0000     -734146.677256
1304.0000     -734337.084519
1308.0000     -733386.876153
1312.0000     -733453.163873
1316.0000     -733360.127157
1320.0000     -733553.391664
1324.0000     -733511.042827
1328.0000     -733746.767049
1332.0000     -733326.942393
1336.0000     -732717.694512
1340.0000     -733464.493109
1344.0000     -733629.267622
1348.0000     -732842.353186
1352.0000     -733195.699791
1356.0000     -733158.299547
1360.0000     -733539.549851
1364.0000     -733634.210656
1368.0000     -732986.710618
1372.0000     -733987.762837
1376.0000     -733144.452883
1380.0000     -733997.877027
1384.0000     -733976.741929
1388.0000     -733216.435331
1392.0000     -733119.773850
1396.0000     -733433.760761
1400.0000     -732905.815294
1404.0000     -733389.693955
1408.0000     -733326.546435
1412.0000     -733360.604363
1416.0000     -733676.435246
1420.0000     -733586.782145
1424.0000     -733996.112652
1428.0000     -732966.224799
1432.0000     -733974.168259
1436.0000     -733247.509877
1440.0000     -733178.142251
1444.0000     -734054.059197
1448.0000     -734672.700485
1452.0000     -733248.460736
1456.0000     -732983.390635
1460.0000     -733663.427207
1464.0000     -733095.289038
1468.0000     -733359.804318
1472.0000     -733742.359280
1476.0000     -733598.402261
1480.0000     -732457.367155
1484.0000     -733645.893059
1488.0000     -732946.670177
1492.0000     -733560.202763
1496.0000     -733823.876006
1500.0000     -733643.092399
1504.0000     -733589.702825
1508.0000     -733051.401414
1512.0000     -733530.021297
1516.0000     -733499.070540
1520.0000     -733225.775206
1524.0000     -733786.104352
1528.0000     -733385.661514
1532.0000     -733716.784500
1536.0000     -732894.857417
1540.0000     -733467.503651
1544.0000     -733371.606249
1548.0000     -734000.988968
1552.0000     -733465.443897
1556.0000     -733469.176612
1560.0000     -734106.919225
1564.0000     -732994.094850
1568.0000     -734164.705989
1572.0000     -733520.540011
1576.0000     -733900.694442
1580.0000     -733581.140210
1584.0000     -733207.629543
1588.0000     -733318.256302
1592.0000     -733482.061172
1596.0000     -733811.485618
1600.0000     -734306.578779
1604.0000     -733705.002097
1608.0000     -732947.530847
1612.0000     -733545.121033
1616.0000     -733533.035422
1620.0000     -733984.925477
1624.0000     -734243.519094
1628.0000     -733831.921435
1632.0000     -733024.801544
1636.0000     -733159.520769
1640.0000     -733572.284319
1644.0000     -734579.984760
1648.0000     -733332.143708
1652.0000     -733744.441581
1656.0000     -733300.147485
1660.0000     -732890.831735
1664.0000     -733937.867578
1668.0000     -733845.740643
1672.0000     -734010.638750
1676.0000     -733240.612185
1680.0000     -733667.715710
1684.0000     -733626.591261
1688.0000     -733558.641711
1692.0000     -733178.652212
1696.0000     -733271.512433
1700.0000     -733008.240182
1704.0000     -733157.193442
1708.0000     -733459.388696
1712.0000     -733578.090601
1716.0000     -733512.956576
1720.0000     -733027.035980
1724.0000     -734845.622082
1728.0000     -733099.319812
1732.0000     -733991.703935
1736.0000     -733292.585380
1740.0000     -733239.994265
1744.0000     -733322.027698
1748.0000     -733805.653103
1752.0000     -734448.780378
1756.0000     -733133.660933
1760.0000     -733706.680264
1764.0000     -733621.844556
1768.0000     -734034.619789
1772.0000     -733865.775678
1776.0000     -733711.432412
1780.0000     -734562.028002
1784.0000     -734524.695202
1788.0000     -733443.582031
1792.0000     -734357.421456
1796.0000     -734430.239994
1800.0000     -734066.957819
1804.0000     -734700.609788
1808.0000     -734240.742871
1812.0000     -733607.043622
1816.0000     -733922.152158
1820.0000     -733750.573449
1824.0000     -733457.078020
1828.0000     -733746.245936
1832.0000     -733173.291487
1836.0000     -734078.626832
1840.0000     -733126.998788
1844.0000     -733941.153637
1848.0000     -733173.322887
1852.0000     -733155.250980
1856.0000     -734494.047107
1860.0000     -734366.424223
1864.0000     -734150.290439
1868.0000     -733680.851948
1872.0000     -734309.050232
1876.0000     -733744.146971
1880.0000     -733964.061507
1884.0000     -733296.535843
1888.0000     -733162.245513
1892.0000     -733988.017648
1896.0000     -733364.766925
1900.0000     -734285.382673
1904.0000     -734496.951001
1908.0000     -734124.117982
1912.0000     -733240.359803
1916.0000     -733725.729253
1920.0000     -733347.873371
1924.0000     -733667.917219
1928.0000     -733983.151228
1932.0000     -733727.991480
1936.0000     -732732.103194
1940.0000     -734007.603123
1944.0000     -734053.912474
1948.0000     -733320.033975
1952.0000     -733421.293930
1956.0000     -734039.080335
1960.0000     -734563.865475
1964.0000     -733814.061017
1968.0000     -733434.373859
1972.0000     -732948.192122
1976.0000     -733438.796466
1980.0000     -733942.603986
1984.0000     -734050.774605
1988.0000     -733985.712927
1992.0000     -733366.987776
1996.0000     -732944.857361
2000.0000     -733687.801690
2004.0000     -733325.154983
2008.0000     -733185.580381
2012.0000     -733202.900051
2016.0000     -734010.318887
2020.0000     -732765.097410
2024.0000     -733382.754435
2028.0000     -733372.474690
2032.0000     -733316.055745
2036.0000     -734086.068395
2040.0000     -733601.994291
2044.0000     -733813.188549
2048.0000     -734030.434863
2052.0000     -733193.504255
2056.0000     -733492.243382
2060.0000     -734066.514947
2064.0000     -733749.020008
2068.0000     -733771.605976
2072.0000     -734818.278558
2076.0000     -732874.850231
2080.0000     -733661.725844
2084.0000     -733874.447069
2088.0000     -733328.034502
2092.0000     -733998.072443
2096.0000     -732811.718663
2100.0000     -732934.815673
2104.0000     -734155.165067
2108.0000     -732933.419805
2112.0000     -733674.811921
2116.0000     -733665.370961
2120.0000     -733825.791381
2124.0000     -734133.940694
2128.0000     -733019.244010
2132.0000     -733190.058455
2136.0000     -732959.148866
2140.0000     -733508.349811
2144.0000     -733310.660491
2148.0000     -734247.215095
2152.0000     -734413.714241
2156.0000     -733796.606436
2160.0000     -733865.982489
2164.0000     -734147.684823
2168.0000     -734312.916170
2172.0000     -734470.596819
2176.0000     -734452.289221
2180.0000     -734596.723196
2184.0000     -733773.055761
2188.0000     -734310.172635
2192.0000     -734498.517805
2196.0000     -732926.577432
2200.0000     -734000.468218
2204.0000     -733472.301928
2208.0000     -733474.666974
2212.0000     -734867.496423
2216.0000     -733367.240122
2220.0000     -732904.472191
2224.0000     -733388.122103
2228.0000     -733689.835406
2232.0000     -733500.788700
2236.0000     -733464.442099
2240.0000     -733506.456063
2244.0000     -734007.527180
2248.0000     -733503.490792
2252.0000     -733418.904205
2256.0000     -733359.284813
2260.0000     -733784.162401
2264.0000     -734573.417384
2268.0000     -733751.365990
2272.0000     -733062.751731
2276.0000     -733649.819110
2280.0000     -733703.900149
2284.0000     -734179.603913
2288.0000     -733445.147301
2292.0000     -733659.613039
2296.0000     -733841.168975
2300.0000     -733171.809292
2304.0000     -733863.616231
2308.0000     -733060.978855
2312.0000     -734008.391231
2316.0000     -733726.678830
2320.0000     -732957.437960
2324.0000     -733650.850114
2328.0000     -733103.140760
2332.0000     -733819.196497
2336.0000     -733228.566227
2340.0000     -733195.822522
2344.0000     -733019.573480
2348.0000     -733077.586289
2352.0000     -733121.902413
2356.0000     -733226.760543
2360.0000     -732859.964326
2364.0000     -733459.140477
2368.0000     -734065.852896
2372.0000     -733648.883580
2376.0000     -733590.568788
2380.0000     -733953.776670
2384.0000     -732223.381778
2388.0000     -732746.098359
2392.0000     -734287.530604
2396.0000     -734607.357615
2400.0000     -733820.709774
2404.0000     -733717.633774
2408.0000     -733945.006448
2412.0000     -733658.232174
2416.0000     -732726.162590
2420.0000     -733745.750148
2424.0000     -732776.216047
2428.0000     -733321.455935
2432.0000     -733389.857191
2436.0000     -733432.794281
2440.0000     -733745.431304
2444.0000     -732810.501128
2448.0000     -733326.013578
2452.0000     -733061.154969
2456.0000     -734214.155775
2460.0000     -734012.320338
2464.0000     -734158.914329
2468.0000     -734027.906382
2472.0000     -733249.721335
2476.0000     -733218.963529
2480.0000     -733753.317937
2484.0000     -732748.610310
2488.0000     -733010.842631
2492.0000     -733244.189333
2496.0000     -733222.543025
2500.0000     -733793.241587
2504.0000     -733536.427787
2508.0000     -733749.572478
2512.0000     -734196.945968
2516.0000     -733631.985676
2520.0000     -733429.859996
2524.0000     -733795.851825
2528.0000     -733506.607844
2532.0000     -734512.812626
2536.0000     -732825.843953
2540.0000     -732991.344358
2544.0000     -733398.875241
2548.0000     -734106.111970
2552.0000     -734607.929909
2556.0000     -734052.249958
2560.0000     -734199.680867
2564.0000     -734093.914594
2568.0000     -733301.409642
2572.0000     -734084.040270
2576.0000     -733024.411994
2580.0000     -734127.256572
2584.0000     -733591.526305
2588.0000     -734184.959273
2592.0000     -733395.087989
2596.0000     -733253.031883
2600.0000     -733635.947150
2604.0000     -734031.198698
2608.0000     -733483.628783
2612.0000     -733701.357385
2616.0000     -733755.322713
2620.0000     -734609.362816
2624.0000     -733879.084052
2628.0000     -732803.521203
2632.0000     -733346.451316
2636.0000     -733112.754442
2640.0000     -733402.129225
2644.0000     -733896.391189
2648.0000     -734051.166628
2652.0000     -732841.940411
2656.0000     -733942.249186
2660.0000     -732921.267633
2664.0000     -733330.411159
2668.0000     -733861.944641
2672.0000     -734820.224038
2676.0000     -733359.066261
2680.0000     -733738.606799
2684.0000     -733171.117001
2688.0000     -734655.011122
2692.0000     -734553.063041
2696.0000     -734466.000967
2700.0000     -734606.242565
2704.0000     -733951.734190
2708.0000     -734167.283896
2712.0000     -734139.857261
2716.0000     -733247.541711
2720.0000     -733952.857212
2724.0000     -734230.871863
2728.0000     -734154.498694
2732.0000     -734041.629035
2736.0000     -733888.656298
2740.0000     -734191.885312
2744.0000     -733434.296306
2748.0000     -733184.972369
2752.0000     -733707.467006
2756.0000     -733885.418283
2760.0000     -733813.714512
2764.0000     -733860.580738
2768.0000     -733321.381230
2772.0000     -733097.381896
2776.0000     -734298.170515
2780.0000     -733784.750980
2784.0000     -732863.338690
2788.0000     -733668.582506
2792.0000     -732417.837957
2796.0000     -733866.762504
2800.0000     -733898.360835
2804.0000     -733689.958454
2808.0000     -734119.876347
2812.0000     -733645.347658
2816.0000     -733937.732311
2820.0000     -733860.312850
2824.0000     -733049.947742
2828.0000     -733492.595103
2832.0000     -733687.531115
2836.0000     -733629.931482
2840.0000     -734309.685873
2844.0000     -733308.622913
2848.0000     -733966.544049
2852.0000     -732690.385140
2856.0000     -733311.771209
2860.0000     -734721.847960
2864.0000     -733598.210346
2868.0000     -733711.044460
2872.0000     -733667.027498
2876.0000     -733869.716944
2880.0000     -733701.209834
2884.0000     -733866.476319
2888.0000     -734871.972182
2892.0000     -733979.929102
2896.0000     -733284.329237
2900.0000     -734337.433063
2904.0000     -734342.369153
2908.0000     -733598.495620
2912.0000     -733960.776677
2916.0000     -733851.647738
2920.0000     -733357.228706
2924.0000     -733192.874403
2928.0000     -733850.899172
2932.0000     -733465.087314
2936.0000     -733285.300474
2940.0000     -733248.807315
2944.0000     -733941.387426
2948.0000     -734215.377267
2952.0000     -733948.479683
2956.0000     -732924.092879
2960.0000     -733541.786186
2964.0000     -733131.595199
2968.0000     -733660.372407
2972.0000     -733701.793894
2976.0000     -734138.117650
2980.0000     -733802.156736
2984.0000     -733725.375075
2988.0000     -733280.784465
2992.0000     -733884.214091
2996.0000     -733299.323626
3000.0000     -733377.999257
3004.0000     -733597.206756
3008.0000     -733500.871151
3012.0000     -733653.304751
3016.0000     -733951.400857
3020.0000     -733412.727775
3024.0000     -733660.658026
3028.0000     -733794.556741
3032.0000     -733748.718275
3036.0000     -733469.188837
3040.0000     -733340.679005
3044.0000     -733282.024766
3048.0000     -733964.376904
3052.0000     -733544.532470
3056.0000     -733567.466912
3060.0000     -733019.544616
3064.0000     -734259.320401
3068.0000     -733975.587138
3072.0000     -734373.861831
3076.0000     -733330.615607
3080.0000     -733997.333117
3084.0000     -734126.118233
3088.0000     -733570.028346
3092.0000     -733836.554314
3096.0000     -733670.650593
3100.0000     -734098.973860
3104.0000     -733978.209764
3108.0000     -733209.602891
3112.0000     -734018.239030
3116.0000     -732865.271351
3120.0000     -733690.203140
3124.0000     -733637.592449
3128.0000     -733678.831988
3132.0000     -734327.644731
3136.0000     -733987.733520
3140.0000     -734135.867100
3144.0000     -734060.223508
3148.0000     -734188.046296
3152.0000     -734077.426651
3156.0000     -734316.072944
3160.0000     -733633.643756
3164.0000     -733316.968161
3168.0000     -733311.766530
3172.0000     -734070.432191
3176.0000     -733661.719179
3180.0000     -733896.457841
3184.0000     -734330.147343
3188.0000     -733084.314709
3192.0000     -733735.187888
3196.0000     -733792.617086
3200.0000     -733299.344361
3204.0000     -732577.764057
3208.0000     -733455.405612
3212.0000     -732840.109139
3216.0000     -733239.397241
3220.0000     -734576.562863
3224.0000     -735283.706004
3228.0000     -733461.565745
3232.0000     -734723.152383
3236.0000     -733844.540437
3240.0000     -733298.839945
3244.0000     -733846.404311
3248.0000     -734194.828903
3252.0000     -732453.130042
3256.0000     -734537.390949
3260.0000     -733556.538534
3264.0000     -733927.444106
3268.0000     -733129.425950
3272.0000     -732904.725122
3276.0000     -733556.125215
3280.0000     -734025.970883
3284.0000     -734157.922690
3288.0000     -734270.397734
3292.0000     -733888.256579
3296.0000     -733416.974495
3300.0000     -732710.071905
3304.0000     -733654.783972
3308.0000     -733241.489338
3312.0000     -734724.108131
3316.0000     -733419.709614
3320.0000     -732825.413154
3324.0000     -733641.294457
3328.0000     -734034.764711
3332.0000     -733479.596554
3336.0000     -733139.351779
3340.0000     -734377.318740
3344.0000     -734202.737353
3348.0000     -733919.228658
3352.0000     -733717.530625
3356.0000     -733817.400259
3360.0000     -733479.961268
3364.0000     -734042.698898
3368.0000     -734322.775123
3372.0000     -733654.355536
3376.0000     -734012.334548
3380.0000     -734087.269212
3384.0000     -733412.726989
3388.0000     -734229.866625
3392.0000     -734318.714849
3396.0000     -733284.315195
3400.0000     -733233.694108
3404.0000     -733221.857127
3408.0000     -734482.378065
3412.0000     -733476.697924
3416.0000     -733900.750010
3420.0000     -733825.681445
3424.0000     -733245.160262
3428.0000     -733412.737004
3432.0000     -733063.407713
3436.0000     -733630.060433
3440.0000     -733333.437308
3444.0000     -733070.338771
3448.0000     -733065.503539
3452.0000     -733914.546740
3456.0000     -733296.905795
3460.0000     -733481.861923
3464.0000     -733596.324308
3468.0000     -733486.035027
3472.0000     -733690.800663
3476.0000     -733847.367914
3480.0000     -733217.816638
3484.0000     -733773.267661
3488.0000     -733749.409825
3492.0000     -733814.796948
3496.0000     -733344.600849
3500.0000     -734063.707630
3504.0000     -732958.679512
3508.0000     -733619.195489
3512.0000     -733897.284885
3516.0000     -734085.820765
3520.0000     -733508.040251
3524.0000     -733955.267477
3528.0000     -733118.850424
3532.0000     -733018.400148
3536.0000     -732459.167881
3540.0000     -733617.791561
3544.0000     -732434.515719
3548.0000     -733599.683937
3552.0000     -733851.160541
3556.0000     -734012.142965
3560.0000     -733904.910984
3564.0000     -733005.489875
3568.0000     -732841.165095
3572.0000     -733328.477829
3576.0000     -733470.159395
3580.0000     -733427.047255
3584.0000     -732335.555029
3588.0000     -733423.103256
3592.0000     -733694.930688
3596.0000     -733995.854188
3600.0000     -733813.645724
3604.0000     -733843.043490
3608.0000     -734122.379383
3612.0000     -732658.699047
3616.0000     -734490.136170
3620.0000     -733951.107125
3624.0000     -733700.470772
3628.0000     -733845.253256
3632.0000     -734110.613534
3636.0000     -733330.269305
3640.0000     -733989.305569
3644.0000     -733393.409708
3648.0000     -733765.191730
3652.0000     -734437.333758
3656.0000     -734164.014520
3660.0000     -734164.997269
3664.0000     -734377.172981
3668.0000     -733893.220731
3672.0000     -734027.044313
3676.0000     -733937.715703
3680.0000     -733887.599127
3684.0000     -734270.650966
3688.0000     -734204.218839
3692.0000     -733604.975378
3696.0000     -733390.300295
3700.0000     -733961.611101
3704.0000     -733836.293032
3708.0000     -733385.180805
3712.0000     -733299.471378
3716.0000     -733796.542849
3720.0000     -734438.665341
3724.0000     -733724.329167
3728.0000     -733859.471816
3732.0000     -733923.187197
3736.0000     -733651.318718
3740.0000     -734210.831738
3744.0000     -733405.659423
3748.0000     -734754.281331
3752.0000     -733741.233533
3756.0000     -733582.180602
3760.0000     -734190.698786
3764.0000     -734543.370055
3768.0000     -734371.731102
3772.0000     -734481.166898
3776.0000     -733878.696807
3780.0000     -734502.472969
3784.0000     -733638.992770
3788.0000     -733744.809361
3792.0000     -733750.076369
3796.0000     -733765.587265
3800.0000     -733386.527295
3804.0000     -733633.125113
3808.0000     -733934.051894
3812.0000     -734146.728844
3816.0000     -733769.836112
3820.0000     -733720.633217
3824.0000     -734299.220837
3828.0000     -733290.654748
3832.0000     -732983.876264
3836.0000     -734260.664758
3840.0000     -733717.071744
3844.0000     -733385.519275
3848.0000     -733934.326069
3852.0000     -733725.270242
3856.0000     -734188.853432
3860.0000     -733319.832258
3864.0000     -733676.030524
3868.0000     -733887.732513
3872.0000     -734664.325409
3876.0000     -734319.342668
3880.0000     -733570.931699
3884.0000     -733155.151095
3888.0000     -733202.035987
3892.0000     -733290.206830
3896.0000     -734131.153271
3900.0000     -733517.875390
3904.0000     -733675.851233
3908.0000     -733356.717709
3912.0000     -733716.490899
3916.0000     -733341.506119
3920.0000     -733556.911003
3924.0000     -733914.323053
3928.0000     -735001.030848
3932.0000     -732958.093402
3936.0000     -733602.208526
3940.0000     -733876.824134
3944.0000     -732709.808513
3948.0000     -734011.300856
3952.0000     -733425.231914
3956.0000     -733274.341120
3960.0000     -733192.425573
3964.0000     -733973.431914
3968.0000     -733973.598071
3972.0000     -733680.156037
3976.0000     -734278.407748
3980.0000     -734079.276903
3984.0000     -733812.676255
3988.0000     -733892.762768
3992.0000     -733902.832046
3996.0000     -734516.994818
4000.0000     -734225.010965
4004.0000     -734225.010965
