4.0000      -30985.010856
8.0000      -30880.381588
12.0000      -30821.642116
16.0000      -30822.365477
20.0000      -30953.299706
24.0000      -30919.463799
28.0000      -30893.050611
32.0000      -30844.560041
36.0000      -30828.812578
40.0000      -30856.019925
44.0000      -30703.621239
48.0000      -30687.086323
52.0000      -30963.336546
56.0000      -30982.118436
60.0000      -31019.028489
64.0000      -30821.475729
68.0000      -30819.677356
72.0000      -30883.159534
76.0000      -30855.714472
80.0000      -30871.410194
84.0000      -30865.898683
88.0000      -30773.902720
92.0000      -30808.056365
96.0000      -30739.863485
100.0000      -30819.370032
104.0000      -30898.793512
108.0000      -30909.702579
112.0000      -30879.019644
116.0000      -30951.542819
120.0000      -30713.661002
124.0000      -30733.159920
128.0000      -30958.388280
132.0000      -30702.350258
136.0000      -30836.412503
140.0000      -30826.140825
144.0000      -30938.247355
148.0000      -30868.700795
152.0000      -30875.280766
156.0000      -30875.490442
160.0000      -31059.966223
164.0000      -30978.737475
168.0000      -30978.990200
172.0000      -30906.182450
176.0000      -31101.334859
180.0000      -30890.426418
184.0000      -30942.942503
188.0000      -30790.715055
192.0000      -30837.588375
196.0000      -30627.072664
200.0000      -30873.716548
204.0000      -30708.890106
208.0000      -30784.996816
212.0000      -30970.371984
216.0000      -30989.609655
220.0000      -30865.162018
224.0000      -30746.022852
228.0000      -30944.144866
232.0000      -30793.831255
236.0000      -30991.102867
240.0000      -30955.090229
244.0000      -30836.303339
248.0000      -30842.302697
252.0000      -30857.107633
256.0000      -30943.150901
260.0000      -30821.430013
264.0000      -30822.430462
268.0000      -30821.536869
272.0000      -30924.573985
276.0000      -30783.312041
280.0000      -30803.154825
284.0000      -31016.741310
288.0000      -30771.771115
292.0000      -30931.199689
296.0000      -30811.584009
300.0000      -30869.559461
304.0000      -30962.870208
308.0000      -30846.140570
312.0000      -30922.921475
316.0000      -30693.541055
320.0000      -30987.186495
324.0000      -30921.972103
328.0000      -30897.687454
332.0000      -30912.577968
336.0000      -30870.668758
340.0000      -30847.474720
344.0000      -30959.339614
348.0000      -30874.699181
352.0000      -30836.178577
356.0000      -30847.664337
360.0000      -30990.791441
364.0000      -30906.756058
368.0000      -30842.838803
372.0000      -30987.712574
376.0000      -30794.410736
380.0000      -30831.822490
384.0000      -30931.988988
388.0000      -30816.165456
392.0000      -30878.195793
396.0000      -30854.367095
400.0000      -30779.033697
404.0000      -30791.248132
408.0000      -30809.205839
412.0000      -30900.521982
416.0000      -30812.654151
420.0000      -30891.866139
424.0000      -30953.838713
428.0000      -31028.675249
432.0000      -30723.121327
436.0000      -30786.707531
440.0000      -30842.378169
444.0000      -30962.311363
448.0000      -30816.265814
452.0000      -30877.363267
456.0000      -31007.173410
460.0000      -30808.337269
464.0000      -30905.194183
468.0000      -30815.478086
472.0000      -30876.534542
476.0000      -30953.533655
480.0000      -30713.811958
484.0000      -30657.423357
488.0000      -30767.909541
492.0000      -30788.545589
496.0000      -30899.822733
500.0000      -30865.915468
504.0000      -31170.933988
508.0000      -30791.376915
512.0000      -30919.744355
516.0000      -30916.518030
520.0000      -30841.710843
524.0000      -30898.416186
528.0000      -30798.320787
532.0000      -30834.966060
536.0000      -30884.840528
540.0000      -31015.573114
544.0000      -30776.823919
548.0000      -30821.302607
552.0000      -30917.236000
556.0000      -30842.284564
560.0000      -30827.258687
564.0000      -30875.310150
568.0000      -30988.974585
572.0000      -30746.767422
576.0000      -30905.360119
580.0000      -30847.143227
584.0000      -30816.845105
588.0000      -30726.379395
592.0000      -30927.413415
596.0000      -30799.938541
600.0000      -30875.031622
604.0000      -30801.111414
608.0000      -30982.717242
612.0000      -30882.662293
616.0000      -30998.302464
620.0000      -30860.697856
624.0000      -30770.777275
628.0000      -30848.480601
632.0000      -30847.087559
636.0000      -30918.308545
640.0000      -31100.777633
644.0000      -30920.701345
648.0000      -30921.554701
652.0000      -30808.820934
656.0000      -31107.871556
660.0000      -30947.880677
664.0000      -30819.743550
668.0000      -30927.224858
672.0000      -30780.540251
676.0000      -30809.998885
680.0000      -31060.848703
684.0000      -30945.762587
688.0000      -30885.275722
692.0000      -30950.440428
696.0000      -30848.875400
700.0000      -30982.830550
704.0000      -30936.952574
708.0000      -30855.100587
712.0000      -30875.170226
716.0000      -30844.163458
720.0000      -30689.253930
724.0000      -30854.863944
728.0000      -30830.051700
732.0000      -30780.311196
736.0000      -30921.895945
740.0000      -30891.071170
744.0000      -30951.808316
748.0000      -30931.806953
752.0000      -30791.593862
756.0000      -30901.076127
760.0000      -30819.909966
764.0000      -30794.152212
768.0000      -30867.837009
772.0000      -30820.191315
776.0000      -30690.268790
780.0000      -30982.858252
784.0000      -30934.510495
788.0000      -30921.453851
792.0000      -30736.651472
796.0000      -30833.021552
800.0000      -31041.976690
804.0000      -30972.090522
808.0000      -30880.134073
812.0000      -30917.014868
816.0000      -30824.644164
820.0000      -31026.845262
824.0000      -30903.905948
828.0000      -30749.646506
832.0000      -30959.483592
836.0000      -30931.864653
840.0000      -30932.914679
844.0000      -31106.019874
848.0000      -30919.883475
852.0000      -30885.112661
856.0000      -30774.215623
860.0000      -30836.358391
864.0000      -30857.147091
868.0000      -30686.850347
872.0000      -31055.390234
876.0000      -30784.740757
880.0000      -30889.511339
884.0000      -30808.581932
888.0000      -30992.971716
892.0000      -31004.619876
896.0000      -30912.669408
900.0000      -30816.500202
904.0000      -30803.831979
908.0000      -30886.596609
912.0000      -30667.059483
916.0000      -30807.939451
920.0000      -30881.698566
924.0000      -30744.697001
928.0000      -30780.546023
932.0000      -31051.147935
936.0000      -30802.827472
940.0000      -30717.550917
944.0000      -30872.475611
948.0000      -30995.319389
952.0000      -30925.812116
956.0000      -30947.196775
960.0000      -30858.340153
964.0000      -30693.221257
968.0000      -30842.015222
972.0000      -30956.833443
976.0000      -30938.044191
980.0000      -30874.081980
984.0000      -30848.935392
988.0000      -30751.005978
992.0000      -30768.532511
996.0000      -30982.660993
1000.0000      -30958.435215
1004.0000      -30820.785235
1008.0000      -31064.837143
1012.0000      -30843.569516
1016.0000      -30952.160521
1020.0000      -30955.830857
1024.0000      -30759.376481
1028.0000      -30723.000807
1032.0000      -30972.080366
1036.0000      -30921.199934
1040.0000      -30911.704996
1044.0000      -30881.580473
1048.0000      -30854.990352
1052.0000      -30945.940406
1056.0000      -30913.571077
1060.0000      -30861.642713
1064.0000      -31100.495450
1068.0000      -30950.193276
1072.0000      -30994.282673
1076.0000      -30953.512630
1080.0000      -30937.116971
1084.0000      -30897.253094
1088.0000      -30881.443626
1092.0000      -30957.480100
1096.0000      -30944.944368
1100.0000      -30807.910471
1104.0000      -30909.757213
1108.0000      -30835.730420
1112.0000      -30865.591774
1116.0000      -30912.488608
1120.0000      -30873.615911
1124.0000      -30867.296016
1128.0000      -30828.186402
1132.0000      -30958.538291
1136.0000      -31002.419546
1140.0000      -30802.575442
1144.0000      -30860.652899
1148.0000      -30838.864142
1152.0000      -30637.704389
1156.0000      -30887.689851
1160.0000      -30958.253329
1164.0000      -30975.577686
1168.0000      -30970.560796
1172.0000      -30930.479326
1176.0000      -30836.084146
1180.0000      -30786.157195
1184.0000      -30929.483286
1188.0000      -30981.181942
1192.0000      -30939.116733
1196.0000      -30910.783859
1200.0000      -30874.612729
1204.0000      -30844.495746
1208.0000      -30687.312759
1212.0000      -30818.366460
1216.0000      -30725.786054
1220.0000      -30885.613479
1224.0000      -30808.909058
1228.0000      -30854.385914
1232.0000      -30872.517647
1236.0000      -30742.463329
1240.0000      -30892.973386
1244.0000      -30930.086816
1248.0000      -30695.118591
1252.0000      -30981.151392
1256.0000      -30952.329202
1260.0000      -30702.818642
1264.0000      -30870.112819
1268.0000      -30787.601832
1272.0000      -30877.892908
1276.0000      -30946.044907
1280.0000      -30915.948105
1284.0000      -30878.585015
1288.0000      -30733.678326
1292.0000      -30794.876239
1296.0000      -30858.814110
1300.0000      -30799.497586
1304.0000      -30786.703371
1308.0000      -31001.020849
1312.0000      -30858.109914
1316.0000      -30905.154913
1320.0000      -30977.131156
1324.0000      -31010.913875
1328.0000      -30817.460281
1332.0000      -30913.917795
1336.0000      -30790.927247
1340.0000      -30843.789734
1344.0000      -30815.979386
1348.0000      -30953.351167
1352.0000      -31096.650767
1356.0000      -30904.496301
1360.0000      -31033.965394
1364.0000      -31067.721422
1368.0000      -30827.753047
1372.0000      -30982.108936
1376.0000      -30827.082535
1380.0000      -30678.890218
1384.0000      -30880.747133
1388.0000      -30661.427660
1392.0000      -30829.856626
1396.0000      -30643.179696
1400.0000      -30803.027452
1404.0000      -30913.329955
1408.0000      -30747.983250
1412.0000      -30794.537866
1416.0000      -30920.930381
1420.0000      -30987.812279
1424.0000      -30883.018303
1428.0000      -30809.749200
1432.0000      -30786.212713
1436.0000      -30837.598187
1440.0000      -30960.510294
1444.0000      -30813.962196
1448.0000      -30979.577932
1452.0000      -30886.659326
1456.0000      -30855.825774
1460.0000      -30996.517373
1464.0000      -31181.829840
1468.0000      -30929.455821
1472.0000      -30760.455028
1476.0000      -30885.655632
1480.0000      -30966.181799
1484.0000      -31045.610482
1488.0000      -30945.673376
1492.0000      -30887.262184
1496.0000      -30778.420846
1500.0000      -30857.136671
1504.0000      -30779.068876
1508.0000      -30968.731422
1512.0000      -31039.484566
1516.0000      -30851.382979
1520.0000      -30941.543527
1524.0000      -31055.016856
1528.0000      -30959.000264
1532.0000      -30873.421665
1536.0000      -30842.705952
1540.0000      -30826.146863
1544.0000      -30809.247568
1548.0000      -30826.830970
1552.0000      -30986.549863
1556.0000      -30905.192813
1560.0000      -30925.011699
1564.0000      -30570.229733
1568.0000      -31050.743663
1572.0000      -30717.298185
1576.0000      -30902.246362
1580.0000      -30942.018216
1584.0000      -30793.058894
1588.0000      -30896.162362
1592.0000      -30875.747648
1596.0000      -30864.747633
1600.0000      -30956.187594
1604.0000      -30776.459391
1608.0000      -30878.258147
1612.0000      -30987.410302
1616.0000      -30791.665957
1620.0000      -31019.479201
1624.0000      -31013.556232
1628.0000      -30931.637224
1632.0000      -30905.418560
1636.0000      -30925.079833
1640.0000      -30985.462391
1644.0000      -30829.872615
1648.0000      -30785.020857
1652.0000      -30872.807027
1656.0000      -30870.884949
1660.0000      -30752.991281
1664.0000      -30933.408187
1668.0000      -30830.426170
1672.0000      -30881.333063
1676.0000      -31021.524907
1680.0000      -30699.146530
1684.0000      -30957.014780
1688.0000      -30872.239159
1692.0000      -30770.134960
1696.0000      -30884.442760
1700.0000      -30738.532736
1704.0000      -30817.051854
1708.0000      -30950.014697
1712.0000      -30754.607755
1716.0000      -30737.383923
1720.0000      -30857.173681
1724.0000      -30975.378606
1728.0000      -30792.036308
1732.0000      -30755.676220
1736.0000      -30849.511379
1740.0000      -30835.115317
1744.0000      -30904.157237
1748.0000      -30791.436158
1752.0000      -30926.721600
1756.0000      -30862.009441
1760.0000      -30888.350675
1764.0000      -30821.734488
1768.0000      -30849.080998
1772.0000      -30675.615543
1776.0000      -30935.335974
1780.0000      -30900.738379
1784.0000      -30787.979420
1788.0000      -30661.131399
1792.0000      -30869.041151
1796.0000      -30748.098617
1800.0000      -30826.670417
1804.0000      -30918.437412
1808.0000      -30789.893919
1812.0000      -30979.899619
1816.0000      -30868.826124
1820.0000      -30704.748011
1824.0000      -30836.653153
1828.0000      -30955.097493
1832.0000      -30997.898950
1836.0000      -30961.239014
1840.0000      -30949.635937
1844.0000      -30931.304775
1848.0000      -30775.477426
1852.0000      -30800.693859
1856.0000      -30949.678370
1860.0000      -30878.561379
1864.0000      -30665.126789
1868.0000      -30833.114704
1872.0000      -30835.394243
1876.0000      -30733.789239
1880.0000      -30939.833195
1884.0000      -30920.304248
1888.0000      -30894.601890
1892.0000      -30965.507685
1896.0000      -30914.939205
1900.0000      -30789.275603
1904.0000      -30988.025771
1908.0000      -30781.866418
1912.0000      -30838.881919
1916.0000      -30849.143794
1920.0000      -30811.077670
1924.0000      -30958.471153
1928.0000      -30968.585263
1932.0000      -30761.072854
1936.0000      -30923.789612
1940.0000      -30975.977632
1944.0000      -30663.023280
1948.0000      -30842.852849
1952.0000      -30857.629941
1956.0000      -30847.889648
1960.0000      -30807.733347
1964.0000      -30899.071177
1968.0000      -30827.577542
1972.0000      -30914.271400
1976.0000      -30962.419450
1980.0000      -30957.113625
1984.0000      -30956.420977
1988.0000      -30868.707852
1992.0000      -30697.724173
1996.0000      -30921.960553
2000.0000      -30909.048161
2004.0000      -30955.009304
2008.0000      -30912.461972
2012.0000      -30854.663789
2016.0000      -30852.126887
2020.0000      -31160.998131
2024.0000      -30953.044720
2028.0000      -30707.931509
2032.0000      -30962.438998
2036.0000      -30950.604055
2040.0000      -30726.703000
2044.0000      -30896.318459
2048.0000      -30930.631561
2052.0000      -30970.789328
2056.0000      -30918.434483
2060.0000      -30830.020414
2064.0000      -30879.560772
2068.0000      -30940.061394
2072.0000      -30825.506591
2076.0000      -30651.549918
2080.0000      -30845.158846
2084.0000      -30786.966904
2088.0000      -31003.951348
2092.0000      -30866.835619
2096.0000      -30801.745715
2100.0000      -30867.502188
2104.0000      -30767.820743
2108.0000      -30831.814993
2112.0000      -30808.747432
2116.0000      -30805.825058
2120.0000      -30824.845504
2124.0000      -30840.639336
2128.0000      -30926.961538
2132.0000      -30768.659844
2136.0000      -30823.112207
2140.0000      -30964.647544
2144.0000      -30867.167560
2148.0000      -30835.849390
2152.0000      -31002.110602
2156.0000      -30794.801839
2160.0000      -30886.204960
2164.0000      -31015.902420
2168.0000      -30837.777367
2172.0000      -30885.392233
2176.0000      -30823.703070
2180.0000      -30991.106613
2184.0000      -30970.709796
2188.0000      -30808.779059
2192.0000      -30902.198456
2196.0000      -30963.010603
2200.0000      -30742.796549
2204.0000      -30946.015542
2208.0000      -30981.032965
2212.0000      -30836.730059
2216.0000      -30923.696351
2220.0000      -30802.228443
2224.0000      -30989.294708
2228.0000      -30954.271817
2232.0000      -30818.362761
2236.0000      -30811.415982
2240.0000      -30863.204369
2244.0000      -30811.668050
2248.0000      -30852.864838
2252.0000      -30932.790054
2256.0000      -30953.532058
2260.0000      -30723.021870
2264.0000      -30839.965821
2268.0000      -31025.523583
2272.0000      -30836.622225
2276.0000      -30896.241068
2280.0000      -30822.972219
2284.0000      -30885.035846
2288.0000      -30880.226700
2292.0000      -30991.052515
2296.0000      -30995.808877
2300.0000      -30897.085971
2304.0000      -30858.798778
2308.0000      -30799.485078
2312.0000      -30868.855515
2316.0000      -30951.378847
2320.0000      -30883.212268
2324.0000      -30919.596006
2328.0000      -30998.497235
2332.0000      -30855.536950
2336.0000      -30820.982154
2340.0000      -30849.332265
2344.0000      -30767.754873
2348.0000      -30934.342880
2352.0000      -30968.030144
2356.0000      -30843.738479
2360.0000      -30704.458798
2364.0000      -30926.991068
2368.0000      -30860.818131
2372.0000      -30773.221717
2376.0000      -30696.421869
2380.0000      -30725.212279
2384.0000      -30993.981009
2388.0000      -30937.141222
2392.0000      -30738.662524
2396.0000      -30877.829043
2400.0000      -30902.525719
2404.0000      -30758.092579
2408.0000      -30897.408336
2412.0000      -30981.447130
2416.0000      -30852.818028
2420.0000      -30865.607030
2424.0000      -30894.640726
2428.0000      -30819.843188
2432.0000      -30821.490059
2436.0000      -30795.746399
2440.0000      -30812.177597
2444.0000      -30638.177497
2448.0000      -30944.193914
2452.0000      -31017.979840
2456.0000      -30836.565405
2460.0000      -31045.708405
2464.0000      -30949.679287
2468.0000      -31039.065441
2472.0000      -30961.011287
2476.0000      -30819.452874
2480.0000      -30839.172443
2484.0000      -30858.987185
2488.0000      -30722.970901
2492.0000      -30737.239011
2496.0000      -30640.976043
2500.0000      -30664.839090
2504.0000      -30825.731653
2508.0000      -30704.965655
2512.0000      -30677.012192
2516.0000      -30912.151295
2520.0000      -30851.155979
2524.0000      -30930.454963
2528.0000      -30946.743007
2532.0000      -30645.237914
2536.0000      -30958.098173
2540.0000      -30588.073620
2544.0000      -30830.776491
2548.0000      -30915.062391
2552.0000      -30939.570122
2556.0000      -30996.088429
2560.0000      -30893.118972
2564.0000      -30929.287087
2568.0000      -30980.794656
2572.0000      -30798.396991
2576.0000      -30989.464454
2580.0000      -30876.813647
2584.0000      -30850.173994
2588.0000      -31075.205745
2592.0000      -30816.178184
2596.0000      -30766.565999
2600.0000      -30760.227766
2604.0000      -30856.436736
2608.0000      -30996.419002
2612.0000      -30841.364459
2616.0000      -30855.085691
2620.0000      -30843.392610
2624.0000      -30752.222426
2628.0000      -30976.660033
2632.0000      -30735.962834
2636.0000      -30913.999873
2640.0000      -30835.783619
2644.0000      -30736.180561
2648.0000      -30756.035997
2652.0000      -30923.261912
2656.0000      -30716.430366
2660.0000      -30805.697468
2664.0000      -30836.949231
2668.0000      -30845.685089
2672.0000      -30715.672909
2676.0000      -30700.887423
2680.0000      -30791.264366
2684.0000      -30865.389857
2688.0000      -30856.586282
2692.0000      -30939.084135
2696.0000      -30940.254250
2700.0000      -30884.326703
2704.0000      -31007.063228
2708.0000      -30949.404021
2712.0000      -30772.687139
2716.0000      -30936.099405
2720.0000      -30849.845431
2724.0000      -30962.133578
2728.0000      -30838.552997
2732.0000      -30893.392040
2736.0000      -30928.113669
2740.0000      -30979.310209
2744.0000      -30709.775405
2748.0000      -30844.255910
2752.0000      -30848.764472
2756.0000      -30907.118235
2760.0000      -30804.222414
2764.0000      -30815.313598
2768.0000      -30790.517752
2772.0000      -31075.877568
2776.0000      -30836.811310
2780.0000      -31051.704218
2784.0000      -30795.859371
2788.0000      -30787.071650
2792.0000      -30997.512826
2796.0000      -30799.430239
2800.0000      -30711.940902
2804.0000      -30823.851373
2808.0000      -30835.539539
2812.0000      -30766.578825
2816.0000      -30795.977707
2820.0000      -30990.475367
2824.0000      -30698.396084
2828.0000      -30730.968410
2832.0000      -30844.533821
2836.0000      -30785.127817
2840.0000      -30728.636490
2844.0000      -30792.058897
2848.0000      -30796.684081
2852.0000      -30668.826618
2856.0000      -30857.729592
2860.0000      -30842.413728
2864.0000      -30949.350703
2868.0000      -30804.219827
2872.0000      -30893.401422
2876.0000      -30743.432225
2880.0000      -30829.299990
2884.0000      -30877.824776
2888.0000      -30814.552317
2892.0000      -30939.233829
2896.0000      -30805.891703
2900.0000      -30990.793358
2904.0000      -30904.429522
2908.0000      -30907.530517
2912.0000      -30847.019925
2916.0000      -30841.128304
2920.0000      -30849.626830
2924.0000      -30714.210219
2928.0000      -30874.335973
2932.0000      -31062.789834
2936.0000      -30845.071931
2940.0000      -30880.650582
2944.0000      -30793.857626
2948.0000      -30810.985359
2952.0000      -30896.256989
2956.0000      -30691.335558
2960.0000      -31165.167482
2964.0000      -30907.419588
2968.0000      -30829.738459
2972.0000      -30922.658508
2976.0000      -30794.994783
2980.0000      -30869.255414
2984.0000      -30846.471763
2988.0000      -30861.917613
2992.0000      -30930.115427
2996.0000      -30865.738517
3000.0000      -30828.038017
3004.0000      -30851.835075
3008.0000      -30881.885496
3012.0000      -30885.785430
3016.0000      -30855.886188
3020.0000      -30703.981377
3024.0000      -30708.926569
3028.0000      -30885.320289
3032.0000      -30762.178191
3036.0000      -31057.358512
3040.0000      -31013.070310
3044.0000      -30662.174816
3048.0000      -30837.581462
3052.0000      -30853.606386
3056.0000      -30866.573971
3060.0000      -30996.319711
3064.0000      -30861.257825
3068.0000      -30890.429195
3072.0000      -30856.679225
3076.0000      -31038.909649
3080.0000      -30832.132436
3084.0000      -30732.280596
3088.0000      -30794.654401
3092.0000      -30878.347455
3096.0000      -30869.746142
3100.0000      -30817.265021
3104.0000      -30772.269873
3108.0000      -31016.309712
3112.0000      -30828.685202
3116.0000      -30793.061149
3120.0000      -30988.376169
3124.0000      -30922.356665
3128.0000      -30921.110141
3132.0000      -30899.607438
3136.0000      -30866.460356
3140.0000      -30884.523063
3144.0000      -30854.943242
3148.0000      -30774.536560
3152.0000      -31029.483503
3156.0000      -30717.993177
3160.0000      -30825.923417
3164.0000      -30774.762401
3168.0000      -30893.733750
3172.0000      -30824.410426
3176.0000      -30749.178164
3180.0000      -30909.358101
3184.0000      -30814.345534
3188.0000      -30855.649236
3192.0000      -31034.694581
3196.0000      -31058.129206
3200.0000      -30852.511534
3204.0000      -30932.528487
3208.0000      -30848.722966
3212.0000      -30855.890180
3216.0000      -30870.832583
3220.0000      -30940.609803
3224.0000      -30899.883410
3228.0000      -30896.422707
3232.0000      -30742.417397
3236.0000      -30658.805137
3240.0000      -30723.944067
3244.0000      -30984.168272
3248.0000      -30742.038650
3252.0000      -30678.829504
3256.0000      -30933.073058
3260.0000      -30850.481677
3264.0000      -30786.155656
3268.0000      -30959.111645
3272.0000      -30840.971572
3276.0000      -30992.401411
3280.0000      -30830.136837
3284.0000      -31059.994610
3288.0000      -30881.421074
3292.0000      -30883.987181
3296.0000      -31007.757321
3300.0000      -30780.909724
3304.0000      -30897.512973
3308.0000      -30893.218357
3312.0000      -30879.021024
3316.0000      -30843.382727
3320.0000      -30888.782855
3324.0000      -30770.126707
3328.0000      -30959.711888
3332.0000      -30762.596341
3336.0000      -30804.660676
3340.0000      -30900.995557
3344.0000      -30674.198419
3348.0000      -31017.543920
3352.0000      -30762.155232
3356.0000      -30952.193133
3360.0000      -30860.528366
3364.0000      -30812.030047
3368.0000      -30836.081412
3372.0000      -30762.373948
3376.0000      -30951.192273
3380.0000      -30941.460224
3384.0000      -30903.044342
3388.0000      -30835.960290
3392.0000      -30896.119202
3396.0000      -30869.929502
3400.0000      -30946.856691
3404.0000      -30880.361226
3408.0000      -30877.524745
3412.0000      -30932.606357
3416.0000      -30844.760661
3420.0000      -30864.154995
3424.0000      -30900.233029
3428.0000      -30929.799172
3432.0000      -30916.489098
3436.0000      -30862.375178
3440.0000      -30938.597470
3444.0000      -31017.796371
3448.0000      -30894.407056
3452.0000      -30705.658810
3456.0000      -30785.178456
3460.0000      -30903.585179
3464.0000      -30714.928553
3468.0000      -30857.171987
3472.0000      -30809.567169
3476.0000      -30881.956071
3480.0000      -30776.745692
3484.0000      -30979.164742
3488.0000      -30805.477649
3492.0000      -31044.790613
3496.0000      -30799.894446
3500.0000      -30789.894202
3504.0000      -30869.661816
3508.0000      -30846.153358
3512.0000      -30736.379138
3516.0000      -30821.188778
3520.0000      -30640.840758
3524.0000      -30719.660827
3528.0000      -30889.520179
3532.0000      -30913.658330
3536.0000      -30918.506856
3540.0000      -30850.822209
3544.0000      -30935.313325
3548.0000      -30803.960231
3552.0000      -30812.171306
3556.0000      -30843.123928
3560.0000      -30764.283363
3564.0000      -30738.588964
3568.0000      -30908.949964
3572.0000      -30923.762530
3576.0000      -30938.270894
3580.0000      -30787.659066
3584.0000      -30723.768244
3588.0000      -30911.275956
3592.0000      -30799.736141
3596.0000      -30839.623112
3600.0000      -30820.318284
3604.0000      -30883.079251
3608.0000      -30924.594953
3612.0000      -30852.341068
3616.0000      -30833.837346
3620.0000      -30828.288111
3624.0000      -30838.432067
3628.0000      -30920.235756
3632.0000      -30868.620118
3636.0000      -30966.615541
3640.0000      -30971.359593
3644.0000      -30866.064970
3648.0000      -31082.757578
3652.0000      -30879.339450
3656.0000      -30922.483063
3660.0000      -30714.523098
3664.0000      -31035.101013
3668.0000      -30862.544282
3672.0000      -30827.625074
3676.0000      -30888.274077
3680.0000      -30832.534124
3684.0000      -30826.492243
3688.0000      -30860.586284
3692.0000      -30892.139091
3696.0000      -30976.885991
3700.0000      -30852.367509
3704.0000      -30810.912558
3708.0000      -30948.412015
3712.0000      -30953.490628
3716.0000      -30873.948193
3720.0000      -30954.355368
3724.0000      -30866.373677
3728.0000      -30863.754476
3732.0000      -30732.210009
3736.0000      -30801.331728
3740.0000      -30805.248585
3744.0000      -30950.068996
3748.0000      -30935.145432
3752.0000      -30840.751961
3756.0000      -31014.007908
3760.0000      -30936.017958
3764.0000      -30859.149606
3768.0000      -31028.236843
3772.0000      -30842.040522
3776.0000      -30875.479597
3780.0000      -30832.951385
3784.0000      -30925.603056
3788.0000      -30680.913804
3792.0000      -30917.915645
3796.0000      -30760.334876
3800.0000      -30879.823981
3804.0000      -30778.139759
3808.0000      -30985.245920
3812.0000      -30748.061231
3816.0000      -30915.721609
3820.0000      -30839.953826
3824.0000      -31016.988871
3828.0000      -30897.664009
3832.0000      -30859.109464
3836.0000      -30954.931993
3840.0000      -30930.176677
3844.0000      -30823.598580
3848.0000      -30689.405104
3852.0000      -30930.497550
3856.0000      -30882.359677
3860.0000      -30868.393029
3864.0000      -30853.803909
3868.0000      -30884.386180
3872.0000      -30838.912694
3876.0000      -30913.133269
3880.0000      -30885.906446
3884.0000      -30964.654676
3888.0000      -30874.067930
3892.0000      -30889.881634
3896.0000      -30913.001216
3900.0000      -30896.959601
3904.0000      -30947.558723
3908.0000      -30764.378987
3912.0000      -30969.116789
3916.0000      -30862.326862
3920.0000      -30820.802978
3924.0000      -30775.710350
3928.0000      -30886.432451
3932.0000      -30952.029327
3936.0000      -30815.927367
3940.0000      -30804.944192
3944.0000      -30696.125812
3948.0000      -30922.395235
3952.0000      -30850.560360
3956.0000      -31007.947199
3960.0000      -30972.850536
3964.0000      -30846.618267
3968.0000      -30945.258063
3972.0000      -30811.552445
3976.0000      -30958.862383
3980.0000      -30736.206608
3984.0000      -30814.823560
3988.0000      -30797.297252
3992.0000      -30891.315343
3996.0000      -30696.726872
4000.0000      -30723.428248
4004.0000      -30723.428248
