4.0000           0.000000
8.0000         -57.327500
12.0000         -60.776500
16.0000         -64.039200
20.0000         -61.356200
24.0000         -59.717900
28.0000         -56.677000
32.0000         -66.427500
36.0000         -63.134900
40.0000         -63.260800
44.0000         -64.281700
48.0000         -68.452900
52.0000         -52.866700
56.0000         -56.903700
60.0000         -58.946900
64.0000         -68.124700
68.0000         -54.571000
72.0000         -60.604500
76.0000         -59.394100
80.0000         -63.445100
84.0000         -60.236900
88.0000         -71.433100
92.0000         -69.308800
96.0000         -66.223300
100.0000         -69.195600
104.0000         -61.795800
108.0000         -68.019300
112.0000         -44.210000
116.0000         -64.823200
120.0000         -61.639000
124.0000         -66.939500
128.0000         -64.715100
132.0000         -63.965800
136.0000         -68.523300
140.0000         -66.258300
144.0000         -61.701300
148.0000         -76.508100
152.0000         -67.304900
156.0000         -62.318700
160.0000         -72.646100
164.0000         -59.223100
168.0000         -63.803900
172.0000         -68.158600
176.0000         -72.305500
180.0000         -65.171300
184.0000         -65.466100
188.0000         -74.557500
192.0000         -59.906000
196.0000         -60.780200
200.0000         -55.732300
204.0000         -68.451900
208.0000         -68.152600
212.0000         -59.060800
216.0000         -63.423200
220.0000         -54.017100
224.0000         -56.001700
228.0000         -67.484700
232.0000         -64.232600
236.0000         -62.769400
240.0000         -61.851100
244.0000         -66.021000
248.0000         -56.419200
252.0000         -62.430900
256.0000         -57.663700
260.0000         -64.103900
264.0000         -64.794700
268.0000         -53.650700
272.0000         -64.364300
276.0000         -60.961400
280.0000         -64.837400
284.0000         -59.545200
288.0000         -62.364800
292.0000         -63.379200
296.0000         -68.097500
300.0000         -75.733600
304.0000         -63.638500
308.0000         -62.887100
312.0000         -53.051000
316.0000         -58.586800
320.0000         -66.737900
324.0000         -56.566500
328.0000         -58.444400
332.0000         -51.960400
336.0000         -59.395100
340.0000         -56.513500
344.0000         -59.393900
348.0000         -65.164200
352.0000         -57.827400
356.0000         -52.657800
360.0000         -69.825200
364.0000         -61.199900
368.0000         -68.905300
372.0000         -58.304500
376.0000         -54.977700
380.0000         -56.111100
384.0000         -56.601900
388.0000         -69.959600
392.0000         -63.179700
396.0000         -60.791900
400.0000         -64.177500
404.0000         -61.404600
408.0000         -35.493100
412.0000         -56.489900
416.0000         -58.941800
420.0000         -52.226600
424.0000         -43.062100
428.0000         -61.531500
432.0000         -66.872900
436.0000         -52.707800
440.0000         -41.498200
444.0000         -58.590300
448.0000         -52.757000
452.0000         -63.342000
456.0000         -59.186500
460.0000         -55.070600
464.0000         -55.646800
468.0000         -56.018000
472.0000         -52.969900
476.0000         -58.240700
480.0000         -63.831100
484.0000         -64.550200
488.0000         -56.112700
492.0000         -65.123100
496.0000         -56.796400
500.0000         -54.041800
504.0000         -64.389100
508.0000         -62.088400
512.0000         -61.657900
516.0000         -60.072300
520.0000         -73.417200
524.0000         -64.395400
528.0000         -61.737200
532.0000         -53.101300
536.0000         -62.460900
540.0000         -66.546300
544.0000         -68.822100
548.0000         -60.990100
552.0000         -65.959700
556.0000         -65.253800
560.0000         -67.941700
564.0000         -60.976700
568.0000         -63.463500
572.0000         -64.404800
576.0000         -40.004400
580.0000         -47.431500
584.0000         -61.347400
588.0000         -58.057300
592.0000         -62.327100
596.0000         -56.686000
600.0000         -43.275000
604.0000         -60.558500
608.0000         -53.326500
612.0000         -57.196300
616.0000         -62.219600
620.0000         -66.232400
624.0000         -45.191700
628.0000         -67.384200
632.0000         -56.639700
636.0000         -63.908400
640.0000         -72.118700
644.0000         -57.782700
648.0000         -68.233000
652.0000         -50.540200
656.0000         -63.947600
660.0000         -60.534900
664.0000         -64.091400
668.0000         -57.668300
672.0000         -63.749400
676.0000         -67.961200
680.0000         -56.532500
684.0000         -61.594200
688.0000         -65.419100
692.0000         -60.940800
696.0000         -65.111500
700.0000         -64.063300
704.0000         -57.343700
708.0000         -64.999100
712.0000         -56.394400
716.0000         -66.114100
720.0000         -68.613100
724.0000         -59.729000
728.0000         -57.732100
732.0000         -75.272400
736.0000         -53.946800
740.0000         -67.356000
744.0000         -64.927100
748.0000         -64.111800
752.0000         -68.757300
756.0000         -61.131700
760.0000         -61.494600
764.0000         -56.216200
768.0000         -62.298400
772.0000         -63.166900
776.0000         -62.996800
780.0000         -68.194300
784.0000         -52.689800
788.0000         -62.171700
792.0000         -68.484500
796.0000         -77.268500
800.0000         -60.652200
804.0000         -66.454700
808.0000         -62.446200
812.0000         -63.840800
816.0000         -53.511300
820.0000         -59.559500
824.0000         -60.970600
828.0000         -60.726100
832.0000         -62.134800
836.0000         -58.492600
840.0000         -58.621500
844.0000         -56.631700
848.0000         -67.069400
852.0000         -64.987600
856.0000         -62.553500
860.0000         -35.344100
864.0000         -59.938600
868.0000         -58.530300
872.0000         -62.029100
876.0000         -60.095600
880.0000         -68.328800
884.0000         -66.663400
888.0000         -45.064300
892.0000         -56.413800
896.0000         -49.994500
900.0000         -54.862000
904.0000         -67.615800
908.0000         -63.387600
912.0000         -58.798700
916.0000         -63.514600
920.0000         -47.604500
924.0000         -63.477700
928.0000         -72.422100
932.0000         -68.096300
936.0000         -41.368600
940.0000         -61.397300
944.0000         -63.306500
948.0000         -60.968400
952.0000         -62.453500
956.0000         -60.353700
960.0000         -66.243100
964.0000         -62.788500
968.0000         -68.682400
972.0000         -51.298600
976.0000         -60.674000
980.0000         -65.612100
984.0000         -65.591200
988.0000         -61.763600
992.0000         -64.479000
996.0000         -54.937200
1000.0000         -56.721400
1004.0000         -56.701300
1008.0000         -71.399500
1012.0000         -39.251500
1016.0000         -52.747900
1020.0000         -65.408500
1024.0000         -56.239500
1028.0000         -71.172300
1032.0000         -65.797400
1036.0000         -65.767600
1040.0000         -54.338700
1044.0000         -60.793100
1048.0000         -62.425800
1052.0000         -70.623000
1056.0000         -68.976700
1060.0000         -72.899100
1064.0000         -80.846200
1068.0000         -75.301000
1072.0000         -61.018800
1076.0000         -60.088600
1080.0000         -67.151400
1084.0000         -62.527500
1088.0000         -68.232100
1092.0000         -65.348200
1096.0000         -66.637000
1100.0000         -70.070600
1104.0000         -73.383400
1108.0000         -64.378700
1112.0000         -55.206200
1116.0000         -70.210400
1120.0000         -60.646600
1124.0000         -69.518600
1128.0000         -71.401800
1132.0000         -64.575600
1136.0000         -68.349900
1140.0000         -70.296100
1144.0000         -68.106600
1148.0000         -71.524300
1152.0000         -67.864600
1156.0000         -71.487700
1160.0000         -74.703100
1164.0000         -64.299000
1168.0000         -72.181800
1172.0000         -67.454700
1176.0000         -71.403600
1180.0000         -63.314200
1184.0000         -56.407700
1188.0000         -66.579700
1192.0000         -70.139600
1196.0000         -62.763700
1200.0000         -60.777300
1204.0000         -65.137100
1208.0000         -56.594700
1212.0000         -58.208400
1216.0000         -64.103500
1220.0000         -62.181500
1224.0000         -71.936700
1228.0000         -69.869200
1232.0000         -65.520600
1236.0000         -71.092100
1240.0000         -56.524100
1244.0000         -65.140200
1248.0000         -64.036100
1252.0000         -69.176300
1256.0000         -57.739000
1260.0000         -65.306000
1264.0000         -65.666200
1268.0000         -69.128900
1272.0000         -70.671300
1276.0000         -49.747500
1280.0000         -60.370100
1284.0000         -58.960200
1288.0000         -68.847000
1292.0000         -71.485400
1296.0000         -51.485600
1300.0000         -64.445000
1304.0000         -66.267500
1308.0000         -52.498600
1312.0000         -60.954700
1316.0000         -53.721500
1320.0000         -71.077500
1324.0000         -69.919100
1328.0000         -65.214600
1332.0000         -62.793100
1336.0000         -57.340300
1340.0000         -60.430500
1344.0000         -51.327000
1348.0000         -67.384100
1352.0000         -64.999200
1356.0000         -68.190600
1360.0000         -60.019900
1364.0000         -63.605500
1368.0000         -52.985500
1372.0000         -55.426600
1376.0000         -53.060800
1380.0000         -57.290500
1384.0000         -52.497700
1388.0000         -52.054800
1392.0000         -60.599800
1396.0000         -56.751100
1400.0000         -65.447100
1404.0000         -63.035800
1408.0000         -60.746300
1412.0000         -50.081700
1416.0000         -65.776200
1420.0000         -58.889200
1424.0000         -59.937900
1428.0000         -66.084500
1432.0000         -65.950000
1436.0000         -40.788700
1440.0000         -62.277900
1444.0000         -60.925200
1448.0000         -42.898000
1452.0000         -59.355100
1456.0000         -64.367500
1460.0000         -64.324000
1464.0000         -60.893500
1468.0000         -61.859900
1472.0000         -67.706900
1476.0000         -61.515000
1480.0000         -65.024000
1484.0000         -61.852200
1488.0000         -67.382600
1492.0000         -69.650900
1496.0000         -54.538400
1500.0000         -69.755300
1504.0000         -62.403200
1508.0000         -60.296700
1512.0000         -56.003100
1516.0000         -68.524900
1520.0000         -44.649000
1524.0000         -62.676700
1528.0000         -68.792200
1532.0000         -72.932300
1536.0000         -61.567000
1540.0000         -71.765200
1544.0000         -60.363300
1548.0000         -59.303300
1552.0000         -68.330000
1556.0000         -62.647600
1560.0000         -62.879600
1564.0000         -62.342400
1568.0000         -70.662300
1572.0000         -72.377000
1576.0000         -57.823300
1580.0000         -56.039800
1584.0000         -60.583100
1588.0000         -70.237300
1592.0000         -63.442800
1596.0000         -70.956000
1600.0000         -62.358400
1604.0000         -66.453500
1608.0000         -52.947100
1612.0000         -70.207900
1616.0000         -54.862800
1620.0000         -60.169100
1624.0000         -58.498400
1628.0000         -60.994800
1632.0000         -64.936100
1636.0000         -69.758200
1640.0000         -58.480800
1644.0000         -60.240200
1648.0000         -60.722700
1652.0000         -70.939800
1656.0000         -71.727400
1660.0000         -61.214000
1664.0000         -63.848700
1668.0000         -67.192400
1672.0000         -48.863100
1676.0000         -62.179600
1680.0000         -61.036900
1684.0000         -62.785800
1688.0000         -65.505300
1692.0000         -66.552700
1696.0000         -58.515500
1700.0000         -66.308500
1704.0000         -71.933100
1708.0000         -57.457700
1712.0000         -64.051500
1716.0000         -68.231500
1720.0000         -59.089500
1724.0000         -59.932700
1728.0000         -61.291200
1732.0000         -65.206000
1736.0000         -66.215300
1740.0000         -76.472300
1744.0000         -55.947600
1748.0000         -71.922300
1752.0000         -71.816700
1756.0000         -51.821100
1760.0000         -67.151500
1764.0000         -52.392500
1768.0000         -67.524000
1772.0000         -68.528900
1776.0000         -65.501800
1780.0000         -60.587900
1784.0000         -71.074500
1788.0000         -61.157100
1792.0000         -65.060600
1796.0000         -55.931800
1800.0000         -62.783100
1804.0000         -57.389700
1808.0000         -59.645700
1812.0000         -64.634400
1816.0000         -72.452800
1820.0000         -65.639500
1824.0000         -52.566600
1828.0000         -57.810800
1832.0000         -59.849200
1836.0000         -58.017200
1840.0000         -59.071800
1844.0000         -62.051500
1848.0000         -59.530500
1852.0000         -66.530000
1856.0000         -70.140600
1860.0000         -64.526700
1864.0000         -68.090100
1868.0000         -68.065800
1872.0000         -67.275100
1876.0000         -65.711900
1880.0000         -63.755300
1884.0000         -72.551600
1888.0000         -40.346800
1892.0000         -64.310300
1896.0000         -57.227500
1900.0000         -58.019300
1904.0000         -60.602400
1908.0000         -59.274600
1912.0000         -73.564900
1916.0000         -71.448600
1920.0000         -43.765100
1924.0000         -52.131000
1928.0000         -62.463900
1932.0000         -54.966200
1936.0000         -57.824600
1940.0000         -72.693100
1944.0000         -57.822100
1948.0000         -57.794900
1952.0000         -62.620100
1956.0000         -56.593600
1960.0000         -50.357700
1964.0000         -59.061200
1968.0000         -64.317500
1972.0000         -64.019800
1976.0000         -58.125200
1980.0000         -69.580600
1984.0000         -62.934700
1988.0000         -67.183900
1992.0000         -64.298500
1996.0000         -53.267200
2000.0000         -59.364800
2004.0000         -43.415400
2008.0000         -66.065800
2012.0000         -62.577800
2016.0000         -61.687900
2020.0000         -60.730800
2024.0000         -59.449700
2028.0000         -53.682000
2032.0000         -60.735400
2036.0000         -58.125200
2040.0000         -56.049800
2044.0000         -47.176100
2048.0000         -54.443900
2052.0000         -61.469300
2056.0000         -62.002000
2060.0000         -57.164800
2064.0000         -56.036200
2068.0000         -64.549500
2072.0000         -60.865200
2076.0000         -48.875800
2080.0000         -64.188600
2084.0000         -58.360400
2088.0000         -65.438500
2092.0000         -61.962600
2096.0000         -70.254800
2100.0000         -65.119900
2104.0000         -65.122800
2108.0000         -56.154300
2112.0000         -62.414000
2116.0000         -58.304100
2120.0000         -67.127200
2124.0000         -52.701200
2128.0000         -57.208800
2132.0000         -65.025600
2136.0000         -61.588000
2140.0000         -55.620400
2144.0000         -63.264900
2148.0000         -63.572300
2152.0000         -65.896300
2156.0000         -72.650700
2160.0000         -56.054100
2164.0000         -71.629400
2168.0000         -64.960400
2172.0000         -71.250300
2176.0000         -63.531200
2180.0000         -58.511500
2184.0000         -53.598900
2188.0000         -51.379800
2192.0000         -62.577400
2196.0000         -69.852000
2200.0000         -61.181000
2204.0000         -66.442200
2208.0000         -65.235700
2212.0000         -52.227800
2216.0000         -64.303800
2220.0000         -59.839300
2224.0000         -58.431700
2228.0000         -67.215200
2232.0000         -67.066400
2236.0000         -67.015500
2240.0000         -62.355000
2244.0000         -65.844400
2248.0000         -51.352100
2252.0000         -56.684400
2256.0000         -57.149900
2260.0000         -64.732400
2264.0000         -61.411900
2268.0000         -61.802400
2272.0000         -66.572000
2276.0000         -64.404500
2280.0000         -65.045500
2284.0000         -68.469700
2288.0000         -45.254100
2292.0000         -62.683700
2296.0000         -74.817300
2300.0000         -74.270800
2304.0000         -69.845600
2308.0000         -69.368300
2312.0000         -64.467700
2316.0000         -73.520500
2320.0000         -68.066800
2324.0000         -60.707500
2328.0000         -75.100400
2332.0000         -71.351800
2336.0000         -67.613800
2340.0000         -65.221800
2344.0000         -73.680100
2348.0000         -68.330600
2352.0000         -65.820400
2356.0000         -71.784900
2360.0000         -66.138600
2364.0000         -57.619700
2368.0000         -66.771900
2372.0000         -66.692000
2376.0000         -68.729400
2380.0000         -58.263500
2384.0000         -55.345000
2388.0000         -57.143800
2392.0000         -65.815700
2396.0000         -63.173200
2400.0000         -73.329900
2404.0000         -62.759700
2408.0000         -71.151000
2412.0000         -63.242000
2416.0000         -69.005800
2420.0000         -65.058200
2424.0000         -67.157400
2428.0000         -52.771600
2432.0000         -63.918400
2436.0000         -67.235400
2440.0000         -68.581500
2444.0000         -53.071100
2448.0000         -66.738300
2452.0000         -52.458500
2456.0000         -58.627200
2460.0000         -59.110300
2464.0000         -45.864900
2468.0000         -55.830300
2472.0000         -57.951500
2476.0000         -55.003500
2480.0000         -73.758300
2484.0000         -68.458800
2488.0000         -63.461500
2492.0000         -62.113200
2496.0000         -60.728900
2500.0000         -71.878600
2504.0000         -72.437500
2508.0000         -63.884600
2512.0000         -58.161400
2516.0000         -50.964300
2520.0000         -52.082900
2524.0000         -63.072600
2528.0000         -61.582000
2532.0000         -58.571900
2536.0000         -49.959600
2540.0000         -61.815400
2544.0000         -59.982600
2548.0000         -58.644400
2552.0000         -59.306600
2556.0000         -68.281300
2560.0000         -56.429200
2564.0000         -66.282800
2568.0000         -66.411700
2572.0000         -61.954900
2576.0000         -66.654400
2580.0000         -50.798800
2584.0000         -58.778800
2588.0000         -70.158700
2592.0000         -51.947600
2596.0000         -62.580400
2600.0000         -69.222100
2604.0000         -69.843800
2608.0000         -62.058900
2612.0000         -62.350300
2616.0000         -46.524600
2620.0000         -58.452400
2624.0000         -58.643700
2628.0000         -54.269700
2632.0000         -53.722600
2636.0000         -61.639800
2640.0000         -54.980300
2644.0000         -62.366900
2648.0000         -63.684900
2652.0000         -55.035600
2656.0000         -61.061200
2660.0000         -65.157900
2664.0000         -62.272300
2668.0000         -60.005400
2672.0000         -66.813800
2676.0000         -58.095700
2680.0000         -51.119500
2684.0000         -60.071200
2688.0000         -63.311900
2692.0000         -61.138100
2696.0000         -58.745900
2700.0000         -46.214200
2704.0000         -42.078100
2708.0000         -71.617600
2712.0000         -69.672700
2716.0000         -63.808500
2720.0000         -60.150800
2724.0000         -52.942800
2728.0000         -65.177000
2732.0000         -60.576000
2736.0000         -65.063300
2740.0000         -66.289500
2744.0000         -65.485900
2748.0000         -54.099900
2752.0000         -61.760500
2756.0000         -52.258600
2760.0000         -68.471500
2764.0000         -63.356300
2768.0000         -64.325700
2772.0000         -61.796900
2776.0000         -69.340400
2780.0000         -56.251400
2784.0000         -49.675100
2788.0000         -59.649500
2792.0000         -61.961700
2796.0000         -63.972300
2800.0000         -65.361400
2804.0000         -62.139300
2808.0000         -67.732600
2812.0000         -65.255400
2816.0000         -61.799500
2820.0000         -65.424900
2824.0000         -70.733500
2828.0000         -67.300000
2832.0000         -65.032300
2836.0000         -62.291500
2840.0000         -58.776500
2844.0000         -72.338100
2848.0000         -58.357600
2852.0000         -64.169500
2856.0000         -57.683400
2860.0000         -67.208600
2864.0000         -64.086300
2868.0000         -54.982600
2872.0000         -76.297800
2876.0000         -63.723800
2880.0000         -59.475800
2884.0000         -69.592200
2888.0000         -65.553100
2892.0000         -58.883600
2896.0000         -66.266400
2900.0000         -66.026100
2904.0000         -66.831500
2908.0000         -62.258100
2912.0000         -67.822500
2916.0000         -45.119400
2920.0000         -51.963700
2924.0000         -56.712300
2928.0000         -66.138600
2932.0000         -64.146700
2936.0000         -64.154800
2940.0000         -39.794700
2944.0000         -51.218700
2948.0000         -55.174900
2952.0000         -54.345400
2956.0000         -71.224300
2960.0000         -61.395500
2964.0000         -60.411200
2968.0000         -78.539700
2972.0000         -62.520500
2976.0000         -62.956100
2980.0000         -70.816200
2984.0000         -67.052200
2988.0000         -58.781500
2992.0000         -69.306800
2996.0000         -53.915400
3000.0000         -65.794400
3004.0000         -67.353100
3008.0000         -61.486600
3012.0000         -69.901000
3016.0000         -53.758000
3020.0000         -71.649500
3024.0000         -62.939900
3028.0000         -68.126700
3032.0000         -69.063300
3036.0000         -63.440000
3040.0000         -60.251400
3044.0000         -71.731500
3048.0000         -59.086400
3052.0000         -66.999000
3056.0000         -58.703800
3060.0000         -64.081500
3064.0000         -56.311500
3068.0000         -58.374000
3072.0000         -59.322600
3076.0000         -59.468800
3080.0000         -55.034200
3084.0000         -62.789700
3088.0000         -52.012500
3092.0000         -61.149500
3096.0000         -66.258100
3100.0000         -60.383400
3104.0000         -52.439600
3108.0000         -62.425900
3112.0000         -62.890200
3116.0000         -68.395600
3120.0000         -66.427100
3124.0000         -58.220000
3128.0000         -65.166400
3132.0000         -54.241800
3136.0000         -70.148400
3140.0000         -63.469400
3144.0000         -62.426100
3148.0000         -57.016900
3152.0000         -62.349700
3156.0000         -51.643500
3160.0000         -67.105800
3164.0000         -59.705500
3168.0000         -61.910000
3172.0000         -62.091200
3176.0000         -57.982500
3180.0000         -58.765400
3184.0000         -60.172400
3188.0000         -62.657000
3192.0000         -57.448500
3196.0000         -50.295400
3200.0000         -50.868600
3204.0000         -51.907500
3208.0000         -63.867200
3212.0000         -60.441800
3216.0000         -60.241800
3220.0000         -64.810000
3224.0000         -44.204900
3228.0000         -56.851700
3232.0000         -60.311800
3236.0000         -53.195000
3240.0000         -67.187700
3244.0000         -61.724900
3248.0000         -59.906200
3252.0000         -59.954200
3256.0000         -60.175000
3260.0000         -59.301800
3264.0000         -64.824600
3268.0000         -55.016600
3272.0000         -67.481800
3276.0000         -57.373300
3280.0000         -60.697100
3284.0000         -63.052600
3288.0000         -67.847200
3292.0000         -59.854400
3296.0000         -56.399300
3300.0000         -39.813900
3304.0000         -66.289600
3308.0000         -59.478000
3312.0000         -57.094800
3316.0000         -52.458400
3320.0000         -60.335300
3324.0000         -59.402000
3328.0000         -58.561400
3332.0000         -49.824700
3336.0000         -59.797800
3340.0000         -52.789000
3344.0000         -57.792500
3348.0000         -41.416900
3352.0000         -57.802100
3356.0000         -51.189300
3360.0000         -54.290500
3364.0000         -58.112500
3368.0000         -55.227800
3372.0000         -59.873800
3376.0000         -54.116500
3380.0000         -65.756100
3384.0000         -61.971800
3388.0000         -68.184200
3392.0000         -58.800300
3396.0000         -66.768000
3400.0000         -63.600500
3404.0000         -45.458800
3408.0000         -59.278800
3412.0000         -56.089200
3416.0000         -60.721000
3420.0000         -67.432800
3424.0000         -60.444400
3428.0000         -64.253500
3432.0000         -62.468900
3436.0000         -66.381700
3440.0000         -66.037600
3444.0000         -59.027100
3448.0000         -62.738300
3452.0000         -68.603300
3456.0000         -71.841300
3460.0000         -67.832800
3464.0000         -69.851300
3468.0000         -68.767800
3472.0000         -71.030200
3476.0000         -64.408800
3480.0000         -60.923200
3484.0000         -63.990200
3488.0000         -58.225400
3492.0000         -68.719200
3496.0000         -61.276200
3500.0000         -68.779700
3504.0000         -57.470100
3508.0000         -66.852100
3512.0000         -59.661200
3516.0000         -68.553700
3520.0000         -70.488500
3524.0000         -66.265300
3528.0000         -61.153400
3532.0000         -69.861400
3536.0000         -58.917100
3540.0000         -76.053400
3544.0000         -60.020400
3548.0000         -75.675200
3552.0000         -71.444600
3556.0000         -71.036000
3560.0000         -68.011200
3564.0000         -54.837400
3568.0000         -60.325400
3572.0000         -67.133800
3576.0000         -61.871100
3580.0000         -61.251300
3584.0000         -68.103600
3588.0000         -76.310700
3592.0000         -65.755600
3596.0000         -59.363500
3600.0000         -68.669900
3604.0000         -61.635100
3608.0000         -63.617900
3612.0000         -63.501900
3616.0000         -65.919300
3620.0000         -64.482700
3624.0000         -61.208500
3628.0000         -56.676900
3632.0000         -60.226300
3636.0000         -68.706400
3640.0000         -59.188300
3644.0000         -70.778500
3648.0000         -62.888800
3652.0000         -59.411400
3656.0000         -62.429500
3660.0000         -63.507900
3664.0000         -69.930400
3668.0000         -65.931100
3672.0000         -63.375700
3676.0000         -57.361600
3680.0000         -68.350100
3684.0000         -68.791100
3688.0000         -55.381100
3692.0000         -55.773700
3696.0000         -68.901400
3700.0000         -66.603300
3704.0000         -65.038100
3708.0000         -63.025000
3712.0000         -72.386400
3716.0000         -66.246600
3720.0000         -57.885800
3724.0000         -60.436500
3728.0000         -72.036400
3732.0000         -73.278400
3736.0000         -67.992100
3740.0000         -71.019600
3744.0000         -64.708700
3748.0000         -70.503900
3752.0000         -67.691100
3756.0000         -59.734900
3760.0000         -63.904600
3764.0000         -71.073700
3768.0000         -64.369300
3772.0000         -68.187400
3776.0000         -71.525500
3780.0000         -65.881100
3784.0000         -67.905600
3788.0000         -67.001300
3792.0000         -70.510800
3796.0000         -69.723800
3800.0000         -64.845300
3804.0000         -66.501400
3808.0000         -65.675100
3812.0000         -67.450700
3816.0000         -62.522800
3820.0000         -68.102200
3824.0000         -73.077400
3828.0000         -68.359900
3832.0000         -64.779200
3836.0000         -66.760300
3840.0000         -57.781900
3844.0000         -72.553700
3848.0000         -67.906300
3852.0000         -51.683900
3856.0000         -67.885100
3860.0000         -68.858100
3864.0000         -60.628000
3868.0000         -48.849500
3872.0000         -56.617400
3876.0000         -71.018500
3880.0000         -50.799300
3884.0000         -59.795000
3888.0000         -58.810800
3892.0000         -71.652000
3896.0000         -72.881400
3900.0000         -66.936000
3904.0000         -59.121400
3908.0000         -69.563900
3912.0000         -74.417500
3916.0000         -72.922500
3920.0000         -68.504600
3924.0000         -71.465200
3928.0000         -63.750300
3932.0000         -71.103500
3936.0000         -77.173800
3940.0000         -68.287100
3944.0000         -66.401200
3948.0000         -78.174900
3952.0000         -65.259500
3956.0000         -73.771000
3960.0000         -68.826100
3964.0000         -71.034100
3968.0000         -66.025500
3972.0000         -65.268300
3976.0000         -65.005300
3980.0000         -64.017300
3984.0000         -69.124900
3988.0000         -71.492100
3992.0000         -66.478500
3996.0000         -73.528900
4000.0000         -67.844000
4004.0000         -71.320000
