4.0000     -732972.291666
8.0000     -733139.298762
12.0000     -733023.749729
16.0000     -732938.828435
20.0000     -733382.345309
24.0000     -732697.795316
28.0000     -732862.027634
32.0000     -733138.615139
36.0000     -733373.540768
40.0000     -732695.801907
44.0000     -731506.831512
48.0000     -732365.760255
52.0000     -732786.649730
56.0000     -732712.506858
60.0000     -732832.962006
64.0000     -733428.047919
68.0000     -733391.074384
72.0000     -733699.492114
76.0000     -732515.106739
80.0000     -732578.515717
84.0000     -733562.091548
88.0000     -733550.243394
92.0000     -732636.577157
96.0000     -733564.017523
100.0000     -732391.811674
104.0000     -732792.374680
108.0000     -733315.504251
112.0000     -733537.573786
116.0000     -733654.785859
120.0000     -733209.819107
124.0000     -733675.747755
128.0000     -733677.786766
132.0000     -734676.536117
136.0000     -734329.364804
140.0000     -733392.210848
144.0000     -733753.935445
148.0000     -732983.258807
152.0000     -732898.041822
156.0000     -733560.886386
160.0000     -732601.547532
164.0000     -733498.802486
168.0000     -732836.482806
172.0000     -733073.077977
176.0000     -732624.042910
180.0000     -733125.322553
184.0000     -733729.179907
188.0000     -733476.130130
192.0000     -733672.808884
196.0000     -732595.443342
200.0000     -733258.412438
204.0000     -733187.024298
208.0000     -733718.731035
212.0000     -733402.901802
216.0000     -733422.123892
220.0000     -733744.159797
224.0000     -733737.792456
228.0000     -733528.821048
232.0000     -733131.674988
236.0000     -733858.102857
240.0000     -733050.872523
244.0000     -733495.419896
248.0000     -733252.418878
252.0000     -733382.066316
256.0000     -733331.042461
260.0000     -733700.736624
264.0000     -733691.125165
268.0000     -733932.666651
272.0000     -733424.825994
276.0000     -732881.458920
280.0000     -732993.375482
284.0000     -733799.419332
288.0000     -734338.174028
292.0000     -734076.523078
296.0000     -734710.093306
300.0000     -733270.634247
304.0000     -733590.081087
308.0000     -733268.573391
312.0000     -733989.674760
316.0000     -733385.733725
320.0000     -732823.051466
324.0000     -733381.685806
328.0000     -732620.850082
332.0000     -733070.170756
336.0000     -733985.730967
340.0000     -733494.488575
344.0000     -732333.220935
348.0000     -732857.921452
352.0000     -733039.659373
356.0000     -733228.800627
360.0000     -733134.462058
364.0000     -732300.017232
368.0000     -733693.485325
372.0000     -733628.917987
376.0000     -732969.341799
380.0000     -733482.179859
384.0000     -733276.112037
388.0000     -733754.362243
392.0000     -733441.853626
396.0000     -733234.957053
400.0000     -733547.411891
404.0000     -733161.061454
408.0000     -733237.199071
412.0000     -733971.869121
416.0000     -733458.513959
420.0000     -733741.300841
424.0000     -733553.654639
428.0000     -733178.416920
432.0000     -733429.612593
436.0000     -733705.817806
440.0000     -733638.380730
444.0000     -733286.182847
448.0000     -733828.245106
452.0000     -732513.951837
456.0000     -732467.879922
460.0000     -734019.137993
464.0000     -732902.723793
468.0000     -733161.606519
472.0000     -733618.609890
476.0000     -733729.356768
480.0000     -733087.016194
484.0000     -733612.371182
488.0000     -733767.871323
492.0000     -733030.991830
496.0000     -732723.488412
500.0000     -733314.149092
504.0000     -733494.867878
508.0000     -733717.574561
512.0000     -733330.080040
516.0000     -733341.646803
520.0000     -733609.954073
524.0000     -733335.884533
528.0000     -734385.686375
532.0000     -733382.060970
536.0000     -733072.213876
540.0000     -733500.589817
544.0000     -733173.991047
548.0000     -734076.741536
552.0000     -733229.781319
556.0000     -733431.705209
560.0000     -733704.108172
564.0000     -733240.033909
568.0000     -733230.440865
572.0000     -733133.352444
576.0000     -733234.931834
580.0000     -732751.288571
584.0000     -733247.006555
588.0000     -733320.366114
592.0000     -733676.532012
596.0000     -733398.760652
600.0000     -734157.781183
604.0000     -733621.853076
608.0000     -733278.357645
612.0000     -733414.557365
616.0000     -733489.494885
620.0000     -732673.830555
624.0000     -732432.470973
628.0000     -733061.915685
632.0000     -732108.476649
636.0000     -732316.632398
640.0000     -732863.423937
644.0000     -733948.404827
648.0000     -733516.153468
652.0000     -733256.299289
656.0000     -733274.381981
660.0000     -732842.067816
664.0000     -733169.517923
668.0000     -732927.299226
672.0000     -733134.672197
676.0000     -733142.948693
680.0000     -733057.190788
684.0000     -733103.007152
688.0000     -733800.546129
692.0000     -732966.320309
696.0000     -734011.949642
700.0000     -733607.647151
704.0000     -732863.718415
708.0000     -733378.052840
712.0000     -733292.493806
716.0000     -733398.440597
720.0000     -733434.777953
724.0000     -732991.128926
728.0000     -733141.144801
732.0000     -733427.819993
736.0000     -733910.010628
740.0000     -733126.646428
744.0000     -732409.114837
748.0000     -732976.788509
752.0000     -732868.038171
756.0000     -732441.515489
760.0000     -734057.519852
764.0000     -733288.376221
768.0000     -733202.521157
772.0000     -733257.098243
776.0000     -733100.620066
780.0000     -732875.892164
784.0000     -733323.181379
788.0000     -733535.954168
792.0000     -732860.617659
796.0000     -733719.880527
800.0000     -733815.978213
804.0000     -733287.567412
808.0000     -733030.617040
812.0000     -733707.607773
816.0000     -732915.171708
820.0000     -733032.854644
824.0000     -733443.214373
828.0000     -733652.629714
832.0000     -732343.507426
836.0000     -733162.871824
840.0000     -733655.648910
844.0000     -733127.927212
848.0000     -733809.108309
852.0000     -732390.498481
856.0000     -733138.059920
860.0000     -733756.961126
864.0000     -733845.479382
868.0000     -733462.703423
872.0000     -733114.317571
876.0000     -733935.377884
880.0000     -732888.415009
884.0000     -733754.518824
888.0000     -733840.874318
892.0000     -733507.595953
896.0000     -733284.680338
900.0000     -733326.840811
904.0000     -732486.678130
908.0000     -732883.512375
912.0000     -733733.415753
916.0000     -733018.021447
920.0000     -733099.758894
924.0000     -733739.045245
928.0000     -733486.669425
932.0000     -733753.019217
936.0000     -732907.001145
940.0000     -733475.970705
944.0000     -733614.664976
948.0000     -733007.875530
952.0000     -732674.245753
956.0000     -732684.233214
960.0000     -733280.560581
964.0000     -733814.869766
968.0000     -733685.455999
972.0000     -733559.040010
976.0000     -733400.938140
980.0000     -734474.134546
984.0000     -733389.861304
988.0000     -733794.146889
992.0000     -733943.973464
996.0000     -733115.366783
1000.0000     -732450.638014
1004.0000     -733845.212966
1008.0000     -733657.081699
1012.0000     -733742.144086
1016.0000     -733552.179735
1020.0000     -732991.030208
1024.0000     -733578.604824
1028.0000     -733608.166473
1032.0000     -734032.086085
1036.0000     -733138.113593
1040.0000     -733572.707675
1044.0000     -733751.660373
1048.0000     -734141.493784
1052.0000     -733604.150020
1056.0000     -733946.050460
1060.0000     -733819.171756
1064.0000     -733326.828423
1068.0000     -733450.770400
1072.0000     -733405.230869
1076.0000     -733719.168090
1080.0000     -732844.044133
1084.0000     -733481.026839
1088.0000     -733462.494135
1092.0000     -733104.469078
1096.0000     -733251.871349
1100.0000     -733749.169647
1104.0000     -733636.262450
1108.0000     -733369.803691
1112.0000     -733427.216630
1116.0000     -733329.151628
1120.0000     -733372.295217
1124.0000     -733566.855025
1128.0000     -732902.118904
1132.0000     -733953.347969
1136.0000     -733651.744544
1140.0000     -734525.816636
1144.0000     -733885.274481
1148.0000     -733357.722635
1152.0000     -734071.777367
1156.0000     -734024.846490
1160.0000     -733490.482086
1164.0000     -733642.300271
1168.0000     -733833.719537
1172.0000     -732865.364171
1176.0000     -733520.315157
1180.0000     -733982.482246
1184.0000     -733093.519668
1188.0000     -732845.145052
1192.0000     -733256.817875
1196.0000     -733994.529449
1200.0000     -733369.483008
1204.0000     -733576.890862
1208.0000     -732688.374262
1212.0000     -732869.282282
1216.0000     -733722.131345
1220.0000     -733924.087968
1224.0000     -733197.067238
1228.0000     -734447.054954
1232.0000     -733316.738168
1236.0000     -733590.677369
1240.0000     -733205.340334
1244.0000     -733289.441599
1248.0000     -732858.544512
1252.0000     -733900.572600
1256.0000     -733905.070229
1260.0000     -734019.114490
1264.0000     -733163.806604
1268.0000     -733057.431741
1272.0000     -734090.126654
1276.0000     -733338.160237
1280.0000     -733906.595422
1284.0000     -733729.983684
1288.0000     -733196.285552
1292.0000     -733332.760689
1296.0000     -733897.802956
1300.0000     -733091.728840
1304.0000     -733170.472146
1308.0000     -733137.861610
1312.0000     -733101.831620
1316.0000     -732628.106019
1320.0000     -733187.366699
1324.0000     -734069.008212
1328.0000     -733792.324561
1332.0000     -733255.236832
1336.0000     -733607.900544
1340.0000     -733287.228868
1344.0000     -732971.064473
1348.0000     -733005.025851
1352.0000     -733736.836668
1356.0000     -734510.859593
1360.0000     -733021.985591
1364.0000     -732887.229573
1368.0000     -733852.761654
1372.0000     -733384.038117
1376.0000     -733216.797955
1380.0000     -733077.177133
1384.0000     -733919.139344
1388.0000     -733605.730967
1392.0000     -733905.071689
1396.0000     -734154.766601
1400.0000     -733544.767838
1404.0000     -733410.785997
1408.0000     -733115.353514
1412.0000     -734315.805431
1416.0000     -733367.885908
1420.0000     -733741.653303
1424.0000     -733381.871438
1428.0000     -733811.199208
1432.0000     -733664.130358
1436.0000     -734050.197667
1440.0000     -733203.200267
1444.0000     -733366.726623
1448.0000     -733096.680622
1452.0000     -733247.306106
1456.0000     -733119.226633
1460.0000     -733993.893568
1464.0000     -734327.146609
1468.0000     -733402.418055
1472.0000     -733819.829086
1476.0000     -733037.110334
1480.0000     -733309.299457
1484.0000     -733886.077934
1488.0000     -734164.046572
1492.0000     -733365.221657
1496.0000     -733788.390133
1500.0000     -734086.934735
1504.0000     -733113.503234
1508.0000     -733382.472526
1512.0000     -732611.286679
1516.0000     -733484.579422
1520.0000     -733348.434701
1524.0000     -734366.159132
1528.0000     -732969.123101
1532.0000     -732828.799693
1536.0000     -733634.470413
1540.0000     -733845.991467
1544.0000     -734116.270076
1548.0000     -733249.636762
1552.0000     -733667.861631
1556.0000     -733497.763955
1560.0000     -733145.980205
1564.0000     -733129.862251
1568.0000     -733451.191350
1572.0000     -733165.547105
1576.0000     -733108.697744
1580.0000     -732959.275979
1584.0000     -733739.570880
1588.0000     -733792.330873
1592.0000     -733243.466197
1596.0000     -733943.908354
1600.0000     -734374.326811
1604.0000     -733875.111616
1608.0000     -732628.350368
1612.0000     -733800.283679
1616.0000     -733392.622944
1620.0000     -733902.973916
1624.0000     -733424.779631
1628.0000     -733131.316323
1632.0000     -733655.432099
1636.0000     -733909.454201
1640.0000     -733379.220258
1644.0000     -733137.422518
1648.0000     -732578.356541
1652.0000     -733198.093769
1656.0000     -733477.167315
1660.0000     -732967.683672
1664.0000     -733282.576215
1668.0000     -733122.166011
1672.0000     -733807.514657
1676.0000     -732724.253385
1680.0000     -733412.136497
1684.0000     -733537.627225
1688.0000     -733482.591071
1692.0000     -732775.720882
1696.0000     -733772.139924
1700.0000     -733454.975082
1704.0000     -733271.680945
1708.0000     -732899.088425
1712.0000     -733154.567011
1716.0000     -733263.310692
1720.0000     -733602.212727
1724.0000     -734026.994601
1728.0000     -733838.317832
1732.0000     -733164.149554
1736.0000     -733143.469158
1740.0000     -733531.742674
1744.0000     -733227.551784
1748.0000     -733881.895895
1752.0000     -733360.146647
1756.0000     -733531.582956
1760.0000     -734314.996312
1764.0000     -733475.214987
1768.0000     -733875.309839
1772.0000     -733016.504780
1776.0000     -733577.658243
1780.0000     -733692.286331
1784.0000     -733004.372640
1788.0000     -733470.029133
1792.0000     -733085.755041
1796.0000     -733762.772681
1800.0000     -733532.945565
1804.0000     -733215.018731
1808.0000     -733829.881555
1812.0000     -733271.101150
1816.0000     -733160.279173
1820.0000     -733822.247860
1824.0000     -733443.896705
1828.0000     -733290.587452
1832.0000     -733416.222454
1836.0000     -733797.580795
1840.0000     -732731.743737
1844.0000     -733001.136688
1848.0000     -732846.231472
1852.0000     -734138.395450
1856.0000     -733247.886997
1860.0000     -732791.354338
1864.0000     -733295.976239
1868.0000     -733120.438478
1872.0000     -733874.148252
1876.0000     -733582.210487
1880.0000     -733442.865943
1884.0000     -733953.536872
1888.0000     -733527.459653
1892.0000     -733420.278678
1896.0000     -734016.509210
1900.0000     -732847.735270
1904.0000     -733351.626296
1908.0000     -732512.371320
1912.0000     -733350.475149
1916.0000     -733121.629398
1920.0000     -732727.806253
1924.0000     -733176.186643
1928.0000     -732952.402901
1932.0000     -733317.507029
1936.0000     -733099.946997
1940.0000     -732047.303477
1944.0000     -733161.998140
1948.0000     -733030.312447
1952.0000     -733554.757254
1956.0000     -733227.727876
1960.0000     -733523.540754
1964.0000     -733233.343487
1968.0000     -733463.380805
1972.0000     -733475.133319
1976.0000     -733865.945341
1980.0000     -733471.148153
1984.0000     -733368.389437
1988.0000     -733980.206382
1992.0000     -733166.168960
1996.0000     -733149.608092
2000.0000     -733835.515777
2004.0000     -732870.106633
2008.0000     -733530.346822
2012.0000     -733942.121657
2016.0000     -733718.150161
2020.0000     -733114.108939
2024.0000     -733189.302384
2028.0000     -733642.848284
2032.0000     -733644.136653
2036.0000     -733489.380866
2040.0000     -733879.045048
2044.0000     -734307.975327
2048.0000     -733123.817417
2052.0000     -733622.344334
2056.0000     -733318.466382
2060.0000     -733535.875049
2064.0000     -733097.966299
2068.0000     -733480.960199
2072.0000     -733375.538699
2076.0000     -733036.759686
2080.0000     -733628.056411
2084.0000     -733845.445285
2088.0000     -733693.150304
2092.0000     -733722.321054
2096.0000     -733947.686040
2100.0000     -733552.728273
2104.0000     -733852.546133
2108.0000     -733516.726054
2112.0000     -733796.049395
2116.0000     -733668.501235
2120.0000     -733199.843245
2124.0000     -733426.444520
2128.0000     -733121.807721
2132.0000     -733311.793665
2136.0000     -732616.965883
2140.0000     -733135.852401
2144.0000     -733888.089992
2148.0000     -733547.251205
2152.0000     -734586.092465
2156.0000     -733750.747091
2160.0000     -732878.870656
2164.0000     -732948.950395
2168.0000     -733433.165507
2172.0000     -733596.097478
2176.0000     -733500.362024
2180.0000     -733226.087357
2184.0000     -733301.346418
2188.0000     -733380.831793
2192.0000     -733093.149453
2196.0000     -732789.177587
2200.0000     -733592.186881
2204.0000     -734197.304032
2208.0000     -734109.399661
2212.0000     -731896.058989
2216.0000     -733482.851889
2220.0000     -733873.975934
2224.0000     -733302.373300
2228.0000     -733468.175294
2232.0000     -733796.559850
2236.0000     -733265.587417
2240.0000     -733660.914872
2244.0000     -734011.726744
2248.0000     -733780.714693
2252.0000     -733499.057545
2256.0000     -733274.649756
2260.0000     -733199.413563
2264.0000     -733604.881306
2268.0000     -734122.111353
2272.0000     -733613.671645
2276.0000     -734164.606384
2280.0000     -731770.086218
2284.0000     -732968.242226
2288.0000     -733591.839394
2292.0000     -733240.023883
2296.0000     -733008.446169
2300.0000     -733962.301017
2304.0000     -733825.852053
2308.0000     -734068.136807
2312.0000     -733369.062154
2316.0000     -733874.884002
2320.0000     -733315.117579
2324.0000     -732995.160509
2328.0000     -732802.916947
2332.0000     -733242.532926
2336.0000     -734328.161570
2340.0000     -734409.075688
2344.0000     -733925.899780
2348.0000     -732832.075839
2352.0000     -733067.323081
2356.0000     -732815.629392
2360.0000     -732740.374119
2364.0000     -733263.974819
2368.0000     -733274.677941
2372.0000     -733245.511661
2376.0000     -733656.429627
2380.0000     -733442.376801
2384.0000     -733486.944412
2388.0000     -733360.502115
2392.0000     -733707.447392
2396.0000     -733475.437831
2400.0000     -733948.550543
2404.0000     -733371.918456
2408.0000     -734060.474292
2412.0000     -734232.455563
2416.0000     -734207.707779
2420.0000     -732693.894125
2424.0000     -733373.899731
2428.0000     -733785.843086
2432.0000     -733838.621311
2436.0000     -733123.318362
2440.0000     -732872.765250
2444.0000     -734332.406829
2448.0000     -733377.323017
2452.0000     -734037.966029
2456.0000     -733070.785412
2460.0000     -734166.448126
2464.0000     -733837.656867
2468.0000     -733152.068510
2472.0000     -733335.109414
2476.0000     -733604.295529
2480.0000     -734584.760850
2484.0000     -733983.296891
2488.0000     -733595.428275
2492.0000     -733833.024385
2496.0000     -733658.895420
2500.0000     -733464.118221
2504.0000     -733848.834950
2508.0000     -733771.824100
2512.0000     -734383.741055
2516.0000     -733181.667165
2520.0000     -733439.518016
2524.0000     -732800.823499
2528.0000     -732802.847416
2532.0000     -733227.433649
2536.0000     -734565.349138
2540.0000     -734189.186165
2544.0000     -733271.803813
2548.0000     -734217.785890
2552.0000     -734204.701966
2556.0000     -733917.642467
2560.0000     -734259.198362
2564.0000     -733249.232758
2568.0000     -733309.961220
2572.0000     -733462.408127
2576.0000     -733286.813790
2580.0000     -734319.111788
2584.0000     -733724.503529
2588.0000     -733456.815319
2592.0000     -733844.649105
2596.0000     -733210.694606
2600.0000     -733457.787629
2604.0000     -734334.044827
2608.0000     -733508.656860
2612.0000     -733463.315307
2616.0000     -733003.412961
2620.0000     -733510.939985
2624.0000     -733798.334669
2628.0000     -734317.803080
2632.0000     -733843.120958
2636.0000     -734088.126725
2640.0000     -733767.673153
2644.0000     -733123.367131
2648.0000     -732732.934726
2652.0000     -733199.041631
2656.0000     -733404.286348
2660.0000     -734409.181284
2664.0000     -733519.744122
2668.0000     -733602.898696
2672.0000     -734302.569510
2676.0000     -733425.346134
2680.0000     -733963.112216
2684.0000     -733777.451348
2688.0000     -733335.956773
2692.0000     -734342.316983
2696.0000     -733419.594767
2700.0000     -733007.004781
2704.0000     -734229.363349
2708.0000     -733647.491437
2712.0000     -733440.881462
2716.0000     -734589.298397
2720.0000     -733330.714584
2724.0000     -734060.605386
2728.0000     -734091.152413
2732.0000     -734376.378297
2736.0000     -733133.109062
2740.0000     -734112.762375
2744.0000     -734131.599560
2748.0000     -733961.687883
2752.0000     -733896.877076
2756.0000     -733996.120668
2760.0000     -733959.216854
2764.0000     -734083.242685
2768.0000     -733523.708898
2772.0000     -734072.880547
2776.0000     -734171.352112
2780.0000     -733423.329217
2784.0000     -733570.329244
2788.0000     -734067.380566
2792.0000     -733224.719461
2796.0000     -733501.489230
2800.0000     -732801.195245
2804.0000     -733910.145670
2808.0000     -733746.463824
2812.0000     -733804.477769
2816.0000     -732228.821330
2820.0000     -733164.779035
2824.0000     -733173.561467
2828.0000     -732531.287854
2832.0000     -732998.931620
2836.0000     -733797.741100
2840.0000     -733393.653606
2844.0000     -733871.742791
2848.0000     -733883.558928
2852.0000     -732991.465823
2856.0000     -734705.954402
2860.0000     -734420.062067
2864.0000     -733441.500425
2868.0000     -732936.711757
2872.0000     -734420.300844
2876.0000     -734438.383976
2880.0000     -734181.497464
2884.0000     -733515.071381
2888.0000     -733533.795915
2892.0000     -733251.084999
2896.0000     -733676.048857
2900.0000     -734029.807146
2904.0000     -733764.423509
2908.0000     -733638.911004
2912.0000     -734274.571996
2916.0000     -734051.268757
2920.0000     -734100.814744
2924.0000     -732700.205065
2928.0000     -733505.707475
2932.0000     -733598.351598
2936.0000     -733110.248536
2940.0000     -732830.700640
2944.0000     -733461.189428
2948.0000     -733384.141592
2952.0000     -733342.035920
2956.0000     -734010.726215
2960.0000     -734475.299006
2964.0000     -734707.068845
2968.0000     -734328.615395
2972.0000     -734067.736859
2976.0000     -734536.487726
2980.0000     -734327.002781
2984.0000     -733835.644150
2988.0000     -733592.690176
2992.0000     -733715.531549
2996.0000     -733092.521871
3000.0000     -733199.262078
3004.0000     -734216.432755
3008.0000     -733972.937665
3012.0000     -733412.588064
3016.0000     -733174.976398
3020.0000     -733937.206579
3024.0000     -733740.007114
3028.0000     -734518.818930
3032.0000     -733224.233391
3036.0000     -733300.794543
3040.0000     -734251.577109
3044.0000     -733701.628765
3048.0000     -733777.324770
3052.0000     -734087.071877
3056.0000     -733207.885103
3060.0000     -733694.036906
3064.0000     -734259.850220
3068.0000     -733249.466530
3072.0000     -733079.011357
3076.0000     -733632.429974
3080.0000     -734096.011423
3084.0000     -733884.606966
3088.0000     -733863.703874
3092.0000     -734052.319586
3096.0000     -734171.651561
3100.0000     -734455.879440
3104.0000     -734111.073706
3108.0000     -733237.347235
3112.0000     -733523.041544
3116.0000     -733695.014446
3120.0000     -734294.877507
3124.0000     -733465.807398
3128.0000     -733621.172310
3132.0000     -735211.545175
3136.0000     -733791.617413
3140.0000     -733892.574064
3144.0000     -733076.317112
3148.0000     -733660.945292
3152.0000     -733183.815547
3156.0000     -733663.107035
3160.0000     -734228.918334
3164.0000     -733562.674918
3168.0000     -733424.404125
3172.0000     -733177.809906
3176.0000     -732998.745409
3180.0000     -733078.936779
3184.0000     -733903.137847
3188.0000     -734587.687852
3192.0000     -733527.544903
3196.0000     -733511.815947
3200.0000     -734050.224291
3204.0000     -733646.363773
3208.0000     -733807.039311
3212.0000     -733318.248042
3216.0000     -733407.333904
3220.0000     -733346.202116
3224.0000     -733921.414364
3228.0000     -733723.725632
3232.0000     -734120.089264
3236.0000     -734168.354725
3240.0000     -733518.686296
3244.0000     -734134.195531
3248.0000     -734110.199891
3252.0000     -733120.182043
3256.0000     -733368.226054
3260.0000     -733584.910386
3264.0000     -733927.474222
3268.0000     -733485.058593
3272.0000     -733820.316801
3276.0000     -734457.572429
3280.0000     -733633.107986
3284.0000     -733940.433177
3288.0000     -733933.041843
3292.0000     -734020.821165
3296.0000     -734427.737056
3300.0000     -734143.687435
3304.0000     -733620.288451
3308.0000     -734284.850014
3312.0000     -734069.042509
3316.0000     -733127.466376
3320.0000     -733439.833314
3324.0000     -734135.044436
3328.0000     -733372.167815
3332.0000     -733689.811402
3336.0000     -733781.540154
3340.0000     -733778.633119
3344.0000     -732872.806435
3348.0000     -733520.775638
3352.0000     -732143.448513
3356.0000     -733134.023104
3360.0000     -733893.378441
3364.0000     -734007.419906
3368.0000     -733590.191722
3372.0000     -733826.476092
3376.0000     -733812.362890
3380.0000     -734571.129700
3384.0000     -734364.089345
3388.0000     -733719.687662
3392.0000     -734288.711859
3396.0000     -733463.621276
3400.0000     -733906.437436
3404.0000     -733450.144414
3408.0000     -733698.463175
3412.0000     -733864.846933
3416.0000     -734181.584318
3420.0000     -733384.088321
3424.0000     -733895.843104
3428.0000     -733585.966644
3432.0000     -734163.978256
3436.0000     -733612.871237
3440.0000     -734254.431504
3444.0000     -734078.989407
3448.0000     -733551.619378
3452.0000     -734282.864883
3456.0000     -733561.010845
3460.0000     -733327.797767
3464.0000     -733666.853376
3468.0000     -734052.330868
3472.0000     -733620.294772
3476.0000     -734175.868106
3480.0000     -733297.522737
3484.0000     -734497.733048
3488.0000     -733136.788336
3492.0000     -733363.445905
3496.0000     -733880.929739
3500.0000     -734371.470006
3504.0000     -734801.588992
3508.0000     -733606.251073
3512.0000     -734492.962870
3516.0000     -733995.805984
3520.0000     -734078.288692
3524.0000     -733444.674149
3528.0000     -734022.243024
3532.0000     -734188.543002
3536.0000     -734097.210257
3540.0000     -733685.794388
3544.0000     -733830.315503
3548.0000     -734088.600043
3552.0000     -733498.083525
3556.0000     -733386.387944
3560.0000     -733387.675715
3564.0000     -734088.673752
3568.0000     -734077.353706
3572.0000     -734068.495080
3576.0000     -733178.157878
3580.0000     -734175.308525
3584.0000     -733895.114518
3588.0000     -734269.606870
3592.0000     -733673.671181
3596.0000     -733836.158912
3600.0000     -733052.945494
3604.0000     -733933.855061
3608.0000     -732980.619484
3612.0000     -733952.283781
3616.0000     -733962.804298
3620.0000     -733861.702108
3624.0000     -733795.662621
3628.0000     -734157.102016
3632.0000     -734357.255806
3636.0000     -733787.485454
3640.0000     -734041.803118
3644.0000     -733852.444182
3648.0000     -733658.395520
3652.0000     -732993.120543
3656.0000     -734109.928208
3660.0000     -733248.507720
3664.0000     -732515.464887
3668.0000     -733125.176182
3672.0000     -734024.654839
3676.0000     -734358.261078
3680.0000     -732450.690994
3684.0000     -733664.305895
3688.0000     -734462.308954
3692.0000     -733951.958830
3696.0000     -733781.567227
3700.0000     -734253.282368
3704.0000     -734037.450672
3708.0000     -733722.052531
3712.0000     -733725.021593
3716.0000     -732739.873799
3720.0000     -733608.269994
3724.0000     -734114.343188
3728.0000     -732985.403766
3732.0000     -733690.740383
3736.0000     -732833.138775
3740.0000     -732715.225586
3744.0000     -734159.260515
3748.0000     -734027.689450
3752.0000     -733112.228355
3756.0000     -732665.458866
3760.0000     -733624.923398
3764.0000     -733622.021353
3768.0000     -734071.774212
3772.0000     -733765.167954
3776.0000     -734241.941652
3780.0000     -733827.046539
3784.0000     -733081.772557
3788.0000     -733828.889881
3792.0000     -733462.443184
3796.0000     -733028.038503
3800.0000     -733722.268967
3804.0000     -733733.150203
3808.0000     -733778.286389
3812.0000     -733621.609706
3816.0000     -733758.359596
3820.0000     -734137.400743
3824.0000     -732831.143625
3828.0000     -733556.456041
3832.0000     -733970.971641
3836.0000     -734025.566083
3840.0000     -733209.789478
3844.0000     -733209.179858
3848.0000     -732382.300744
3852.0000     -733235.634088
3856.0000     -733708.721817
3860.0000     -733721.333382
3864.0000     -733947.140989
3868.0000     -733107.137261
3872.0000     -733227.338285
3876.0000     -732834.797620
3880.0000     -733258.896215
3884.0000     -733541.920097
3888.0000     -733436.208843
3892.0000     -733699.170369
3896.0000     -733338.641239
3900.0000     -733687.303318
3904.0000     -734129.888171
3908.0000     -734070.361874
3912.0000     -733718.362300
3916.0000     -733530.265113
3920.0000     -733799.225435
3924.0000     -733885.241895
3928.0000     -733219.760827
3932.0000     -733796.112846
3936.0000     -734681.239214
3940.0000     -733803.457920
3944.0000     -734053.527391
3948.0000     -733418.788076
3952.0000     -733607.571379
3956.0000     -733986.206437
3960.0000     -733739.027120
3964.0000     -734182.589449
3968.0000     -733440.425950
3972.0000     -733965.325736
3976.0000     -733496.376378
3980.0000     -734161.482383
3984.0000     -733223.965129
3988.0000     -733974.813150
3992.0000     -733218.434962
3996.0000     -733459.693294
4000.0000     -734086.221912
4004.0000     -734086.221912
