4.0000     -733000.678884
8.0000     -732139.720829
12.0000     -733263.434497
16.0000     -732423.416976
20.0000     -732502.883324
24.0000     -732970.595445
28.0000     -732459.205066
32.0000     -732481.126999
36.0000     -732849.262320
40.0000     -732907.961048
44.0000     -732893.594859
48.0000     -732602.215088
52.0000     -732150.104625
56.0000     -732724.124410
60.0000     -731748.216477
64.0000     -732758.153616
68.0000     -733026.724788
72.0000     -732442.687770
76.0000     -732588.740502
80.0000     -732036.918553
84.0000     -733028.968350
88.0000     -733117.181778
92.0000     -732144.821487
96.0000     -733023.395073
100.0000     -732522.372322
104.0000     -732781.766763
108.0000     -733266.493717
112.0000     -732757.601193
116.0000     -732573.202220
120.0000     -733519.589052
124.0000     -733400.802525
128.0000     -732405.488238
132.0000     -732487.331669
136.0000     -732327.253888
140.0000     -732450.129698
144.0000     -732601.269779
148.0000     -733372.957701
152.0000     -732802.862798
156.0000     -732699.733035
160.0000     -733628.053592
164.0000     -732878.547205
168.0000     -733372.291896
172.0000     -733333.808140
176.0000     -733542.996961
180.0000     -733582.378555
184.0000     -733063.933096
188.0000     -733361.267010
192.0000     -733480.468560
196.0000     -733579.085943
200.0000     -733483.468062
204.0000     -733208.850079
208.0000     -732109.135458
212.0000     -733713.279377
216.0000     -733779.324087
220.0000     -733363.242122
224.0000     -733447.169681
228.0000     -732653.581366
232.0000     -732987.070268
236.0000     -732840.684370
240.0000     -733808.927372
244.0000     -733368.426969
248.0000     -733629.522862
252.0000     -733046.199347
256.0000     -733266.525674
260.0000     -733215.297741
264.0000     -733280.713112
268.0000     -733895.653876
272.0000     -733790.985929
276.0000     -733390.036463
280.0000     -732816.405998
284.0000     -733185.907828
288.0000     -733838.297845
292.0000     -733478.189179
296.0000     -733341.407756
300.0000     -733471.325675
304.0000     -733747.258390
308.0000     -733469.204841
312.0000     -732306.694237
316.0000     -733648.404875
320.0000     -734175.685913
324.0000     -733417.780009
328.0000     -733046.045424
332.0000     -733560.761878
336.0000     -734298.627947
340.0000     -733464.912639
344.0000     -733154.189704
348.0000     -733883.782594
352.0000     -733591.237693
356.0000     -733643.425874
360.0000     -732848.412873
364.0000     -733771.476304
368.0000     -733803.622684
372.0000     -733747.412491
376.0000     -732977.714588
380.0000     -734068.691094
384.0000     -733150.082196
388.0000     -733745.008874
392.0000     -733245.519846
396.0000     -733595.538275
400.0000     -733824.610105
404.0000     -733536.649731
408.0000     -733121.182927
412.0000     -733927.799221
416.0000     -732838.258826
420.0000     -733386.667444
424.0000     -733500.006291
428.0000     -733200.414051
432.0000     -733928.007466
436.0000     -733649.707333
440.0000     -733984.924027
444.0000     -733712.041717
448.0000     -733539.642730
452.0000     -733239.495700
456.0000     -733362.839554
460.0000     -732766.770806
464.0000     -733689.882534
468.0000     -732465.504989
472.0000     -733459.623110
476.0000     -732566.950274
480.0000     -733846.953181
484.0000     -733511.313192
488.0000     -732944.062118
492.0000     -732877.780403
496.0000     -732924.973969
500.0000     -733138.192423
504.0000     -733097.591447
508.0000     -733726.844594
512.0000     -733373.256041
516.0000     -732826.371075
520.0000     -733570.042155
524.0000     -733409.542168
528.0000     -733193.457281
532.0000     -733829.816712
536.0000     -733798.295807
540.0000     -733903.234010
544.0000     -733722.277457
548.0000     -733516.424729
552.0000     -733096.053055
556.0000     -733423.560127
560.0000     -733234.485402
564.0000     -733576.756589
568.0000     -733568.265438
572.0000     -733969.744181
576.0000     -732752.956374
580.0000     -733166.969029
584.0000     -733384.241791
588.0000     -733606.951734
592.0000     -733411.728361
596.0000     -732795.273966
600.0000     -733219.973415
604.0000     -732931.727933
608.0000     -732876.153982
612.0000     -733363.661333
616.0000     -733559.753735
620.0000     -733420.660400
624.0000     -734256.001026
628.0000     -733033.883106
632.0000     -733286.519984
636.0000     -733320.566949
640.0000     -733287.528497
644.0000     -733071.038165
648.0000     -732713.893056
652.0000     -733045.473674
656.0000     -733051.711816
660.0000     -732854.600862
664.0000     -732423.980478
668.0000     -732550.539394
672.0000     -733190.969063
676.0000     -733159.557848
680.0000     -733430.018916
684.0000     -733099.940307
688.0000     -732684.312399
692.0000     -733654.946111
696.0000     -733794.853614
700.0000     -733667.992456
704.0000     -733167.295528
708.0000     -732502.404278
712.0000     -733290.994226
716.0000     -733522.652935
720.0000     -733571.882070
724.0000     -733714.177116
728.0000     -732686.835846
732.0000     -733340.377488
736.0000     -733097.312757
740.0000     -733218.783949
744.0000     -733603.483560
748.0000     -733041.950885
752.0000     -733400.014417
756.0000     -733963.830149
760.0000     -733841.649091
764.0000     -734277.062875
768.0000     -733980.683327
772.0000     -732845.578275
776.0000     -733630.707278
780.0000     -733164.880608
784.0000     -733274.013981
788.0000     -732574.444420
792.0000     -733559.016738
796.0000     -733704.804303
800.0000     -733751.949904
804.0000     -732682.782806
808.0000     -733851.771852
812.0000     -733592.487343
816.0000     -733606.361002
820.0000     -733652.754567
824.0000     -733287.328309
828.0000     -733957.227480
832.0000     -733961.448561
836.0000     -733153.334956
840.0000     -733451.266054
844.0000     -733810.188730
848.0000     -733546.232295
852.0000     -733844.713744
856.0000     -733611.295033
860.0000     -733352.701421
864.0000     -733937.835344
868.0000     -733443.067242
872.0000     -734347.041611
876.0000     -733649.330584
880.0000     -733080.871267
884.0000     -733856.128506
888.0000     -733652.867825
892.0000     -733668.910760
896.0000     -733613.636734
900.0000     -734158.405696
904.0000     -734181.172786
908.0000     -733909.151430
912.0000     -733517.462508
916.0000     -733246.893537
920.0000     -733746.200805
924.0000     -732750.146229
928.0000     -733022.053433
932.0000     -733019.386098
936.0000     -733999.514939
940.0000     -733433.472129
944.0000     -734155.405893
948.0000     -733258.863358
952.0000     -733860.283836
956.0000     -734140.882686
960.0000     -733714.373745
964.0000     -733090.351480
968.0000     -733822.729906
972.0000     -733757.095141
976.0000     -733388.474901
980.0000     -733270.353310
984.0000     -733455.087450
988.0000     -733457.420100
992.0000     -732888.242237
996.0000     -732915.702691
1000.0000     -733553.765985
1004.0000     -732389.901563
1008.0000     -733077.218697
1012.0000     -733759.892880
1016.0000     -732999.230822
1020.0000     -734178.707498
1024.0000     -733650.757762
1028.0000     -733857.980619
1032.0000     -734619.675287
1036.0000     -734010.630678
1040.0000     -733652.767113
1044.0000     -734077.768139
1048.0000     -733765.451934
1052.0000     -733714.118919
1056.0000     -733051.483503
1060.0000     -733944.427457
1064.0000     -732793.529168
1068.0000     -733134.189948
1072.0000     -734333.921892
1076.0000     -733149.934281
1080.0000     -733300.911483
1084.0000     -733862.381159
1088.0000     -733457.922141
1092.0000     -733498.730293
1096.0000     -733300.249981
1100.0000     -732845.943553
1104.0000     -733023.052598
1108.0000     -733161.805925
1112.0000     -732815.669111
1116.0000     -733439.105056
1120.0000     -733512.690706
1124.0000     -733891.379290
1128.0000     -733053.487818
1132.0000     -733653.746578
1136.0000     -733267.508103
1140.0000     -733506.443695
1144.0000     -732319.942899
1148.0000     -733281.828799
1152.0000     -734653.133264
1156.0000     -733623.141201
1160.0000     -733898.919264
1164.0000     -732560.799856
1168.0000     -733475.010500
1172.0000     -733865.972217
1176.0000     -734120.526875
1180.0000     -734063.814034
1184.0000     -733177.069870
1188.0000     -733061.321233
1192.0000     -732845.879125
1196.0000     -732831.147028
1200.0000     -733578.957117
1204.0000     -733252.780119
1208.0000     -733872.213868
1212.0000     -733753.712733
1216.0000     -733470.634824
1220.0000     -734132.364935
1224.0000     -733584.045786
1228.0000     -733453.294834
1232.0000     -734257.911084
1236.0000     -733077.461287
1240.0000     -733414.244493
1244.0000     -733420.454265
1248.0000     -733640.051623
1252.0000     -732862.212381
1256.0000     -733331.465803
1260.0000     -733637.864803
1264.0000     -733570.444947
1268.0000     -733808.314515
1272.0000     -734052.606050
1276.0000     -734077.299138
1280.0000     -733582.367496
1284.0000     -733473.060103
1288.0000     -734019.736158
1292.0000     -733498.704096
1296.0000     -733856.827773
1300.0000     -733949.622728
1304.0000     -733498.248194
1308.0000     -733707.575761
1312.0000     -734064.860734
1316.0000     -733017.069480
1320.0000     -733417.800038
1324.0000     -733540.096063
1328.0000     -733499.739978
1332.0000     -733211.488966
1336.0000     -734340.296284
1340.0000     -733256.634713
1344.0000     -734030.357211
1348.0000     -733859.345814
1352.0000     -733709.394883
1356.0000     -733648.961935
1360.0000     -734997.728875
1364.0000     -733147.269725
1368.0000     -732984.347883
1372.0000     -733981.528299
1376.0000     -733919.598393
1380.0000     -733756.731165
1384.0000     -733405.309736
1388.0000     -733670.184264
1392.0000     -733407.033879
1396.0000     -733432.636609
1400.0000     -733650.311824
1404.0000     -733239.620563
1408.0000     -733595.224389
1412.0000     -733666.695002
1416.0000     -733024.985066
1420.0000     -732834.105609
1424.0000     -733855.765297
1428.0000     -733644.814613
1432.0000     -734281.125838
1436.0000     -733247.873591
1440.0000     -734086.052723
1444.0000     -732385.578152
1448.0000     -733518.305917
1452.0000     -733246.616029
1456.0000     -733548.374571
1460.0000     -733657.373069
1464.0000     -733377.584452
1468.0000     -733698.837769
1472.0000     -733010.188572
1476.0000     -734082.997220
1480.0000     -733625.583539
1484.0000     -734142.114901
1488.0000     -733134.400813
1492.0000     -733324.511702
1496.0000     -732932.130382
1500.0000     -733611.054483
1504.0000     -734045.589959
1508.0000     -733969.832899
1512.0000     -733585.567749
1516.0000     -733822.242334
1520.0000     -733782.758192
1524.0000     -733754.705317
1528.0000     -733590.946382
1532.0000     -733999.263412
1536.0000     -733868.793314
1540.0000     -733112.855568
1544.0000     -734011.453555
1548.0000     -733713.347394
1552.0000     -733758.279707
1556.0000     -733664.259488
1560.0000     -733819.265921
1564.0000     -734059.621006
1568.0000     -734566.887985
1572.0000     -734513.710466
1576.0000     -734404.807850
1580.0000     -733438.902708
1584.0000     -733710.824165
1588.0000     -733242.384905
1592.0000     -732952.760175
1596.0000     -733663.791891
1600.0000     -732812.626787
1604.0000     -733479.011987
1608.0000     -733260.118425
1612.0000     -733446.219620
1616.0000     -733994.888217
1620.0000     -733947.896538
1624.0000     -732371.522337
1628.0000     -733662.275814
1632.0000     -733482.479868
1636.0000     -733864.732585
1640.0000     -733553.914320
1644.0000     -733431.792717
1648.0000     -733480.016198
1652.0000     -733258.430132
1656.0000     -733057.423263
1660.0000     -732632.881054
1664.0000     -732843.528585
1668.0000     -733034.839504
1672.0000     -733409.333544
1676.0000     -733006.245888
1680.0000     -733135.257126
1684.0000     -733408.315026
1688.0000     -733468.506997
1692.0000     -733994.468532
1696.0000     -734291.250222
1700.0000     -734563.258091
1704.0000     -733675.225633
1708.0000     -734078.554016
1712.0000     -733795.092147
1716.0000     -733569.910855
1720.0000     -734273.464907
1724.0000     -733320.020529
1728.0000     -733730.511385
1732.0000     -733423.658118
1736.0000     -733908.629279
1740.0000     -733896.153562
1744.0000     -733729.758680
1748.0000     -733660.062472
1752.0000     -733589.615980
1756.0000     -734296.216203
1760.0000     -733844.832961
1764.0000     -733976.385107
1768.0000     -733372.973590
1772.0000     -734267.888621
1776.0000     -734008.374673
1780.0000     -733646.357840
1784.0000     -733906.260925
1788.0000     -733571.665956
1792.0000     -734327.672384
1796.0000     -733406.336048
1800.0000     -733913.973426
1804.0000     -734019.782457
1808.0000     -734205.273699
1812.0000     -733840.251529
1816.0000     -733140.832677
1820.0000     -733544.235918
1824.0000     -734498.219909
1828.0000     -734251.650503
1832.0000     -734565.604573
1836.0000     -733890.560056
1840.0000     -734436.900683
1844.0000     -733964.225410
1848.0000     -733937.589756
1852.0000     -733373.561903
1856.0000     -733605.204255
1860.0000     -733591.382467
1864.0000     -733732.237085
1868.0000     -732855.462673
1872.0000     -733903.761456
1876.0000     -732644.598691
1880.0000     -733394.367868
1884.0000     -733732.790850
1888.0000     -733319.351347
1892.0000     -733886.783052
1896.0000     -733331.604928
1900.0000     -732691.485891
1904.0000     -733371.308308
1908.0000     -733332.193712
1912.0000     -733428.788426
1916.0000     -734194.415035
1920.0000     -733820.844801
1924.0000     -733586.976546
1928.0000     -734225.794127
1932.0000     -733453.661057
1936.0000     -733249.561754
1940.0000     -733857.567132
1944.0000     -733716.628937
1948.0000     -733823.495920
1952.0000     -733509.646222
1956.0000     -733617.742709
1960.0000     -733976.078874
1964.0000     -732631.260350
1968.0000     -733671.855172
1972.0000     -734094.232688
1976.0000     -733307.195922
1980.0000     -733633.071661
1984.0000     -733371.313220
1988.0000     -732761.867616
1992.0000     -733235.168296
1996.0000     -733038.775600
2000.0000     -732998.946943
2004.0000     -733561.060253
2008.0000     -733440.308384
2012.0000     -733195.128692
2016.0000     -732925.294801
2020.0000     -733699.960038
2024.0000     -733642.735796
2028.0000     -733410.402349
2032.0000     -734032.443821
2036.0000     -733211.168761
2040.0000     -733369.616434
2044.0000     -733646.747217
2048.0000     -732546.150045
2052.0000     -733676.748688
2056.0000     -734111.568926
2060.0000     -733005.653859
2064.0000     -733026.442391
2068.0000     -733400.823650
2072.0000     -733618.227422
2076.0000     -733683.945569
2080.0000     -733478.628414
2084.0000     -734256.513564
2088.0000     -734102.205454
2092.0000     -733332.968928
2096.0000     -733304.227517
2100.0000     -733793.946912
2104.0000     -732728.979879
2108.0000     -733930.713636
2112.0000     -734452.498784
2116.0000     -733242.099236
2120.0000     -733331.608148
2124.0000     -733181.608086
2128.0000     -733243.229233
2132.0000     -733306.688078
2136.0000     -733561.112062
2140.0000     -732721.103609
2144.0000     -732904.625361
2148.0000     -733075.947646
2152.0000     -733775.394118
2156.0000     -733319.058799
2160.0000     -733959.760034
2164.0000     -733378.046570
2168.0000     -733293.508932
2172.0000     -733780.098371
2176.0000     -733324.349454
2180.0000     -732935.428935
2184.0000     -733953.078635
2188.0000     -733637.080167
2192.0000     -733894.310910
2196.0000     -733082.103584
2200.0000     -733547.536429
2204.0000     -733567.566422
2208.0000     -733034.274611
2212.0000     -734079.570715
2216.0000     -733421.165188
2220.0000     -733440.551626
2224.0000     -733677.366250
2228.0000     -733374.780840
2232.0000     -733063.606481
2236.0000     -733216.258989
2240.0000     -733204.062444
2244.0000     -733526.399291
2248.0000     -733879.883609
2252.0000     -734301.895483
2256.0000     -733143.739529
2260.0000     -733424.398975
2264.0000     -733447.392007
2268.0000     -733472.291794
2272.0000     -733031.844436
2276.0000     -733605.072351
2280.0000     -733881.143482
2284.0000     -733364.440222
2288.0000     -733574.316453
2292.0000     -734442.828244
2296.0000     -733037.862897
2300.0000     -733740.424953
2304.0000     -732500.962545
2308.0000     -733369.696337
2312.0000     -734398.334676
2316.0000     -733527.572357
2320.0000     -733639.052142
2324.0000     -733420.335528
2328.0000     -733469.794508
2332.0000     -733472.189408
2336.0000     -733009.188785
2340.0000     -732828.900022
2344.0000     -733106.674338
2348.0000     -733247.699835
2352.0000     -734026.554527
2356.0000     -733801.027784
2360.0000     -733054.961934
2364.0000     -733316.790975
2368.0000     -733506.114592
2372.0000     -733313.420234
2376.0000     -733283.413085
2380.0000     -733291.190159
2384.0000     -734213.346136
2388.0000     -733579.766424
2392.0000     -733667.930878
2396.0000     -733301.066766
2400.0000     -733940.070239
2404.0000     -733624.582721
2408.0000     -733017.926002
2412.0000     -733337.750906
2416.0000     -733021.710974
2420.0000     -733983.980268
2424.0000     -734486.077216
2428.0000     -734280.982381
2432.0000     -733998.856036
2436.0000     -733847.903020
2440.0000     -734675.069530
2444.0000     -733182.750076
2448.0000     -733623.785726
2452.0000     -732823.099208
2456.0000     -734189.936921
2460.0000     -733127.915549
2464.0000     -733387.270673
2468.0000     -732831.793745
2472.0000     -733832.610085
2476.0000     -733856.397489
2480.0000     -732749.051112
2484.0000     -733170.622125
2488.0000     -734584.804458
2492.0000     -733835.833786
2496.0000     -733308.322459
2500.0000     -734214.290876
2504.0000     -733560.057077
2508.0000     -733863.360531
2512.0000     -733911.713769
2516.0000     -733207.926436
2520.0000     -733097.176154
2524.0000     -733766.020580
2528.0000     -733095.353831
2532.0000     -733093.815577
2536.0000     -733600.501262
2540.0000     -733485.088753
2544.0000     -733008.750595
2548.0000     -733654.681266
2552.0000     -733622.460160
2556.0000     -733074.351976
2560.0000     -733275.613021
2564.0000     -733287.818494
2568.0000     -733530.445210
2572.0000     -733084.844791
2576.0000     -733838.879589
2580.0000     -733444.083680
2584.0000     -733422.938234
2588.0000     -732674.024636
2592.0000     -733790.858945
2596.0000     -732662.798643
2600.0000     -733627.547605
2604.0000     -733677.721672
2608.0000     -733290.880690
2612.0000     -733345.145155
2616.0000     -733475.692455
2620.0000     -733580.295754
2624.0000     -733891.440256
2628.0000     -733137.048764
2632.0000     -733892.510059
2636.0000     -734109.265055
2640.0000     -733783.073869
2644.0000     -734139.918330
2648.0000     -733776.004039
2652.0000     -733603.674113
2656.0000     -733766.183157
2660.0000     -734191.879013
2664.0000     -733735.499556
2668.0000     -733542.431779
2672.0000     -733206.731472
2676.0000     -733403.016111
2680.0000     -733502.323827
2684.0000     -734056.561047
2688.0000     -734344.853248
2692.0000     -733919.775066
2696.0000     -733863.346810
2700.0000     -734259.596897
2704.0000     -733550.632605
2708.0000     -734161.145701
2712.0000     -733461.490588
2716.0000     -733972.612574
2720.0000     -733773.599184
2724.0000     -733401.267937
2728.0000     -732935.112834
2732.0000     -734150.374346
2736.0000     -733493.375889
2740.0000     -733524.831480
2744.0000     -733389.685136
2748.0000     -734002.830241
2752.0000     -734114.486676
2756.0000     -734033.298306
2760.0000     -733829.454111
2764.0000     -734152.031951
2768.0000     -734345.617543
2772.0000     -734376.077903
2776.0000     -733632.419081
2780.0000     -734199.283060
2784.0000     -733842.201039
2788.0000     -734350.330951
2792.0000     -734330.329189
2796.0000     -733723.125954
2800.0000     -733779.607986
2804.0000     -732843.233014
2808.0000     -733573.702544
2812.0000     -733640.946934
2816.0000     -734220.175654
2820.0000     -734747.758027
2824.0000     -734380.861344
2828.0000     -734699.114874
2832.0000     -733640.830976
2836.0000     -733026.173154
2840.0000     -732591.055504
2844.0000     -733637.472689
2848.0000     -734081.172953
2852.0000     -734278.715970
2856.0000     -734113.336484
2860.0000     -734529.909666
2864.0000     -734365.560108
2868.0000     -734183.550476
2872.0000     -733510.782724
2876.0000     -733617.512349
2880.0000     -733683.024555
2884.0000     -732166.225710
2888.0000     -734182.881206
2892.0000     -733678.910912
2896.0000     -733574.287142
2900.0000     -733762.311971
2904.0000     -733934.894923
2908.0000     -733935.886957
2912.0000     -733907.530398
2916.0000     -734377.843694
2920.0000     -734229.339105
2924.0000     -733893.471414
2928.0000     -733288.831178
2932.0000     -734196.579032
2936.0000     -733889.425925
2940.0000     -734389.698177
2944.0000     -732921.462538
2948.0000     -735157.806222
2952.0000     -734525.181131
2956.0000     -733735.430052
2960.0000     -733614.255204
2964.0000     -732567.184220
2968.0000     -733652.218537
2972.0000     -733973.840160
2976.0000     -733662.886260
2980.0000     -733712.829445
2984.0000     -733054.514341
2988.0000     -732923.240868
2992.0000     -733237.029795
2996.0000     -733574.939651
3000.0000     -733939.377403
3004.0000     -733799.142619
3008.0000     -733275.674464
3012.0000     -733217.275361
3016.0000     -733620.135278
3020.0000     -733409.829784
3024.0000     -732987.542134
3028.0000     -733525.651768
3032.0000     -732878.037966
3036.0000     -733431.821446
3040.0000     -733741.197378
3044.0000     -733560.096787
3048.0000     -733584.688102
3052.0000     -733527.551357
3056.0000     -733391.389615
3060.0000     -733491.577448
3064.0000     -734173.792563
3068.0000     -732944.860391
3072.0000     -733925.044302
3076.0000     -733637.152659
3080.0000     -733715.176416
3084.0000     -733312.361460
3088.0000     -734237.994878
3092.0000     -733494.118756
3096.0000     -733439.320487
3100.0000     -734060.324992
3104.0000     -733501.545481
3108.0000     -734529.492284
3112.0000     -733313.644646
3116.0000     -733552.372481
3120.0000     -733150.311663
3124.0000     -733540.489561
3128.0000     -733906.291020
3132.0000     -732738.344391
3136.0000     -734220.596869
3140.0000     -733282.127757
3144.0000     -733946.428971
3148.0000     -733418.153169
3152.0000     -734109.128649
3156.0000     -734034.031158
3160.0000     -733298.935782
3164.0000     -733442.911089
3168.0000     -733440.950820
3172.0000     -733677.227932
3176.0000     -734151.593139
3180.0000     -733717.097951
3184.0000     -734218.121932
3188.0000     -734081.198267
3192.0000     -733515.364423
3196.0000     -734114.287434
3200.0000     -734142.992001
3204.0000     -733408.683560
3208.0000     -733252.374377
3212.0000     -734703.416023
3216.0000     -734358.609125
3220.0000     -733736.958112
3224.0000     -733399.458574
3228.0000     -733769.541783
3232.0000     -733486.664632
3236.0000     -733562.598664
3240.0000     -733355.982664
3244.0000     -732970.050089
3248.0000     -734607.023889
3252.0000     -733357.761818
3256.0000     -734049.731524
3260.0000     -733854.560792
3264.0000     -733973.483938
3268.0000     -733878.568203
3272.0000     -733583.072369
3276.0000     -733367.196652
3280.0000     -733797.684662
3284.0000     -733652.037002
3288.0000     -732909.656636
3292.0000     -733558.101500
3296.0000     -734718.037320
3300.0000     -733505.486197
3304.0000     -733893.572961
3308.0000     -733667.429083
3312.0000     -733140.141948
3316.0000     -733369.826075
3320.0000     -734041.514908
3324.0000     -734156.995490
3328.0000     -733944.257513
3332.0000     -734140.686283
3336.0000     -733035.665216
3340.0000     -733352.277888
3344.0000     -733668.781305
3348.0000     -733844.852404
3352.0000     -733231.743367
3356.0000     -733748.939763
3360.0000     -732836.045811
3364.0000     -734611.151221
3368.0000     -734021.531354
3372.0000     -733528.937016
3376.0000     -733344.045577
3380.0000     -733657.364862
3384.0000     -733248.100930
3388.0000     -733814.725886
3392.0000     -734208.514402
3396.0000     -732588.069202
3400.0000     -733627.170288
3404.0000     -733898.313790
3408.0000     -733235.428406
3412.0000     -733774.638940
3416.0000     -733944.136647
3420.0000     -733760.880198
3424.0000     -732631.915440
3428.0000     -733694.132325
3432.0000     -733725.860969
3436.0000     -734036.967576
3440.0000     -733229.297226
3444.0000     -733840.628166
3448.0000     -734387.393196
3452.0000     -733707.798835
3456.0000     -732994.179530
3460.0000     -733837.739288
3464.0000     -733738.710111
3468.0000     -734739.476176
3472.0000     -733808.777085
3476.0000     -734203.594238
3480.0000     -734331.021863
3484.0000     -733201.107994
3488.0000     -733291.428929
3492.0000     -734110.010448
3496.0000     -733329.365223
3500.0000     -733227.656616
3504.0000     -734555.208131
3508.0000     -732686.607331
3512.0000     -734294.514054
3516.0000     -734661.731209
3520.0000     -733935.275983
3524.0000     -733267.121057
3528.0000     -733833.267597
3532.0000     -733486.737803
3536.0000     -733654.389471
3540.0000     -733591.937088
3544.0000     -734385.633462
3548.0000     -732636.379867
3552.0000     -734112.285043
3556.0000     -734013.840671
3560.0000     -733775.106095
3564.0000     -734038.819132
3568.0000     -733851.023006
3572.0000     -733255.967629
3576.0000     -734019.930636
3580.0000     -733556.536907
3584.0000     -734034.844243
3588.0000     -733481.498195
3592.0000     -733727.756501
3596.0000     -732850.955002
3600.0000     -733212.038221
3604.0000     -734224.287066
3608.0000     -733433.714381
3612.0000     -733868.769441
3616.0000     -733419.055344
3620.0000     -733096.649537
3624.0000     -733792.164746
3628.0000     -733817.031842
3632.0000     -733445.244313
3636.0000     -734190.091958
3640.0000     -734448.375121
3644.0000     -733350.159450
3648.0000     -734698.637898
3652.0000     -734039.082002
3656.0000     -733789.173696
3660.0000     -734048.307774
3664.0000     -734963.617664
3668.0000     -733002.050084
3672.0000     -734077.359877
3676.0000     -733940.354116
3680.0000     -733837.106768
3684.0000     -732978.315671
3688.0000     -733323.558690
3692.0000     -734348.692024
3696.0000     -734716.133047
3700.0000     -733894.857508
3704.0000     -734564.902422
3708.0000     -734364.208490
3712.0000     -733857.614267
3716.0000     -733680.424212
3720.0000     -734817.804784
3724.0000     -733670.747272
3728.0000     -734106.587057
3732.0000     -732522.360068
3736.0000     -733100.330886
3740.0000     -734228.066462
3744.0000     -733555.058355
3748.0000     -733262.938824
3752.0000     -733187.550164
3756.0000     -733867.579247
3760.0000     -733842.197867
3764.0000     -733930.774934
3768.0000     -734013.274480
3772.0000     -733642.438928
3776.0000     -733963.979639
3780.0000     -733014.357293
3784.0000     -733656.773407
3788.0000     -732955.310133
3792.0000     -733458.224276
3796.0000     -733477.228419
3800.0000     -733498.545080
3804.0000     -733104.318188
3808.0000     -733598.221287
3812.0000     -733519.519181
3816.0000     -733303.999828
3820.0000     -734617.576478
3824.0000     -733706.518088
3828.0000     -733096.636605
3832.0000     -733202.878873
3836.0000     -733351.513230
3840.0000     -734092.351118
3844.0000     -733888.851696
3848.0000     -734223.001013
3852.0000     -733999.913291
3856.0000     -734687.815364
3860.0000     -735146.979531
3864.0000     -733723.421066
3868.0000     -734241.853899
3872.0000     -733839.450701
3876.0000     -733376.014106
3880.0000     -733895.851114
3884.0000     -735161.843574
3888.0000     -733769.963211
3892.0000     -734132.936791
3896.0000     -733732.307525
3900.0000     -734486.003010
3904.0000     -734266.270188
3908.0000     -733731.944040
3912.0000     -734311.227716
3916.0000     -734252.857209
3920.0000     -733505.492342
3924.0000     -733238.732676
3928.0000     -732877.454377
3932.0000     -734218.083917
3936.0000     -733534.048762
3940.0000     -733372.220288
3944.0000     -733969.133738
3948.0000     -733143.431731
3952.0000     -734129.877947
3956.0000     -734113.501827
3960.0000     -732914.667443
3964.0000     -733855.778788
3968.0000     -734021.694395
3972.0000     -734276.316110
3976.0000     -734835.570032
3980.0000     -733763.880666
3984.0000     -734460.803891
3988.0000     -733896.138239
3992.0000     -734040.409610
3996.0000     -734639.955874
4000.0000     -734517.821068
4004.0000     -734517.821068
