4.0000     -733018.123285
8.0000     -733168.942417
12.0000     -733063.837892
16.0000     -732977.487567
20.0000     -733417.517308
24.0000     -732761.927882
28.0000     -732886.545826
32.0000     -733171.473804
36.0000     -733405.190672
40.0000     -732722.909062
44.0000     -731549.321027
48.0000     -732392.056041
52.0000     -732824.888960
56.0000     -732842.611012
60.0000     -732871.803647
64.0000     -733459.012163
68.0000     -733460.810033
72.0000     -733736.969124
76.0000     -732593.871198
80.0000     -732619.215896
84.0000     -733629.710745
88.0000     -733580.706505
92.0000     -732662.288181
96.0000     -733591.010952
100.0000     -732430.633323
104.0000     -732820.987526
108.0000     -733343.467268
112.0000     -733572.700055
116.0000     -733705.595462
120.0000     -733300.487061
124.0000     -733706.779905
128.0000     -733716.955921
132.0000     -734730.843900
136.0000     -734366.407139
140.0000     -733429.130064
144.0000     -733798.337050
148.0000     -733026.923456
152.0000     -732928.555220
156.0000     -733609.548895
160.0000     -732638.932160
164.0000     -733544.653562
168.0000     -732866.802541
172.0000     -733142.903351
176.0000     -732685.901671
180.0000     -733151.836407
184.0000     -733755.192773
188.0000     -733507.393533
192.0000     -733716.667103
196.0000     -732629.460318
200.0000     -733284.598607
204.0000     -733209.854486
208.0000     -733749.632914
212.0000     -733447.583359
216.0000     -733458.781770
220.0000     -733796.015159
224.0000     -733775.004380
228.0000     -733602.280578
232.0000     -733169.050726
236.0000     -733884.215547
240.0000     -733079.387763
244.0000     -733539.947286
248.0000     -733294.623975
252.0000     -733443.010632
256.0000     -733374.463791
260.0000     -733725.029521
264.0000     -733714.524422
268.0000     -733974.634419
272.0000     -733448.899103
276.0000     -732913.785483
280.0000     -733016.569920
284.0000     -733830.554536
288.0000     -734370.025700
292.0000     -734194.463101
296.0000     -734745.025478
300.0000     -733299.006668
304.0000     -733617.848356
308.0000     -733303.870141
312.0000     -734010.976915
316.0000     -733434.379204
320.0000     -732902.352679
324.0000     -733414.670350
328.0000     -732653.584616
332.0000     -733110.791246
336.0000     -734018.944613
340.0000     -733519.782175
344.0000     -732372.834927
348.0000     -732914.983872
352.0000     -733090.374661
356.0000     -733260.369789
360.0000     -733179.492893
364.0000     -732328.823622
368.0000     -733721.826085
372.0000     -733654.959108
376.0000     -733019.252147
380.0000     -733511.643595
384.0000     -733317.714653
388.0000     -733790.596471
392.0000     -733484.996971
396.0000     -733285.234784
400.0000     -733586.074694
404.0000     -733246.207205
408.0000     -733283.776779
412.0000     -734033.776978
416.0000     -733496.137759
420.0000     -733767.908756
424.0000     -733581.944647
428.0000     -733203.817713
432.0000     -733553.125713
436.0000     -733756.822441
440.0000     -733736.811609
444.0000     -733335.435765
448.0000     -733867.299761
452.0000     -732572.720863
456.0000     -732528.757194
460.0000     -734090.839185
464.0000     -732937.959447
468.0000     -733216.754865
472.0000     -733652.440467
476.0000     -733769.195445
480.0000     -733119.762781
484.0000     -733661.140175
488.0000     -733843.820712
492.0000     -733057.243304
496.0000     -732752.890600
500.0000     -733358.698754
504.0000     -733522.843523
508.0000     -733748.797819
512.0000     -733358.201327
516.0000     -733406.222245
520.0000     -733655.270232
524.0000     -733368.730797
528.0000     -734427.565249
532.0000     -733429.070380
536.0000     -733113.423792
540.0000     -733534.207534
544.0000     -733202.165011
548.0000     -734117.012902
552.0000     -733272.289017
556.0000     -733455.005548
560.0000     -733734.214855
564.0000     -733265.697260
568.0000     -733263.693597
572.0000     -733162.853025
576.0000     -733268.803780
580.0000     -732777.462315
584.0000     -733277.742482
588.0000     -733372.847390
592.0000     -733706.215099
596.0000     -733430.202994
600.0000     -734205.538166
604.0000     -733662.598940
608.0000     -733312.098773
612.0000     -733444.322015
616.0000     -733544.495957
620.0000     -732717.191143
624.0000     -732461.464325
628.0000     -733097.985576
632.0000     -732175.322645
636.0000     -732370.916189
640.0000     -732895.370762
644.0000     -734010.191415
648.0000     -733544.545800
652.0000     -733321.464722
656.0000     -733306.773146
660.0000     -732872.714664
664.0000     -733233.075496
668.0000     -732969.123191
672.0000     -733165.226208
676.0000     -733183.173144
680.0000     -733120.387723
684.0000     -733143.213398
688.0000     -733837.977855
692.0000     -733042.817676
696.0000     -734042.609437
700.0000     -733645.689100
704.0000     -732906.092726
708.0000     -733411.808631
712.0000     -733319.937975
716.0000     -733453.247948
720.0000     -733461.415331
724.0000     -733033.042652
728.0000     -733168.392683
732.0000     -733467.258442
736.0000     -733941.524328
740.0000     -733164.163957
744.0000     -732433.202466
748.0000     -733005.079404
752.0000     -732968.330372
756.0000     -732467.853467
760.0000     -734124.567504
764.0000     -733326.293309
768.0000     -733230.412609
772.0000     -733283.324389
776.0000     -733133.140677
780.0000     -732930.272278
784.0000     -733346.052217
788.0000     -733563.006046
792.0000     -732888.986483
796.0000     -733777.033492
800.0000     -733869.711558
804.0000     -733365.723875
808.0000     -733059.817036
812.0000     -733734.578278
816.0000     -732953.355310
820.0000     -733058.045826
824.0000     -733470.797473
828.0000     -733683.337009
832.0000     -732377.662267
836.0000     -733198.351886
840.0000     -733682.577151
844.0000     -733152.227850
848.0000     -733833.086042
852.0000     -732412.479941
856.0000     -733161.800788
860.0000     -733781.275113
864.0000     -733877.895492
868.0000     -733538.497627
872.0000     -733149.573071
876.0000     -733977.545011
880.0000     -732928.818712
884.0000     -733799.889302
888.0000     -733873.827786
892.0000     -733550.828328
896.0000     -733327.434540
900.0000     -733353.413409
904.0000     -732542.065586
908.0000     -732918.512972
912.0000     -733766.261357
916.0000     -733046.298571
920.0000     -733133.939210
924.0000     -733775.369437
928.0000     -733510.597433
932.0000     -733786.142386
936.0000     -732956.534231
940.0000     -733497.741858
944.0000     -733649.069480
948.0000     -733050.461318
952.0000     -732701.434116
956.0000     -732707.701983
960.0000     -733307.269264
964.0000     -733843.893098
968.0000     -733707.413562
972.0000     -733579.682595
976.0000     -733451.341908
980.0000     -734522.739461
984.0000     -733455.025858
988.0000     -733884.223042
992.0000     -733973.455685
996.0000     -733141.661261
1000.0000     -732517.610384
1004.0000     -733887.432534
1008.0000     -733713.955099
1012.0000     -733806.572846
1016.0000     -733594.469943
1020.0000     -733027.952488
1024.0000     -733611.535822
1028.0000     -733642.166721
1032.0000     -734070.051276
1036.0000     -733170.624546
1040.0000     -733602.265169
1044.0000     -733784.586989
1048.0000     -734177.132061
1052.0000     -733635.046856
1056.0000     -733971.140870
1060.0000     -733877.227930
1064.0000     -733365.297805
1068.0000     -733504.060250
1072.0000     -733450.963380
1076.0000     -733748.279530
1080.0000     -732870.268832
1084.0000     -733512.988263
1088.0000     -733510.220561
1092.0000     -733141.224147
1096.0000     -733275.201913
1100.0000     -733775.042507
1104.0000     -733679.903544
1108.0000     -733400.762917
1112.0000     -733477.090831
1116.0000     -733386.618252
1120.0000     -733430.447802
1124.0000     -733604.530245
1128.0000     -732961.605008
1132.0000     -734009.180234
1136.0000     -733715.385306
1140.0000     -734564.071624
1144.0000     -733928.859084
1148.0000     -733403.894881
1152.0000     -734099.392700
1156.0000     -734060.527715
1160.0000     -733515.209235
1164.0000     -733671.525391
1168.0000     -733866.604452
1172.0000     -732889.923781
1176.0000     -733567.854794
1180.0000     -734004.441253
1184.0000     -733164.200274
1188.0000     -732871.505566
1192.0000     -733293.650190
1196.0000     -734027.735384
1200.0000     -733431.597299
1204.0000     -733617.393147
1208.0000     -732713.157277
1212.0000     -732904.912175
1216.0000     -733782.400382
1220.0000     -733973.588218
1224.0000     -733243.673071
1228.0000     -734478.191693
1232.0000     -733371.103968
1236.0000     -733627.817379
1240.0000     -733231.226665
1244.0000     -733312.563184
1248.0000     -732881.970826
1252.0000     -733924.334123
1256.0000     -733937.134173
1260.0000     -734053.156371
1264.0000     -733191.022184
1268.0000     -733135.846688
1272.0000     -734119.388306
1276.0000     -733363.318798
1280.0000     -733935.566704
1284.0000     -733762.478856
1288.0000     -733246.770650
1292.0000     -733360.300845
1296.0000     -733928.259580
1300.0000     -733113.736804
1304.0000     -733192.936073
1308.0000     -733196.765021
1312.0000     -733136.042850
1316.0000     -732658.815177
1320.0000     -733213.601338
1324.0000     -734111.772337
1328.0000     -733816.062634
1332.0000     -733307.464233
1336.0000     -733643.255653
1340.0000     -733319.377787
1344.0000     -733010.210716
1348.0000     -733034.221438
1352.0000     -733792.953128
1356.0000     -734538.999004
1360.0000     -733047.475396
1364.0000     -732915.681954
1368.0000     -733885.147167
1372.0000     -733408.670308
1376.0000     -733240.648665
1380.0000     -733109.721410
1384.0000     -733957.554788
1388.0000     -733682.932047
1392.0000     -733985.190218
1396.0000     -734216.138855
1400.0000     -733574.095068
1404.0000     -733436.015587
1408.0000     -733153.570245
1412.0000     -734348.189222
1416.0000     -733405.253368
1420.0000     -733777.283788
1424.0000     -733408.495288
1428.0000     -733836.083704
1432.0000     -733712.998718
1436.0000     -734081.773103
1440.0000     -733228.752916
1444.0000     -733400.002931
1448.0000     -733131.813595
1452.0000     -733279.449007
1456.0000     -733147.315967
1460.0000     -734015.632298
1464.0000     -734348.875841
1468.0000     -733438.665732
1472.0000     -733864.152658
1476.0000     -733063.141826
1480.0000     -733348.353034
1484.0000     -733911.406402
1488.0000     -734196.642603
1492.0000     -733412.604248
1496.0000     -733815.425428
1500.0000     -734135.075448
1504.0000     -733170.208116
1508.0000     -733407.997176
1512.0000     -732662.353182
1516.0000     -733510.798740
1520.0000     -733373.519781
1524.0000     -734398.308881
1528.0000     -732992.112331
1532.0000     -732856.248192
1536.0000     -733742.658892
1540.0000     -733883.245361
1544.0000     -734178.181945
1548.0000     -733286.827523
1552.0000     -733698.562265
1556.0000     -733542.568266
1560.0000     -733184.384300
1564.0000     -733168.104743
1568.0000     -733473.707203
1572.0000     -733187.149760
1576.0000     -733135.134686
1580.0000     -732980.708957
1584.0000     -733782.380546
1588.0000     -733831.791729
1592.0000     -733274.957903
1596.0000     -733968.523847
1600.0000     -734429.130396
1604.0000     -733909.695942
1608.0000     -732701.317795
1612.0000     -733825.476941
1616.0000     -733428.919084
1620.0000     -733930.868742
1624.0000     -733454.875748
1628.0000     -733157.097029
1632.0000     -733676.392336
1636.0000     -733931.395962
1640.0000     -733406.302263
1644.0000     -733161.705014
1648.0000     -732616.540805
1652.0000     -733228.857498
1656.0000     -733503.345267
1660.0000     -733008.013008
1664.0000     -733314.984423
1668.0000     -733154.089741
1672.0000     -733831.111540
1676.0000     -732750.231771
1680.0000     -733437.402644
1684.0000     -733563.876643
1688.0000     -733510.779708
1692.0000     -732803.096449
1696.0000     -733816.793201
1700.0000     -733530.868858
1704.0000     -733302.834359
1708.0000     -732933.863358
1712.0000     -733185.155050
1716.0000     -733301.261633
1720.0000     -733660.738591
1724.0000     -734051.055572
1728.0000     -733864.584413
1732.0000     -733191.547443
1736.0000     -733180.697750
1740.0000     -733582.381794
1744.0000     -733253.417509
1748.0000     -733935.489553
1752.0000     -733442.927139
1756.0000     -733563.298458
1760.0000     -734351.166516
1764.0000     -733576.151181
1768.0000     -733900.052608
1772.0000     -733059.808208
1776.0000     -733652.147402
1780.0000     -733724.720890
1784.0000     -733030.340887
1788.0000     -733527.352118
1792.0000     -733125.567532
1796.0000     -733805.920927
1800.0000     -733564.397140
1804.0000     -733255.318671
1808.0000     -733862.959089
1812.0000     -733398.480372
1816.0000     -733187.452924
1820.0000     -733844.765024
1824.0000     -733471.227761
1828.0000     -733332.788478
1832.0000     -733462.246145
1836.0000     -733835.343816
1840.0000     -732766.211546
1844.0000     -733036.977446
1848.0000     -732945.415438
1852.0000     -734167.155394
1856.0000     -733272.624813
1860.0000     -732842.927198
1864.0000     -733318.237398
1868.0000     -733145.390446
1872.0000     -733898.353252
1876.0000     -733607.697481
1880.0000     -733486.273496
1884.0000     -733986.179695
1888.0000     -733570.343216
1892.0000     -733459.235323
1896.0000     -734164.591171
1900.0000     -732875.664080
1904.0000     -733404.582801
1908.0000     -732549.349202
1912.0000     -733372.987412
1916.0000     -733152.329563
1920.0000     -732768.674501
1924.0000     -733211.383612
1928.0000     -732980.621968
1932.0000     -733351.924527
1936.0000     -733123.453297
1940.0000     -732083.630951
1944.0000     -733226.884892
1948.0000     -733074.797242
1952.0000     -733591.603445
1956.0000     -733250.554086
1960.0000     -733548.887712
1964.0000     -733256.900238
1968.0000     -733510.921007
1972.0000     -733508.673459
1976.0000     -733898.832730
1980.0000     -733496.429962
1984.0000     -733392.397800
1988.0000     -734009.146356
1992.0000     -733209.748420
1996.0000     -733178.099151
2000.0000     -733869.732012
2004.0000     -732916.223382
2008.0000     -733558.851769
2012.0000     -733971.331235
2016.0000     -733764.802669
2020.0000     -733177.970405
2024.0000     -733212.422034
2028.0000     -733672.051073
2032.0000     -733682.771881
2036.0000     -733520.675159
2040.0000     -733904.243558
2044.0000     -734333.186074
2048.0000     -733151.931165
2052.0000     -733667.365812
2056.0000     -733357.309547
2060.0000     -733560.301289
2064.0000     -733121.339282
2068.0000     -733509.573125
2072.0000     -733409.290523
2076.0000     -733066.845663
2080.0000     -733680.290878
2084.0000     -733875.156730
2088.0000     -733726.574465
2092.0000     -733789.967401
2096.0000     -733972.774039
2100.0000     -733583.417717
2104.0000     -733881.675516
2108.0000     -733537.441147
2112.0000     -733819.578442
2116.0000     -733694.017618
2120.0000     -733230.471158
2124.0000     -733451.409522
2128.0000     -733170.264427
2132.0000     -733356.081275
2136.0000     -732665.450160
2140.0000     -733167.688818
2144.0000     -733911.341636
2148.0000     -733581.272096
2152.0000     -734620.092556
2156.0000     -733775.881081
2160.0000     -732940.515291
2164.0000     -732985.521973
2168.0000     -733460.049336
2172.0000     -733621.236814
2176.0000     -733543.951478
2180.0000     -733258.313514
2184.0000     -733340.246519
2188.0000     -733482.180330
2192.0000     -733173.316341
2196.0000     -732844.959853
2200.0000     -733631.939802
2204.0000     -734239.656819
2208.0000     -734139.878683
2212.0000     -731931.178314
2216.0000     -733525.940211
2220.0000     -733899.760854
2224.0000     -733336.587775
2228.0000     -733503.946975
2232.0000     -733883.074530
2236.0000     -733309.431658
2240.0000     -733708.889267
2244.0000     -734073.756569
2248.0000     -733803.059669
2252.0000     -733577.477154
2256.0000     -733308.087255
2260.0000     -733244.665794
2264.0000     -733648.530479
2268.0000     -734194.050724
2272.0000     -733658.709971
2276.0000     -734206.939806
2280.0000     -731798.706536
2284.0000     -733001.212926
2288.0000     -733680.842394
2292.0000     -733291.166561
2296.0000     -733037.972609
2300.0000     -734035.685009
2304.0000     -733856.932181
2308.0000     -734104.667842
2312.0000     -733398.031423
2316.0000     -733899.919218
2320.0000     -733346.181613
2324.0000     -733039.494734
2328.0000     -732837.322174
2332.0000     -733275.782060
2336.0000     -734381.458785
2340.0000     -734453.494603
2344.0000     -734017.678899
2348.0000     -732897.057321
2352.0000     -733099.238163
2356.0000     -732845.544232
2360.0000     -732770.107532
2364.0000     -733292.703904
2368.0000     -733313.508426
2372.0000     -733281.576375
2376.0000     -733687.474311
2380.0000     -733470.809155
2384.0000     -733551.330276
2388.0000     -733394.031440
2392.0000     -733770.272683
2396.0000     -733537.604977
2400.0000     -733974.421667
2404.0000     -733401.520880
2408.0000     -734113.887022
2412.0000     -734257.353732
2416.0000     -734249.690515
2420.0000     -732756.462012
2424.0000     -733407.692261
2428.0000     -733822.709567
2432.0000     -733861.072530
2436.0000     -733202.320754
2440.0000     -732905.952112
2444.0000     -734373.089831
2448.0000     -733436.859761
2452.0000     -734077.813724
2456.0000     -733101.675942
2460.0000     -734209.538848
2464.0000     -733868.503617
2468.0000     -733177.926073
2472.0000     -733362.400634
2476.0000     -733628.166939
2480.0000     -734610.700761
2484.0000     -734010.815602
2488.0000     -733621.092989
2492.0000     -733864.932013
2496.0000     -733701.117687
2500.0000     -733499.509712
2504.0000     -733873.065289
2508.0000     -733813.241843
2512.0000     -734439.164741
2516.0000     -733255.437154
2520.0000     -733479.148324
2524.0000     -732880.190486
2528.0000     -732863.365726
2532.0000     -733253.787955
2536.0000     -734618.561172
2540.0000     -734214.540726
2544.0000     -733359.695479
2548.0000     -734249.099100
2552.0000     -734286.849151
2556.0000     -733965.602672
2560.0000     -734299.223299
2564.0000     -733277.143763
2568.0000     -733360.819765
2572.0000     -733523.890223
2576.0000     -733331.627885
2580.0000     -734345.260020
2584.0000     -733759.208926
2588.0000     -733488.310505
2592.0000     -733875.944313
2596.0000     -733297.633500
2600.0000     -733493.581254
2604.0000     -734393.247502
2608.0000     -733556.345665
2612.0000     -733495.791083
2616.0000     -733031.826231
2620.0000     -733542.915315
2624.0000     -733821.532866
2628.0000     -734369.563356
2632.0000     -733868.694642
2636.0000     -734127.971696
2640.0000     -733791.644343
2644.0000     -733156.363752
2648.0000     -732763.724912
2652.0000     -733226.080301
2656.0000     -733440.298761
2660.0000     -734437.935678
2664.0000     -733548.644962
2668.0000     -733649.468320
2672.0000     -734345.368495
2676.0000     -733461.250118
2680.0000     -733985.358843
2684.0000     -733811.009361
2688.0000     -733382.157726
2692.0000     -734382.903346
2696.0000     -733454.878524
2700.0000     -733047.343507
2704.0000     -734294.401246
2708.0000     -733674.351025
2712.0000     -733466.736303
2716.0000     -734616.993314
2720.0000     -733353.617925
2724.0000     -734101.853973
2728.0000     -734134.872899
2732.0000     -734407.426273
2736.0000     -733157.870080
2740.0000     -734155.255744
2744.0000     -734167.840710
2748.0000     -733984.208985
2752.0000     -733928.291437
2756.0000     -734039.097379
2760.0000     -733994.798647
2764.0000     -734116.350456
2768.0000     -733555.958643
2772.0000     -734113.231653
2776.0000     -734199.932396
2780.0000     -733451.469787
2784.0000     -733603.422297
2788.0000     -734108.685125
2792.0000     -733258.541458
2796.0000     -733569.652293
2800.0000     -732844.424588
2804.0000     -733948.233829
2808.0000     -733799.466330
2812.0000     -733827.807096
2816.0000     -732256.195233
2820.0000     -733188.655667
2824.0000     -733203.049967
2828.0000     -732557.918371
2832.0000     -733023.514270
2836.0000     -733825.071226
2840.0000     -733439.997426
2844.0000     -733910.559252
2848.0000     -733913.133073
2852.0000     -733037.687683
2856.0000     -734739.832419
2860.0000     -734467.787869
2864.0000     -733472.461760
2868.0000     -732970.511869
2872.0000     -734465.867697
2876.0000     -734478.085190
2880.0000     -734214.201072
2884.0000     -733548.016242
2888.0000     -733593.698031
2892.0000     -733280.685615
2896.0000     -733703.964942
2900.0000     -734055.801269
2904.0000     -733790.547966
2908.0000     -733747.555983
2912.0000     -734328.206214
2916.0000     -734108.415435
2920.0000     -734188.999790
2924.0000     -732735.105910
2928.0000     -733540.466267
2932.0000     -733654.404187
2936.0000     -733146.913045
2940.0000     -732857.859588
2944.0000     -733494.551183
2948.0000     -733410.453314
2952.0000     -733371.367916
2956.0000     -734033.062208
2960.0000     -734549.686916
2964.0000     -734775.261459
2968.0000     -734363.062676
2972.0000     -734096.657858
2976.0000     -734597.360911
2980.0000     -734352.577681
2984.0000     -733896.071223
2988.0000     -733632.348715
2992.0000     -733752.041645
2996.0000     -733183.498687
3000.0000     -733228.941627
3004.0000     -734257.059632
3008.0000     -733995.887311
3012.0000     -733441.140436
3016.0000     -733206.268768
3020.0000     -733964.427255
3024.0000     -733784.342990
3028.0000     -734547.026545
3032.0000     -733251.841607
3036.0000     -733339.738053
3040.0000     -734282.826267
3044.0000     -733727.350830
3048.0000     -733800.243632
3052.0000     -734162.289135
3056.0000     -733250.364082
3060.0000     -733728.583551
3064.0000     -734317.755967
3068.0000     -733297.626521
3072.0000     -733117.140658
3076.0000     -733679.106048
3080.0000     -734145.607909
3084.0000     -733914.208594
3088.0000     -733928.151935
3092.0000     -734091.871183
3096.0000     -734206.215322
3100.0000     -734493.724013
3104.0000     -734155.626461
3108.0000     -733280.082198
3112.0000     -733564.010831
3116.0000     -733730.325743
3120.0000     -734337.263503
3124.0000     -733574.696914
3128.0000     -733643.917835
3132.0000     -735249.643155
3136.0000     -733833.757976
3140.0000     -733946.785785
3144.0000     -733156.229718
3148.0000     -733704.084256
3152.0000     -733214.568210
3156.0000     -733691.744800
3160.0000     -734267.888269
3164.0000     -733597.749373
3168.0000     -733454.404069
3172.0000     -733208.132827
3176.0000     -733096.453020
3180.0000     -733113.483824
3184.0000     -733977.700556
3188.0000     -734637.118101
3192.0000     -733557.864102
3196.0000     -733539.331061
3200.0000     -734085.900484
3204.0000     -733691.489772
3208.0000     -733841.404776
3212.0000     -733366.484400
3216.0000     -733452.954881
3220.0000     -733377.963926
3224.0000     -733974.097538
3228.0000     -733754.814672
3232.0000     -734148.937930
3236.0000     -734202.908849
3240.0000     -733553.249662
3244.0000     -734159.627774
3248.0000     -734135.838762
3252.0000     -733165.679699
3256.0000     -733401.199088
3260.0000     -733619.421525
3264.0000     -733995.208326
3268.0000     -733524.636805
3272.0000     -733855.447069
3276.0000     -734519.427324
3280.0000     -733667.002062
3284.0000     -733970.129200
3288.0000     -733965.925260
3292.0000     -734052.829718
3296.0000     -734458.806009
3300.0000     -734171.265210
3304.0000     -733663.549195
3308.0000     -734321.028640
3312.0000     -734102.231855
3316.0000     -733150.520723
3320.0000     -733471.965500
3324.0000     -734195.227865
3328.0000     -733417.235937
3332.0000     -733716.033187
3336.0000     -733811.805281
3340.0000     -733807.704714
3344.0000     -733047.290360
3348.0000     -733548.059610
3352.0000     -732176.147688
3356.0000     -733178.608835
3360.0000     -733935.127502
3364.0000     -734033.494181
3368.0000     -733618.095140
3372.0000     -733864.518675
3376.0000     -733838.862946
3380.0000     -734598.551093
3384.0000     -734387.954772
3388.0000     -733768.115250
3392.0000     -734322.990012
3396.0000     -733502.491800
3400.0000     -733950.978277
3404.0000     -733476.659771
3408.0000     -733728.623680
3412.0000     -733912.546796
3416.0000     -734208.870069
3420.0000     -733427.139647
3424.0000     -733924.485245
3428.0000     -733616.563900
3432.0000     -734203.000029
3436.0000     -733658.897208
3440.0000     -734341.786327
3444.0000     -734104.212941
3448.0000     -733583.171596
3452.0000     -734334.846714
3456.0000     -733588.729538
3460.0000     -733351.552355
3464.0000     -733707.741728
3468.0000     -734087.155439
3472.0000     -733652.655674
3476.0000     -734214.909805
3480.0000     -733335.524182
3484.0000     -734529.275182
3488.0000     -733159.581646
3492.0000     -733391.851421
3496.0000     -733908.584784
3500.0000     -734408.439781
3504.0000     -734833.085897
3508.0000     -733630.660348
3512.0000     -734519.146492
3516.0000     -734018.443750
3520.0000     -734106.323729
3524.0000     -733468.048065
3528.0000     -734062.132263
3532.0000     -734210.540240
3536.0000     -734133.501518
3540.0000     -733716.360978
3544.0000     -733860.918477
3548.0000     -734133.274282
3552.0000     -733529.320623
3556.0000     -733413.611808
3560.0000     -733457.828533
3564.0000     -734130.638419
3568.0000     -734115.593711
3572.0000     -734104.310785
3576.0000     -733218.272737
3580.0000     -734206.551077
3584.0000     -733947.799018
3588.0000     -734297.236150
3592.0000     -733703.211732
3596.0000     -733868.002758
3600.0000     -733079.021162
3604.0000     -733973.059138
3608.0000     -733004.424815
3612.0000     -733998.590537
3616.0000     -734010.642249
3620.0000     -733902.066001
3624.0000     -733841.260303
3628.0000     -734184.996548
3632.0000     -734381.031960
3636.0000     -733846.529175
3640.0000     -734074.790291
3644.0000     -733896.718245
3648.0000     -733688.665095
3652.0000     -733046.409065
3656.0000     -734137.400046
3660.0000     -733287.528721
3664.0000     -732620.764067
3668.0000     -733149.227703
3672.0000     -734067.630027
3676.0000     -734386.427856
3680.0000     -732479.626276
3684.0000     -733691.868197
3688.0000     -734491.587318
3692.0000     -733976.823817
3696.0000     -733867.408314
3700.0000     -734278.009918
3704.0000     -734060.795430
3708.0000     -733744.241570
3712.0000     -733748.740777
3716.0000     -732769.299500
3720.0000     -733630.904920
3724.0000     -734136.472441
3728.0000     -733009.410252
3732.0000     -733740.653167
3736.0000     -732859.289774
3740.0000     -732737.333916
3744.0000     -734185.156468
3748.0000     -734048.076165
3752.0000     -733178.340936
3756.0000     -732723.370730
3760.0000     -733658.305483
3764.0000     -733643.354442
3768.0000     -734119.888212
3772.0000     -733819.904530
3776.0000     -734274.895879
3780.0000     -733849.708103
3784.0000     -733164.007844
3788.0000     -733870.858899
3792.0000     -733553.952337
3796.0000     -733053.692110
3800.0000     -733767.173617
3804.0000     -733798.966406
3808.0000     -733816.923833
3812.0000     -733647.894535
3816.0000     -733841.075066
3820.0000     -734159.851700
3824.0000     -732864.807650
3828.0000     -733587.099906
3832.0000     -734021.839109
3836.0000     -734061.940455
3840.0000     -733241.158688
3844.0000     -733243.602263
3848.0000     -732446.640942
3852.0000     -733266.225352
3856.0000     -733733.301732
3860.0000     -733789.342971
3864.0000     -733986.278344
3868.0000     -733163.889610
3872.0000     -733249.233329
3876.0000     -732862.317129
3880.0000     -733294.157824
3884.0000     -733570.277220
3888.0000     -733464.869393
3892.0000     -733723.910109
3896.0000     -733364.741841
3900.0000     -733714.881238
3904.0000     -734171.269386
3908.0000     -734133.287706
3912.0000     -733751.867396
3916.0000     -733557.038405
3920.0000     -733824.020010
3924.0000     -733943.052726
3928.0000     -733248.721746
3932.0000     -733820.541076
3936.0000     -734705.516028
3940.0000     -733830.205144
3944.0000     -734079.102681
3948.0000     -733442.137833
3952.0000     -733639.721882
3956.0000     -734027.206854
3960.0000     -733763.675025
3964.0000     -734206.876702
3968.0000     -733504.415878
3972.0000     -733988.845602
3976.0000     -733552.732645
3980.0000     -734197.351653
3984.0000     -733255.211989
3988.0000     -734016.217673
3992.0000     -733276.566624
3996.0000     -733497.537921
4000.0000     -734115.519711
4004.0000     -734115.519711
