4.0000     -733010.275969
8.0000     -733161.720328
12.0000     -733055.931649
16.0000     -732969.144460
20.0000     -733409.616062
24.0000     -732753.127521
28.0000     -732879.755104
32.0000     -733163.648438
36.0000     -733397.241816
40.0000     -732715.947985
44.0000     -731540.465001
48.0000     -732385.053696
52.0000     -732816.739452
56.0000     -732832.099254
60.0000     -732863.848390
64.0000     -733451.629922
68.0000     -733451.233792
72.0000     -733728.755575
76.0000     -732585.322385
80.0000     -732611.321696
84.0000     -733620.521925
88.0000     -733573.399238
92.0000     -732655.439635
96.0000     -733583.803980
100.0000     -732422.317258
104.0000     -732813.732871
108.0000     -733336.283457
112.0000     -733565.273272
116.0000     -733696.707369
120.0000     -733290.012934
124.0000     -733699.146921
128.0000     -733709.427276
132.0000     -734722.090028
136.0000     -734358.699461
140.0000     -733421.893594
144.0000     -733789.790185
148.0000     -733018.515453
152.0000     -732921.076962
156.0000     -733600.683248
160.0000     -732630.650457
164.0000     -733536.561177
168.0000     -732859.443887
172.0000     -733134.753361
176.0000     -732675.866570
180.0000     -733144.636408
184.0000     -733748.239520
188.0000     -733500.354027
192.0000     -733707.474577
196.0000     -732622.324980
200.0000     -733277.505298
204.0000     -733203.647908
208.0000     -733741.983661
212.0000     -733439.493653
216.0000     -733451.886269
220.0000     -733786.956404
224.0000     -733767.074849
228.0000     -733593.790316
232.0000     -733160.806757
236.0000     -733878.043372
240.0000     -733072.571456
244.0000     -733531.682034
248.0000     -733286.098570
252.0000     -733434.836426
256.0000     -733365.925691
260.0000     -733718.329338
264.0000     -733707.923877
268.0000     -733966.260335
272.0000     -733442.113406
276.0000     -732905.957560
280.0000     -733009.779649
284.0000     -733822.958406
288.0000     -734362.575307
292.0000     -734184.211121
296.0000     -734737.281249
300.0000     -733291.448218
304.0000     -733610.700086
308.0000     -733296.284881
312.0000     -734004.658161
316.0000     -733425.649916
320.0000     -732892.947755
324.0000     -733406.953660
328.0000     -732646.007496
332.0000     -733102.284113
336.0000     -734011.439449
340.0000     -733512.901007
344.0000     -732365.212018
348.0000     -732905.933348
352.0000     -733081.237321
356.0000     -733252.871827
360.0000     -733170.610099
364.0000     -732321.540944
368.0000     -733714.849134
372.0000     -733647.870079
376.0000     -733010.112036
380.0000     -733504.335925
384.0000     -733309.709958
388.0000     -733782.903653
392.0000     -733476.941863
396.0000     -733276.999567
400.0000     -733577.450685
404.0000     -733236.720400
408.0000     -733275.307948
412.0000     -734024.958542
416.0000     -733488.122074
420.0000     -733760.847383
424.0000     -733574.671888
428.0000     -733196.896861
432.0000     -733542.667003
436.0000     -733747.413891
440.0000     -733726.910301
444.0000     -733326.225185
448.0000     -733859.167084
452.0000     -732563.706440
456.0000     -732519.562306
460.0000     -734081.544362
464.0000     -732930.025878
468.0000     -733207.973455
472.0000     -733644.757826
476.0000     -733761.435847
480.0000     -733112.724247
484.0000     -733651.835861
488.0000     -733834.219052
492.0000     -733050.080175
496.0000     -732745.788990
500.0000     -733350.118879
504.0000     -733515.561694
508.0000     -733741.110296
512.0000     -733351.112735
516.0000     -733397.343678
520.0000     -733646.657695
524.0000     -733362.103846
528.0000     -734418.954436
532.0000     -733420.523665
536.0000     -733105.437273
540.0000     -733526.530011
544.0000     -733194.692243
548.0000     -734108.594586
552.0000     -733264.129152
556.0000     -733448.540460
560.0000     -733726.966459
564.0000     -733258.637442
568.0000     -733256.251430
572.0000     -733155.556735
576.0000     -733260.676471
580.0000     -732770.615164
584.0000     -733270.063569
588.0000     -733363.112657
592.0000     -733698.752603
596.0000     -733422.717569
600.0000     -734196.576216
604.0000     -733654.433252
608.0000     -733304.575710
612.0000     -733437.063914
616.0000     -733534.941035
620.0000     -732708.663596
624.0000     -732453.998917
628.0000     -733090.265048
632.0000     -732166.339135
636.0000     -732362.445337
640.0000     -732887.475851
644.0000     -734001.036191
648.0000     -733536.963307
652.0000     -733312.660256
656.0000     -733299.117387
660.0000     -732865.416947
664.0000     -733224.168908
668.0000     -732960.985728
672.0000     -733157.534316
676.0000     -733175.153477
680.0000     -733111.145790
684.0000     -733134.633729
688.0000     -733829.423903
692.0000     -733032.599525
696.0000     -734035.216671
700.0000     -733637.642152
704.0000     -732897.376375
708.0000     -733403.872158
712.0000     -733312.667556
716.0000     -733443.905308
720.0000     -733454.148091
724.0000     -733024.141916
728.0000     -733161.398204
732.0000     -733458.482494
736.0000     -733933.948154
740.0000     -733155.987150
744.0000     -732426.499438
748.0000     -732997.937118
752.0000     -732957.867015
756.0000     -732460.724629
760.0000     -734115.006538
764.0000     -733318.276130
768.0000     -733223.409871
772.0000     -733276.165525
776.0000     -733125.317113
780.0000     -732920.527099
784.0000     -733339.257295
788.0000     -733555.813366
792.0000     -732881.625140
796.0000     -733768.481038
800.0000     -733861.022107
804.0000     -733355.739812
808.0000     -733052.604365
812.0000     -733727.329410
816.0000     -732944.880706
820.0000     -733051.053411
824.0000     -733463.551282
828.0000     -733675.777291
832.0000     -732369.546994
836.0000     -733190.355110
840.0000     -733675.159674
844.0000     -733145.237097
848.0000     -733826.176693
852.0000     -732406.010622
856.0000     -733154.979440
860.0000     -733774.646913
864.0000     -733870.269665
868.0000     -733526.927094
872.0000     -733141.965022
876.0000     -733969.365458
880.0000     -732921.038256
884.0000     -733790.904810
888.0000     -733866.263256
892.0000     -733542.734772
896.0000     -733319.089941
900.0000     -733346.194473
904.0000     -732533.911090
908.0000     -732910.795149
912.0000     -733758.287807
916.0000     -733039.003502
920.0000     -733126.149474
924.0000     -733767.937991
928.0000     -733503.813000
932.0000     -733778.434178
936.0000     -732947.961730
940.0000     -733492.522449
944.0000     -733641.681504
948.0000     -733042.666581
952.0000     -732694.027418
956.0000     -732700.946738
960.0000     -733300.081352
964.0000     -733836.666394
968.0000     -733700.913153
972.0000     -733573.455688
976.0000     -733442.963041
980.0000     -734515.180976
984.0000     -733445.753697
988.0000     -733875.108177
992.0000     -733966.176663
996.0000     -733134.662769
1000.0000     -732508.790316
1004.0000     -733879.914612
1008.0000     -733705.492800
1012.0000     -733797.848024
1016.0000     -733586.781989
1020.0000     -733019.743625
1024.0000     -733603.573088
1028.0000     -733634.397919
1032.0000     -734062.809459
1036.0000     -733162.961155
1040.0000     -733594.673999
1044.0000     -733776.932827
1048.0000     -734169.409134
1052.0000     -733627.392697
1056.0000     -733964.176317
1060.0000     -733868.169724
1064.0000     -733357.009822
1068.0000     -733495.453779
1072.0000     -733441.761163
1076.0000     -733740.866698
1080.0000     -732863.198917
1084.0000     -733505.592808
1088.0000     -733501.367495
1092.0000     -733133.288323
1096.0000     -733268.484871
1100.0000     -733767.857982
1104.0000     -733671.824229
1108.0000     -733393.439294
1112.0000     -733468.120231
1116.0000     -733377.676090
1120.0000     -733421.121108
1124.0000     -733596.877295
1128.0000     -732952.196740
1132.0000     -733999.749399
1136.0000     -733705.840315
1140.0000     -734556.402645
1144.0000     -733919.609030
1148.0000     -733395.977185
1152.0000     -734092.064182
1156.0000     -734052.522388
1160.0000     -733508.285295
1164.0000     -733664.534035
1168.0000     -733858.630098
1172.0000     -732882.925102
1176.0000     -733559.044458
1180.0000     -733997.940229
1184.0000     -733155.025559
1188.0000     -732864.378854
1192.0000     -733285.777580
1196.0000     -734020.085126
1200.0000     -733421.866948
1204.0000     -733609.120413
1208.0000     -732706.380659
1212.0000     -732896.950532
1216.0000     -733774.483288
1220.0000     -733964.997606
1224.0000     -733235.180461
1228.0000     -734470.524542
1232.0000     -733361.867769
1236.0000     -733619.723320
1240.0000     -733224.150759
1244.0000     -733305.849719
1248.0000     -732875.185284
1252.0000     -733917.694561
1256.0000     -733930.120599
1260.0000     -734045.657233
1264.0000     -733183.945136
1268.0000     -733125.590670
1272.0000     -734112.185801
1276.0000     -733356.350136
1280.0000     -733928.244141
1284.0000     -733754.817293
1288.0000     -733238.501527
1292.0000     -733353.019215
1296.0000     -733920.545898
1300.0000     -733107.189585
1304.0000     -733186.645237
1308.0000     -733188.283947
1312.0000     -733128.467271
1316.0000     -732651.557250
1320.0000     -733206.657343
1324.0000     -734103.871810
1328.0000     -733809.315340
1332.0000     -733299.022242
1336.0000     -733635.817996
1340.0000     -733312.211951
1344.0000     -733001.702213
1348.0000     -733026.740530
1352.0000     -733784.607979
1356.0000     -734531.697222
1360.0000     -733040.577764
1364.0000     -732908.781658
1368.0000     -733877.597507
1372.0000     -733401.857899
1376.0000     -733234.389332
1380.0000     -733102.347312
1384.0000     -733949.130944
1388.0000     -733673.706836
1392.0000     -733974.932119
1396.0000     -734208.242685
1400.0000     -733566.996099
1404.0000     -733429.065667
1408.0000     -733145.409312
1412.0000     -734340.660416
1416.0000     -733397.799795
1420.0000     -733769.713971
1424.0000     -733401.657123
1428.0000     -733829.149410
1432.0000     -733704.646087
1436.0000     -734074.056803
1440.0000     -733221.860772
1444.0000     -733392.503233
1448.0000     -733123.903223
1452.0000     -733271.857404
1456.0000     -733140.043384
1460.0000     -734009.207670
1464.0000     -734342.349800
1468.0000     -733430.869841
1472.0000     -733856.696019
1476.0000     -733056.308678
1480.0000     -733340.363509
1484.0000     -733904.745359
1488.0000     -734188.957072
1492.0000     -733404.135647
1496.0000     -733808.322542
1500.0000     -734126.152757
1504.0000     -733161.992742
1508.0000     -733400.913951
1512.0000     -732653.436543
1516.0000     -733503.983070
1520.0000     -733366.648859
1524.0000     -734391.167093
1528.0000     -732985.505416
1532.0000     -732848.860270
1536.0000     -733732.626035
1540.0000     -733875.734600
1544.0000     -734168.778415
1548.0000     -733279.123722
1552.0000     -733691.176372
1556.0000     -733534.041446
1560.0000     -733176.279906
1564.0000     -733160.091794
1568.0000     -733467.106402
1572.0000     -733180.675929
1576.0000     -733128.161688
1580.0000     -732974.368991
1584.0000     -733774.395446
1588.0000     -733824.016457
1592.0000     -733268.046755
1596.0000     -733961.820427
1600.0000     -734421.439763
1604.0000     -733901.462927
1608.0000     -732692.441938
1612.0000     -733818.575912
1616.0000     -733420.922629
1620.0000     -733923.675386
1624.0000     -733447.449782
1628.0000     -733150.123114
1632.0000     -733670.324464
1636.0000     -733925.323532
1640.0000     -733399.411258
1644.0000     -733154.706288
1648.0000     -732608.559300
1652.0000     -733221.689920
1656.0000     -733496.351274
1660.0000     -733000.074573
1664.0000     -733307.249340
1668.0000     -733146.802083
1672.0000     -733824.403141
1676.0000     -732743.104631
1680.0000     -733430.324575
1684.0000     -733556.983923
1688.0000     -733503.430474
1692.0000     -732796.189375
1696.0000     -733808.316720
1700.0000     -733521.022310
1704.0000     -733295.674530
1708.0000     -732926.242497
1712.0000     -733178.192550
1716.0000     -733293.268601
1720.0000     -733652.095114
1724.0000     -734044.289348
1728.0000     -733857.679143
1732.0000     -733184.500379
1736.0000     -733172.555695
1740.0000     -733573.395532
1744.0000     -733247.142193
1748.0000     -733926.379507
1752.0000     -733432.854577
1756.0000     -733556.008977
1760.0000     -734343.414112
1764.0000     -733566.122477
1768.0000     -733893.332155
1772.0000     -733051.538107
1776.0000     -733642.849530
1780.0000     -733717.373289
1784.0000     -733024.018895
1788.0000     -733518.628583
1792.0000     -733117.922679
1796.0000     -733796.887685
1800.0000     -733556.948029
1804.0000     -733247.083187
1808.0000     -733855.292481
1812.0000     -733388.049030
1816.0000     -733180.406998
1820.0000     -733838.167686
1824.0000     -733464.034432
1828.0000     -733324.716273
1832.0000     -733453.286528
1836.0000     -733827.527215
1840.0000     -732758.845232
1844.0000     -733029.256652
1848.0000     -732934.786746
1852.0000     -734159.902487
1856.0000     -733266.018358
1860.0000     -732834.951709
1864.0000     -733311.737821
1868.0000     -733138.678294
1872.0000     -733891.598259
1876.0000     -733601.364741
1880.0000     -733477.766419
1884.0000     -733979.217957
1888.0000     -733562.189653
1892.0000     -733451.127745
1896.0000     -734153.635147
1900.0000     -732868.403917
1904.0000     -733395.734872
1908.0000     -732541.695504
1912.0000     -733366.458426
1916.0000     -733145.665003
1920.0000     -732761.057326
1924.0000     -733203.362438
1928.0000     -732973.373883
1932.0000     -733344.008464
1936.0000     -733116.871462
1940.0000     -732075.534971
1944.0000     -733218.817472
1948.0000     -733066.621117
1952.0000     -733583.738920
1956.0000     -733243.899089
1960.0000     -733542.050626
1964.0000     -733250.133920
1968.0000     -733502.877022
1972.0000     -733501.168043
1976.0000     -733890.940824
1980.0000     -733489.854315
1984.0000     -733385.921050
1988.0000     -734002.109983
1992.0000     -733202.531491
1996.0000     -733170.800526
2000.0000     -733862.200465
2004.0000     -732907.455715
2008.0000     -733551.565675
2012.0000     -733964.006589
2016.0000     -733756.947925
2020.0000     -733168.428288
2024.0000     -733206.023814
2028.0000     -733664.897399
2032.0000     -733674.617994
2036.0000     -733513.260411
2040.0000     -733897.380006
2044.0000     -734326.959446
2048.0000     -733144.720135
2052.0000     -733658.914619
2056.0000     -733349.890774
2060.0000     -733553.470385
2064.0000     -733114.608241
2068.0000     -733502.160267
2072.0000     -733401.416706
2076.0000     -733059.656049
2080.0000     -733671.999936
2084.0000     -733867.889169
2088.0000     -733718.733749
2092.0000     -733780.209285
2096.0000     -733965.941409
2100.0000     -733576.372377
2104.0000     -733874.428227
2108.0000     -733531.105713
2112.0000     -733812.832467
2116.0000     -733687.289174
2120.0000     -733223.111452
2124.0000     -733444.566832
2128.0000     -733161.876349
2132.0000     -733347.715300
2136.0000     -732657.238240
2140.0000     -733159.707548
2144.0000     -733904.890644
2148.0000     -733574.138821
2152.0000     -734612.463693
2156.0000     -733769.091961
2160.0000     -732931.464924
2164.0000     -732977.992133
2168.0000     -733453.128154
2172.0000     -733614.633974
2176.0000     -733535.581034
2180.0000     -733251.438502
2184.0000     -733331.912588
2188.0000     -733470.784054
2192.0000     -733162.975787
2196.0000     -732835.617239
2200.0000     -733623.712712
2204.0000     -734230.968738
2208.0000     -734132.482008
2212.0000     -731923.180240
2216.0000     -733517.774802
2220.0000     -733893.193020
2224.0000     -733329.267228
2228.0000     -733495.711114
2232.0000     -733872.207817
2236.0000     -733300.933083
2240.0000     -733699.869953
2244.0000     -734064.568180
2248.0000     -733796.467929
2252.0000     -733567.038054
2256.0000     -733300.437288
2260.0000     -733235.999326
2264.0000     -733639.806092
2268.0000     -734184.949281
2272.0000     -733649.824201
2276.0000     -734198.764685
2280.0000     -731791.657871
2284.0000     -732993.586263
2288.0000     -733670.937187
2292.0000     -733281.927147
2296.0000     -733030.814555
2300.0000     -734027.383314
2304.0000     -733849.457075
2308.0000     -734097.075718
2312.0000     -733391.310154
2316.0000     -733893.226650
2320.0000     -733338.656037
2324.0000     -733031.040926
2328.0000     -732829.411017
2332.0000     -733268.441281
2336.0000     -734372.254660
2340.0000     -734445.542687
2344.0000     -734007.722033
2348.0000     -732888.473978
2352.0000     -733091.303321
2356.0000     -732838.540179
2360.0000     -732763.381658
2364.0000     -733285.738371
2368.0000     -733304.815343
2372.0000     -733273.785228
2376.0000     -733680.338859
2380.0000     -733463.975687
2384.0000     -733543.254032
2388.0000     -733386.902203
2392.0000     -733760.251135
2396.0000     -733529.068248
2400.0000     -733967.614062
2404.0000     -733394.420166
2408.0000     -734105.778085
2412.0000     -734250.329213
2416.0000     -734240.894531
2420.0000     -732747.748174
2424.0000     -733400.268648
2428.0000     -733814.958805
2432.0000     -733854.962252
2436.0000     -733191.151620
2440.0000     -732898.561764
2444.0000     -734365.464232
2448.0000     -733427.891339
2452.0000     -734069.953180
2456.0000     -733094.217174
2460.0000     -734202.329567
2464.0000     -733860.702065
2468.0000     -733171.245178
2472.0000     -733355.612111
2476.0000     -733621.438565
2480.0000     -734603.977302
2484.0000     -734004.076265
2488.0000     -733614.145223
2492.0000     -733857.633869
2496.0000     -733693.068769
2500.0000     -733491.750947
2504.0000     -733866.324749
2508.0000     -733804.333336
2512.0000     -734430.985528
2516.0000     -733245.778782
2520.0000     -733471.445586
2524.0000     -732870.463612
2528.0000     -732856.150137
2532.0000     -733246.597862
2536.0000     -734610.340689
2540.0000     -734207.556293
2544.0000     -733351.074561
2548.0000     -734241.348628
2552.0000     -734277.848893
2556.0000     -733957.688760
2560.0000     -734292.129135
2564.0000     -733270.178452
2568.0000     -733352.814555
2572.0000     -733515.079695
2576.0000     -733323.547400
2580.0000     -734338.264336
2584.0000     -733751.794919
2588.0000     -733481.064278
2592.0000     -733868.481712
2596.0000     -733288.017431
2600.0000     -733485.481798
2604.0000     -734383.953850
2608.0000     -733547.417385
2612.0000     -733487.962491
2616.0000     -733024.446577
2620.0000     -733535.119600
2624.0000     -733814.928238
2628.0000     -734360.070089
2632.0000     -733862.004288
2636.0000     -734119.449543
2640.0000     -733785.257047
2644.0000     -733149.114905
2648.0000     -732756.342375
2652.0000     -733219.085602
2656.0000     -733432.317912
2660.0000     -734430.985931
2664.0000     -733541.456725
2668.0000     -733640.958877
2672.0000     -734337.384406
2676.0000     -733452.882488
2680.0000     -733979.075923
2684.0000     -733803.522054
2688.0000     -733373.960838
2692.0000     -734374.258865
2696.0000     -733447.087760
2700.0000     -733039.557586
2704.0000     -734284.842098
2708.0000     -733667.490476
2712.0000     -733459.697207
2716.0000     -734609.938323
2720.0000     -733347.097937
2724.0000     -734093.737701
2728.0000     -734126.313226
2732.0000     -734400.254749
2736.0000     -733151.110521
2740.0000     -734146.571200
2744.0000     -734159.937036
2748.0000     -733977.696436
2752.0000     -733921.041111
2756.0000     -734031.025263
2760.0000     -733987.167016
2764.0000     -734108.251002
2768.0000     -733548.153417
2772.0000     -734105.313561
2776.0000     -734192.685418
2780.0000     -733444.298660
2784.0000     -733595.821290
2788.0000     -734100.520249
2792.0000     -733250.348966
2796.0000     -733561.145391
2800.0000     -732836.571360
2804.0000     -733940.963721
2808.0000     -733789.979093
2812.0000     -733821.311191
2816.0000     -732249.208908
2820.0000     -733181.998791
2824.0000     -733195.518491
2828.0000     -732550.804274
2832.0000     -733016.641694
2836.0000     -733817.881650
2840.0000     -733432.059930
2844.0000     -733902.573910
2848.0000     -733905.777055
2852.0000     -733029.178227
2856.0000     -734732.143101
2860.0000     -734460.351729
2864.0000     -733465.199869
2868.0000     -732962.815480
2872.0000     -734457.221817
2876.0000     -734470.436389
2880.0000     -734207.002922
2884.0000     -733540.841415
2888.0000     -733584.637228
2892.0000     -733273.471774
2896.0000     -733696.779482
2900.0000     -734048.796523
2904.0000     -733783.586624
2908.0000     -733738.006572
2912.0000     -734320.452070
2916.0000     -734100.020187
2920.0000     -734180.894769
2924.0000     -732728.211047
2928.0000     -733533.000512
2932.0000     -733645.644336
2936.0000     -733138.822243
2940.0000     -732850.738784
2944.0000     -733487.489793
2948.0000     -733403.482867
2952.0000     -733364.268000
2956.0000     -734026.458148
2960.0000     -734541.647247
2964.0000     -734766.687591
2968.0000     -734355.094431
2972.0000     -734089.312775
2976.0000     -734589.373598
2980.0000     -734345.925021
2984.0000     -733887.281039
2988.0000     -733624.494887
2992.0000     -733744.392366
2996.0000     -733172.732454
3000.0000     -733221.597332
3004.0000     -734248.880432
3008.0000     -733989.481971
3012.0000     -733433.870926
3016.0000     -733198.742717
3020.0000     -733957.149461
3024.0000     -733776.390382
3028.0000     -734539.971176
3032.0000     -733244.927422
3036.0000     -733332.118721
3040.0000     -734275.242145
3044.0000     -733720.283317
3048.0000     -733793.563928
3052.0000     -734152.875746
3056.0000     -733241.817360
3060.0000     -733720.724917
3064.0000     -734309.111702
3068.0000     -733288.725625
3072.0000     -733109.155079
3076.0000     -733670.522656
3080.0000     -734137.500547
3084.0000     -733906.773657
3088.0000     -733918.444695
3092.0000     -734083.712816
3096.0000     -734198.165044
3100.0000     -734485.328193
3104.0000     -734147.684762
3108.0000     -733271.668861
3112.0000     -733555.750942
3116.0000     -733722.263263
3120.0000     -734328.384451
3124.0000     -733564.471644
3128.0000     -733637.254297
3132.0000     -735241.828518
3136.0000     -733826.026712
3140.0000     -733937.640708
3144.0000     -733147.428884
3148.0000     -733696.059525
3152.0000     -733207.307729
3156.0000     -733685.254540
3160.0000     -734260.124716
3164.0000     -733590.163985
3168.0000     -733447.197833
3172.0000     -733200.769430
3176.0000     -733086.083605
3180.0000     -733105.764192
3184.0000     -733968.449596
3188.0000     -734629.055766
3192.0000     -733550.443698
3196.0000     -733532.103094
3200.0000     -734078.161867
3204.0000     -733683.017462
3208.0000     -733834.065696
3212.0000     -733357.555451
3216.0000     -733444.627741
3220.0000     -733370.482642
3224.0000     -733966.334623
3228.0000     -733747.210391
3232.0000     -734142.040499
3236.0000     -734195.271786
3240.0000     -733545.485145
3244.0000     -734152.625891
3248.0000     -734128.751650
3252.0000     -733156.958452
3256.0000     -733393.671487
3260.0000     -733611.371699
3264.0000     -733985.736488
3268.0000     -733516.768025
3272.0000     -733847.376610
3276.0000     -734510.638025
3280.0000     -733659.672988
3284.0000     -733962.483182
3288.0000     -733957.801500
3292.0000     -734045.140131
3296.0000     -734451.114508
3300.0000     -734164.134251
3304.0000     -733655.344079
3308.0000     -734312.773788
3312.0000     -734094.177030
3316.0000     -733143.757445
3320.0000     -733464.492618
3324.0000     -734185.806622
3328.0000     -733409.581178
3332.0000     -733709.021113
3336.0000     -733804.263105
3340.0000     -733800.583697
3344.0000     -733036.095720
3348.0000     -733541.120121
3352.0000     -732168.785740
3356.0000     -733170.299810
3360.0000     -733926.642076
3364.0000     -734026.558606
3368.0000     -733611.165560
3372.0000     -733856.735900
3376.0000     -733831.999119
3380.0000     -734591.337395
3384.0000     -734381.120782
3388.0000     -733759.672989
3392.0000     -734315.432169
3396.0000     -733493.767998
3400.0000     -733942.520428
3404.0000     -733469.559201
3408.0000     -733721.697044
3412.0000     -733904.163246
3416.0000     -734201.674722
3420.0000     -733418.777381
3424.0000     -733917.393396
3428.0000     -733608.980480
3432.0000     -734195.175162
3436.0000     -733650.408974
3440.0000     -734331.926770
3444.0000     -734097.506009
3448.0000     -733576.361077
3452.0000     -734326.099790
3456.0000     -733581.981047
3460.0000     -733344.754293
3464.0000     -733699.741749
3468.0000     -734079.636845
3472.0000     -733644.749138
3476.0000     -734207.308847
3480.0000     -733327.323321
3484.0000     -734521.447094
3488.0000     -733153.067994
3492.0000     -733384.686316
3496.0000     -733901.848328
3500.0000     -734400.788813
3504.0000     -734825.759405
3508.0000     -733623.810882
3512.0000     -734512.151168
3516.0000     -734011.949324
3520.0000     -734099.485023
3524.0000     -733461.405323
3528.0000     -734054.450285
3532.0000     -734203.984100
3536.0000     -734125.858627
3540.0000     -733708.940233
3544.0000     -733853.310722
3548.0000     -734125.012119
3552.0000     -733522.050478
3556.0000     -733406.578721
3560.0000     -733448.817871
3564.0000     -734122.183758
3568.0000     -734107.712269
3572.0000     -734097.074141
3576.0000     -733210.921487
3580.0000     -734199.016019
3584.0000     -733938.359448
3588.0000     -734290.081924
3592.0000     -733695.814620
3596.0000     -733860.334563
3600.0000     -733072.133633
3604.0000     -733964.933424
3608.0000     -732997.629856
3612.0000     -733990.196293
3616.0000     -734001.809875
3620.0000     -733893.518530
3624.0000     -733832.225687
3628.0000     -734177.559505
3632.0000     -734374.340523
3636.0000     -733837.633517
3640.0000     -734068.474628
3644.0000     -733888.176765
3648.0000     -733681.514658
3652.0000     -733037.856214
3656.0000     -734130.183157
3660.0000     -733279.742392
3664.0000     -732611.194283
3668.0000     -733142.548487
3672.0000     -734059.424385
3676.0000     -734379.177708
3680.0000     -732472.336817
3684.0000     -733684.924756
3688.0000     -734484.270581
3692.0000     -733970.316082
3696.0000     -733856.199029
3700.0000     -734271.069493
3704.0000     -734054.224070
3708.0000     -733737.745087
3712.0000     -733741.869437
3716.0000     -732762.275548
3720.0000     -733624.250314
3724.0000     -734130.397644
3728.0000     -733002.873006
3732.0000     -733732.059568
3736.0000     -732852.460295
3740.0000     -732731.020399
3744.0000     -734178.245220
3748.0000     -734041.869920
3752.0000     -733169.449403
3756.0000     -732714.875537
3760.0000     -733650.882799
3764.0000     -733636.979485
3768.0000     -734111.239176
3772.0000     -733812.242017
3776.0000     -734267.374977
3780.0000     -733843.280887
3784.0000     -733154.666874
3788.0000     -733862.255441
3792.0000     -733544.348620
3796.0000     -733047.077061
3800.0000     -733758.291747
3804.0000     -733789.328077
3808.0000     -733809.121902
3812.0000     -733641.439212
3816.0000     -733831.506812
3820.0000     -734153.645645
3824.0000     -732856.968024
3828.0000     -733579.774693
3832.0000     -734012.582836
3836.0000     -734054.135850
3840.0000     -733233.845345
3844.0000     -733235.873279
3848.0000     -732436.752412
3852.0000     -733258.381650
3856.0000     -733726.583248
3860.0000     -733780.600021
3864.0000     -733978.583798
3868.0000     -733155.830020
3872.0000     -733242.791258
3876.0000     -732855.206345
3880.0000     -733286.660667
3884.0000     -733563.552413
3888.0000     -733457.585304
3892.0000     -733716.890943
3896.0000     -733357.681962
3900.0000     -733707.517635
3904.0000     -734163.556373
3908.0000     -734124.703472
3912.0000     -733744.344292
3916.0000     -733550.082836
3920.0000     -733817.204461
3924.0000     -733934.379928
3928.0000     -733241.296696
3932.0000     -733813.979348
3936.0000     -734698.719866
3940.0000     -733823.239118
3944.0000     -734072.398378
3948.0000     -733435.485492
3952.0000     -733632.123945
3956.0000     -734019.354277
3960.0000     -733757.019323
3964.0000     -734200.106395
3968.0000     -733494.873620
3972.0000     -733982.262539
3976.0000     -733543.579482
3980.0000     -734189.169391
3984.0000     -733247.532706
3988.0000     -734007.976131
3992.0000     -733267.820829
3996.0000     -733489.260763
4000.0000     -734108.264532
4004.0000     -734108.264532
