4.0000     -733025.083871
8.0000     -733175.540905
12.0000     -733070.541177
16.0000     -732984.912751
20.0000     -733424.306723
24.0000     -732769.429961
28.0000     -732893.232406
32.0000     -733178.822256
36.0000     -733412.626508
40.0000     -732729.415653
44.0000     -731556.970331
48.0000     -732398.735123
52.0000     -732832.254605
56.0000     -732850.603514
60.0000     -732878.939825
64.0000     -733466.012703
68.0000     -733468.049069
72.0000     -733744.452308
76.0000     -732601.243577
80.0000     -732626.074544
84.0000     -733637.237388
88.0000     -733587.459909
92.0000     -732668.634460
96.0000     -733597.851152
100.0000     -732438.008392
104.0000     -732827.618811
108.0000     -733350.151289
112.0000     -733579.189123
116.0000     -733712.356946
120.0000     -733308.824068
124.0000     -733713.853040
128.0000     -733723.430593
132.0000     -734737.992864
136.0000     -734373.175140
140.0000     -733434.326986
144.0000     -733805.824089
148.0000     -733033.937460
152.0000     -732935.276431
156.0000     -733617.272207
160.0000     -732646.539446
164.0000     -733551.308439
168.0000     -732873.842984
172.0000     -733150.244950
176.0000     -732693.935294
180.0000     -733158.619320
184.0000     -733762.013203
188.0000     -733513.323185
192.0000     -733724.827082
196.0000     -732634.828609
200.0000     -733291.436275
204.0000     -733215.314081
208.0000     -733756.513637
212.0000     -733454.576151
216.0000     -733463.472568
220.0000     -733803.443373
224.0000     -733782.056613
228.0000     -733609.579308
232.0000     -733176.388329
236.0000     -733888.862363
240.0000     -733084.873926
244.0000     -733547.126888
248.0000     -733301.940448
252.0000     -733448.868863
256.0000     -733381.238720
260.0000     -733731.484144
264.0000     -733720.925536
268.0000     -733981.379907
272.0000     -733455.645524
276.0000     -732921.099227
280.0000     -733023.397422
284.0000     -733837.700968
288.0000     -734376.498309
292.0000     -734202.634720
296.0000     -734752.034105
300.0000     -733306.321926
304.0000     -733624.518679
308.0000     -733310.749994
312.0000     -734017.166287
316.0000     -733441.789593
320.0000     -732908.955874
324.0000     -733421.562358
328.0000     -732660.101788
332.0000     -733118.051804
336.0000     -734025.812581
340.0000     -733526.264107
344.0000     -732379.674578
348.0000     -732922.610962
352.0000     -733098.198844
356.0000     -733266.962292
360.0000     -733187.047871
364.0000     -732335.743584
368.0000     -733727.733530
372.0000     -733661.686907
376.0000     -733026.565427
380.0000     -733518.452927
384.0000     -733324.784163
388.0000     -733797.288556
392.0000     -733492.225274
396.0000     -733292.574400
400.0000     -733593.727658
404.0000     -733253.978048
408.0000     -733290.976405
412.0000     -734041.516738
416.0000     -733503.122502
420.0000     -733774.504843
424.0000     -733588.853647
428.0000     -733210.380244
432.0000     -733561.579817
436.0000     -733764.250614
440.0000     -733744.382464
444.0000     -733342.919921
448.0000     -733874.709474
452.0000     -732580.004296
456.0000     -732536.004796
460.0000     -734098.042891
464.0000     -732945.069343
468.0000     -733224.209340
472.0000     -733659.586570
476.0000     -733776.197787
480.0000     -733125.903861
484.0000     -733669.066943
488.0000     -733851.477486
492.0000     -733064.156112
496.0000     -732759.428119
500.0000     -733366.268068
504.0000     -733529.745265
508.0000     -733755.973288
512.0000     -733364.807264
516.0000     -733413.904972
520.0000     -733662.812079
524.0000     -733373.737785
528.0000     -734434.621863
532.0000     -733436.151599
536.0000     -733120.212916
540.0000     -733541.466912
544.0000     -733209.397591
548.0000     -734124.477333
552.0000     -733278.877700
556.0000     -733461.233217
560.0000     -733740.888724
564.0000     -733272.577937
568.0000     -733270.371501
572.0000     -733169.548018
576.0000     -733276.381424
580.0000     -732783.880048
584.0000     -733285.008866
588.0000     -733380.597361
592.0000     -733712.951749
596.0000     -733437.141334
600.0000     -734213.358875
604.0000     -733670.047308
608.0000     -733318.487535
612.0000     -733451.162847
616.0000     -733552.727591
620.0000     -732724.768313
624.0000     -732468.521447
628.0000     -733104.880425
632.0000     -732183.153913
636.0000     -732378.379904
640.0000     -732902.818196
644.0000     -734017.404187
648.0000     -733551.858372
652.0000     -733328.932155
656.0000     -733313.992508
660.0000     -732879.668006
664.0000     -733240.485165
668.0000     -732976.532031
672.0000     -733172.208881
676.0000     -733190.537886
680.0000     -733127.625689
684.0000     -733151.065662
688.0000     -733845.823832
692.0000     -733051.011798
696.0000     -734049.400236
700.0000     -733653.090639
704.0000     -732913.979467
708.0000     -733419.311026
712.0000     -733326.915978
716.0000     -733461.036234
720.0000     -733468.466848
724.0000     -733040.955650
728.0000     -733174.596675
732.0000     -733475.172971
736.0000     -733948.703698
740.0000     -733171.272801
744.0000     -732439.562792
748.0000     -733011.354902
752.0000     -732976.950721
756.0000     -732474.718562
760.0000     -734132.629969
764.0000     -733333.586115
768.0000     -733236.645324
772.0000     -733290.101389
776.0000     -733140.495159
780.0000     -732938.696222
784.0000     -733352.908198
788.0000     -733569.995790
792.0000     -732896.072676
796.0000     -733784.156056
800.0000     -733877.092771
804.0000     -733374.122411
808.0000     -733066.800088
812.0000     -733741.621510
816.0000     -732961.048173
820.0000     -733064.895480
824.0000     -733477.790182
828.0000     -733690.574363
832.0000     -732385.180173
836.0000     -733205.886861
840.0000     -733689.772142
844.0000     -733159.246926
848.0000     -733839.997516
852.0000     -732418.831329
856.0000     -733168.484465
860.0000     -733787.848018
864.0000     -733885.109457
868.0000     -733547.946574
872.0000     -733156.248841
876.0000     -733984.976022
880.0000     -732936.164420
884.0000     -733807.854862
888.0000     -733880.925423
892.0000     -733558.269387
896.0000     -733335.059268
900.0000     -733360.327574
904.0000     -732549.186553
908.0000     -732925.278248
912.0000     -733773.730930
916.0000     -733053.335683
920.0000     -733141.009738
924.0000     -733782.535035
928.0000     -733517.353801
932.0000     -733793.077765
936.0000     -732963.646992
940.0000     -733501.285241
944.0000     -733655.707475
948.0000     -733057.698933
952.0000     -732708.684002
956.0000     -732714.395196
960.0000     -733314.095587
964.0000     -733850.353000
968.0000     -733713.890981
972.0000     -733585.938323
976.0000     -733458.459057
980.0000     -734529.491265
984.0000     -733462.826400
988.0000     -733892.093305
992.0000     -733980.456844
996.0000     -733148.091684
1000.0000     -732525.288043
1004.0000     -733894.283147
1008.0000     -733721.557578
1012.0000     -733813.986716
1016.0000     -733601.600433
1020.0000     -733035.236216
1024.0000     -733618.963600
1028.0000     -733649.322202
1032.0000     -734076.202277
1036.0000     -733177.663994
1040.0000     -733609.341106
1044.0000     -733791.548288
1048.0000     -734183.999764
1052.0000     -733642.290940
1056.0000     -733977.948472
1060.0000     -733884.316722
1064.0000     -733372.756825
1068.0000     -733511.357499
1072.0000     -733458.956226
1076.0000     -733755.265841
1080.0000     -732876.971781
1084.0000     -733520.045902
1088.0000     -733517.590479
1092.0000     -733148.605598
1096.0000     -733281.909649
1100.0000     -733782.098866
1104.0000     -733686.450222
1108.0000     -733407.841601
1112.0000     -733484.965652
1116.0000     -733393.881442
1120.0000     -733438.362977
1124.0000     -733611.383785
1128.0000     -732968.573693
1132.0000     -734017.068156
1136.0000     -733722.672834
1140.0000     -734571.133740
1144.0000     -733936.771071
1148.0000     -733410.542717
1152.0000     -734106.330330
1156.0000     -734067.696012
1160.0000     -733522.031702
1164.0000     -733677.811560
1168.0000     -733873.826744
1172.0000     -732896.867283
1176.0000     -733575.526344
1180.0000     -734010.960921
1184.0000     -733171.842122
1188.0000     -732878.356758
1192.0000     -733300.378576
1196.0000     -734034.872638
1200.0000     -733439.673195
1204.0000     -733624.813075
1208.0000     -732719.737765
1212.0000     -732911.775056
1216.0000     -733789.368086
1220.0000     -733980.671231
1224.0000     -733250.452591
1228.0000     -734485.114734
1232.0000     -733378.407393
1236.0000     -733635.243278
1240.0000     -733238.168915
1244.0000     -733319.171539
1248.0000     -732888.676595
1252.0000     -733930.703173
1256.0000     -733943.932052
1260.0000     -734059.951913
1264.0000     -733197.573906
1268.0000     -733143.861481
1272.0000     -734126.188491
1276.0000     -733370.138637
1280.0000     -733942.504098
1284.0000     -733769.490086
1288.0000     -733253.960552
1292.0000     -733367.385881
1296.0000     -733935.658992
1300.0000     -733120.307231
1304.0000     -733199.006539
1308.0000     -733204.001559
1312.0000     -733142.246477
1316.0000     -732665.224154
1320.0000     -733220.266694
1324.0000     -734118.859651
1328.0000     -733822.713268
1332.0000     -733314.406439
1336.0000     -733649.638441
1340.0000     -733325.917617
1344.0000     -733017.502330
1348.0000     -733041.392671
1352.0000     -733799.707187
1356.0000     -734546.181309
1360.0000     -733054.106145
1364.0000     -732921.648716
1368.0000     -733892.292155
1372.0000     -733415.256027
1376.0000     -733246.089536
1380.0000     -733116.715976
1384.0000     -733965.218097
1388.0000     -733690.422970
1392.0000     -733993.736667
1396.0000     -734223.432447
1400.0000     -733580.478737
1404.0000     -733442.539566
1408.0000     -733160.714169
1412.0000     -734354.884972
1416.0000     -733412.182159
1420.0000     -733783.900940
1424.0000     -733414.926516
1428.0000     -733842.915972
1432.0000     -733720.017132
1436.0000     -734089.081139
1440.0000     -733235.478946
1444.0000     -733406.903393
1448.0000     -733139.179102
1452.0000     -733286.614283
1456.0000     -733154.072543
1460.0000     -734022.000993
1464.0000     -734355.516434
1468.0000     -733445.956504
1472.0000     -733871.023317
1476.0000     -733069.636562
1480.0000     -733354.901377
1484.0000     -733917.681641
1488.0000     -734203.601683
1492.0000     -733420.020044
1496.0000     -733822.301511
1500.0000     -734142.945925
1504.0000     -733177.071333
1508.0000     -733414.888480
1512.0000     -732670.008151
1516.0000     -733517.108859
1520.0000     -733380.284967
1524.0000     -734404.515449
1528.0000     -732998.713294
1532.0000     -732863.370971
1536.0000     -733750.946787
1540.0000     -733890.296040
1544.0000     -734185.450560
1548.0000     -733293.641733
1552.0000     -733705.364764
1556.0000     -733550.176234
1560.0000     -733191.416028
1564.0000     -733175.535499
1568.0000     -733480.322032
1572.0000     -733193.724790
1576.0000     -733141.670422
1580.0000     -732987.119847
1584.0000     -733789.362334
1588.0000     -733839.003872
1592.0000     -733281.056441
1596.0000     -733974.937962
1600.0000     -734436.061529
1604.0000     -733917.307839
1608.0000     -732708.940193
1612.0000     -733832.191909
1616.0000     -733436.267207
1620.0000     -733937.757940
1624.0000     -733461.688405
1628.0000     -733163.842403
1632.0000     -733682.077690
1636.0000     -733937.047885
1640.0000     -733412.796187
1644.0000     -733168.623584
1648.0000     -732622.993903
1652.0000     -733235.297410
1656.0000     -733509.957576
1660.0000     -733014.949709
1664.0000     -733321.638224
1668.0000     -733160.361498
1672.0000     -733837.765322
1676.0000     -732757.210665
1680.0000     -733444.237184
1684.0000     -733570.319437
1688.0000     -733517.506356
1692.0000     -732809.457519
1696.0000     -733823.844958
1700.0000     -733538.910754
1704.0000     -733309.333284
1708.0000     -732940.548672
1712.0000     -733190.992222
1716.0000     -733307.547896
1720.0000     -733668.005904
1724.0000     -734057.588236
1728.0000     -733871.065970
1732.0000     -733198.094690
1736.0000     -733187.813551
1740.0000     -733588.713869
1744.0000     -733258.569069
1748.0000     -733943.045305
1752.0000     -733450.271836
1756.0000     -733569.582935
1760.0000     -734358.277257
1764.0000     -733583.342806
1768.0000     -733906.393570
1772.0000     -733067.057840
1776.0000     -733658.910226
1780.0000     -733731.026154
1784.0000     -733035.460296
1788.0000     -733534.638295
1792.0000     -733131.678641
1796.0000     -733813.311364
1800.0000     -733570.886855
1804.0000     -733262.569172
1808.0000     -733869.653375
1812.0000     -733405.461763
1816.0000     -733194.098393
1820.0000     -733851.357270
1824.0000     -733478.196658
1828.0000     -733338.857200
1832.0000     -733469.976041
1836.0000     -733842.359957
1840.0000     -732772.965048
1844.0000     -733044.113945
1848.0000     -732953.732494
1852.0000     -734173.695690
1856.0000     -733278.612795
1860.0000     -732849.684091
1864.0000     -733324.755166
1868.0000     -733151.731461
1872.0000     -733904.972116
1876.0000     -733613.276102
1880.0000     -733493.516653
1884.0000     -733991.895219
1888.0000     -733577.532503
1892.0000     -733465.965022
1896.0000     -734172.311333
1900.0000     -732882.443417
1904.0000     -733411.456251
1908.0000     -732555.926043
1912.0000     -733379.456091
1916.0000     -733157.744101
1920.0000     -732775.356102
1924.0000     -733218.870897
1928.0000     -732987.184321
1932.0000     -733359.184249
1936.0000     -733129.700127
1940.0000     -732090.554527
1944.0000     -733233.133747
1948.0000     -733082.196441
1952.0000     -733598.562484
1956.0000     -733257.211763
1960.0000     -733555.520917
1964.0000     -733263.560259
1968.0000     -733517.596360
1972.0000     -733514.848342
1976.0000     -733906.105425
1980.0000     -733502.407409
1984.0000     -733398.366776
1988.0000     -734015.533176
1992.0000     -733215.042193
1996.0000     -733184.862215
2000.0000     -733876.492215
2004.0000     -732923.455205
2008.0000     -733565.668240
2012.0000     -733978.217276
2016.0000     -733771.165349
2020.0000     -733185.881927
2024.0000     -733218.521760
2028.0000     -733678.477588
2032.0000     -733690.008820
2036.0000     -733527.338276
2040.0000     -733910.868084
2044.0000     -734337.979172
2048.0000     -733158.460895
2052.0000     -733674.600310
2056.0000     -733363.743584
2060.0000     -733566.980448
2064.0000     -733128.085987
2068.0000     -733516.638845
2072.0000     -733416.333128
2076.0000     -733073.473827
2080.0000     -733687.714714
2084.0000     -733881.667298
2088.0000     -733733.688848
2092.0000     -733797.341436
2096.0000     -733979.402676
2100.0000     -733589.404572
2104.0000     -733888.167116
2108.0000     -733543.968962
2112.0000     -733826.297712
2116.0000     -733700.283575
2120.0000     -733237.315807
2124.0000     -733458.066324
2128.0000     -733176.977580
2132.0000     -733363.374918
2136.0000     -732672.340057
2140.0000     -733175.198815
2144.0000     -733917.325193
2148.0000     -733587.167208
2152.0000     -734627.095865
2156.0000     -733782.383474
2160.0000     -732948.102359
2164.0000     -732992.007928
2168.0000     -733466.694715
2172.0000     -733627.518766
2176.0000     -733550.936484
2180.0000     -733263.890867
2184.0000     -733347.577802
2188.0000     -733490.602520
2192.0000     -733181.856175
2196.0000     -732852.500935
2200.0000     -733639.170477
2204.0000     -734247.130926
2208.0000     -734146.189194
2212.0000     -731938.171822
2216.0000     -733532.665788
2220.0000     -733905.482904
2224.0000     -733342.604985
2228.0000     -733511.310206
2232.0000     -733891.239902
2236.0000     -733316.901090
2240.0000     -733716.987226
2244.0000     -734081.593071
2248.0000     -733809.698882
2252.0000     -733585.403807
2256.0000     -733315.232375
2260.0000     -733252.396598
2264.0000     -733656.215566
2268.0000     -734201.342838
2272.0000     -733666.651492
2276.0000     -734213.253746
2280.0000     -731804.987728
2284.0000     -733008.187060
2288.0000     -733689.178700
2292.0000     -733298.984241
2296.0000     -733044.530321
2300.0000     -734041.976547
2304.0000     -733863.745429
2308.0000     -734110.992308
2312.0000     -733403.498117
2316.0000     -733906.106340
2320.0000     -733352.955043
2324.0000     -733046.398328
2328.0000     -732844.780505
2332.0000     -733281.618298
2336.0000     -734389.263242
2340.0000     -734460.280817
2344.0000     -734025.697718
2348.0000     -732904.005478
2352.0000     -733106.674601
2356.0000     -732851.933128
2360.0000     -732775.938866
2364.0000     -733298.776807
2368.0000     -733321.234693
2372.0000     -733288.646433
2376.0000     -733693.639383
2380.0000     -733476.790982
2384.0000     -733557.994271
2388.0000     -733399.955357
2392.0000     -733778.391744
2396.0000     -733545.130093
2400.0000     -733980.721441
2404.0000     -733407.898628
2408.0000     -734119.691241
2412.0000     -734264.238860
2416.0000     -734257.594564
2420.0000     -732763.768683
2424.0000     -733414.327556
2428.0000     -733828.740046
2432.0000     -733866.469539
2436.0000     -733210.983415
2440.0000     -732912.580768
2444.0000     -734379.836670
2448.0000     -733444.134342
2452.0000     -734084.397256
2456.0000     -733108.741853
2460.0000     -734214.354386
2464.0000     -733875.687291
2468.0000     -733184.072656
2472.0000     -733368.491637
2476.0000     -733634.836948
2480.0000     -734616.798947
2484.0000     -734016.955574
2488.0000     -733628.002842
2492.0000     -733871.801222
2496.0000     -733707.422638
2500.0000     -733505.909833
2504.0000     -733879.436893
2508.0000     -733821.063116
2512.0000     -734446.471996
2516.0000     -733263.698510
2520.0000     -733486.253926
2524.0000     -732887.772266
2528.0000     -732869.766733
2532.0000     -733260.765944
2536.0000     -734626.009800
2540.0000     -734221.409337
2544.0000     -733367.082793
2548.0000     -734256.442303
2552.0000     -734293.346187
2556.0000     -733972.425306
2560.0000     -734305.775600
2564.0000     -733283.850499
2568.0000     -733367.788593
2572.0000     -733531.534971
2576.0000     -733338.907190
2580.0000     -734352.065037
2584.0000     -733766.255418
2588.0000     -733495.130675
2592.0000     -733882.571209
2596.0000     -733304.942140
2600.0000     -733501.042944
2604.0000     -734401.117675
2608.0000     -733564.239547
2612.0000     -733503.117744
2616.0000     -733038.865784
2620.0000     -733549.856657
2624.0000     -733828.084449
2628.0000     -734377.575914
2632.0000     -733874.526112
2636.0000     -734135.440777
2640.0000     -733797.430405
2644.0000     -733162.201455
2648.0000     -732770.240619
2652.0000     -733232.521678
2656.0000     -733447.367509
2660.0000     -734443.940543
2664.0000     -733555.414725
2668.0000     -733656.923582
2672.0000     -734352.667710
2676.0000     -733468.918492
2680.0000     -733991.251504
2684.0000     -733817.684151
2688.0000     -733389.592182
2692.0000     -734390.211248
2696.0000     -733461.184901
2700.0000     -733054.142102
2704.0000     -734302.200918
2708.0000     -733680.424809
2712.0000     -733473.384141
2716.0000     -734623.564974
2720.0000     -733359.860587
2724.0000     -734109.003525
2728.0000     -734142.453852
2732.0000     -734414.208866
2736.0000     -733164.183134
2740.0000     -734162.934270
2744.0000     -734175.144644
2748.0000     -733990.526028
2752.0000     -733934.725721
2756.0000     -734046.320789
2760.0000     -734001.477314
2764.0000     -734123.663518
2768.0000     -733563.124665
2772.0000     -734119.802086
2776.0000     -734206.690025
2780.0000     -733458.370797
2784.0000     -733610.291307
2788.0000     -734115.557093
2792.0000     -733266.110459
2796.0000     -733577.258221
2800.0000     -732851.433485
2804.0000     -733954.740001
2808.0000     -733807.568280
2812.0000     -733833.910559
2816.0000     -732262.635070
2820.0000     -733195.055648
2824.0000     -733210.241048
2828.0000     -732564.540752
2832.0000     -733030.054901
2836.0000     -733832.150987
2840.0000     -733446.730863
2844.0000     -733917.096764
2848.0000     -733919.959775
2852.0000     -733044.900747
2856.0000     -734746.790857
2860.0000     -734474.297751
2864.0000     -733479.092490
2868.0000     -732977.778398
2872.0000     -734472.929829
2876.0000     -734484.886151
2880.0000     -734220.275053
2884.0000     -733553.772671
2888.0000     -733600.985895
2892.0000     -733287.580052
2896.0000     -733710.831792
2900.0000     -734062.429605
2904.0000     -733797.173469
2908.0000     -733754.774176
2912.0000     -734334.770176
2916.0000     -734115.794810
2920.0000     -734195.759507
2924.0000     -732740.925796
2928.0000     -733547.262126
2932.0000     -733661.758192
2936.0000     -733154.338915
2940.0000     -732864.757694
2944.0000     -733500.788505
2948.0000     -733417.140334
2952.0000     -733378.048440
2956.0000     -734039.661422
2960.0000     -734556.961895
2964.0000     -734782.397554
2968.0000     -734370.360787
2972.0000     -734103.389306
2976.0000     -734604.509760
2980.0000     -734358.529611
2984.0000     -733903.766836
2988.0000     -733639.702261
2992.0000     -733759.004425
2996.0000     -733190.509197
3000.0000     -733235.747238
3004.0000     -734264.341946
3008.0000     -734001.826690
3012.0000     -733448.006880
3016.0000     -733213.085752
3020.0000     -733971.392180
3024.0000     -733791.600142
3028.0000     -734553.728453
3032.0000     -733258.017819
3036.0000     -733346.768918
3040.0000     -734289.550614
3044.0000     -733734.120369
3048.0000     -733806.899699
3052.0000     -734169.383051
3056.0000     -733257.783030
3060.0000     -733735.587859
3064.0000     -734325.054544
3068.0000     -733305.319683
3072.0000     -733124.084939
3076.0000     -733686.352001
3080.0000     -734151.851897
3084.0000     -733921.014693
3088.0000     -733936.123499
3092.0000     -734099.144196
3096.0000     -734213.617775
3100.0000     -734501.010303
3104.0000     -734162.656845
3108.0000     -733287.587333
3112.0000     -733571.295519
3116.0000     -733737.452033
3120.0000     -734344.671764
3124.0000     -733582.962998
3128.0000     -733650.545621
3132.0000     -735256.522936
3136.0000     -733840.879284
3140.0000     -733954.414862
3144.0000     -733161.534001
3148.0000     -733710.952444
3152.0000     -733221.146142
3156.0000     -733696.704511
3160.0000     -734274.417512
3164.0000     -733604.296459
3168.0000     -733460.746658
3172.0000     -733214.953603
3176.0000     -733104.445782
3180.0000     -733120.150874
3184.0000     -733984.879915
3188.0000     -734644.511080
3192.0000     -733565.046425
3196.0000     -733546.322966
3200.0000     -734092.838641
3204.0000     -733698.755556
3208.0000     -733848.395149
3212.0000     -733374.243527
3216.0000     -733460.311350
3220.0000     -733384.288317
3224.0000     -733980.875144
3228.0000     -733761.835208
3232.0000     -734154.827625
3236.0000     -734209.435032
3240.0000     -733559.906877
3244.0000     -734166.422484
3248.0000     -734142.789569
3252.0000     -733172.996421
3256.0000     -733407.565365
3260.0000     -733626.603783
3264.0000     -734002.850223
3268.0000     -733530.767541
3272.0000     -733862.588270
3276.0000     -734526.636367
3280.0000     -733673.992010
3284.0000     -733977.390033
3288.0000     -733973.438618
3292.0000     -734059.827357
3296.0000     -734466.092810
3300.0000     -734178.102017
3304.0000     -733670.850485
3308.0000     -734328.659676
3312.0000     -734109.732378
3316.0000     -733157.327490
3320.0000     -733478.579195
3324.0000     -734202.449020
3328.0000     -733424.064730
3332.0000     -733722.775754
3336.0000     -733818.676193
3340.0000     -733814.153167
3344.0000     -733055.855616
3348.0000     -733554.713367
3352.0000     -732182.415490
3356.0000     -733186.028462
3360.0000     -733942.399325
3364.0000     -734039.868050
3368.0000     -733624.501870
3372.0000     -733871.124801
3376.0000     -733845.129559
3380.0000     -734605.276891
3384.0000     -734394.819797
3388.0000     -733775.330310
3392.0000     -734329.275890
3396.0000     -733510.240043
3400.0000     -733958.269624
3404.0000     -733483.477655
3408.0000     -733734.756726
3412.0000     -733919.834919
3416.0000     -734215.720798
3420.0000     -733434.097771
3424.0000     -733930.827866
3428.0000     -733623.489908
3432.0000     -734209.763670
3436.0000     -733665.960467
3440.0000     -734350.156497
3444.0000     -734110.584683
3448.0000     -733588.690824
3452.0000     -734342.434307
3456.0000     -733594.514298
3460.0000     -733358.222195
3464.0000     -733714.759513
3468.0000     -734093.802921
3472.0000     -733659.846877
3476.0000     -734221.673233
3480.0000     -733342.581320
3484.0000     -734536.371187
3488.0000     -733165.925389
3492.0000     -733398.431254
3496.0000     -733914.488159
3500.0000     -734415.371844
3504.0000     -734839.427934
3508.0000     -733637.385976
3512.0000     -734525.799603
3516.0000     -734024.690609
3520.0000     -734112.448195
3524.0000     -733474.661997
3528.0000     -734069.139559
3532.0000     -734217.200455
3536.0000     -734140.287984
3540.0000     -733723.148741
3544.0000     -733867.985776
3548.0000     -734139.963130
3552.0000     -733536.341037
3556.0000     -733420.311100
3560.0000     -733465.521078
3564.0000     -734137.788924
3568.0000     -734122.779282
3572.0000     -734109.895188
3576.0000     -733224.313539
3580.0000     -734213.602084
3584.0000     -733956.018925
3588.0000     -734303.833346
3592.0000     -733710.132934
3596.0000     -733874.820229
3600.0000     -733085.707021
3604.0000     -733980.315334
3608.0000     -733011.099269
3612.0000     -734005.325486
3616.0000     -734018.015874
3620.0000     -733909.602635
3624.0000     -733849.024678
3628.0000     -734192.128564
3632.0000     -734387.530330
3636.0000     -733853.660429
3640.0000     -734079.930803
3644.0000     -733904.248886
3648.0000     -733695.010512
3652.0000     -733052.619158
3656.0000     -734144.340732
3660.0000     -733293.566924
3664.0000     -732628.123792
3668.0000     -733155.761998
3672.0000     -734074.634290
3676.0000     -734393.191671
3680.0000     -732486.556664
3684.0000     -733698.227011
3688.0000     -734498.483379
3692.0000     -733982.747329
3696.0000     -733876.569665
3700.0000     -734284.763112
3704.0000     -734067.144371
3708.0000     -733750.682522
3712.0000     -733755.573436
3716.0000     -732776.011665
3720.0000     -733637.568358
3724.0000     -734141.829851
3728.0000     -733015.471385
3732.0000     -733748.190728
3736.0000     -732865.442760
3740.0000     -732743.259596
3744.0000     -734191.709444
3748.0000     -734054.396094
3752.0000     -733185.678864
3756.0000     -732730.309201
3760.0000     -733665.334331
3764.0000     -733649.754529
3768.0000     -734127.191499
3772.0000     -733826.149358
3776.0000     -734281.781695
3780.0000     -733855.850984
3784.0000     -733171.497826
3788.0000     -733878.696890
3792.0000     -733560.951106
3796.0000     -733059.710237
3800.0000     -733774.821954
3804.0000     -733806.804503
3808.0000     -733823.907544
3812.0000     -733653.351711
3816.0000     -733848.383989
3820.0000     -734165.624362
3824.0000     -732872.042160
3828.0000     -733593.796378
3832.0000     -734029.752705
3836.0000     -734068.941392
3840.0000     -733247.353963
3844.0000     -733250.134602
3848.0000     -732454.526594
3852.0000     -733273.626310
3856.0000     -733739.753974
3860.0000     -733796.960461
3864.0000     -733993.274913
3868.0000     -733170.807552
3872.0000     -733255.606798
3876.0000     -732868.714291
3880.0000     -733301.258252
3884.0000     -733576.270848
3888.0000     -733471.550499
3892.0000     -733730.819418
3896.0000     -733371.519246
3900.0000     -733722.052945
3904.0000     -734178.084152
3908.0000     -734140.341231
3912.0000     -733758.180165
3916.0000     -733563.668596
3920.0000     -733830.732031
3924.0000     -733950.435275
3928.0000     -733255.727539
3932.0000     -733826.621751
3936.0000     -734712.096983
3940.0000     -733836.929454
3944.0000     -734085.625828
3948.0000     -733448.606297
3952.0000     -733646.896404
3956.0000     -734034.526368
3960.0000     -733769.727232
3964.0000     -734213.488410
3968.0000     -733512.158282
3972.0000     -733995.057564
3976.0000     -733560.686692
3980.0000     -734204.959294
3984.0000     -733262.242665
3988.0000     -734023.583698
3992.0000     -733283.653155
3996.0000     -733504.881239
4000.0000     -734122.076621
4004.0000     -734122.076621
