4.0000     -733104.436060
8.0000     -733652.320105
12.0000     -733145.263916
16.0000     -733301.375095
20.0000     -733142.773135
24.0000     -732947.193893
28.0000     -733251.870568
32.0000     -733005.000448
36.0000     -733039.344957
40.0000     -733646.319626
44.0000     -732473.765997
48.0000     -733384.391862
52.0000     -732139.987812
56.0000     -732899.055789
60.0000     -733080.665954
64.0000     -733760.745147
68.0000     -733364.530411
72.0000     -733392.287914
76.0000     -733482.829024
80.0000     -734346.965718
84.0000     -733427.599208
88.0000     -733873.686888
92.0000     -732956.818158
96.0000     -733499.085083
100.0000     -734222.004093
104.0000     -733116.115502
108.0000     -733532.437962
112.0000     -733435.050890
116.0000     -733187.356063
120.0000     -733765.919863
124.0000     -733546.409564
128.0000     -733828.601157
132.0000     -732884.125941
136.0000     -733475.143430
140.0000     -733165.422925
144.0000     -732940.589831
148.0000     -732130.602386
152.0000     -732579.400724
156.0000     -732962.565947
160.0000     -733114.003244
164.0000     -733299.299886
168.0000     -734177.595677
172.0000     -733863.449175
176.0000     -733041.939854
180.0000     -732923.735152
184.0000     -732943.797358
188.0000     -732557.243628
192.0000     -733606.951840
196.0000     -733303.151980
200.0000     -733159.748492
204.0000     -733338.238907
208.0000     -733358.296722
212.0000     -733335.408335
216.0000     -732788.438148
220.0000     -733542.659230
224.0000     -733852.416834
228.0000     -733721.239802
232.0000     -733462.725585
236.0000     -733608.350246
240.0000     -733051.976957
244.0000     -733400.473010
248.0000     -733398.876569
252.0000     -733482.655766
256.0000     -733517.697021
260.0000     -733703.478283
264.0000     -734011.508309
268.0000     -733626.121579
272.0000     -733650.719521
276.0000     -733147.019412
280.0000     -733531.246885
284.0000     -734222.168381
288.0000     -733987.804566
292.0000     -733690.759543
296.0000     -733892.504196
300.0000     -733709.840732
304.0000     -733490.878337
308.0000     -733904.321289
312.0000     -733952.583562
316.0000     -733810.153739
320.0000     -733200.144184
324.0000     -733499.864616
328.0000     -733801.064664
332.0000     -733036.099680
336.0000     -732539.122174
340.0000     -733781.551516
344.0000     -733257.463418
348.0000     -732368.747360
352.0000     -731672.575509
356.0000     -733512.987357
360.0000     -733194.840182
364.0000     -733207.238931
368.0000     -733213.157525
372.0000     -732791.194571
376.0000     -733337.276170
380.0000     -733573.397018
384.0000     -734003.973983
388.0000     -732638.163355
392.0000     -734582.779899
396.0000     -732767.553333
400.0000     -733945.592372
404.0000     -733300.946042
408.0000     -733232.679652
412.0000     -733204.682902
416.0000     -733723.134911
420.0000     -733209.076515
424.0000     -733836.259241
428.0000     -734127.367496
432.0000     -733174.110809
436.0000     -733093.658269
440.0000     -733423.487636
444.0000     -733147.242281
448.0000     -734113.144714
452.0000     -733735.780121
456.0000     -732686.590939
460.0000     -733318.154526
464.0000     -733339.862523
468.0000     -733725.359706
472.0000     -733943.748791
476.0000     -732843.798946
480.0000     -733115.341143
484.0000     -733376.130838
488.0000     -732743.743323
492.0000     -733752.694198
496.0000     -732873.602883
500.0000     -732796.139433
504.0000     -733758.206746
508.0000     -733615.923790
512.0000     -733651.542247
516.0000     -732695.320106
520.0000     -733630.495163
524.0000     -733912.712664
528.0000     -732911.617201
532.0000     -733140.407205
536.0000     -733936.440860
540.0000     -733664.413046
544.0000     -733797.429816
548.0000     -732683.598477
552.0000     -733030.536378
556.0000     -732627.187226
560.0000     -733626.616770
564.0000     -733334.477880
568.0000     -733312.238491
572.0000     -733137.886924
576.0000     -732536.407392
580.0000     -733120.154051
584.0000     -732767.055379
588.0000     -733645.157431
592.0000     -733751.150726
596.0000     -732864.145634
600.0000     -733492.701680
604.0000     -733831.005428
608.0000     -733562.126808
612.0000     -733969.291672
616.0000     -733861.369492
620.0000     -733327.704272
624.0000     -733244.422525
628.0000     -733566.533815
632.0000     -732516.478632
636.0000     -734078.929738
640.0000     -733621.854514
644.0000     -733229.078595
648.0000     -733107.575182
652.0000     -732595.072841
656.0000     -733419.407668
660.0000     -733430.507341
664.0000     -734095.796851
668.0000     -733886.192274
672.0000     -733843.473298
676.0000     -732879.804628
680.0000     -733980.055660
684.0000     -733620.790778
688.0000     -733898.589935
692.0000     -733446.413515
696.0000     -733392.030316
700.0000     -734031.693712
704.0000     -733105.487541
708.0000     -733245.972865
712.0000     -733261.619389
716.0000     -733130.052083
720.0000     -734389.569379
724.0000     -733315.122456
728.0000     -734284.963722
732.0000     -733991.803933
736.0000     -733830.139339
740.0000     -732779.396291
744.0000     -733962.178940
748.0000     -733314.097991
752.0000     -733692.140847
756.0000     -732841.911286
760.0000     -732927.328359
764.0000     -733233.575733
768.0000     -733018.222395
772.0000     -733933.773937
776.0000     -733788.109405
780.0000     -733941.670153
784.0000     -733327.898676
788.0000     -733310.308409
792.0000     -733973.917696
796.0000     -732906.764834
800.0000     -733987.626791
804.0000     -734089.673502
808.0000     -733904.127655
812.0000     -732912.811066
816.0000     -733728.783911
820.0000     -733853.019138
824.0000     -733503.804575
828.0000     -733535.400425
832.0000     -733409.846298
836.0000     -733077.068793
840.0000     -733820.736851
844.0000     -733661.667883
848.0000     -733212.234806
852.0000     -732662.350157
856.0000     -734001.019662
860.0000     -733984.098565
864.0000     -733953.107155
868.0000     -734289.564792
872.0000     -733396.731359
876.0000     -733479.693094
880.0000     -734300.778296
884.0000     -733478.048134
888.0000     -733654.894023
892.0000     -732891.193919
896.0000     -733360.188071
900.0000     -733964.359042
904.0000     -733279.308916
908.0000     -733660.250168
912.0000     -733810.831224
916.0000     -732955.550817
920.0000     -732955.282209
924.0000     -733378.785669
928.0000     -734220.752890
932.0000     -733935.978462
936.0000     -734453.913484
940.0000     -734374.333750
944.0000     -734077.759097
948.0000     -733948.947641
952.0000     -733972.409267
956.0000     -733682.790224
960.0000     -733448.838858
964.0000     -733339.389305
968.0000     -733543.511190
972.0000     -733510.550078
976.0000     -733151.249335
980.0000     -733562.363701
984.0000     -733388.543754
988.0000     -733661.299930
992.0000     -733135.487212
996.0000     -733613.309852
1000.0000     -732939.541288
1004.0000     -732905.633974
1008.0000     -733836.571868
1012.0000     -732788.543609
1016.0000     -732997.898456
1020.0000     -733580.363829
1024.0000     -733402.375974
1028.0000     -733846.282193
1032.0000     -732897.452471
1036.0000     -732725.236961
1040.0000     -732624.227403
1044.0000     -733091.791926
1048.0000     -732611.436448
1052.0000     -732693.628042
1056.0000     -733095.521544
1060.0000     -733633.798055
1064.0000     -733380.257819
1068.0000     -733800.310440
1072.0000     -732486.907927
1076.0000     -733589.711346
1080.0000     -733667.407772
1084.0000     -732848.866953
1088.0000     -733668.504437
1092.0000     -733742.569954
1096.0000     -734366.630652
1100.0000     -733565.684061
1104.0000     -733355.845366
1108.0000     -733511.630527
1112.0000     -733626.876770
1116.0000     -733674.020262
1120.0000     -732709.256879
1124.0000     -733473.946439
1128.0000     -734008.634932
1132.0000     -734211.414070
1136.0000     -732833.591848
1140.0000     -733426.543985
1144.0000     -733910.943619
1148.0000     -733023.083617
1152.0000     -733006.548821
1156.0000     -733068.467378
1160.0000     -733345.388596
1164.0000     -733664.098079
1168.0000     -733961.410379
1172.0000     -733642.531838
1176.0000     -733685.071650
1180.0000     -733813.803292
1184.0000     -734355.155280
1188.0000     -733808.513712
1192.0000     -733889.358843
1196.0000     -733400.384742
1200.0000     -734016.807815
1204.0000     -733977.144672
1208.0000     -733784.652637
1212.0000     -733858.052202
1216.0000     -733815.120317
1220.0000     -733516.561918
1224.0000     -733496.642790
1228.0000     -732827.587227
1232.0000     -732696.532345
1236.0000     -733388.336847
1240.0000     -733255.792115
1244.0000     -733880.106236
1248.0000     -733521.268991
1252.0000     -733909.643726
1256.0000     -733669.782674
1260.0000     -733867.426181
1264.0000     -733573.875284
1268.0000     -733879.248951
1272.0000     -734233.448498
1276.0000     -733397.136524
1280.0000     -734115.959712
1284.0000     -734218.600741
1288.0000     -733938.998764
1292.0000     -733811.385583
1296.0000     -733726.374132
1300.0000     -733898.254278
1304.0000     -733407.328892
1308.0000     -734259.992906
1312.0000     -732728.979661
1316.0000     -733587.722281
1320.0000     -733695.308544
1324.0000     -733700.474293
1328.0000     -733511.966968
1332.0000     -733703.928482
1336.0000     -734076.970353
1340.0000     -733958.896753
1344.0000     -733004.642485
1348.0000     -733289.091362
1352.0000     -733004.575909
1356.0000     -733517.755781
1360.0000     -733914.450976
1364.0000     -733328.236404
1368.0000     -733145.742721
1372.0000     -732809.831475
1376.0000     -733499.043442
1380.0000     -734100.861162
1384.0000     -733767.577958
1388.0000     -733248.529703
1392.0000     -733897.253348
1396.0000     -733870.268529
1400.0000     -733589.001828
1404.0000     -733740.327711
1408.0000     -734395.310899
1412.0000     -733972.201866
1416.0000     -734366.780872
1420.0000     -734144.998684
1424.0000     -733987.916534
1428.0000     -733986.034466
1432.0000     -732408.297259
1436.0000     -732895.482925
1440.0000     -733714.258641
1444.0000     -732646.422533
1448.0000     -733570.040550
1452.0000     -733833.305865
1456.0000     -733037.594297
1460.0000     -733915.044765
1464.0000     -733764.684618
1468.0000     -734093.336940
1472.0000     -733675.527499
1476.0000     -733476.282761
1480.0000     -733970.768742
1484.0000     -733470.478384
1488.0000     -733012.432367
1492.0000     -733687.695416
1496.0000     -733212.217417
1500.0000     -733509.133665
1504.0000     -733184.337135
1508.0000     -734212.568880
1512.0000     -734798.907021
1516.0000     -734409.751335
1520.0000     -733667.132876
1524.0000     -734039.309466
1528.0000     -734455.078730
1532.0000     -733945.137439
1536.0000     -733740.751387
1540.0000     -734212.959738
1544.0000     -732999.550244
1548.0000     -734396.519144
1552.0000     -733718.338368
1556.0000     -734306.179146
1560.0000     -733287.866623
1564.0000     -734198.385651
1568.0000     -733471.194124
1572.0000     -732547.501970
1576.0000     -732919.483214
1580.0000     -734221.596555
1584.0000     -733232.937467
1588.0000     -733457.864651
1592.0000     -733420.901854
1596.0000     -733312.636500
1600.0000     -733849.208625
1604.0000     -733451.593251
1608.0000     -734180.608645
1612.0000     -733886.099441
1616.0000     -732338.695845
1620.0000     -733063.557213
1624.0000     -733330.858124
1628.0000     -733399.239972
1632.0000     -732902.793736
1636.0000     -733497.143473
1640.0000     -733664.665356
1644.0000     -733399.341260
1648.0000     -733318.011461
1652.0000     -732676.124030
1656.0000     -733427.738586
1660.0000     -733702.126670
1664.0000     -732652.448180
1668.0000     -733386.063316
1672.0000     -734195.968053
1676.0000     -733639.838256
1680.0000     -734166.637367
1684.0000     -733692.040586
1688.0000     -733946.925181
1692.0000     -733551.941749
1696.0000     -733172.217750
1700.0000     -733350.743266
1704.0000     -734097.054394
1708.0000     -733443.416524
1712.0000     -733502.869930
1716.0000     -733667.407705
1720.0000     -733529.264884
1724.0000     -733498.405289
1728.0000     -733724.804166
1732.0000     -733007.202677
1736.0000     -733846.887993
1740.0000     -732836.322263
1744.0000     -733604.496715
1748.0000     -733848.500713
1752.0000     -735064.827086
1756.0000     -733987.161777
1760.0000     -733833.384156
1764.0000     -733672.529695
1768.0000     -732942.977420
1772.0000     -733888.678065
1776.0000     -733992.034568
1780.0000     -733464.080998
1784.0000     -734161.489700
1788.0000     -733466.807406
1792.0000     -733480.998816
1796.0000     -734210.987917
1800.0000     -733115.482557
1804.0000     -733232.941324
1808.0000     -733410.359696
1812.0000     -733539.877688
1816.0000     -733823.405396
1820.0000     -733433.935287
1824.0000     -733210.220268
1828.0000     -733311.236665
1832.0000     -733275.456580
1836.0000     -733828.798503
1840.0000     -733412.472810
1844.0000     -733618.246398
1848.0000     -733441.158904
1852.0000     -733191.767497
1856.0000     -732814.365847
1860.0000     -733498.053577
1864.0000     -733669.593292
1868.0000     -733440.441297
1872.0000     -733555.274043
1876.0000     -732798.129548
1880.0000     -733945.738140
1884.0000     -733355.584205
1888.0000     -733160.558876
1892.0000     -733926.741262
1896.0000     -733407.962867
1900.0000     -733950.188853
1904.0000     -733487.843345
1908.0000     -733659.010985
1912.0000     -733631.888923
1916.0000     -732914.033716
1920.0000     -733781.274582
1924.0000     -734405.419130
1928.0000     -733983.616356
1932.0000     -733205.518637
1936.0000     -733752.116954
1940.0000     -733528.690212
1944.0000     -734361.809618
1948.0000     -733810.818597
1952.0000     -734734.707480
1956.0000     -733152.831667
1960.0000     -733930.395797
1964.0000     -734497.512219
1968.0000     -734279.436650
1972.0000     -733809.168026
1976.0000     -733214.834347
1980.0000     -732988.444996
1984.0000     -733372.056151
1988.0000     -733390.806744
1992.0000     -733466.254952
1996.0000     -733028.758623
2000.0000     -733623.281262
2004.0000     -733719.401279
2008.0000     -733924.989267
2012.0000     -733949.623607
2016.0000     -733271.516359
2020.0000     -732753.797878
2024.0000     -733154.710204
2028.0000     -732856.688319
2032.0000     -733080.055501
2036.0000     -733330.508015
2040.0000     -732813.478519
2044.0000     -733894.172608
2048.0000     -733471.365411
2052.0000     -732841.594662
2056.0000     -733581.044883
2060.0000     -732901.613148
2064.0000     -732725.917581
2068.0000     -733951.904104
2072.0000     -733298.461662
2076.0000     -733263.828714
2080.0000     -733460.810804
2084.0000     -733450.194195
2088.0000     -733889.104888
2092.0000     -732764.176464
2096.0000     -733625.488086
2100.0000     -733479.151279
2104.0000     -733351.399840
2108.0000     -732941.358223
2112.0000     -732115.862298
2116.0000     -733430.814009
2120.0000     -733998.707738
2124.0000     -733332.916752
2128.0000     -733213.921029
2132.0000     -732702.645988
2136.0000     -733583.961988
2140.0000     -734127.898400
2144.0000     -733636.606267
2148.0000     -733439.350212
2152.0000     -733719.356063
2156.0000     -734084.066637
2160.0000     -733594.169649
2164.0000     -733689.043676
2168.0000     -733484.855048
2172.0000     -732340.347609
2176.0000     -733374.625273
2180.0000     -733807.106698
2184.0000     -733119.085970
2188.0000     -733786.211021
2192.0000     -734040.379336
2196.0000     -733868.972491
2200.0000     -733750.170869
2204.0000     -734017.429877
2208.0000     -733447.722495
2212.0000     -733566.028835
2216.0000     -733301.283375
2220.0000     -733701.533322
2224.0000     -733642.063419
2228.0000     -733364.098698
2232.0000     -733212.976560
2236.0000     -733723.237779
2240.0000     -733467.355923
2244.0000     -733706.740935
2248.0000     -732966.261872
2252.0000     -733502.746644
2256.0000     -733978.862605
2260.0000     -733976.089070
2264.0000     -733691.771145
2268.0000     -733401.419851
2272.0000     -733454.430822
2276.0000     -733859.862128
2280.0000     -734041.567515
2284.0000     -734264.986904
2288.0000     -733613.222442
2292.0000     -733831.386941
2296.0000     -733883.412203
2300.0000     -733539.049226
2304.0000     -733085.062434
2308.0000     -733607.422394
2312.0000     -733143.761014
2316.0000     -734459.420117
2320.0000     -733037.918005
2324.0000     -732748.065397
2328.0000     -734026.108117
2332.0000     -733287.922135
2336.0000     -733178.950096
2340.0000     -733688.389988
2344.0000     -733233.209229
2348.0000     -733016.094326
2352.0000     -732972.385808
2356.0000     -733747.762537
2360.0000     -732765.272591
2364.0000     -733432.759459
2368.0000     -734354.009207
2372.0000     -733513.442156
2376.0000     -734600.727194
2380.0000     -734196.880806
2384.0000     -733559.852681
2388.0000     -734863.373648
2392.0000     -734163.193008
2396.0000     -733783.011016
2400.0000     -733332.247435
2404.0000     -734604.222138
2408.0000     -733061.585886
2412.0000     -733371.601494
2416.0000     -732961.692216
2420.0000     -734211.893643
2424.0000     -734714.725647
2428.0000     -733859.608423
2432.0000     -734336.948734
2436.0000     -733027.475587
2440.0000     -733163.929540
2444.0000     -733033.281975
2448.0000     -733785.986065
2452.0000     -733390.334908
2456.0000     -733925.359466
2460.0000     -733948.498084
2464.0000     -733906.040830
2468.0000     -733120.699307
2472.0000     -732694.224288
2476.0000     -733250.699330
2480.0000     -733373.884274
2484.0000     -732759.219868
2488.0000     -733630.172837
2492.0000     -734280.036599
2496.0000     -733775.516969
2500.0000     -732836.896941
2504.0000     -733321.910505
2508.0000     -732392.620464
2512.0000     -733687.242392
2516.0000     -732998.236976
2520.0000     -733140.108336
2524.0000     -733811.716082
2528.0000     -733198.036086
2532.0000     -732805.113506
2536.0000     -733578.978769
2540.0000     -733046.664145
2544.0000     -733820.785599
2548.0000     -733349.973896
2552.0000     -733841.853820
2556.0000     -733586.392911
2560.0000     -733239.626032
2564.0000     -732880.160271
2568.0000     -733751.366430
2572.0000     -733122.245592
2576.0000     -733527.922842
2580.0000     -733293.681139
2584.0000     -733998.783568
2588.0000     -733808.274256
2592.0000     -733577.304740
2596.0000     -733354.271264
2600.0000     -733771.821550
2604.0000     -733500.382253
2608.0000     -733951.842435
2612.0000     -734003.506380
2616.0000     -734015.706722
2620.0000     -733520.193276
2624.0000     -732955.819622
2628.0000     -733337.565113
2632.0000     -733676.315081
2636.0000     -733416.277480
2640.0000     -733441.107028
2644.0000     -733235.959685
2648.0000     -733120.540855
2652.0000     -733847.244532
2656.0000     -733010.154608
2660.0000     -733506.408968
2664.0000     -733079.178584
2668.0000     -733703.458779
2672.0000     -733767.386426
2676.0000     -732681.644931
2680.0000     -732710.198121
2684.0000     -733848.257465
2688.0000     -733032.695071
2692.0000     -733967.894590
2696.0000     -734263.283761
2700.0000     -733786.620169
2704.0000     -733226.539743
2708.0000     -733743.706752
2712.0000     -733784.140344
2716.0000     -734080.765556
2720.0000     -732670.942388
2724.0000     -733730.521804
2728.0000     -734129.840228
2732.0000     -734276.161635
2736.0000     -733672.221148
2740.0000     -734295.191629
2744.0000     -734213.726054
2748.0000     -733787.383263
2752.0000     -734470.778031
2756.0000     -733609.405630
2760.0000     -734374.374251
2764.0000     -733836.284967
2768.0000     -733190.348581
2772.0000     -734203.948306
2776.0000     -734124.486770
2780.0000     -733420.504624
2784.0000     -733518.476205
2788.0000     -733554.972978
2792.0000     -733193.691643
2796.0000     -733472.764020
2800.0000     -733242.519737
2804.0000     -733730.105645
2808.0000     -732973.640072
2812.0000     -733801.008438
2816.0000     -733506.869479
2820.0000     -732822.659923
2824.0000     -733049.227744
2828.0000     -734081.467406
2832.0000     -733029.032473
2836.0000     -732538.699480
2840.0000     -732674.082819
2844.0000     -733709.508623
2848.0000     -733916.264870
2852.0000     -733325.564158
2856.0000     -733335.478952
2860.0000     -734057.300726
2864.0000     -734356.798104
2868.0000     -733948.922099
2872.0000     -733476.181069
2876.0000     -733803.550428
2880.0000     -733011.816939
2884.0000     -733118.501508
2888.0000     -732617.595031
2892.0000     -733866.520412
2896.0000     -733278.810589
2900.0000     -733263.216641
2904.0000     -733525.140966
2908.0000     -733629.815022
2912.0000     -733953.635151
2916.0000     -733416.558175
2920.0000     -733984.721384
2924.0000     -733312.962747
2928.0000     -733402.484592
2932.0000     -733991.466052
2936.0000     -732998.507590
2940.0000     -733828.402615
2944.0000     -733288.653870
2948.0000     -733412.878924
2952.0000     -734238.113744
2956.0000     -733048.533439
2960.0000     -733381.988435
2964.0000     -733628.244717
2968.0000     -733567.019437
2972.0000     -733952.342175
2976.0000     -733907.130693
2980.0000     -733784.431498
2984.0000     -733876.878374
2988.0000     -733041.353167
2992.0000     -733907.087293
2996.0000     -733374.448519
3000.0000     -733977.044700
3004.0000     -733427.083026
3008.0000     -732969.808530
3012.0000     -734171.357954
3016.0000     -733273.011403
3020.0000     -733879.560155
3024.0000     -733861.085633
3028.0000     -734254.398244
3032.0000     -732789.396875
3036.0000     -734129.611589
3040.0000     -734122.758046
3044.0000     -734284.337049
3048.0000     -732588.507848
3052.0000     -733950.231768
3056.0000     -733626.323331
3060.0000     -733889.429507
3064.0000     -733733.499063
3068.0000     -733513.141654
3072.0000     -733600.957245
3076.0000     -733280.458740
3080.0000     -733904.069692
3084.0000     -732609.400760
3088.0000     -733735.984261
3092.0000     -734523.800889
3096.0000     -733979.991859
3100.0000     -734223.595490
3104.0000     -733405.443590
3108.0000     -733178.742238
3112.0000     -734487.736772
3116.0000     -734547.277889
3120.0000     -733905.780822
3124.0000     -734211.975325
3128.0000     -733603.093744
3132.0000     -734133.650082
3136.0000     -734198.215569
3140.0000     -734356.762654
3144.0000     -734531.218249
3148.0000     -734386.646953
3152.0000     -733709.452035
3156.0000     -733865.135791
3160.0000     -734137.491790
3164.0000     -734153.353123
3168.0000     -733836.093584
3172.0000     -734013.982201
3176.0000     -733505.883088
3180.0000     -733245.378201
3184.0000     -733463.886063
3188.0000     -733990.479554
3192.0000     -733612.803186
3196.0000     -733370.661676
3200.0000     -733722.774730
3204.0000     -732664.510018
3208.0000     -733479.124458
3212.0000     -734550.431716
3216.0000     -734491.717574
3220.0000     -733445.928765
3224.0000     -735150.934613
3228.0000     -734249.585784
3232.0000     -733744.081930
3236.0000     -734043.290965
3240.0000     -733668.257151
3244.0000     -732863.687212
3248.0000     -733735.687317
3252.0000     -733817.706003
3256.0000     -733851.025095
3260.0000     -733300.231895
3264.0000     -733164.438796
3268.0000     -734250.886039
3272.0000     -734642.177164
3276.0000     -733541.136758
3280.0000     -733808.465256
3284.0000     -734046.965451
3288.0000     -733587.614398
3292.0000     -733880.324001
3296.0000     -733835.321922
3300.0000     -733397.070846
3304.0000     -733426.452808
3308.0000     -733973.971269
3312.0000     -734671.646262
3316.0000     -733658.162536
3320.0000     -733520.212875
3324.0000     -733836.126032
3328.0000     -733648.109488
3332.0000     -733015.917342
3336.0000     -733743.082307
3340.0000     -734000.827526
3344.0000     -733178.664729
3348.0000     -733422.638766
3352.0000     -733911.879586
3356.0000     -733485.617216
3360.0000     -733845.758520
3364.0000     -733786.287108
3368.0000     -733888.580987
3372.0000     -733915.011051
3376.0000     -733681.499241
3380.0000     -734409.316014
3384.0000     -734022.436350
3388.0000     -734233.426844
3392.0000     -733602.145111
3396.0000     -733616.007136
3400.0000     -734165.441321
3404.0000     -733103.814592
3408.0000     -734018.259242
3412.0000     -733753.534739
3416.0000     -734740.712348
3420.0000     -733946.918933
3424.0000     -734470.491804
3428.0000     -733420.216143
3432.0000     -733184.026062
3436.0000     -732783.427236
3440.0000     -733984.597192
3444.0000     -732789.239748
3448.0000     -733427.656435
3452.0000     -732713.300221
3456.0000     -733693.963226
3460.0000     -734020.288493
3464.0000     -733548.222290
3468.0000     -733756.897704
3472.0000     -733724.767472
3476.0000     -733750.931775
3480.0000     -734146.477770
3484.0000     -733534.918051
3488.0000     -733483.993267
3492.0000     -734212.904449
3496.0000     -733701.094306
3500.0000     -734254.889564
3504.0000     -733776.342397
3508.0000     -733316.052475
3512.0000     -733541.601352
3516.0000     -734104.661873
3520.0000     -733129.722194
3524.0000     -734336.860478
3528.0000     -734329.392783
3532.0000     -734469.906676
3536.0000     -732684.380080
3540.0000     -733552.722302
3544.0000     -733988.678704
3548.0000     -734212.527509
3552.0000     -733509.832914
3556.0000     -734060.829572
3560.0000     -734220.447691
3564.0000     -734100.347109
3568.0000     -734063.728886
3572.0000     -733930.414097
3576.0000     -734056.311076
3580.0000     -733724.221069
3584.0000     -733740.966564
3588.0000     -733320.075668
3592.0000     -734698.376880
3596.0000     -733680.705673
3600.0000     -734527.518584
3604.0000     -733963.782754
3608.0000     -734091.701820
3612.0000     -734000.562641
3616.0000     -734690.528149
3620.0000     -733837.046290
3624.0000     -733324.997933
3628.0000     -733723.350669
3632.0000     -733908.124459
3636.0000     -734787.550250
3640.0000     -734369.427234
3644.0000     -734133.818162
3648.0000     -733338.591326
3652.0000     -734354.771235
3656.0000     -733177.217095
3660.0000     -733741.362088
3664.0000     -734875.123666
3668.0000     -733599.911602
3672.0000     -734136.136623
3676.0000     -734544.854822
3680.0000     -733393.319656
3684.0000     -733305.405111
3688.0000     -734193.607932
3692.0000     -733635.410792
3696.0000     -734046.626769
3700.0000     -734011.786662
3704.0000     -734140.533024
3708.0000     -733690.355700
3712.0000     -733720.800243
3716.0000     -733337.910507
3720.0000     -733271.770913
3724.0000     -733539.217317
3728.0000     -733126.855006
3732.0000     -733899.184530
3736.0000     -733659.490812
3740.0000     -733335.764627
3744.0000     -733965.487701
3748.0000     -733074.581431
3752.0000     -733507.359952
3756.0000     -733639.754855
3760.0000     -733664.296315
3764.0000     -732800.089462
3768.0000     -733702.457350
3772.0000     -733638.177535
3776.0000     -733663.744171
3780.0000     -733196.346255
3784.0000     -733231.539456
3788.0000     -733573.790636
3792.0000     -734129.002836
3796.0000     -732978.197331
3800.0000     -732812.514024
3804.0000     -732618.359128
3808.0000     -733072.826704
3812.0000     -733852.382610
3816.0000     -734406.789579
3820.0000     -733409.029511
3824.0000     -733500.646755
3828.0000     -734031.787583
3832.0000     -733897.259999
3836.0000     -734104.352384
3840.0000     -734018.799965
3844.0000     -733680.422025
3848.0000     -733882.781385
3852.0000     -733411.935167
3856.0000     -733875.516840
3860.0000     -732931.797565
3864.0000     -733923.956959
3868.0000     -733630.868492
3872.0000     -733122.112732
3876.0000     -733146.430484
3880.0000     -734014.454725
3884.0000     -733593.670730
3888.0000     -733604.542178
3892.0000     -733224.322829
3896.0000     -732955.856048
3900.0000     -733842.674981
3904.0000     -733092.137902
3908.0000     -733929.765554
3912.0000     -734237.100425
3916.0000     -733174.528147
3920.0000     -733542.507649
3924.0000     -734193.162365
3928.0000     -733593.541093
3932.0000     -733772.264579
3936.0000     -734220.208195
3940.0000     -734366.968280
3944.0000     -733026.315991
3948.0000     -733402.840548
3952.0000     -733847.291305
3956.0000     -734087.369603
3960.0000     -732763.909539
3964.0000     -733722.019246
3968.0000     -733260.803300
3972.0000     -734292.874627
3976.0000     -733447.200164
3980.0000     -733746.351526
3984.0000     -733419.203355
3988.0000     -733598.140534
3992.0000     -733763.367546
3996.0000     -733250.718719
4000.0000     -733299.902939
4004.0000     -733299.902939
