4.0000     -732854.062366
8.0000     -732912.161455
12.0000     -733063.382084
16.0000     -732780.365061
20.0000     -732302.288487
24.0000     -733007.980151
28.0000     -732786.699477
32.0000     -732810.183497
36.0000     -732655.705360
40.0000     -733398.016807
44.0000     -732913.037264
48.0000     -733109.821750
52.0000     -733142.772024
56.0000     -733076.922308
60.0000     -733107.961850
64.0000     -732868.427733
68.0000     -733360.047513
72.0000     -731985.764147
76.0000     -733296.211418
80.0000     -732879.796521
84.0000     -733441.291033
88.0000     -733538.896580
92.0000     -733724.392323
96.0000     -732680.138029
100.0000     -732720.164945
104.0000     -733341.797838
108.0000     -733099.240319
112.0000     -733436.998277
116.0000     -732935.876186
120.0000     -733325.664223
124.0000     -733352.151522
128.0000     -733423.203866
132.0000     -732577.438724
136.0000     -732237.752814
140.0000     -732399.203646
144.0000     -732581.596933
148.0000     -733312.141042
152.0000     -732603.913208
156.0000     -733582.727749
160.0000     -732299.533768
164.0000     -732295.460270
168.0000     -732715.122470
172.0000     -732568.013639
176.0000     -732836.673792
180.0000     -733244.044421
184.0000     -732670.038233
188.0000     -732482.666093
192.0000     -733469.484428
196.0000     -733448.084684
200.0000     -733334.528511
204.0000     -734014.879476
208.0000     -733308.618696
212.0000     -733559.976844
216.0000     -733220.816779
220.0000     -734125.083212
224.0000     -733820.933331
228.0000     -733539.203967
232.0000     -733348.299314
236.0000     -732874.695174
240.0000     -733097.095524
244.0000     -733665.652303
248.0000     -732447.662934
252.0000     -732331.549754
256.0000     -734015.875855
260.0000     -733137.245220
264.0000     -732824.617841
268.0000     -733511.494739
272.0000     -732508.245293
276.0000     -732642.045707
280.0000     -732961.948926
284.0000     -733001.135940
288.0000     -733308.006879
292.0000     -733755.617946
296.0000     -733623.740914
300.0000     -733008.931876
304.0000     -732939.143000
308.0000     -732527.365176
312.0000     -732399.436247
316.0000     -732464.825367
320.0000     -732346.311923
324.0000     -732402.140533
328.0000     -733677.487165
332.0000     -732458.304249
336.0000     -732704.397500
340.0000     -733887.781991
344.0000     -732528.874165
348.0000     -732952.306892
352.0000     -733415.721089
356.0000     -734084.431197
360.0000     -733262.371997
364.0000     -732789.988605
368.0000     -733309.907877
372.0000     -733076.023265
376.0000     -733248.094238
380.0000     -733374.879228
384.0000     -733304.159524
388.0000     -732820.024180
392.0000     -732993.179396
396.0000     -732677.903689
400.0000     -733009.294135
404.0000     -732915.792354
408.0000     -732664.625841
412.0000     -732355.874897
416.0000     -733549.147614
420.0000     -733060.651974
424.0000     -733258.269267
428.0000     -732936.831020
432.0000     -733431.562512
436.0000     -733522.052450
440.0000     -733224.197383
444.0000     -733929.873616
448.0000     -733782.268621
452.0000     -732993.125341
456.0000     -733896.406640
460.0000     -733497.841841
464.0000     -733270.149609
468.0000     -732719.808467
472.0000     -733692.119118
476.0000     -733237.157549
480.0000     -732680.154926
484.0000     -732973.996267
488.0000     -733359.472897
492.0000     -733120.607286
496.0000     -733458.516045
500.0000     -733307.148613
504.0000     -733395.975145
508.0000     -733028.128848
512.0000     -733548.047953
516.0000     -733316.661608
520.0000     -733630.429529
524.0000     -733413.392988
528.0000     -733587.071722
532.0000     -733028.251997
536.0000     -733633.537593
540.0000     -733126.545087
544.0000     -732892.243592
548.0000     -733104.895811
552.0000     -733302.583543
556.0000     -733826.068701
560.0000     -734337.615839
564.0000     -733036.646967
568.0000     -732985.391487
572.0000     -733973.562939
576.0000     -732800.368976
580.0000     -733005.514716
584.0000     -733029.263105
588.0000     -732821.192086
592.0000     -733148.374957
596.0000     -732996.599488
600.0000     -732532.898557
604.0000     -733718.967514
608.0000     -733564.368967
612.0000     -732859.927731
616.0000     -733132.385133
620.0000     -733322.740763
624.0000     -733737.311848
628.0000     -733061.860177
632.0000     -733167.896151
636.0000     -733616.273137
640.0000     -733636.473842
644.0000     -733206.038258
648.0000     -733253.362277
652.0000     -733074.623849
656.0000     -732544.293891
660.0000     -733480.659343
664.0000     -732946.609541
668.0000     -733118.732987
672.0000     -733349.145592
676.0000     -733137.697126
680.0000     -732877.154890
684.0000     -732540.291151
688.0000     -733018.868948
692.0000     -733438.717907
696.0000     -733503.009379
700.0000     -733631.491549
704.0000     -733229.427482
708.0000     -732778.061623
712.0000     -733024.608615
716.0000     -733045.985274
720.0000     -733049.110450
724.0000     -733273.939542
728.0000     -732722.502905
732.0000     -732606.302967
736.0000     -733290.790667
740.0000     -733286.726261
744.0000     -733807.847986
748.0000     -733293.290329
752.0000     -732437.677033
756.0000     -733483.090946
760.0000     -733945.409414
764.0000     -733118.418912
768.0000     -732645.889461
772.0000     -734164.421770
776.0000     -733188.444331
780.0000     -733613.705446
784.0000     -733317.892434
788.0000     -732831.041229
792.0000     -733325.993747
796.0000     -733923.797606
800.0000     -733144.481777
804.0000     -733800.521643
808.0000     -733038.341387
812.0000     -733424.496020
816.0000     -733883.076177
820.0000     -732737.441977
824.0000     -733469.802168
828.0000     -733266.289208
832.0000     -733690.190285
836.0000     -733591.088332
840.0000     -733846.588415
844.0000     -733160.541700
848.0000     -733072.194697
852.0000     -732866.382499
856.0000     -733920.208050
860.0000     -733949.293862
864.0000     -733705.052746
868.0000     -733424.436870
872.0000     -733141.939224
876.0000     -733168.013201
880.0000     -733229.859996
884.0000     -733736.202397
888.0000     -733803.410916
892.0000     -733992.315490
896.0000     -733306.223211
900.0000     -733585.853699
904.0000     -732834.284130
908.0000     -734528.355218
912.0000     -733609.483754
916.0000     -733040.745467
920.0000     -733433.715327
924.0000     -732864.827412
928.0000     -733458.248036
932.0000     -733391.836325
936.0000     -733228.612300
940.0000     -733667.365785
944.0000     -732885.819358
948.0000     -733472.273756
952.0000     -733827.723886
956.0000     -733115.646017
960.0000     -733988.094738
964.0000     -733051.685210
968.0000     -733185.727113
972.0000     -733370.975624
976.0000     -733709.093896
980.0000     -733375.720872
984.0000     -734205.885588
988.0000     -734687.583700
992.0000     -734166.843341
996.0000     -733476.106321
1000.0000     -733599.251118
1004.0000     -733728.140218
1008.0000     -733601.970325
1012.0000     -733698.817444
1016.0000     -733322.966627
1020.0000     -733424.553331
1024.0000     -733200.364806
1028.0000     -733566.923573
1032.0000     -733063.149660
1036.0000     -733465.753412
1040.0000     -733810.947593
1044.0000     -732842.424735
1048.0000     -733548.951272
1052.0000     -733811.338218
1056.0000     -732984.834264
1060.0000     -734203.012738
1064.0000     -733708.817552
1068.0000     -733617.418289
1072.0000     -733410.630826
1076.0000     -733677.788859
1080.0000     -733717.858049
1084.0000     -733691.046021
1088.0000     -733567.616869
1092.0000     -733591.487009
1096.0000     -733540.678220
1100.0000     -734097.807177
1104.0000     -733944.866416
1108.0000     -734164.209207
1112.0000     -733652.096440
1116.0000     -733525.769225
1120.0000     -733077.662727
1124.0000     -733379.853667
1128.0000     -733167.667927
1132.0000     -732161.033090
1136.0000     -733196.012665
1140.0000     -734149.020835
1144.0000     -733151.203699
1148.0000     -734068.952065
1152.0000     -732562.506789
1156.0000     -734151.353836
1160.0000     -733860.189735
1164.0000     -733795.685333
1168.0000     -734466.530347
1172.0000     -733433.608141
1176.0000     -733661.047672
1180.0000     -733417.927195
1184.0000     -733519.933128
1188.0000     -733647.351234
1192.0000     -732967.558879
1196.0000     -733516.092223
1200.0000     -733425.151231
1204.0000     -733612.014080
1208.0000     -733837.896453
1212.0000     -733633.044413
1216.0000     -733839.039742
1220.0000     -733021.442252
1224.0000     -733983.392198
1228.0000     -733637.451508
1232.0000     -733997.043593
1236.0000     -734093.206535
1240.0000     -733481.958092
1244.0000     -733768.434700
1248.0000     -733552.508685
1252.0000     -734106.747900
1256.0000     -733534.706780
1260.0000     -733829.440860
1264.0000     -733310.163412
1268.0000     -733097.339574
1272.0000     -733715.442231
1276.0000     -733870.262843
1280.0000     -733481.084238
1284.0000     -732683.460239
1288.0000     -734017.121219
1292.0000     -733239.397387
1296.0000     -733433.275236
1300.0000     -733608.489526
1304.0000     -733865.025287
1308.0000     -733136.124051
1312.0000     -733643.144167
1316.0000     -734135.820548
1320.0000     -733423.303075
1324.0000     -733833.837506
1328.0000     -733517.091599
1332.0000     -732615.128023
1336.0000     -732500.380373
1340.0000     -732670.780607
1344.0000     -732890.207128
1348.0000     -733382.880636
1352.0000     -733751.017892
1356.0000     -733849.868240
1360.0000     -733218.611893
1364.0000     -733305.086274
1368.0000     -734128.212461
1372.0000     -733566.559710
1376.0000     -733023.502342
1380.0000     -733678.986031
1384.0000     -733580.523157
1388.0000     -733596.166551
1392.0000     -733289.186883
1396.0000     -733253.010401
1400.0000     -733208.746218
1404.0000     -733641.807722
1408.0000     -733611.404856
1412.0000     -733883.697724
1416.0000     -733322.891306
1420.0000     -733777.914146
1424.0000     -733079.002771
1428.0000     -732786.459798
1432.0000     -733768.605918
1436.0000     -734125.279402
1440.0000     -733748.985173
1444.0000     -734399.470074
1448.0000     -732787.234195
1452.0000     -732636.057991
1456.0000     -733989.528229
1460.0000     -733432.476875
1464.0000     -733754.675199
1468.0000     -734524.472209
1472.0000     -734578.595834
1476.0000     -734569.753743
1480.0000     -734100.069847
1484.0000     -733495.445638
1488.0000     -732869.065393
1492.0000     -732925.382456
1496.0000     -733863.833297
1500.0000     -733443.525057
1504.0000     -733287.759009
1508.0000     -733129.650486
1512.0000     -733659.576982
1516.0000     -734468.803221
1520.0000     -733220.762781
1524.0000     -733898.007308
1528.0000     -732846.111165
1532.0000     -733413.180961
1536.0000     -733586.892147
1540.0000     -732442.408535
1544.0000     -733232.007532
1548.0000     -733626.395365
1552.0000     -733523.404149
1556.0000     -733797.774139
1560.0000     -734055.035916
1564.0000     -733315.058730
1568.0000     -733845.926246
1572.0000     -733435.614548
1576.0000     -733417.241660
1580.0000     -733617.689456
1584.0000     -733536.637341
1588.0000     -733922.585741
1592.0000     -733225.430610
1596.0000     -733886.559749
1600.0000     -734163.462540
1604.0000     -734022.085436
1608.0000     -734106.468883
1612.0000     -733282.961959
1616.0000     -734123.247446
1620.0000     -734487.066772
1624.0000     -733153.252252
1628.0000     -733440.977948
1632.0000     -733218.310406
1636.0000     -733658.793287
1640.0000     -733272.555353
1644.0000     -733088.577811
1648.0000     -733616.379147
1652.0000     -733232.998683
1656.0000     -733380.936958
1660.0000     -734218.216131
1664.0000     -733595.599495
1668.0000     -733436.840659
1672.0000     -733898.935032
1676.0000     -733867.939661
1680.0000     -733479.143011
1684.0000     -733574.801002
1688.0000     -732737.948484
1692.0000     -732700.958104
1696.0000     -733021.888683
1700.0000     -733316.508481
1704.0000     -733127.391059
1708.0000     -733109.447323
1712.0000     -732928.704002
1716.0000     -732918.320159
1720.0000     -733088.948552
1724.0000     -733607.878807
1728.0000     -733998.504722
1732.0000     -733316.984157
1736.0000     -733771.478387
1740.0000     -733101.820259
1744.0000     -732862.430660
1748.0000     -734091.137096
1752.0000     -733605.911980
1756.0000     -733891.685812
1760.0000     -732985.621366
1764.0000     -733170.969741
1768.0000     -733252.713752
1772.0000     -733627.464271
1776.0000     -733449.990496
1780.0000     -733319.446279
1784.0000     -732847.629595
1788.0000     -733590.533739
1792.0000     -733726.899676
1796.0000     -733668.547662
1800.0000     -733758.026004
1804.0000     -733488.609853
1808.0000     -733203.111945
1812.0000     -733783.170551
1816.0000     -733852.467084
1820.0000     -733446.536224
1824.0000     -733384.395346
1828.0000     -733807.209788
1832.0000     -733663.043808
1836.0000     -732495.349052
1840.0000     -732956.212719
1844.0000     -732922.933410
1848.0000     -732454.774491
1852.0000     -732980.461793
1856.0000     -733097.347844
1860.0000     -733086.214673
1864.0000     -732957.818720
1868.0000     -734152.991376
1872.0000     -733638.676637
1876.0000     -733068.681105
1880.0000     -733910.937725
1884.0000     -733433.425652
1888.0000     -733783.399749
1892.0000     -732866.120950
1896.0000     -733451.556521
1900.0000     -733404.075337
1904.0000     -733697.004098
1908.0000     -733763.246843
1912.0000     -733652.756901
1916.0000     -733332.031728
1920.0000     -732985.663468
1924.0000     -732485.356253
1928.0000     -733461.795028
1932.0000     -733358.117974
1936.0000     -734453.444876
1940.0000     -734325.319871
1944.0000     -733985.256478
1948.0000     -733188.516208
1952.0000     -733621.379319
1956.0000     -733703.072968
1960.0000     -733462.276420
1964.0000     -733227.040193
1968.0000     -734229.832913
1972.0000     -732899.130034
1976.0000     -732506.709227
1980.0000     -733128.232044
1984.0000     -733696.561777
1988.0000     -733109.600270
1992.0000     -733867.166203
1996.0000     -733378.791912
2000.0000     -733659.088121
2004.0000     -733112.873356
2008.0000     -732832.478523
2012.0000     -734088.436708
2016.0000     -733440.927609
2020.0000     -734193.611767
2024.0000     -733599.277319
2028.0000     -733338.233612
2032.0000     -733193.143876
2036.0000     -733547.321913
2040.0000     -733653.200560
2044.0000     -733806.611917
2048.0000     -733585.051790
2052.0000     -734025.968697
2056.0000     -734103.863649
2060.0000     -733775.788855
2064.0000     -733832.795814
2068.0000     -734646.361165
2072.0000     -733162.266827
2076.0000     -733288.722650
2080.0000     -732859.433587
2084.0000     -733398.806694
2088.0000     -734137.402883
2092.0000     -733832.995444
2096.0000     -733977.079261
2100.0000     -734679.029700
2104.0000     -733221.334754
2108.0000     -733257.016457
2112.0000     -733536.157287
2116.0000     -733635.361067
2120.0000     -733920.839889
2124.0000     -734576.419879
2128.0000     -733761.429402
2132.0000     -734542.233270
2136.0000     -733747.560974
2140.0000     -733597.717765
2144.0000     -734127.287530
2148.0000     -733215.008251
2152.0000     -734265.923017
2156.0000     -734041.414903
2160.0000     -733690.658149
2164.0000     -733702.156743
2168.0000     -733907.074783
2172.0000     -733150.950308
2176.0000     -734452.684907
2180.0000     -733808.688946
2184.0000     -734032.820600
2188.0000     -733476.269272
2192.0000     -733270.322861
2196.0000     -733920.333760
2200.0000     -733434.831736
2204.0000     -733636.099848
2208.0000     -733143.564408
2212.0000     -733699.960629
2216.0000     -734441.436002
2220.0000     -733495.430655
2224.0000     -733426.373868
2228.0000     -733675.608689
2232.0000     -733570.655619
2236.0000     -733504.642250
2240.0000     -734361.883767
2244.0000     -733210.344087
2248.0000     -732863.827720
2252.0000     -733556.913253
2256.0000     -733372.058935
2260.0000     -733666.249766
2264.0000     -733954.633264
2268.0000     -734287.113081
2272.0000     -734165.227180
2276.0000     -733301.110374
2280.0000     -734159.372477
2284.0000     -733223.126479
2288.0000     -733235.059248
2292.0000     -733668.815927
2296.0000     -733600.887281
2300.0000     -733793.713589
2304.0000     -733064.829125
2308.0000     -733891.707821
2312.0000     -733232.563014
2316.0000     -733229.669425
2320.0000     -733026.688178
2324.0000     -732626.232511
2328.0000     -733559.567455
2332.0000     -733995.959631
2336.0000     -732939.019047
2340.0000     -733461.933036
2344.0000     -732962.988700
2348.0000     -733204.782307
2352.0000     -734338.879840
2356.0000     -733402.443827
2360.0000     -733339.886507
2364.0000     -733766.158505
2368.0000     -733340.854047
2372.0000     -733329.295519
2376.0000     -733329.301921
2380.0000     -733763.682182
2384.0000     -732791.787235
2388.0000     -733183.205735
2392.0000     -734083.212674
2396.0000     -734396.371499
2400.0000     -732615.603848
2404.0000     -734290.761156
2408.0000     -734706.050519
2412.0000     -733924.405640
2416.0000     -734009.067307
2420.0000     -733983.740897
2424.0000     -733519.665116
2428.0000     -734217.150337
2432.0000     -733072.882144
2436.0000     -733935.210711
2440.0000     -734388.236961
2444.0000     -733591.767103
2448.0000     -733581.403376
2452.0000     -733834.079557
2456.0000     -734357.298811
2460.0000     -734030.724374
2464.0000     -734491.368363
2468.0000     -734243.359189
2472.0000     -734475.703716
2476.0000     -733514.699972
2480.0000     -733758.177881
2484.0000     -733200.203927
2488.0000     -734931.497157
2492.0000     -733207.578332
2496.0000     -734443.357021
2500.0000     -733909.413303
2504.0000     -733547.748619
2508.0000     -733502.344366
2512.0000     -733950.622391
2516.0000     -733380.355450
2520.0000     -734199.462617
2524.0000     -733353.121113
2528.0000     -733735.841065
2532.0000     -733579.887269
2536.0000     -734337.607614
2540.0000     -733605.741112
2544.0000     -733952.139936
2548.0000     -733844.276409
2552.0000     -734313.366496
2556.0000     -733876.725067
2560.0000     -733825.745374
2564.0000     -733628.258509
2568.0000     -733371.685812
2572.0000     -734031.879272
2576.0000     -733616.730589
2580.0000     -733397.467023
2584.0000     -733010.277547
2588.0000     -733431.397482
2592.0000     -734156.487771
2596.0000     -733802.291736
2600.0000     -733904.018937
2604.0000     -732934.055420
2608.0000     -733409.217787
2612.0000     -733650.423400
2616.0000     -733786.797892
2620.0000     -733137.247411
2624.0000     -732980.253973
2628.0000     -733536.836435
2632.0000     -733743.205344
2636.0000     -733544.476842
2640.0000     -733210.244927
2644.0000     -733454.049482
2648.0000     -733459.774586
2652.0000     -733635.035800
2656.0000     -733670.798589
2660.0000     -734024.065030
2664.0000     -732936.924407
2668.0000     -732993.789353
2672.0000     -733388.941678
2676.0000     -733750.982132
2680.0000     -734115.305502
2684.0000     -733562.050829
2688.0000     -733792.931667
2692.0000     -734146.215828
2696.0000     -733020.481638
2700.0000     -733582.812787
2704.0000     -734701.496554
2708.0000     -733565.280927
2712.0000     -733186.434064
2716.0000     -733209.165924
2720.0000     -734045.620865
2724.0000     -733644.063479
2728.0000     -734313.584769
2732.0000     -734498.244138
2736.0000     -733283.548759
2740.0000     -733969.884621
2744.0000     -733219.714387
2748.0000     -734129.716540
2752.0000     -733813.981836
2756.0000     -733576.821664
2760.0000     -733478.650099
2764.0000     -733856.685437
2768.0000     -733312.786460
2772.0000     -733779.927465
2776.0000     -733527.542726
2780.0000     -733574.296845
2784.0000     -733015.521473
2788.0000     -733603.568566
2792.0000     -734128.958397
2796.0000     -733933.870338
2800.0000     -733249.444436
2804.0000     -733904.688746
2808.0000     -733651.730657
2812.0000     -734131.649958
2816.0000     -733818.103927
2820.0000     -733791.842962
2824.0000     -733579.804429
2828.0000     -733966.168162
2832.0000     -733604.396136
2836.0000     -733488.005106
2840.0000     -733263.832815
2844.0000     -733004.393028
2848.0000     -732560.263676
2852.0000     -733113.819077
2856.0000     -733398.085257
2860.0000     -733653.164468
2864.0000     -733481.146399
2868.0000     -732771.233955
2872.0000     -733095.580796
2876.0000     -733665.939416
2880.0000     -734088.309880
2884.0000     -734352.152064
2888.0000     -733477.645347
2892.0000     -733791.891607
2896.0000     -733269.253234
2900.0000     -733833.836890
2904.0000     -733340.688283
2908.0000     -733978.159959
2912.0000     -734490.765035
2916.0000     -734018.839097
2920.0000     -734014.430434
2924.0000     -734250.891594
2928.0000     -733304.788493
2932.0000     -733827.164595
2936.0000     -733212.135287
2940.0000     -733877.299499
2944.0000     -734194.529862
2948.0000     -733808.242856
2952.0000     -733596.397480
2956.0000     -734286.149947
2960.0000     -733698.115534
2964.0000     -733546.565616
2968.0000     -733349.320966
2972.0000     -733782.277932
2976.0000     -733600.350478
2980.0000     -732651.950177
2984.0000     -733884.992436
2988.0000     -733147.052195
2992.0000     -733756.831113
2996.0000     -733017.980096
3000.0000     -733882.791974
3004.0000     -734228.341802
3008.0000     -733888.587385
3012.0000     -734600.207997
3016.0000     -734047.643384
3020.0000     -733274.082004
3024.0000     -733386.230620
3028.0000     -733455.150745
3032.0000     -733927.071869
3036.0000     -734571.030586
3040.0000     -734350.583036
3044.0000     -733255.605317
3048.0000     -733328.824847
3052.0000     -733968.784231
3056.0000     -733049.107907
3060.0000     -733405.935084
3064.0000     -733521.414688
3068.0000     -733919.191035
3072.0000     -733679.637640
3076.0000     -733947.718191
3080.0000     -733486.025352
3084.0000     -733525.157589
3088.0000     -733588.549010
3092.0000     -734579.486590
3096.0000     -733902.796397
3100.0000     -733544.072429
3104.0000     -733339.001113
3108.0000     -733242.159171
3112.0000     -734330.433468
3116.0000     -733608.422691
3120.0000     -734293.144591
3124.0000     -734115.368285
3128.0000     -733699.468663
3132.0000     -733264.213764
3136.0000     -734140.378870
3140.0000     -733835.163527
3144.0000     -733248.574024
3148.0000     -733625.294591
3152.0000     -734156.327218
3156.0000     -733095.281811
3160.0000     -733180.889685
3164.0000     -733917.817054
3168.0000     -734428.842627
3172.0000     -733111.676035
3176.0000     -734452.234455
3180.0000     -733977.613219
3184.0000     -733451.931934
3188.0000     -733753.614771
3192.0000     -733399.906915
3196.0000     -734156.790295
3200.0000     -734339.626504
3204.0000     -734018.235477
3208.0000     -734383.123596
3212.0000     -734226.898614
3216.0000     -733783.773324
3220.0000     -732881.176852
3224.0000     -733665.870867
3228.0000     -733533.337014
3232.0000     -733506.068130
3236.0000     -734251.466528
3240.0000     -734069.493871
3244.0000     -733604.908797
3248.0000     -734039.717275
3252.0000     -733008.287656
3256.0000     -733640.894317
3260.0000     -733652.479332
3264.0000     -734004.043849
3268.0000     -734270.126220
3272.0000     -733444.576892
3276.0000     -733953.614773
3280.0000     -733295.896770
3284.0000     -734197.511125
3288.0000     -734356.206416
3292.0000     -733578.407430
3296.0000     -734465.430111
3300.0000     -734857.592368
3304.0000     -734156.650401
3308.0000     -733529.273035
3312.0000     -733537.220423
3316.0000     -733748.555703
3320.0000     -734428.884905
3324.0000     -735054.756176
3328.0000     -733413.539885
3332.0000     -733768.314152
3336.0000     -733953.182035
3340.0000     -733588.136055
3344.0000     -733396.947070
3348.0000     -733690.604539
3352.0000     -734198.089703
3356.0000     -732555.871232
3360.0000     -733314.719604
3364.0000     -733377.507819
3368.0000     -733684.419477
3372.0000     -734623.756257
3376.0000     -733664.678510
3380.0000     -734011.774263
3384.0000     -733377.755638
3388.0000     -734368.390353
3392.0000     -733536.736117
3396.0000     -734624.033483
3400.0000     -733606.251993
3404.0000     -734182.024037
3408.0000     -733309.562230
3412.0000     -733022.292319
3416.0000     -733077.835343
3420.0000     -734401.920102
3424.0000     -733280.009808
3428.0000     -733428.742700
3432.0000     -733478.892680
3436.0000     -733872.019653
3440.0000     -734583.443182
3444.0000     -733862.179438
3448.0000     -733948.214102
3452.0000     -734665.404476
3456.0000     -734078.873022
3460.0000     -733609.903733
3464.0000     -733976.250929
3468.0000     -734144.262699
3472.0000     -734389.982947
3476.0000     -733673.725303
3480.0000     -733175.865119
3484.0000     -733931.868971
3488.0000     -733547.746145
3492.0000     -733929.013087
3496.0000     -734076.871125
3500.0000     -734556.539097
3504.0000     -733384.801283
3508.0000     -734856.817338
3512.0000     -734454.616005
3516.0000     -735159.901403
3520.0000     -734119.881380
3524.0000     -734845.206811
3528.0000     -734403.184912
3532.0000     -734447.113162
3536.0000     -733922.227288
3540.0000     -733548.716153
3544.0000     -734480.058380
3548.0000     -733563.700000
3552.0000     -733775.227171
3556.0000     -733511.492775
3560.0000     -734124.671409
3564.0000     -733336.732180
3568.0000     -734337.215384
3572.0000     -734055.637615
3576.0000     -733991.929698
3580.0000     -734413.132323
3584.0000     -734055.540369
3588.0000     -734171.378617
3592.0000     -733899.376835
3596.0000     -734343.464759
3600.0000     -734240.833636
3604.0000     -734441.485225
3608.0000     -734188.181155
3612.0000     -734486.932006
3616.0000     -734452.681784
3620.0000     -734679.054484
3624.0000     -733919.388997
3628.0000     -733525.679243
3632.0000     -733946.653640
3636.0000     -733659.039258
3640.0000     -732830.171028
3644.0000     -733779.689964
3648.0000     -734063.385545
3652.0000     -734237.172022
3656.0000     -734253.014473
3660.0000     -733193.702977
3664.0000     -733842.041485
3668.0000     -733327.556395
3672.0000     -733284.018237
3676.0000     -733558.952743
3680.0000     -733767.304252
3684.0000     -734280.879127
3688.0000     -734032.643678
3692.0000     -734557.160414
3696.0000     -733985.387338
3700.0000     -733352.717230
3704.0000     -733354.399707
3708.0000     -734018.394881
3712.0000     -732951.527173
3716.0000     -734851.242468
3720.0000     -733962.008177
3724.0000     -733616.886990
3728.0000     -733616.904878
3732.0000     -733326.836296
3736.0000     -733269.765724
3740.0000     -733829.556179
3744.0000     -734242.524789
3748.0000     -733777.759201
3752.0000     -734032.142512
3756.0000     -733469.906467
3760.0000     -733035.141281
3764.0000     -733417.426605
3768.0000     -733652.615408
3772.0000     -733855.153695
3776.0000     -733326.652080
3780.0000     -734001.956484
3784.0000     -733958.637568
3788.0000     -733681.500602
3792.0000     -733660.680177
3796.0000     -733413.495151
3800.0000     -732755.185443
3804.0000     -733749.477991
3808.0000     -732930.457155
3812.0000     -733316.294241
3816.0000     -733459.391126
3820.0000     -733692.991548
3824.0000     -734425.979799
3828.0000     -734194.559018
3832.0000     -734999.509587
3836.0000     -733997.244267
3840.0000     -734224.595124
3844.0000     -733202.565282
3848.0000     -733544.201493
3852.0000     -733781.043221
3856.0000     -734360.514533
3860.0000     -733041.343450
3864.0000     -733636.313373
3868.0000     -733723.742937
3872.0000     -733279.428372
3876.0000     -733653.002084
3880.0000     -733445.140893
3884.0000     -734219.323123
3888.0000     -733568.467199
3892.0000     -733726.611482
3896.0000     -734359.565877
3900.0000     -734050.134976
3904.0000     -734268.536157
3908.0000     -734535.629281
3912.0000     -733465.157643
3916.0000     -733692.674853
3920.0000     -734058.761263
3924.0000     -733328.068868
3928.0000     -733947.046196
3932.0000     -733904.818345
3936.0000     -733255.406267
3940.0000     -733443.759735
3944.0000     -733191.532962
3948.0000     -733883.139817
3952.0000     -733732.593520
3956.0000     -733893.964959
3960.0000     -733597.494195
3964.0000     -733780.241052
3968.0000     -733746.011125
3972.0000     -733419.362520
3976.0000     -734068.215460
3980.0000     -734217.858269
3984.0000     -733975.345885
3988.0000     -734380.420816
3992.0000     -733403.045375
3996.0000     -733877.309634
4000.0000     -733655.420136
4004.0000     -733655.420136
