4.0000     -733202.953486
8.0000     -733211.904859
12.0000     -732921.628562
16.0000     -732864.854702
20.0000     -732120.590181
24.0000     -732929.336914
28.0000     -733163.967231
32.0000     -732874.217292
36.0000     -732495.915078
40.0000     -732567.092251
44.0000     -731684.286913
48.0000     -733873.301685
52.0000     -732642.575526
56.0000     -733231.923343
60.0000     -733098.236282
64.0000     -733375.330390
68.0000     -733240.735587
72.0000     -733469.266646
76.0000     -733714.799895
80.0000     -732809.745025
84.0000     -732511.556580
88.0000     -732503.051486
92.0000     -732618.330202
96.0000     -733242.696707
100.0000     -732666.406918
104.0000     -733951.898906
108.0000     -733272.430039
112.0000     -733377.253134
116.0000     -733567.511938
120.0000     -732978.988227
124.0000     -733092.712172
128.0000     -733423.778462
132.0000     -734140.714998
136.0000     -733050.982035
140.0000     -733345.152845
144.0000     -732558.541786
148.0000     -733369.473626
152.0000     -733607.441048
156.0000     -733252.145647
160.0000     -733903.459066
164.0000     -733470.920546
168.0000     -733018.042222
172.0000     -732897.845918
176.0000     -734659.932718
180.0000     -733606.562673
184.0000     -732716.530176
188.0000     -734014.612859
192.0000     -733687.502890
196.0000     -732530.253277
200.0000     -733890.838002
204.0000     -733840.004144
208.0000     -733094.115509
212.0000     -733032.244499
216.0000     -733281.537295
220.0000     -733016.678536
224.0000     -733219.575455
228.0000     -733146.261960
232.0000     -732887.176159
236.0000     -733710.554029
240.0000     -731669.381906
244.0000     -733150.882676
248.0000     -733911.907672
252.0000     -733347.314558
256.0000     -732918.913529
260.0000     -733262.545033
264.0000     -733666.834780
268.0000     -733167.614476
272.0000     -733033.590197
276.0000     -733671.360030
280.0000     -733526.118956
284.0000     -733707.052266
288.0000     -734037.606783
292.0000     -733968.509926
296.0000     -734967.769604
300.0000     -733708.930569
304.0000     -732912.601163
308.0000     -733967.364324
312.0000     -733629.730777
316.0000     -733161.680947
320.0000     -733238.450887
324.0000     -733512.380267
328.0000     -733146.329007
332.0000     -733617.625282
336.0000     -733165.203194
340.0000     -733316.551288
344.0000     -733671.538896
348.0000     -733569.782767
352.0000     -733365.554300
356.0000     -733903.034048
360.0000     -734294.185538
364.0000     -733072.728904
368.0000     -733528.834416
372.0000     -733940.155278
376.0000     -733524.261113
380.0000     -734124.643134
384.0000     -733549.053797
388.0000     -734159.021341
392.0000     -733423.619867
396.0000     -733712.667470
400.0000     -732458.850295
404.0000     -733565.120536
408.0000     -734253.271150
412.0000     -733960.572625
416.0000     -732795.369000
420.0000     -733508.138248
424.0000     -733770.326945
428.0000     -733666.522165
432.0000     -733279.520127
436.0000     -734213.480809
440.0000     -733528.809592
444.0000     -733556.593824
448.0000     -733246.470764
452.0000     -733948.386001
456.0000     -733179.519829
460.0000     -733462.551992
464.0000     -733761.650457
468.0000     -733775.106056
472.0000     -732234.973055
476.0000     -733610.913395
480.0000     -733558.902468
484.0000     -733040.601030
488.0000     -732766.434402
492.0000     -733574.565775
496.0000     -732824.175016
500.0000     -733281.173617
504.0000     -733097.098967
508.0000     -733499.492096
512.0000     -734562.721879
516.0000     -733431.319681
520.0000     -733060.509426
524.0000     -733061.316137
528.0000     -733196.646871
532.0000     -733174.495994
536.0000     -733904.154469
540.0000     -733147.869984
544.0000     -733887.685987
548.0000     -733903.822622
552.0000     -733524.588997
556.0000     -732818.383176
560.0000     -733160.204905
564.0000     -733173.289401
568.0000     -733814.105757
572.0000     -732770.853876
576.0000     -733479.275683
580.0000     -733480.574602
584.0000     -732597.730728
588.0000     -733737.118052
592.0000     -732982.638240
596.0000     -733838.326245
600.0000     -733721.687031
604.0000     -733627.443328
608.0000     -733358.924112
612.0000     -733528.406959
616.0000     -733303.502281
620.0000     -733522.539205
624.0000     -734040.111306
628.0000     -733841.387332
632.0000     -733931.276593
636.0000     -733838.787858
640.0000     -733341.078034
644.0000     -733996.917399
648.0000     -733783.768243
652.0000     -733250.647987
656.0000     -733649.003881
660.0000     -734497.387537
664.0000     -733070.940124
668.0000     -733433.556691
672.0000     -733141.790182
676.0000     -733702.311002
680.0000     -733644.710777
684.0000     -733236.330466
688.0000     -733220.726380
692.0000     -734258.846825
696.0000     -733581.608075
700.0000     -732753.909728
704.0000     -733330.138935
708.0000     -734127.236543
712.0000     -733464.676778
716.0000     -733294.927943
720.0000     -733454.264826
724.0000     -733807.780614
728.0000     -733505.152906
732.0000     -733212.056238
736.0000     -733617.106820
740.0000     -733062.775993
744.0000     -733025.504418
748.0000     -732558.532497
752.0000     -732545.526707
756.0000     -733066.781133
760.0000     -733623.459731
764.0000     -732755.692413
768.0000     -733158.766799
772.0000     -733549.746028
776.0000     -733572.385775
780.0000     -733726.790975
784.0000     -733251.895608
788.0000     -732644.799542
792.0000     -733554.922153
796.0000     -733091.690959
800.0000     -732366.720432
804.0000     -733254.912886
808.0000     -733664.482397
812.0000     -733031.788889
816.0000     -733335.444820
820.0000     -733534.914507
824.0000     -734301.011282
828.0000     -734408.600308
832.0000     -732767.356457
836.0000     -733894.009544
840.0000     -733032.772397
844.0000     -733622.762907
848.0000     -733499.157639
852.0000     -732506.900491
856.0000     -733835.249085
860.0000     -734019.995342
864.0000     -733524.303122
868.0000     -733640.976184
872.0000     -734523.942014
876.0000     -734589.675886
880.0000     -733128.105105
884.0000     -733961.519959
888.0000     -733166.539586
892.0000     -734346.081063
896.0000     -733472.132512
900.0000     -733598.618669
904.0000     -733661.619560
908.0000     -732492.396989
912.0000     -733078.122849
916.0000     -733405.904361
920.0000     -733871.261764
924.0000     -733396.860763
928.0000     -733300.705774
932.0000     -733273.870848
936.0000     -733528.670810
940.0000     -733335.367720
944.0000     -734118.922760
948.0000     -734077.710689
952.0000     -733482.126907
956.0000     -733007.305879
960.0000     -733389.508033
964.0000     -733115.833684
968.0000     -733236.533689
972.0000     -733638.672976
976.0000     -733130.088484
980.0000     -733191.811153
984.0000     -733469.206586
988.0000     -734269.042017
992.0000     -733939.143555
996.0000     -733550.290756
1000.0000     -733222.042776
1004.0000     -733790.847855
1008.0000     -732701.814981
1012.0000     -733396.330596
1016.0000     -733296.776839
1020.0000     -733613.942714
1024.0000     -733360.870295
1028.0000     -733951.568481
1032.0000     -733428.343853
1036.0000     -733333.770949
1040.0000     -732759.987528
1044.0000     -733501.396639
1048.0000     -734332.238088
1052.0000     -732658.817532
1056.0000     -733040.528108
1060.0000     -733702.727597
1064.0000     -733187.002546
1068.0000     -733558.596451
1072.0000     -733573.818365
1076.0000     -733173.015851
1080.0000     -733257.980061
1084.0000     -733499.955357
1088.0000     -733413.729850
1092.0000     -733475.931601
1096.0000     -733289.752651
1100.0000     -733284.166956
1104.0000     -733252.826405
1108.0000     -733589.457939
1112.0000     -734597.748690
1116.0000     -733589.790776
1120.0000     -733334.245605
1124.0000     -732834.017485
1128.0000     -733265.620828
1132.0000     -733610.705335
1136.0000     -733454.944127
1140.0000     -732649.565027
1144.0000     -733026.645206
1148.0000     -732995.793763
1152.0000     -733260.298668
1156.0000     -733601.210855
1160.0000     -733141.050582
1164.0000     -733020.497470
1168.0000     -733046.196806
1172.0000     -732884.117987
1176.0000     -733508.018978
1180.0000     -732944.945239
1184.0000     -734060.437994
1188.0000     -733649.385057
1192.0000     -733969.310082
1196.0000     -734594.211122
1200.0000     -733001.524626
1204.0000     -733872.696882
1208.0000     -734225.533845
1212.0000     -733162.358348
1216.0000     -734334.849444
1220.0000     -733791.988929
1224.0000     -733354.901815
1228.0000     -733685.726006
1232.0000     -733536.306750
1236.0000     -733060.772766
1240.0000     -733141.153551
1244.0000     -733958.682005
1248.0000     -733561.620649
1252.0000     -733339.554780
1256.0000     -733435.047356
1260.0000     -734019.765892
1264.0000     -733434.589941
1268.0000     -733464.965872
1272.0000     -734385.699020
1276.0000     -733149.081947
1280.0000     -733130.381078
1284.0000     -733744.353345
1288.0000     -733499.681023
1292.0000     -733579.013029
1296.0000     -733906.198771
1300.0000     -734041.798073
1304.0000     -733453.097435
1308.0000     -734260.780006
1312.0000     -733516.142364
1316.0000     -734327.532615
1320.0000     -735162.170820
1324.0000     -733731.775930
1328.0000     -733511.238032
1332.0000     -733841.226433
1336.0000     -732997.325169
1340.0000     -732952.660598
1344.0000     -733405.096276
1348.0000     -733073.523792
1352.0000     -733778.808603
1356.0000     -733870.094077
1360.0000     -733004.218472
1364.0000     -733885.833244
1368.0000     -733397.202126
1372.0000     -732832.805779
1376.0000     -733414.541091
1380.0000     -733352.564694
1384.0000     -732926.914882
1388.0000     -733980.675121
1392.0000     -734008.696864
1396.0000     -734478.993122
1400.0000     -732681.539583
1404.0000     -732483.385570
1408.0000     -732454.348237
1412.0000     -733965.624116
1416.0000     -732899.621622
1420.0000     -733628.489223
1424.0000     -733225.539456
1428.0000     -733594.835122
1432.0000     -733570.113963
1436.0000     -733052.870681
1440.0000     -733221.015007
1444.0000     -733805.378660
1448.0000     -733789.490325
1452.0000     -734162.802162
1456.0000     -734021.815269
1460.0000     -734097.836176
1464.0000     -733640.346575
1468.0000     -733586.555829
1472.0000     -733536.691778
1476.0000     -733098.686831
1480.0000     -734158.042664
1484.0000     -733842.059255
1488.0000     -733948.367978
1492.0000     -733422.314791
1496.0000     -733645.829349
1500.0000     -733818.666453
1504.0000     -734007.790072
1508.0000     -732891.314389
1512.0000     -733601.857040
1516.0000     -733465.352964
1520.0000     -733800.129103
1524.0000     -733363.135356
1528.0000     -733319.911628
1532.0000     -733154.400847
1536.0000     -733709.588887
1540.0000     -734330.753642
1544.0000     -732880.679799
1548.0000     -733367.829035
1552.0000     -733088.159784
1556.0000     -733124.012245
1560.0000     -733387.342218
1564.0000     -732712.225290
1568.0000     -733582.468152
1572.0000     -734225.714908
1576.0000     -733333.004910
1580.0000     -733658.549288
1584.0000     -733471.913570
1588.0000     -733523.561993
1592.0000     -732949.789129
1596.0000     -733389.145678
1600.0000     -732508.125254
1604.0000     -733422.932955
1608.0000     -733843.786466
1612.0000     -733262.916698
1616.0000     -733647.972354
1620.0000     -734512.047660
1624.0000     -733197.672797
1628.0000     -733811.770308
1632.0000     -733732.261856
1636.0000     -734577.876828
1640.0000     -733996.701362
1644.0000     -734198.787956
1648.0000     -733524.583047
1652.0000     -733272.475018
1656.0000     -733722.453732
1660.0000     -732922.853111
1664.0000     -733560.586117
1668.0000     -732669.243510
1672.0000     -733936.864235
1676.0000     -733513.319702
1680.0000     -733459.730526
1684.0000     -733828.986774
1688.0000     -733373.056034
1692.0000     -732896.963125
1696.0000     -733090.485399
1700.0000     -732904.419258
1704.0000     -733839.125254
1708.0000     -734000.525674
1712.0000     -733325.161229
1716.0000     -733611.934604
1720.0000     -733116.039409
1724.0000     -733891.010634
1728.0000     -734230.598039
1732.0000     -734090.075003
1736.0000     -734126.237883
1740.0000     -733808.593930
1744.0000     -732821.389928
1748.0000     -733104.196635
1752.0000     -734345.856050
1756.0000     -733010.282820
1760.0000     -733552.834360
1764.0000     -733920.448340
1768.0000     -733365.694067
1772.0000     -733609.795193
1776.0000     -734052.465648
1780.0000     -733098.453392
1784.0000     -733677.859775
1788.0000     -733334.570727
1792.0000     -732418.251040
1796.0000     -733857.178355
1800.0000     -733087.546940
1804.0000     -733504.790227
1808.0000     -733686.683191
1812.0000     -733250.478480
1816.0000     -733527.132873
1820.0000     -733327.765828
1824.0000     -733602.171226
1828.0000     -734073.013574
1832.0000     -734021.398185
1836.0000     -733543.178211
1840.0000     -733389.563590
1844.0000     -733664.720287
1848.0000     -733671.361102
1852.0000     -734089.857453
1856.0000     -733999.797237
1860.0000     -734410.862156
1864.0000     -733732.863465
1868.0000     -733810.790066
1872.0000     -733565.925349
1876.0000     -733608.804230
1880.0000     -733992.945223
1884.0000     -734275.702908
1888.0000     -733496.995840
1892.0000     -733546.526462
1896.0000     -732907.311994
1900.0000     -733821.452828
1904.0000     -732784.006029
1908.0000     -732708.255694
1912.0000     -734150.310465
1916.0000     -733749.690733
1920.0000     -733379.653711
1924.0000     -734147.690278
1928.0000     -733306.725838
1932.0000     -733018.138398
1936.0000     -733550.003913
1940.0000     -734128.470483
1944.0000     -733920.591158
1948.0000     -733747.623014
1952.0000     -734259.825784
1956.0000     -733218.972156
1960.0000     -733816.874778
1964.0000     -733712.369771
1968.0000     -733500.333944
1972.0000     -734507.414913
1976.0000     -733594.861794
1980.0000     -733404.914896
1984.0000     -734336.677159
1988.0000     -733131.752782
1992.0000     -733852.596679
1996.0000     -733949.616948
2000.0000     -733640.570078
2004.0000     -732993.129269
2008.0000     -733727.685400
2012.0000     -733390.491568
2016.0000     -733712.004744
2020.0000     -733768.007213
2024.0000     -734276.379093
2028.0000     -733590.966071
2032.0000     -734113.380308
2036.0000     -733989.757410
2040.0000     -733547.060344
2044.0000     -733896.721320
2048.0000     -733483.745330
2052.0000     -734282.193185
2056.0000     -734710.177257
2060.0000     -733134.946641
2064.0000     -733946.374376
2068.0000     -733796.969971
2072.0000     -733453.287103
2076.0000     -733344.608643
2080.0000     -734127.668131
2084.0000     -734389.056057
2088.0000     -733441.768278
2092.0000     -734368.946103
2096.0000     -734225.438279
2100.0000     -733591.536786
2104.0000     -732865.654554
2108.0000     -733998.144385
2112.0000     -733165.155994
2116.0000     -734728.943523
2120.0000     -734052.979258
2124.0000     -733831.702233
2128.0000     -733901.082747
2132.0000     -733757.707851
2136.0000     -733550.689896
2140.0000     -734110.307173
2144.0000     -733696.196858
2148.0000     -733594.554046
2152.0000     -732831.075451
2156.0000     -733567.737630
2160.0000     -733525.524876
2164.0000     -734510.030225
2168.0000     -734234.188266
2172.0000     -734360.530555
2176.0000     -733220.055566
2180.0000     -734150.575368
2184.0000     -734738.650518
2188.0000     -733767.629766
2192.0000     -734188.262088
2196.0000     -734273.132866
2200.0000     -734073.864084
2204.0000     -733377.151525
2208.0000     -733229.673427
2212.0000     -734425.079656
2216.0000     -733724.678813
2220.0000     -734535.468517
2224.0000     -733759.108987
2228.0000     -733467.700620
2232.0000     -734128.296976
2236.0000     -734413.103733
2240.0000     -733271.544795
2244.0000     -734316.303248
2248.0000     -734446.823876
2252.0000     -733559.042664
2256.0000     -734004.947924
2260.0000     -734817.396368
2264.0000     -733949.704610
2268.0000     -733592.818875
2272.0000     -733749.890847
2276.0000     -734278.209397
2280.0000     -733715.624287
2284.0000     -734482.060710
2288.0000     -732650.984017
2292.0000     -733811.273043
2296.0000     -733598.657520
2300.0000     -734520.574306
2304.0000     -734034.928808
2308.0000     -733784.732396
2312.0000     -733392.852869
2316.0000     -734146.741395
2320.0000     -734074.913453
2324.0000     -733397.979013
2328.0000     -733246.076486
2332.0000     -733833.774239
2336.0000     -734085.437326
2340.0000     -733348.539715
2344.0000     -733551.483462
2348.0000     -733546.545951
2352.0000     -733303.250363
2356.0000     -733739.229160
2360.0000     -733894.334691
2364.0000     -734189.072579
2368.0000     -733568.727154
2372.0000     -733786.950475
2376.0000     -733795.967626
2380.0000     -733624.923943
2384.0000     -733453.194721
2388.0000     -734010.076873
2392.0000     -734006.909136
2396.0000     -733006.055657
2400.0000     -733606.272579
2404.0000     -732918.175215
2408.0000     -733293.426061
2412.0000     -733935.603467
2416.0000     -733720.104436
2420.0000     -733820.556386
2424.0000     -733838.689365
2428.0000     -733795.041134
2432.0000     -733856.290990
2436.0000     -733244.105219
2440.0000     -733615.590690
2444.0000     -733153.889366
2448.0000     -734039.416799
2452.0000     -733846.576173
2456.0000     -734113.185870
2460.0000     -733854.558529
2464.0000     -734626.259187
2468.0000     -734416.660223
2472.0000     -734117.877946
2476.0000     -733635.710790
2480.0000     -734583.890852
2484.0000     -733201.983961
2488.0000     -733611.739264
2492.0000     -734081.940364
2496.0000     -733995.266822
2500.0000     -734257.636642
2504.0000     -733313.021507
2508.0000     -732745.577207
2512.0000     -733504.490015
2516.0000     -733467.804160
2520.0000     -733398.786870
2524.0000     -733441.969495
2528.0000     -733360.492913
2532.0000     -733498.689392
2536.0000     -733849.848109
2540.0000     -733756.057533
2544.0000     -733209.595074
2548.0000     -732823.253146
2552.0000     -734564.471013
2556.0000     -733873.416864
2560.0000     -734104.775568
2564.0000     -734480.592403
2568.0000     -734134.172504
2572.0000     -733600.274133
2576.0000     -733937.632430
2580.0000     -733399.448688
2584.0000     -733518.140750
2588.0000     -733779.027872
2592.0000     -734006.736791
2596.0000     -734506.586931
2600.0000     -734094.227923
2604.0000     -733202.980028
2608.0000     -733491.611108
2612.0000     -734374.399099
2616.0000     -734316.121989
2620.0000     -733869.389585
2624.0000     -734306.431963
2628.0000     -733915.543755
2632.0000     -733862.103456
2636.0000     -732902.951780
2640.0000     -733419.410621
2644.0000     -732843.678249
2648.0000     -733613.848530
2652.0000     -733816.261945
2656.0000     -734495.254051
2660.0000     -734447.325214
2664.0000     -734264.255350
2668.0000     -734173.003034
2672.0000     -733926.405464
2676.0000     -734225.229085
2680.0000     -734674.017831
2684.0000     -733414.636144
2688.0000     -733574.478348
2692.0000     -733492.264531
2696.0000     -733927.114561
2700.0000     -733564.092029
2704.0000     -733751.487452
2708.0000     -733955.926747
2712.0000     -733908.172189
2716.0000     -733677.100397
2720.0000     -733634.205703
2724.0000     -733487.823849
2728.0000     -733921.243115
2732.0000     -733481.808438
2736.0000     -733303.084012
2740.0000     -733851.075658
2744.0000     -733562.493489
2748.0000     -733517.668990
2752.0000     -733613.631664
2756.0000     -733891.201332
2760.0000     -733541.825450
2764.0000     -733691.804414
2768.0000     -732636.351995
2772.0000     -733809.957640
2776.0000     -733260.732933
2780.0000     -733020.749777
2784.0000     -734033.428869
2788.0000     -733113.548325
2792.0000     -733498.776590
2796.0000     -733521.877503
2800.0000     -733549.906525
2804.0000     -733537.371434
2808.0000     -732920.443424
2812.0000     -733190.524001
2816.0000     -733612.082923
2820.0000     -733778.008490
2824.0000     -734525.580444
2828.0000     -733226.042025
2832.0000     -733782.381901
2836.0000     -732918.454345
2840.0000     -733768.739618
2844.0000     -733187.640235
2848.0000     -733297.451593
2852.0000     -733270.020879
2856.0000     -733188.939823
2860.0000     -733905.859001
2864.0000     -734197.438093
2868.0000     -734388.834187
2872.0000     -733683.020411
2876.0000     -733703.164578
2880.0000     -733294.061534
2884.0000     -733895.374122
2888.0000     -733718.242656
2892.0000     -732580.456634
2896.0000     -733581.359518
2900.0000     -733793.431634
2904.0000     -733040.349641
2908.0000     -733987.269596
2912.0000     -734290.368338
2916.0000     -734098.056828
2920.0000     -734245.818092
2924.0000     -734294.483525
2928.0000     -734513.286125
2932.0000     -733393.107369
2936.0000     -733501.009291
2940.0000     -734084.722124
2944.0000     -733774.634475
2948.0000     -734214.163671
2952.0000     -734124.954313
2956.0000     -733590.414432
2960.0000     -733035.907484
2964.0000     -733989.190189
2968.0000     -733232.475828
2972.0000     -733605.518830
2976.0000     -732777.289324
2980.0000     -733903.452992
2984.0000     -733966.855239
2988.0000     -733379.769022
2992.0000     -733464.184064
2996.0000     -733750.781645
3000.0000     -733159.330959
3004.0000     -733885.166380
3008.0000     -733524.405993
3012.0000     -733878.805786
3016.0000     -733490.004395
3020.0000     -734511.743517
3024.0000     -733672.824282
3028.0000     -734054.575446
3032.0000     -733130.366302
3036.0000     -734354.840666
3040.0000     -734243.180500
3044.0000     -734045.853502
3048.0000     -733774.490730
3052.0000     -734452.195340
3056.0000     -734274.496082
3060.0000     -733892.688432
3064.0000     -733758.653874
3068.0000     -734023.470852
3072.0000     -733801.829223
3076.0000     -734154.772466
3080.0000     -733945.158989
3084.0000     -732845.983795
3088.0000     -732961.098821
3092.0000     -733835.785000
3096.0000     -733323.683729
3100.0000     -733314.975234
3104.0000     -733889.837543
3108.0000     -733552.043834
3112.0000     -735138.842917
3116.0000     -734128.356129
3120.0000     -734161.777118
3124.0000     -734299.468924
3128.0000     -733026.802017
3132.0000     -733297.746816
3136.0000     -733459.473957
3140.0000     -733919.399318
3144.0000     -734026.898380
3148.0000     -734616.910563
3152.0000     -734284.901369
3156.0000     -734713.234101
3160.0000     -734428.798551
3164.0000     -734278.737239
3168.0000     -734109.323789
3172.0000     -733906.741064
3176.0000     -734056.470550
3180.0000     -734157.579381
3184.0000     -733772.044023
3188.0000     -734261.944312
3192.0000     -733516.932601
3196.0000     -733548.048801
3200.0000     -733498.965876
3204.0000     -734028.911310
3208.0000     -734251.710124
3212.0000     -733547.412178
3216.0000     -733346.088882
3220.0000     -733433.094918
3224.0000     -733010.504298
3228.0000     -734203.230466
3232.0000     -733382.530157
3236.0000     -733314.419159
3240.0000     -733917.055349
3244.0000     -734434.881577
3248.0000     -734257.977715
3252.0000     -733634.931985
3256.0000     -733736.563518
3260.0000     -734063.022722
3264.0000     -734513.301286
3268.0000     -733820.062877
3272.0000     -734559.532812
3276.0000     -733703.246310
3280.0000     -733968.903217
3284.0000     -734454.050380
3288.0000     -733828.426904
3292.0000     -733974.805014
3296.0000     -733868.033933
3300.0000     -734793.043281
3304.0000     -734239.268467
3308.0000     -734703.546988
3312.0000     -734017.529413
3316.0000     -733930.920941
3320.0000     -733853.192704
3324.0000     -733743.252745
3328.0000     -732774.567690
3332.0000     -734404.606573
3336.0000     -733410.472027
3340.0000     -734195.558684
3344.0000     -733815.296677
3348.0000     -733778.546039
3352.0000     -733410.872325
3356.0000     -733864.606658
3360.0000     -733188.696898
3364.0000     -734097.662130
3368.0000     -733522.381856
3372.0000     -734192.993548
3376.0000     -733467.316546
3380.0000     -734046.537506
3384.0000     -732977.220798
3388.0000     -734740.697288
3392.0000     -733673.547099
3396.0000     -733997.477275
3400.0000     -733770.681385
3404.0000     -734209.264684
3408.0000     -734019.250465
3412.0000     -734033.728468
3416.0000     -733844.154283
3420.0000     -733305.396041
3424.0000     -734127.672706
3428.0000     -734021.873687
3432.0000     -734173.965833
3436.0000     -733327.633313
3440.0000     -734145.753394
3444.0000     -733421.480562
3448.0000     -734297.009275
3452.0000     -733453.573582
3456.0000     -734666.831945
3460.0000     -734596.942492
3464.0000     -734173.612460
3468.0000     -733726.518111
3472.0000     -734485.457354
3476.0000     -733584.990588
3480.0000     -733974.084336
3484.0000     -733625.720579
3488.0000     -733610.745323
3492.0000     -733719.677845
3496.0000     -733036.097851
3500.0000     -733123.257719
3504.0000     -733921.264118
3508.0000     -733696.502271
3512.0000     -735158.703338
3516.0000     -734130.426759
3520.0000     -733631.197008
3524.0000     -734336.329599
3528.0000     -733474.810776
3532.0000     -733822.873573
3536.0000     -733956.814584
3540.0000     -734572.091452
3544.0000     -733691.473451
3548.0000     -734267.560381
3552.0000     -734205.969981
3556.0000     -734062.085731
3560.0000     -733304.129858
3564.0000     -733393.932250
3568.0000     -733924.455607
3572.0000     -733827.696326
3576.0000     -733963.365938
3580.0000     -733516.834327
3584.0000     -734152.753217
3588.0000     -733926.228340
3592.0000     -734020.601906
3596.0000     -733298.037845
3600.0000     -733362.428722
3604.0000     -734014.548609
3608.0000     -734033.242388
3612.0000     -734244.431877
3616.0000     -733834.382348
3620.0000     -734045.089387
3624.0000     -733616.850627
3628.0000     -734035.981389
3632.0000     -734678.040566
3636.0000     -734510.337310
3640.0000     -733207.293177
3644.0000     -732847.231781
3648.0000     -733606.577051
3652.0000     -733402.499070
3656.0000     -734142.625931
3660.0000     -733258.241017
3664.0000     -733848.218648
3668.0000     -733741.705675
3672.0000     -733910.016066
3676.0000     -734270.738810
3680.0000     -733582.588516
3684.0000     -733475.266106
3688.0000     -733457.150115
3692.0000     -734273.448326
3696.0000     -733513.626270
3700.0000     -733771.034540
3704.0000     -733818.474163
3708.0000     -735216.587266
3712.0000     -733495.766607
3716.0000     -734397.826675
3720.0000     -734731.492591
3724.0000     -734101.087741
3728.0000     -734199.944953
3732.0000     -734650.017851
3736.0000     -733715.379400
3740.0000     -733479.626306
3744.0000     -733227.559192
3748.0000     -734143.310441
3752.0000     -733996.905105
3756.0000     -733988.486227
3760.0000     -733157.522845
3764.0000     -733656.581786
3768.0000     -734172.342977
3772.0000     -733366.686544
3776.0000     -734358.679566
3780.0000     -734276.581263
3784.0000     -734571.673112
3788.0000     -734185.065187
3792.0000     -734341.763829
3796.0000     -733288.001270
3800.0000     -733940.087784
3804.0000     -733322.253838
3808.0000     -733802.778797
3812.0000     -734046.260242
3816.0000     -733717.575638
3820.0000     -734174.195300
3824.0000     -734213.077654
3828.0000     -733964.917350
3832.0000     -733365.407513
3836.0000     -734075.111513
3840.0000     -734290.858617
3844.0000     -734255.150348
3848.0000     -733376.280694
3852.0000     -733475.235644
3856.0000     -733891.672246
3860.0000     -733719.008537
3864.0000     -733921.426250
3868.0000     -733956.787675
3872.0000     -733777.869164
3876.0000     -733867.044885
3880.0000     -733869.870920
3884.0000     -734146.234185
3888.0000     -734295.750146
3892.0000     -734023.014014
3896.0000     -733548.062243
3900.0000     -733463.805226
3904.0000     -733978.950369
3908.0000     -733406.347879
3912.0000     -733640.143133
3916.0000     -733524.730681
3920.0000     -734050.832436
3924.0000     -733688.155073
3928.0000     -733879.841303
3932.0000     -733967.435993
3936.0000     -733491.459407
3940.0000     -733659.259483
3944.0000     -733205.229884
3948.0000     -733422.585318
3952.0000     -733575.084483
3956.0000     -733997.539043
3960.0000     -733993.203858
3964.0000     -733752.093616
3968.0000     -732846.449689
3972.0000     -734087.164069
3976.0000     -734151.411896
3980.0000     -733817.227993
3984.0000     -733695.386631
3988.0000     -734171.012207
3992.0000     -734031.646709
3996.0000     -734826.616906
4000.0000     -733227.928978
4004.0000     -733227.928978
