4.0000     -733458.604076
8.0000     -733500.419621
12.0000     -733092.484337
16.0000     -732837.501214
20.0000     -733461.677880
24.0000     -732588.162406
28.0000     -732730.556736
32.0000     -732811.794528
36.0000     -733095.587377
40.0000     -733722.702742
44.0000     -733367.236450
48.0000     -733258.146654
52.0000     -733164.980738
56.0000     -732751.105000
60.0000     -733188.699486
64.0000     -733437.937641
68.0000     -732736.446626
72.0000     -732922.248102
76.0000     -733106.664763
80.0000     -733883.701203
84.0000     -733484.360359
88.0000     -733142.110959
92.0000     -732883.260300
96.0000     -732537.130535
100.0000     -733335.586820
104.0000     -732198.621605
108.0000     -734240.955731
112.0000     -732943.988087
116.0000     -733800.404893
120.0000     -733628.616840
124.0000     -733340.853819
128.0000     -732603.021543
132.0000     -733034.061156
136.0000     -733050.149252
140.0000     -733129.697433
144.0000     -733483.963223
148.0000     -733550.309167
152.0000     -733476.571639
156.0000     -734117.773643
160.0000     -733538.312598
164.0000     -732713.960908
168.0000     -732768.761247
172.0000     -732373.572198
176.0000     -732434.336629
180.0000     -732906.033778
184.0000     -733019.507826
188.0000     -733443.573080
192.0000     -733123.622413
196.0000     -733315.315765
200.0000     -733235.232736
204.0000     -733044.750403
208.0000     -733087.537047
212.0000     -733038.106901
216.0000     -732662.689771
220.0000     -733285.333489
224.0000     -733159.270014
228.0000     -732501.798307
232.0000     -733114.069487
236.0000     -734023.864994
240.0000     -733244.316999
244.0000     -733163.981068
248.0000     -733195.936367
252.0000     -732924.371303
256.0000     -732986.794432
260.0000     -733330.681172
264.0000     -733024.108531
268.0000     -732864.982660
272.0000     -732515.323085
276.0000     -733165.267400
280.0000     -733222.688804
284.0000     -732724.566180
288.0000     -733497.762365
292.0000     -734077.099399
296.0000     -734064.246579
300.0000     -732766.165566
304.0000     -732797.354679
308.0000     -733413.342891
312.0000     -732773.899875
316.0000     -733220.189712
320.0000     -733614.994221
324.0000     -733224.922416
328.0000     -732340.591760
332.0000     -733179.493789
336.0000     -733488.004454
340.0000     -733469.237501
344.0000     -733825.906648
348.0000     -733001.453921
352.0000     -733691.111480
356.0000     -733830.807917
360.0000     -733470.932251
364.0000     -733495.595578
368.0000     -733858.713984
372.0000     -732912.775151
376.0000     -732815.528971
380.0000     -733416.898240
384.0000     -732177.033071
388.0000     -732766.667292
392.0000     -732815.928836
396.0000     -732667.081211
400.0000     -733661.925691
404.0000     -733155.201257
408.0000     -733022.460277
412.0000     -733133.016325
416.0000     -733381.671405
420.0000     -732734.606179
424.0000     -733380.030517
428.0000     -733637.459899
432.0000     -733661.364404
436.0000     -733742.671562
440.0000     -734011.653417
444.0000     -734314.045495
448.0000     -733673.083515
452.0000     -734154.524093
456.0000     -734350.488018
460.0000     -733698.430470
464.0000     -734560.895082
468.0000     -733066.672278
472.0000     -733228.693181
476.0000     -733241.585380
480.0000     -734127.462163
484.0000     -733722.442714
488.0000     -733733.073690
492.0000     -733371.305912
496.0000     -733714.226882
500.0000     -733679.285435
504.0000     -733866.632028
508.0000     -733403.805999
512.0000     -732796.435228
516.0000     -733994.258786
520.0000     -733391.958934
524.0000     -733441.275369
528.0000     -733515.158499
532.0000     -733955.687416
536.0000     -733527.904887
540.0000     -732313.735546
544.0000     -733133.321527
548.0000     -734039.357281
552.0000     -732882.540145
556.0000     -732468.512154
560.0000     -733347.326459
564.0000     -733382.516197
568.0000     -733399.387238
572.0000     -733395.657012
576.0000     -734151.048677
580.0000     -733819.594144
584.0000     -733415.794872
588.0000     -734251.195231
592.0000     -734052.576802
596.0000     -733472.606931
600.0000     -734123.985165
604.0000     -733060.781796
608.0000     -732797.785544
612.0000     -733214.314028
616.0000     -732798.559075
620.0000     -734388.463505
624.0000     -732693.839038
628.0000     -733545.518491
632.0000     -733219.701567
636.0000     -733610.995289
640.0000     -733219.747665
644.0000     -732970.284512
648.0000     -733203.124097
652.0000     -733139.430686
656.0000     -734086.989667
660.0000     -733591.034523
664.0000     -733760.185090
668.0000     -734147.776372
672.0000     -733739.646086
676.0000     -733320.050334
680.0000     -733477.613748
684.0000     -733910.124072
688.0000     -733761.233119
692.0000     -733041.896203
696.0000     -733454.193367
700.0000     -732848.924343
704.0000     -733444.019614
708.0000     -733688.034714
712.0000     -733601.115192
716.0000     -733443.740492
720.0000     -733223.195026
724.0000     -733989.979513
728.0000     -733861.786784
732.0000     -732640.110154
736.0000     -733569.429327
740.0000     -734265.734072
744.0000     -733677.304446
748.0000     -734010.162339
752.0000     -733640.048573
756.0000     -733828.328594
760.0000     -734352.810242
764.0000     -733687.474285
768.0000     -734181.985272
772.0000     -733940.971060
776.0000     -734151.826747
780.0000     -733304.042058
784.0000     -733433.927173
788.0000     -734091.438990
792.0000     -733069.632567
796.0000     -733885.930877
800.0000     -733337.346517
804.0000     -734097.269431
808.0000     -733511.326859
812.0000     -733714.153462
816.0000     -733656.656438
820.0000     -733039.930737
824.0000     -733403.936410
828.0000     -733578.107441
832.0000     -733272.689436
836.0000     -733268.840091
840.0000     -733957.931857
844.0000     -734288.947370
848.0000     -734267.411064
852.0000     -733327.028112
856.0000     -733804.849157
860.0000     -732682.353901
864.0000     -734033.435352
868.0000     -732605.629573
872.0000     -733912.714170
876.0000     -733493.100309
880.0000     -733810.267283
884.0000     -733551.021034
888.0000     -733946.847689
892.0000     -734481.296472
896.0000     -733804.865974
900.0000     -733356.121516
904.0000     -734820.884872
908.0000     -734654.520191
912.0000     -733382.024280
916.0000     -733694.698538
920.0000     -734548.898445
924.0000     -733968.571197
928.0000     -733593.824596
932.0000     -733178.288485
936.0000     -734033.010012
940.0000     -733644.836676
944.0000     -733620.884852
948.0000     -734151.360075
952.0000     -733343.713129
956.0000     -733960.392609
960.0000     -734006.622053
964.0000     -734527.543013
968.0000     -734208.426235
972.0000     -733878.672382
976.0000     -733650.501305
980.0000     -733663.624574
984.0000     -733485.622775
988.0000     -733710.431992
992.0000     -733634.411214
996.0000     -733576.729625
1000.0000     -733503.896862
1004.0000     -733061.513228
1008.0000     -733958.665842
1012.0000     -733903.029734
1016.0000     -732843.670663
1020.0000     -733881.253752
1024.0000     -733951.346858
1028.0000     -733741.774170
1032.0000     -733498.133268
1036.0000     -733711.888178
1040.0000     -732950.321552
1044.0000     -733510.612972
1048.0000     -732705.188977
1052.0000     -734105.554885
1056.0000     -733250.675255
1060.0000     -733220.217884
1064.0000     -733498.565255
1068.0000     -734324.210229
1072.0000     -734026.865172
1076.0000     -733617.980040
1080.0000     -733838.707720
1084.0000     -733791.718483
1088.0000     -734198.291704
1092.0000     -733013.913480
1096.0000     -733457.525904
1100.0000     -734297.901822
1104.0000     -733558.067534
1108.0000     -733822.195812
1112.0000     -733324.641922
1116.0000     -732977.905645
1120.0000     -732669.543687
1124.0000     -733479.315045
1128.0000     -732960.940129
1132.0000     -733023.364418
1136.0000     -732917.710703
1140.0000     -734165.369243
1144.0000     -733477.936787
1148.0000     -732893.258853
1152.0000     -732947.808641
1156.0000     -733687.547536
1160.0000     -733733.167525
1164.0000     -733424.388247
1168.0000     -733067.085610
1172.0000     -733864.567689
1176.0000     -733153.062089
1180.0000     -734399.974859
1184.0000     -732988.050893
1188.0000     -734511.404165
1192.0000     -733399.543710
1196.0000     -733495.417112
1200.0000     -733159.520760
1204.0000     -734278.509618
1208.0000     -733163.463395
1212.0000     -733546.444203
1216.0000     -733686.763262
1220.0000     -734577.709478
1224.0000     -733818.025011
1228.0000     -734013.479992
1232.0000     -733854.928000
1236.0000     -735002.820616
1240.0000     -733821.087287
1244.0000     -734149.574173
1248.0000     -733791.720555
1252.0000     -735219.253237
1256.0000     -734139.405552
1260.0000     -734345.655316
1264.0000     -733732.976133
1268.0000     -734414.128679
1272.0000     -733342.459829
1276.0000     -733847.583486
1280.0000     -734618.079436
1284.0000     -733573.813148
1288.0000     -733967.145385
1292.0000     -734006.761016
1296.0000     -733511.983623
1300.0000     -734241.991841
1304.0000     -734699.749968
1308.0000     -733679.242792
1312.0000     -733870.612818
1316.0000     -733710.961464
1320.0000     -732777.826933
1324.0000     -733892.120898
1328.0000     -734229.910405
1332.0000     -733622.802376
1336.0000     -733651.036586
1340.0000     -734014.042100
1344.0000     -734049.372806
1348.0000     -733425.643680
1352.0000     -733689.047227
1356.0000     -733404.547333
1360.0000     -733310.546851
1364.0000     -733953.677047
1368.0000     -734363.622184
1372.0000     -734453.738542
1376.0000     -733955.469549
1380.0000     -733079.535579
1384.0000     -733213.357739
1388.0000     -734384.861673
1392.0000     -734151.976057
1396.0000     -733507.173939
1400.0000     -733613.342125
1404.0000     -733602.344697
1408.0000     -733528.786872
1412.0000     -733931.962787
1416.0000     -733971.272199
1420.0000     -734176.651814
1424.0000     -733520.058813
1428.0000     -734093.387393
1432.0000     -733258.180991
1436.0000     -733489.283020
1440.0000     -733413.398920
1444.0000     -734596.925838
1448.0000     -733759.079761
1452.0000     -734481.085181
1456.0000     -734178.685237
1460.0000     -733754.775629
1464.0000     -734034.441566
1468.0000     -733819.048152
1472.0000     -733281.096035
1476.0000     -733355.112068
1480.0000     -732886.817026
1484.0000     -733243.580387
1488.0000     -733354.419152
1492.0000     -733668.563326
1496.0000     -733855.410757
1500.0000     -734011.118586
1504.0000     -733539.045379
1508.0000     -733592.879202
1512.0000     -734184.258919
1516.0000     -733530.516512
1520.0000     -733954.348978
1524.0000     -734040.093438
1528.0000     -733471.628705
1532.0000     -733326.860087
1536.0000     -733906.181700
1540.0000     -734046.001932
1544.0000     -734389.072916
1548.0000     -733516.340319
1552.0000     -734004.980003
1556.0000     -734060.079716
1560.0000     -733935.991298
1564.0000     -733792.762294
1568.0000     -733931.612737
1572.0000     -733993.068990
1576.0000     -734107.838352
1580.0000     -732465.180617
1584.0000     -732953.370577
1588.0000     -734087.209557
1592.0000     -733952.280034
1596.0000     -734518.559504
1600.0000     -733821.141578
1604.0000     -733961.948746
1608.0000     -733614.736095
1612.0000     -732935.245052
1616.0000     -732998.607633
1620.0000     -734117.752691
1624.0000     -734079.118569
1628.0000     -733471.764198
1632.0000     -733173.801017
1636.0000     -732788.352077
1640.0000     -733105.157598
1644.0000     -732927.045819
1648.0000     -733525.508716
1652.0000     -733886.295513
1656.0000     -734010.760893
1660.0000     -733358.039656
1664.0000     -733279.362774
1668.0000     -733142.580356
1672.0000     -733639.743429
1676.0000     -732335.291925
1680.0000     -734314.459071
1684.0000     -734397.070332
1688.0000     -733435.707475
1692.0000     -733643.650279
1696.0000     -733323.969192
1700.0000     -734024.236979
1704.0000     -733163.579942
1708.0000     -733650.387307
1712.0000     -733147.101268
1716.0000     -733623.044773
1720.0000     -733845.136784
1724.0000     -733391.826135
1728.0000     -733737.958761
1732.0000     -733884.556773
1736.0000     -734025.311162
1740.0000     -733606.839253
1744.0000     -733499.227911
1748.0000     -734021.545713
1752.0000     -733491.499537
1756.0000     -733798.014501
1760.0000     -733704.442163
1764.0000     -732863.564044
1768.0000     -734285.275930
1772.0000     -734715.553714
1776.0000     -733988.514007
1780.0000     -733974.949173
1784.0000     -733767.482499
1788.0000     -732598.509118
1792.0000     -732893.370983
1796.0000     -732920.287256
1800.0000     -734008.261773
1804.0000     -732781.192263
1808.0000     -733913.838834
1812.0000     -733189.175286
1816.0000     -733115.483784
1820.0000     -733528.432510
1824.0000     -732618.064511
1828.0000     -732883.592804
1832.0000     -733644.927070
1836.0000     -733226.535762
1840.0000     -734283.533479
1844.0000     -733355.310948
1848.0000     -733570.691707
1852.0000     -732930.551033
1856.0000     -732957.465838
1860.0000     -734488.921678
1864.0000     -733681.279075
1868.0000     -734467.379942
1872.0000     -733960.357037
1876.0000     -734357.561508
1880.0000     -733441.011442
1884.0000     -733880.447460
1888.0000     -733480.945396
1892.0000     -734243.894032
1896.0000     -733529.280557
1900.0000     -733209.555256
1904.0000     -734359.515802
1908.0000     -733920.917066
1912.0000     -734266.055774
1916.0000     -733888.739931
1920.0000     -733862.245313
1924.0000     -733089.609539
1928.0000     -733922.587789
1932.0000     -732864.536646
1936.0000     -733266.807176
1940.0000     -733986.468431
1944.0000     -734476.145286
1948.0000     -733695.579034
1952.0000     -733750.924962
1956.0000     -734525.788490
1960.0000     -734573.781279
1964.0000     -733826.521988
1968.0000     -734066.883709
1972.0000     -733798.095482
1976.0000     -734135.147463
1980.0000     -733792.711802
1984.0000     -732785.158188
1988.0000     -733630.511117
1992.0000     -733622.914105
1996.0000     -734094.314421
2000.0000     -734070.733483
2004.0000     -734244.036997
2008.0000     -733890.390495
2012.0000     -733912.594176
2016.0000     -734478.009216
2020.0000     -734492.824126
2024.0000     -733932.540873
2028.0000     -732737.514732
2032.0000     -734359.683068
2036.0000     -733212.233399
2040.0000     -735311.093803
2044.0000     -734799.539206
2048.0000     -733848.143199
2052.0000     -734237.036787
2056.0000     -733376.013923
2060.0000     -734640.529228
2064.0000     -733867.497533
2068.0000     -733322.619597
2072.0000     -733979.183600
2076.0000     -734574.964592
2080.0000     -735266.810008
2084.0000     -733646.275475
2088.0000     -734344.992912
2092.0000     -733491.337182
2096.0000     -734645.713784
2100.0000     -732790.271972
2104.0000     -733593.873510
2108.0000     -734038.172172
2112.0000     -733953.001918
2116.0000     -733799.623476
2120.0000     -733877.678375
2124.0000     -734339.525367
2128.0000     -733993.053333
2132.0000     -733965.196676
2136.0000     -733280.814321
2140.0000     -733481.566412
2144.0000     -734485.954495
2148.0000     -733664.812537
2152.0000     -733685.543399
2156.0000     -733078.779519
2160.0000     -733501.516787
2164.0000     -733940.085313
2168.0000     -734418.137265
2172.0000     -733616.410471
2176.0000     -734279.217155
2180.0000     -734203.992942
2184.0000     -734013.492359
2188.0000     -733830.606363
2192.0000     -733996.656323
2196.0000     -734282.574622
2200.0000     -733760.501888
2204.0000     -734208.353008
2208.0000     -734134.340123
2212.0000     -734125.437347
2216.0000     -734425.157221
2220.0000     -733989.893654
2224.0000     -732810.584048
2228.0000     -733671.548807
2232.0000     -733429.647468
2236.0000     -734005.522694
2240.0000     -733587.322464
2244.0000     -733980.318335
2248.0000     -733605.786789
2252.0000     -733741.145574
2256.0000     -733755.604126
2260.0000     -733345.679029
2264.0000     -734350.627591
2268.0000     -733679.979977
2272.0000     -733564.109781
2276.0000     -733937.857455
2280.0000     -734188.470469
2284.0000     -733689.220513
2288.0000     -734276.568557
2292.0000     -734405.668218
2296.0000     -733385.253170
2300.0000     -734573.850794
2304.0000     -734299.230422
2308.0000     -733871.025307
2312.0000     -734432.738232
2316.0000     -732877.490565
2320.0000     -733799.096526
2324.0000     -733874.347732
2328.0000     -733497.979759
2332.0000     -733551.666046
2336.0000     -733871.227567
2340.0000     -733824.701555
2344.0000     -733893.171229
2348.0000     -733893.871486
2352.0000     -734080.595593
2356.0000     -733251.048855
2360.0000     -733899.991869
2364.0000     -734081.840310
2368.0000     -734034.246646
2372.0000     -733231.664399
2376.0000     -733767.062421
2380.0000     -733907.052370
2384.0000     -734374.685462
2388.0000     -733335.276677
2392.0000     -734197.578712
2396.0000     -734452.464656
2400.0000     -733389.351598
2404.0000     -734038.835270
2408.0000     -734113.202359
2412.0000     -733914.448853
2416.0000     -733293.940704
2420.0000     -733473.765985
2424.0000     -733455.208255
2428.0000     -732909.800536
2432.0000     -733232.968625
2436.0000     -733658.014644
2440.0000     -734338.999392
2444.0000     -734374.590599
2448.0000     -733362.188029
2452.0000     -733670.060668
2456.0000     -733686.224887
2460.0000     -733702.245405
2464.0000     -733467.100858
2468.0000     -733911.360368
2472.0000     -733671.576901
2476.0000     -733965.396809
2480.0000     -734961.404398
2484.0000     -734617.761127
2488.0000     -734485.685931
2492.0000     -733920.810297
2496.0000     -733106.231085
2500.0000     -733797.569015
2504.0000     -734000.606731
2508.0000     -733631.273063
2512.0000     -734357.397875
2516.0000     -734560.046791
2520.0000     -733761.876997
2524.0000     -734017.941287
2528.0000     -734318.106706
2532.0000     -733576.367405
2536.0000     -733156.966358
2540.0000     -733480.598526
2544.0000     -733964.092255
2548.0000     -734440.611127
2552.0000     -734234.308265
2556.0000     -734033.090738
2560.0000     -733374.169982
2564.0000     -734686.559375
2568.0000     -735021.097066
2572.0000     -734605.704111
2576.0000     -733684.064179
2580.0000     -733583.921057
2584.0000     -733934.399906
2588.0000     -734042.145466
2592.0000     -734257.881101
2596.0000     -733843.640456
2600.0000     -734384.040247
2604.0000     -733725.160406
2608.0000     -734225.491203
2612.0000     -734267.661995
2616.0000     -733925.242405
2620.0000     -733543.252891
2624.0000     -733815.606319
2628.0000     -733847.136698
2632.0000     -734111.951751
2636.0000     -734193.089331
2640.0000     -733456.652465
2644.0000     -733168.855022
2648.0000     -733362.455682
2652.0000     -733683.302564
2656.0000     -733995.141277
2660.0000     -733798.035222
2664.0000     -733798.570985
2668.0000     -733312.056799
2672.0000     -734661.935317
2676.0000     -733428.720790
2680.0000     -733620.392093
2684.0000     -732918.331386
2688.0000     -733218.858748
2692.0000     -733161.343280
2696.0000     -733807.991983
2700.0000     -733112.481240
2704.0000     -733407.781224
2708.0000     -734273.453382
2712.0000     -733668.160837
2716.0000     -734123.217204
2720.0000     -734139.516238
2724.0000     -733474.854588
2728.0000     -733350.438410
2732.0000     -733337.190412
2736.0000     -732740.699148
2740.0000     -733411.258102
2744.0000     -733793.548147
2748.0000     -733052.519809
2752.0000     -732888.741629
2756.0000     -734333.732103
2760.0000     -733759.499167
2764.0000     -733603.433621
2768.0000     -734025.266562
2772.0000     -733171.449778
2776.0000     -734022.473032
2780.0000     -734173.512784
2784.0000     -733522.274135
2788.0000     -733712.715316
2792.0000     -734243.058020
2796.0000     -733959.887283
2800.0000     -734075.413224
2804.0000     -734287.206169
2808.0000     -734435.386580
2812.0000     -733953.892847
2816.0000     -734394.203854
2820.0000     -734552.240176
2824.0000     -733076.578991
2828.0000     -734083.400698
2832.0000     -733629.839426
2836.0000     -734463.732763
2840.0000     -734630.711593
2844.0000     -733378.349558
2848.0000     -734248.127534
2852.0000     -735016.910570
2856.0000     -733561.528368
2860.0000     -734159.638805
2864.0000     -733982.617310
2868.0000     -734710.563426
2872.0000     -733533.993673
2876.0000     -733828.881863
2880.0000     -733978.040541
2884.0000     -734210.101768
2888.0000     -733645.611313
2892.0000     -734577.622381
2896.0000     -733636.449241
2900.0000     -735004.081671
2904.0000     -734106.231139
2908.0000     -734069.803997
2912.0000     -733981.485493
2916.0000     -733653.738365
2920.0000     -734180.841717
2924.0000     -733605.991934
2928.0000     -734352.325887
2932.0000     -734383.602441
2936.0000     -733444.338285
2940.0000     -734556.701742
2944.0000     -734048.462448
2948.0000     -733931.819938
2952.0000     -734359.784105
2956.0000     -733445.121158
2960.0000     -732773.076402
2964.0000     -733140.682618
2968.0000     -734193.198993
2972.0000     -734158.979602
2976.0000     -733229.629425
2980.0000     -733991.017172
2984.0000     -733998.544315
2988.0000     -733533.404719
2992.0000     -733591.474515
2996.0000     -733519.724068
3000.0000     -733160.798744
3004.0000     -734736.559096
3008.0000     -733880.394394
3012.0000     -734557.688333
3016.0000     -733899.801815
3020.0000     -734481.212469
3024.0000     -734620.272386
3028.0000     -734773.621142
3032.0000     -733777.725543
3036.0000     -734098.173028
3040.0000     -734576.173961
3044.0000     -734234.248635
3048.0000     -734159.218003
3052.0000     -733118.045046
3056.0000     -734863.889426
3060.0000     -733605.867316
3064.0000     -734263.569838
3068.0000     -735091.137801
3072.0000     -734788.112627
3076.0000     -733729.156267
3080.0000     -733846.596661
3084.0000     -733474.737330
3088.0000     -733471.136995
3092.0000     -732957.400059
3096.0000     -733950.407375
3100.0000     -733576.359415
3104.0000     -733782.898551
3108.0000     -734239.754366
3112.0000     -733976.306485
3116.0000     -734410.632591
3120.0000     -733693.145669
3124.0000     -734198.150611
3128.0000     -733644.897593
3132.0000     -734365.156367
3136.0000     -734293.533721
3140.0000     -733987.655102
3144.0000     -733894.018731
3148.0000     -733566.360690
3152.0000     -733936.507687
3156.0000     -734405.802172
3160.0000     -734113.860313
3164.0000     -734317.351107
3168.0000     -734067.382407
3172.0000     -734407.834828
3176.0000     -734395.407688
3180.0000     -734040.721961
3184.0000     -733812.218793
3188.0000     -733088.095515
3192.0000     -733462.851332
3196.0000     -733288.983275
3200.0000     -734161.635646
3204.0000     -733816.986266
3208.0000     -732343.469268
3212.0000     -733467.175211
3216.0000     -734229.274975
3220.0000     -733567.363010
3224.0000     -734578.132594
3228.0000     -734363.240228
3232.0000     -732932.354188
3236.0000     -734504.371880
3240.0000     -734656.949617
3244.0000     -734484.196549
3248.0000     -734453.598409
3252.0000     -734446.618965
3256.0000     -733850.126993
3260.0000     -733395.356427
3264.0000     -733521.297488
3268.0000     -733438.658281
3272.0000     -734181.065769
3276.0000     -733788.639392
3280.0000     -734874.359656
3284.0000     -734172.811280
3288.0000     -733974.255596
3292.0000     -734797.629217
3296.0000     -734868.557869
3300.0000     -734657.675319
3304.0000     -733554.377875
3308.0000     -733767.610023
3312.0000     -734362.380738
3316.0000     -734386.728080
3320.0000     -733452.592567
3324.0000     -733248.189505
3328.0000     -734152.174931
3332.0000     -734559.352643
3336.0000     -733865.250724
3340.0000     -734085.429873
3344.0000     -733614.133737
3348.0000     -733669.037881
3352.0000     -733690.982238
3356.0000     -734630.482531
3360.0000     -733923.020455
3364.0000     -734687.010497
3368.0000     -733242.573047
3372.0000     -734216.838999
3376.0000     -734479.860891
3380.0000     -734334.304832
3384.0000     -734834.069336
3388.0000     -734064.535990
3392.0000     -733525.363082
3396.0000     -734432.485311
3400.0000     -734096.283258
3404.0000     -733115.789075
3408.0000     -734139.196224
3412.0000     -734284.446697
3416.0000     -733575.491916
3420.0000     -733150.327150
3424.0000     -734246.024442
3428.0000     -734048.165540
3432.0000     -734195.427388
3436.0000     -733218.913551
3440.0000     -734524.723718
3444.0000     -734196.921258
3448.0000     -734326.475729
3452.0000     -733902.229548
3456.0000     -734415.399022
3460.0000     -734168.044409
3464.0000     -733523.648095
3468.0000     -734076.767011
3472.0000     -734023.900163
3476.0000     -733501.112364
3480.0000     -734043.157148
3484.0000     -733545.683922
3488.0000     -733826.730257
3492.0000     -733475.884736
3496.0000     -732935.192184
3500.0000     -733579.571642
3504.0000     -733891.217110
3508.0000     -734265.758703
3512.0000     -733946.150059
3516.0000     -733860.826917
3520.0000     -732740.845616
3524.0000     -733522.549000
3528.0000     -734330.849152
3532.0000     -733102.507145
3536.0000     -733676.342544
3540.0000     -734067.016965
3544.0000     -733633.074310
3548.0000     -733928.340721
3552.0000     -733574.572013
3556.0000     -734394.506568
3560.0000     -735007.108570
3564.0000     -733961.041684
3568.0000     -734463.026188
3572.0000     -732975.211061
3576.0000     -733686.902899
3580.0000     -733396.400171
3584.0000     -734268.505394
3588.0000     -733532.489894
3592.0000     -734878.548633
3596.0000     -734164.025393
3600.0000     -734036.080313
3604.0000     -733948.414057
3608.0000     -733613.882865
3612.0000     -734174.588809
3616.0000     -734626.151587
3620.0000     -733640.699378
3624.0000     -735105.033170
3628.0000     -735336.913869
3632.0000     -734003.703105
3636.0000     -734358.603895
3640.0000     -734184.874870
3644.0000     -733935.246368
3648.0000     -734068.785718
3652.0000     -734572.435720
3656.0000     -733889.830748
3660.0000     -734877.204475
3664.0000     -734121.817555
3668.0000     -734600.553575
3672.0000     -734456.177389
3676.0000     -733944.330016
3680.0000     -734386.476127
3684.0000     -733964.105616
3688.0000     -734022.718509
3692.0000     -733572.002354
3696.0000     -734136.625023
3700.0000     -734074.936165
3704.0000     -734387.719234
3708.0000     -734343.069360
3712.0000     -734288.719227
3716.0000     -733623.758430
3720.0000     -734305.886664
3724.0000     -734412.273698
3728.0000     -734845.523671
3732.0000     -734743.156563
3736.0000     -734559.236955
3740.0000     -734540.607079
3744.0000     -734299.694082
3748.0000     -733587.479196
3752.0000     -734142.182337
3756.0000     -734260.021582
3760.0000     -735175.556358
3764.0000     -733724.764241
3768.0000     -733469.117691
3772.0000     -734393.162424
3776.0000     -734961.057409
3780.0000     -734181.493114
3784.0000     -734277.612635
3788.0000     -734062.295165
3792.0000     -734503.582543
3796.0000     -733875.677215
3800.0000     -734107.058245
3804.0000     -734832.286103
3808.0000     -734631.593921
3812.0000     -733735.069189
3816.0000     -734263.873161
3820.0000     -733172.764541
3824.0000     -734202.333556
3828.0000     -734255.008531
3832.0000     -733622.901822
3836.0000     -733816.403605
3840.0000     -734227.753604
3844.0000     -733777.099482
3848.0000     -732546.360405
3852.0000     -733568.833602
3856.0000     -734123.690191
3860.0000     -733539.042191
3864.0000     -733243.106723
3868.0000     -733284.062273
3872.0000     -733171.914465
3876.0000     -733391.136582
3880.0000     -733370.531750
3884.0000     -733592.339869
3888.0000     -733813.593360
3892.0000     -733112.628868
3896.0000     -733348.114363
3900.0000     -733210.754060
3904.0000     -733995.397030
3908.0000     -733779.782544
3912.0000     -733727.458740
3916.0000     -733639.311934
3920.0000     -733417.567707
3924.0000     -733532.977279
3928.0000     -733762.928795
3932.0000     -732163.684799
3936.0000     -733260.778433
3940.0000     -734239.557562
3944.0000     -733437.459442
3948.0000     -734933.292234
3952.0000     -734660.190358
3956.0000     -734510.592994
3960.0000     -734618.138645
3964.0000     -733810.875440
3968.0000     -733097.637532
3972.0000     -733817.954073
3976.0000     -733902.169885
3980.0000     -733040.003409
3984.0000     -732611.226136
3988.0000     -733645.141308
3992.0000     -733000.448277
3996.0000     -733160.921373
4000.0000     -733823.093603
4004.0000     -733823.093603
