4.0000     -732981.623533
8.0000     -732118.826126
12.0000     -733241.873318
16.0000     -732402.515084
20.0000     -732483.025564
24.0000     -732951.265140
28.0000     -732438.270416
32.0000     -732460.425549
36.0000     -732829.344931
40.0000     -732886.986380
44.0000     -732871.502192
48.0000     -732582.404193
52.0000     -732131.148594
56.0000     -732704.296243
60.0000     -731723.885160
64.0000     -732739.440932
68.0000     -733006.733630
72.0000     -732422.785596
76.0000     -732567.786084
80.0000     -732015.790672
84.0000     -733003.896014
88.0000     -733095.427517
92.0000     -732123.272953
96.0000     -733000.068828
100.0000     -732501.853650
104.0000     -732759.169754
108.0000     -733247.687262
112.0000     -732736.124520
116.0000     -732552.957223
120.0000     -733497.797231
124.0000     -733376.543390
128.0000     -732384.170648
132.0000     -732465.590139
136.0000     -732305.459386
140.0000     -732429.358687
144.0000     -732575.138444
148.0000     -733350.178568
152.0000     -732778.815051
156.0000     -732672.850078
160.0000     -733606.482693
164.0000     -732857.512968
168.0000     -733349.614018
172.0000     -733308.042404
176.0000     -733520.614057
180.0000     -733560.212173
184.0000     -733037.870494
188.0000     -733339.729723
192.0000     -733457.920032
196.0000     -733558.427143
200.0000     -733461.890931
204.0000     -733187.098115
208.0000     -732084.163267
212.0000     -733692.185251
216.0000     -733760.669020
220.0000     -733343.535093
224.0000     -733424.793704
228.0000     -732630.255766
232.0000     -732965.566685
236.0000     -732819.921914
240.0000     -733787.443013
244.0000     -733347.841120
248.0000     -733608.692602
252.0000     -733027.134356
256.0000     -733242.799600
260.0000     -733193.692509
264.0000     -733259.695671
268.0000     -733874.418507
272.0000     -733770.541151
276.0000     -733366.938284
280.0000     -732794.959203
284.0000     -733163.061383
288.0000     -733817.094502
292.0000     -733456.757298
296.0000     -733316.207404
300.0000     -733450.081260
304.0000     -733726.369743
308.0000     -733448.578237
312.0000     -732287.316858
316.0000     -733625.083403
320.0000     -734157.223226
324.0000     -733398.143986
328.0000     -733027.306748
332.0000     -733541.096309
336.0000     -734279.539282
340.0000     -733444.994612
344.0000     -733132.588786
348.0000     -733864.207956
352.0000     -733572.427892
356.0000     -733620.723159
360.0000     -732828.950225
364.0000     -733746.104436
368.0000     -733783.609565
372.0000     -733727.907809
376.0000     -732957.587053
380.0000     -734049.163080
384.0000     -733126.886950
388.0000     -733724.743212
392.0000     -733224.925653
396.0000     -733571.601311
400.0000     -733800.971565
404.0000     -733520.431423
408.0000     -733102.245849
412.0000     -733906.975240
416.0000     -732818.675472
420.0000     -733368.708542
424.0000     -733478.809265
428.0000     -733178.151574
432.0000     -733908.166116
436.0000     -733629.322654
440.0000     -733963.845010
444.0000     -733692.709169
448.0000     -733518.748689
452.0000     -733219.501566
456.0000     -733343.376472
460.0000     -732743.422707
464.0000     -733671.337480
468.0000     -732445.884279
472.0000     -733439.297884
476.0000     -732545.242034
480.0000     -733825.482860
484.0000     -733491.918610
488.0000     -732923.744067
492.0000     -732858.609351
496.0000     -732906.717302
500.0000     -733116.731966
504.0000     -733077.661973
508.0000     -733705.596087
512.0000     -733352.085966
516.0000     -732800.509849
520.0000     -733549.708101
524.0000     -733389.331460
528.0000     -733175.312316
532.0000     -733809.114747
536.0000     -733775.827091
540.0000     -733877.367596
544.0000     -733702.178177
548.0000     -733495.445344
552.0000     -733074.095305
556.0000     -733401.863732
560.0000     -733214.743443
564.0000     -733554.531987
568.0000     -733546.357795
572.0000     -733952.402656
576.0000     -732735.423182
580.0000     -733147.187231
584.0000     -733364.316801
588.0000     -733585.327450
592.0000     -733392.518792
596.0000     -732777.015799
600.0000     -733199.472489
604.0000     -732911.428623
608.0000     -732857.139124
612.0000     -733342.759684
616.0000     -733537.481030
620.0000     -733403.046444
624.0000     -734233.795902
628.0000     -733013.973879
632.0000     -733264.699852
636.0000     -733295.772544
640.0000     -733265.965489
644.0000     -733047.181107
648.0000     -732694.555290
652.0000     -733025.146692
656.0000     -733031.378234
660.0000     -732834.498916
664.0000     -732404.323666
668.0000     -732527.845369
672.0000     -733168.338798
676.0000     -733139.572347
680.0000     -733408.746817
684.0000     -733078.611089
688.0000     -732664.301898
692.0000     -733632.852201
696.0000     -733772.190140
700.0000     -733647.652993
704.0000     -733144.751387
708.0000     -732482.548352
712.0000     -733269.169498
716.0000     -733494.130138
720.0000     -733551.360926
724.0000     -733686.351317
728.0000     -732658.558414
732.0000     -733319.848460
736.0000     -733076.237368
740.0000     -733197.998660
744.0000     -733581.826818
748.0000     -733017.027528
752.0000     -733379.278644
756.0000     -733943.883220
760.0000     -733822.352107
764.0000     -734252.605931
768.0000     -733957.932732
772.0000     -732823.832257
776.0000     -733609.986261
780.0000     -733144.112262
784.0000     -733252.529630
788.0000     -732551.354966
792.0000     -733532.766671
796.0000     -733685.654387
800.0000     -733730.581674
804.0000     -732661.645866
808.0000     -733830.209437
812.0000     -733572.675240
816.0000     -733585.718405
820.0000     -733632.490405
824.0000     -733266.609191
828.0000     -733935.482568
832.0000     -733940.887593
836.0000     -733131.657652
840.0000     -733431.588972
844.0000     -733788.610726
848.0000     -733524.693233
852.0000     -733824.886196
856.0000     -733594.983225
860.0000     -733330.596040
864.0000     -733917.161745
868.0000     -733421.966704
872.0000     -734327.471589
876.0000     -733625.955211
880.0000     -733058.524621
884.0000     -733838.497405
888.0000     -733633.594964
892.0000     -733650.497138
896.0000     -733592.396571
900.0000     -734132.211438
904.0000     -734159.527713
908.0000     -733888.598439
912.0000     -733497.020754
916.0000     -733228.633427
920.0000     -733725.484584
924.0000     -732727.224896
928.0000     -732998.769434
932.0000     -732998.728027
936.0000     -733979.404288
940.0000     -733412.904982
944.0000     -734134.616810
948.0000     -733238.439764
952.0000     -733839.751250
956.0000     -734120.053787
960.0000     -733693.910755
964.0000     -733068.357303
968.0000     -733804.480988
972.0000     -733737.185126
976.0000     -733365.334196
980.0000     -733248.611880
984.0000     -733434.074040
988.0000     -733435.669232
992.0000     -732867.805685
996.0000     -732896.769975
1000.0000     -733532.472448
1004.0000     -732366.801499
1008.0000     -733059.203734
1012.0000     -733741.061810
1016.0000     -732978.522798
1020.0000     -734158.797861
1024.0000     -733626.345506
1028.0000     -733836.304869
1032.0000     -734598.487925
1036.0000     -733992.098624
1040.0000     -733632.530640
1044.0000     -734057.411167
1048.0000     -733741.854121
1052.0000     -733687.731939
1056.0000     -733028.068841
1060.0000     -733915.630489
1064.0000     -732768.679009
1068.0000     -733112.501842
1072.0000     -734313.397490
1076.0000     -733126.543652
1080.0000     -733279.422750
1084.0000     -733840.622559
1088.0000     -733435.854940
1092.0000     -733475.795172
1096.0000     -733273.840969
1100.0000     -732819.213043
1104.0000     -732998.894771
1108.0000     -733138.951870
1112.0000     -732790.332308
1116.0000     -733418.375798
1120.0000     -733491.125694
1124.0000     -733867.823348
1128.0000     -733030.140956
1132.0000     -733631.832066
1136.0000     -733244.965862
1140.0000     -733484.237455
1144.0000     -732298.105958
1148.0000     -733260.217682
1152.0000     -734629.510727
1156.0000     -733599.986680
1160.0000     -733877.487931
1164.0000     -732537.617367
1168.0000     -733452.983733
1172.0000     -733842.584322
1176.0000     -734099.444815
1180.0000     -734043.692125
1184.0000     -733155.378100
1188.0000     -733037.702684
1192.0000     -732825.121929
1196.0000     -732810.771454
1200.0000     -733557.939865
1204.0000     -733232.759573
1208.0000     -733851.718047
1212.0000     -733732.763829
1216.0000     -733449.541712
1220.0000     -734107.503079
1224.0000     -733560.050611
1228.0000     -733432.664526
1232.0000     -734236.370503
1236.0000     -733057.521429
1240.0000     -733392.402678
1244.0000     -733396.455109
1248.0000     -733617.927915
1252.0000     -732840.581114
1256.0000     -733309.055945
1260.0000     -733616.188685
1264.0000     -733545.493630
1268.0000     -733784.359471
1272.0000     -734033.622052
1276.0000     -734055.758927
1280.0000     -733559.529481
1284.0000     -733450.599070
1288.0000     -733996.226456
1292.0000     -733478.153893
1296.0000     -733836.331461
1300.0000     -733926.912643
1304.0000     -733478.259236
1308.0000     -733683.696026
1312.0000     -734043.631719
1316.0000     -732991.136184
1320.0000     -733394.524418
1324.0000     -733518.654181
1328.0000     -733479.082653
1332.0000     -733189.283943
1336.0000     -734319.608145
1340.0000     -733236.439266
1344.0000     -734008.453134
1348.0000     -733837.265187
1352.0000     -733683.287273
1356.0000     -733627.675505
1360.0000     -734976.054025
1364.0000     -733128.623385
1368.0000     -732965.142834
1372.0000     -733962.459061
1376.0000     -733901.114949
1380.0000     -733739.242443
1384.0000     -733385.824688
1388.0000     -733648.398305
1392.0000     -733386.999023
1396.0000     -733411.781825
1400.0000     -733629.284931
1404.0000     -733219.734218
1408.0000     -733576.902569
1412.0000     -733645.835347
1416.0000     -733005.562501
1420.0000     -732812.503767
1424.0000     -733833.414968
1428.0000     -733623.297407
1432.0000     -734263.744175
1436.0000     -733226.540685
1440.0000     -734064.356932
1444.0000     -732368.099320
1448.0000     -733497.237276
1452.0000     -733224.544415
1456.0000     -733527.544582
1460.0000     -733637.544349
1464.0000     -733356.546410
1468.0000     -733676.689079
1472.0000     -732988.738006
1476.0000     -734061.265895
1480.0000     -733605.158144
1484.0000     -734118.313499
1488.0000     -733111.341924
1492.0000     -733304.934867
1496.0000     -732908.599390
1500.0000     -733588.072413
1504.0000     -734024.805484
1508.0000     -733948.928102
1512.0000     -733563.543345
1516.0000     -733803.965889
1520.0000     -733761.879802
1524.0000     -733732.906421
1528.0000     -733565.193073
1532.0000     -733977.856977
1536.0000     -733845.066205
1540.0000     -733093.031859
1544.0000     -733990.979357
1548.0000     -733687.822103
1552.0000     -733737.028360
1556.0000     -733642.885889
1560.0000     -733798.435909
1564.0000     -734036.911676
1568.0000     -734542.907581
1572.0000     -734493.994794
1576.0000     -734383.560640
1580.0000     -733416.616774
1584.0000     -733688.126268
1588.0000     -733221.437984
1592.0000     -732930.820094
1596.0000     -733642.659596
1600.0000     -732788.339621
1604.0000     -733458.185903
1608.0000     -733238.346262
1612.0000     -733426.929998
1616.0000     -733974.475504
1620.0000     -733928.088883
1624.0000     -732351.590796
1628.0000     -733640.696295
1632.0000     -733456.250158
1636.0000     -733845.352999
1640.0000     -733530.734393
1644.0000     -733411.473300
1648.0000     -733457.358794
1652.0000     -733231.072659
1656.0000     -733035.622171
1660.0000     -732611.368495
1664.0000     -732822.197254
1668.0000     -733013.854005
1672.0000     -733388.895584
1676.0000     -732985.123210
1680.0000     -733112.364182
1684.0000     -733385.036995
1688.0000     -733446.592043
1692.0000     -733974.053449
1696.0000     -734269.679707
1700.0000     -734540.149358
1704.0000     -733654.495473
1708.0000     -734056.914520
1712.0000     -733773.057531
1716.0000     -733550.203411
1720.0000     -734252.884179
1724.0000     -733298.937070
1728.0000     -733707.150188
1732.0000     -733401.099234
1736.0000     -733883.329812
1740.0000     -733874.626315
1744.0000     -733706.909216
1748.0000     -733638.454579
1752.0000     -733568.851895
1756.0000     -734275.663181
1760.0000     -733825.235179
1764.0000     -733954.973367
1768.0000     -733349.947779
1772.0000     -734243.251685
1776.0000     -733984.663403
1780.0000     -733623.612903
1784.0000     -733884.966060
1788.0000     -733547.826044
1792.0000     -734306.780058
1796.0000     -733385.518452
1800.0000     -733894.550642
1804.0000     -733999.311265
1808.0000     -734182.002475
1812.0000     -733815.031697
1816.0000     -733119.448268
1820.0000     -733525.989100
1824.0000     -734477.136476
1828.0000     -734231.332404
1832.0000     -734545.769583
1836.0000     -733870.506729
1840.0000     -734415.626998
1844.0000     -733941.859222
1848.0000     -733915.809218
1852.0000     -733348.577176
1856.0000     -733584.463175
1860.0000     -733569.463093
1864.0000     -733710.835370
1868.0000     -732832.430313
1872.0000     -733882.822647
1876.0000     -732622.607602
1880.0000     -733370.115932
1884.0000     -733715.473202
1888.0000     -733298.016950
1892.0000     -733864.648850
1896.0000     -733312.867222
1900.0000     -732670.387903
1904.0000     -733350.961820
1908.0000     -733308.487665
1912.0000     -733405.917264
1916.0000     -734176.003481
1920.0000     -733800.209289
1924.0000     -733565.385118
1928.0000     -734205.685102
1932.0000     -733432.923099
1936.0000     -733224.419385
1940.0000     -733838.760591
1944.0000     -733697.076907
1948.0000     -733803.469858
1952.0000     -733489.679487
1956.0000     -733599.321130
1960.0000     -733956.477886
1964.0000     -732607.600371
1968.0000     -733650.987425
1972.0000     -734075.612764
1976.0000     -733284.948667
1980.0000     -733612.314076
1984.0000     -733349.112681
1988.0000     -732740.896016
1992.0000     -733216.941052
1996.0000     -733019.549440
2000.0000     -732979.899453
2004.0000     -733537.008024
2008.0000     -733416.951187
2012.0000     -733173.816051
2016.0000     -732904.136320
2020.0000     -733679.880370
2024.0000     -733622.431850
2028.0000     -733388.675094
2032.0000     -734013.355162
2036.0000     -733186.158031
2040.0000     -733352.252495
2044.0000     -733626.780748
2048.0000     -732526.165465
2052.0000     -733655.869991
2056.0000     -734091.721312
2060.0000     -732985.749282
2064.0000     -733005.625284
2068.0000     -733379.588920
2072.0000     -733599.935142
2076.0000     -733662.599552
2080.0000     -733458.523045
2084.0000     -734235.988955
2088.0000     -734080.909969
2092.0000     -733309.679092
2096.0000     -733283.113007
2100.0000     -733773.384285
2104.0000     -732709.030356
2108.0000     -733910.014738
2112.0000     -734430.388925
2116.0000     -733219.887757
2120.0000     -733313.498913
2124.0000     -733161.389557
2128.0000     -733220.504568
2132.0000     -733286.436041
2136.0000     -733541.651358
2140.0000     -732700.909544
2144.0000     -732883.722131
2148.0000     -733054.553877
2152.0000     -733750.246050
2156.0000     -733299.404627
2160.0000     -733937.088034
2164.0000     -733357.194715
2168.0000     -733268.359304
2172.0000     -733756.408119
2176.0000     -733303.983444
2180.0000     -732916.280644
2184.0000     -733934.303541
2188.0000     -733616.132619
2192.0000     -733871.152966
2196.0000     -733061.492514
2200.0000     -733525.258006
2204.0000     -733546.094617
2208.0000     -733016.635627
2212.0000     -734055.856516
2216.0000     -733401.367092
2220.0000     -733420.720079
2224.0000     -733655.142376
2228.0000     -733351.571687
2232.0000     -733041.364577
2236.0000     -733196.158458
2240.0000     -733181.593188
2244.0000     -733507.184315
2248.0000     -733858.818882
2252.0000     -734282.200149
2256.0000     -733122.272802
2260.0000     -733400.929111
2264.0000     -733426.625904
2268.0000     -733449.288607
2272.0000     -733011.248241
2276.0000     -733584.649436
2280.0000     -733859.605471
2284.0000     -733347.031476
2288.0000     -733554.154803
2292.0000     -734415.128530
2296.0000     -733014.611590
2300.0000     -733718.350418
2304.0000     -732478.445534
2308.0000     -733347.995243
2312.0000     -734376.111964
2316.0000     -733504.978910
2320.0000     -733619.033242
2324.0000     -733395.821408
2328.0000     -733443.277929
2332.0000     -733450.449907
2336.0000     -732987.306624
2340.0000     -732799.231901
2344.0000     -733083.651230
2348.0000     -733225.576430
2352.0000     -734001.933494
2356.0000     -733779.134024
2360.0000     -733035.679205
2364.0000     -733295.642080
2368.0000     -733485.385599
2372.0000     -733291.689964
2376.0000     -733262.812596
2380.0000     -733272.501903
2384.0000     -734193.633651
2388.0000     -733558.801435
2392.0000     -733647.598712
2396.0000     -733277.778523
2400.0000     -733918.449139
2404.0000     -733601.782634
2408.0000     -732996.652114
2412.0000     -733313.925350
2416.0000     -732999.428081
2420.0000     -733961.787844
2424.0000     -734467.650882
2428.0000     -734260.306915
2432.0000     -733976.693377
2436.0000     -733826.533803
2440.0000     -734655.791172
2444.0000     -733161.292105
2448.0000     -733604.503968
2452.0000     -732802.613189
2456.0000     -734169.985006
2460.0000     -733109.285727
2464.0000     -733366.072240
2468.0000     -732811.845586
2472.0000     -733813.769309
2476.0000     -733832.834809
2480.0000     -732726.673152
2484.0000     -733149.585936
2488.0000     -734564.630007
2492.0000     -733815.243489
2496.0000     -733282.156253
2500.0000     -734191.556323
2504.0000     -733538.116203
2508.0000     -733842.993665
2512.0000     -733892.892016
2516.0000     -733188.315375
2520.0000     -733076.434420
2524.0000     -733744.344775
2528.0000     -733072.974767
2532.0000     -733074.710475
2536.0000     -733579.500394
2540.0000     -733465.227063
2544.0000     -732987.459417
2548.0000     -733632.223860
2552.0000     -733599.317701
2556.0000     -733053.439834
2560.0000     -733254.037854
2564.0000     -733263.105611
2568.0000     -733510.542316
2572.0000     -733062.925285
2576.0000     -733818.396982
2580.0000     -733422.973933
2584.0000     -733397.829373
2588.0000     -732654.453473
2592.0000     -733768.637631
2596.0000     -732640.089338
2600.0000     -733603.903212
2604.0000     -733657.175812
2608.0000     -733268.702093
2612.0000     -733327.527783
2616.0000     -733455.861552
2620.0000     -733558.054605
2624.0000     -733871.513731
2628.0000     -733117.472822
2632.0000     -733867.736559
2636.0000     -734088.723965
2640.0000     -733759.492325
2644.0000     -734117.196151
2648.0000     -733754.077478
2652.0000     -733578.083126
2656.0000     -733743.542108
2660.0000     -734169.034347
2664.0000     -733711.739122
2668.0000     -733519.024313
2672.0000     -733186.414659
2676.0000     -733381.528739
2680.0000     -733479.386749
2684.0000     -734034.740832
2688.0000     -734320.392807
2692.0000     -733897.970040
2696.0000     -733843.245051
2700.0000     -734237.855885
2704.0000     -733526.778094
2708.0000     -734138.308553
2712.0000     -733439.927417
2716.0000     -733950.213243
2720.0000     -733752.417550
2724.0000     -733378.007000
2728.0000     -732914.627136
2732.0000     -734126.426226
2736.0000     -733470.776964
2740.0000     -733501.650053
2744.0000     -733369.453692
2748.0000     -733978.610781
2752.0000     -734095.070088
2756.0000     -734011.338888
2760.0000     -733806.646955
2764.0000     -734130.175418
2768.0000     -734324.396236
2772.0000     -734352.964948
2776.0000     -733609.365424
2780.0000     -734178.335613
2784.0000     -733821.436855
2788.0000     -734329.587628
2792.0000     -734308.443469
2796.0000     -733699.565551
2800.0000     -733756.497099
2804.0000     -732820.354032
2808.0000     -733550.200909
2812.0000     -733617.603605
2816.0000     -734197.050824
2820.0000     -734725.340263
2824.0000     -734357.470862
2828.0000     -734675.985359
2832.0000     -733619.318586
2836.0000     -733001.478495
2840.0000     -732567.529938
2844.0000     -733616.420143
2848.0000     -734059.794029
2852.0000     -734258.001532
2856.0000     -734090.782642
2860.0000     -734504.305119
2864.0000     -734346.550113
2868.0000     -734158.674968
2872.0000     -733488.871352
2876.0000     -733596.743682
2880.0000     -733660.270297
2884.0000     -732144.230958
2888.0000     -734161.890379
2892.0000     -733655.672293
2896.0000     -733550.872901
2900.0000     -733735.271543
2904.0000     -733910.898447
2908.0000     -733912.451568
2912.0000     -733888.335783
2916.0000     -734358.264176
2920.0000     -734209.135219
2924.0000     -733867.872897
2928.0000     -733267.259052
2932.0000     -734175.414566
2936.0000     -733868.733975
2940.0000     -734369.617204
2944.0000     -732900.976880
2948.0000     -735136.908390
2952.0000     -734502.145792
2956.0000     -733713.214322
2960.0000     -733593.530134
2964.0000     -732534.549489
2968.0000     -733630.526878
2972.0000     -733950.507395
2976.0000     -733637.677461
2980.0000     -733689.855711
2984.0000     -733033.503323
2988.0000     -732900.254423
2992.0000     -733217.551265
2996.0000     -733553.195187
3000.0000     -733916.382406
3004.0000     -733777.589544
3008.0000     -733250.815735
3012.0000     -733197.260502
3016.0000     -733591.178726
3020.0000     -733389.463692
3024.0000     -732962.543125
3028.0000     -733502.451476
3032.0000     -732855.106255
3036.0000     -733410.288020
3040.0000     -733715.750274
3044.0000     -733537.353702
3048.0000     -733558.351458
3052.0000     -733506.741114
3056.0000     -733368.445608
3060.0000     -733472.576440
3064.0000     -734154.028765
3068.0000     -732921.433766
3072.0000     -733905.806881
3076.0000     -733616.937238
3080.0000     -733694.508796
3084.0000     -733290.948399
3088.0000     -734215.898301
3092.0000     -733468.569234
3096.0000     -733419.322152
3100.0000     -734039.418299
3104.0000     -733478.736543
3108.0000     -734506.270001
3112.0000     -733289.133085
3116.0000     -733531.853563
3120.0000     -733130.901002
3124.0000     -733518.699887
3128.0000     -733884.536327
3132.0000     -732714.991065
3136.0000     -734198.545921
3140.0000     -733262.666463
3144.0000     -733925.324749
3148.0000     -733394.168291
3152.0000     -734089.843108
3156.0000     -734010.097460
3160.0000     -733277.554687
3164.0000     -733422.362789
3168.0000     -733419.155513
3172.0000     -733655.566900
3176.0000     -734131.020200
3180.0000     -733693.558773
3184.0000     -734195.242647
3188.0000     -734056.585457
3192.0000     -733496.710443
3196.0000     -734094.910355
3200.0000     -734122.213117
3204.0000     -733387.012750
3208.0000     -733228.709863
3212.0000     -734682.567598
3216.0000     -734336.942658
3220.0000     -733718.134599
3224.0000     -733379.008370
3228.0000     -733748.415318
3232.0000     -733465.409195
3236.0000     -733540.626396
3240.0000     -733333.584762
3244.0000     -732948.047159
3248.0000     -734586.447513
3252.0000     -733335.988715
3256.0000     -734026.767591
3260.0000     -733828.552782
3264.0000     -733952.492170
3268.0000     -733854.434507
3272.0000     -733561.952315
3276.0000     -733346.670385
3280.0000     -733777.085558
3284.0000     -733629.464588
3288.0000     -732889.333346
3292.0000     -733537.701697
3296.0000     -734702.021752
3300.0000     -733483.821868
3304.0000     -733872.685511
3308.0000     -733648.608935
3312.0000     -733119.781804
3316.0000     -733350.177097
3320.0000     -734020.698462
3324.0000     -734137.101287
3328.0000     -733925.643438
3332.0000     -734119.843002
3336.0000     -733017.976259
3340.0000     -733332.532859
3344.0000     -733651.330745
3348.0000     -733823.325043
3352.0000     -733209.200801
3356.0000     -733728.912654
3360.0000     -732815.786749
3364.0000     -734591.335163
3368.0000     -733999.975679
3372.0000     -733508.553477
3376.0000     -733322.661324
3380.0000     -733635.518728
3384.0000     -733226.885324
3388.0000     -733793.581668
3392.0000     -734185.419174
3396.0000     -732565.049045
3400.0000     -733606.948010
3404.0000     -733877.723106
3408.0000     -733214.341458
3412.0000     -733754.072877
3416.0000     -733919.891432
3420.0000     -733741.286385
3424.0000     -732610.432743
3428.0000     -733673.471351
3432.0000     -733704.170214
3436.0000     -734014.806790
3440.0000     -733207.764388
3444.0000     -733818.379821
3448.0000     -734362.291700
3452.0000     -733680.963537
3456.0000     -732972.542693
3460.0000     -733813.126495
3464.0000     -733715.623601
3468.0000     -734714.967197
3472.0000     -733786.031402
3476.0000     -734183.016669
3480.0000     -734309.036728
3484.0000     -733180.878922
3488.0000     -733268.149554
3492.0000     -734087.238530
3496.0000     -733306.819484
3500.0000     -733207.454911
3504.0000     -734532.210939
3508.0000     -732664.621069
3512.0000     -734270.470310
3516.0000     -734638.750357
3520.0000     -733912.606414
3524.0000     -733246.115377
3528.0000     -733810.028261
3532.0000     -733465.871572
3536.0000     -733626.765175
3540.0000     -733571.634865
3544.0000     -734360.621558
3548.0000     -732613.723255
3552.0000     -734089.715582
3556.0000     -733991.223696
3560.0000     -733756.236297
3564.0000     -734018.434392
3568.0000     -733829.089635
3572.0000     -733235.179778
3576.0000     -733998.781488
3580.0000     -733534.468195
3584.0000     -734008.518766
3588.0000     -733458.848814
3592.0000     -733705.446191
3596.0000     -732826.980938
3600.0000     -733190.931439
3604.0000     -734202.117646
3608.0000     -733410.790028
3612.0000     -733847.935730
3616.0000     -733396.212662
3620.0000     -733073.769204
3624.0000     -733772.068263
3628.0000     -733797.414440
3632.0000     -733423.173602
3636.0000     -734170.449710
3640.0000     -734423.869669
3644.0000     -733328.704812
3648.0000     -734678.464202
3652.0000     -734018.460878
3656.0000     -733768.886709
3660.0000     -734024.300208
3664.0000     -734942.632021
3668.0000     -732980.868383
3672.0000     -734057.782617
3676.0000     -733918.142544
3680.0000     -733813.886337
3684.0000     -732958.186756
3688.0000     -733304.627419
3692.0000     -734325.961404
3696.0000     -734694.848682
3700.0000     -733872.410894
3704.0000     -734542.699886
3708.0000     -734338.595180
3712.0000     -733836.391187
3716.0000     -733658.287765
3720.0000     -734796.980130
3724.0000     -733648.329643
3728.0000     -734081.413558
3732.0000     -732497.637744
3736.0000     -733076.666662
3740.0000     -734206.307016
3744.0000     -733530.969178
3748.0000     -733240.918128
3752.0000     -733164.569561
3756.0000     -733846.517310
3760.0000     -733818.311237
3764.0000     -733908.963294
3768.0000     -733989.151047
3772.0000     -733619.748055
3776.0000     -733941.964287
3780.0000     -732990.763710
3784.0000     -733633.888850
3788.0000     -732932.318967
3792.0000     -733435.150677
3796.0000     -733456.075914
3800.0000     -733476.763664
3804.0000     -733082.333315
3808.0000     -733576.132155
3812.0000     -733498.497260
3816.0000     -733281.852973
3820.0000     -734593.519992
3824.0000     -733684.696955
3828.0000     -733075.286345
3832.0000     -733181.871346
3836.0000     -733330.505639
3840.0000     -734069.428075
3844.0000     -733867.542221
3848.0000     -734204.492382
3852.0000     -733977.251028
3856.0000     -734664.550327
3860.0000     -735125.502988
3864.0000     -733703.301543
3868.0000     -734221.268811
3872.0000     -733815.205495
3876.0000     -733356.224832
3880.0000     -733875.654927
3884.0000     -735141.746873
3888.0000     -733747.513527
3892.0000     -734106.492240
3896.0000     -733710.320078
3900.0000     -734463.371553
3904.0000     -734243.559133
3908.0000     -733706.913673
3912.0000     -734289.049527
3916.0000     -734230.707592
3920.0000     -733482.909765
3924.0000     -733217.888815
3928.0000     -732855.474840
3932.0000     -734190.605148
3936.0000     -733512.561458
3940.0000     -733347.739625
3944.0000     -733940.134576
3948.0000     -733119.592179
3952.0000     -734105.990529
3956.0000     -734091.779616
3960.0000     -732890.888711
3964.0000     -733834.246692
3968.0000     -734000.335578
3972.0000     -734254.355508
3976.0000     -734814.726325
3980.0000     -733741.148785
3984.0000     -734437.286943
3988.0000     -733872.559203
3992.0000     -734017.721479
3996.0000     -734615.667656
4000.0000     -734494.938280
4004.0000     -734494.938280
