4.0000     -733965.945019
8.0000     -732380.661026
12.0000     -733566.677621
16.0000     -733325.662925
20.0000     -733626.016179
24.0000     -733420.286754
28.0000     -733717.725620
32.0000     -733209.848256
36.0000     -733555.311720
40.0000     -732484.469892
44.0000     -733088.825190
48.0000     -733983.824753
52.0000     -732222.177033
56.0000     -733822.324559
60.0000     -733053.912285
64.0000     -732555.967427
68.0000     -732795.660703
72.0000     -732779.603802
76.0000     -732880.643489
80.0000     -733076.721017
84.0000     -733158.538956
88.0000     -733586.383937
92.0000     -733345.250497
96.0000     -732492.532475
100.0000     -733956.853969
104.0000     -733103.813999
108.0000     -732352.649621
112.0000     -733503.399775
116.0000     -733692.160581
120.0000     -733785.151723
124.0000     -732891.101073
128.0000     -734207.696613
132.0000     -733804.769776
136.0000     -732700.086404
140.0000     -733412.328125
144.0000     -733543.024429
148.0000     -733361.089746
152.0000     -733352.187258
156.0000     -733537.352238
160.0000     -733184.093152
164.0000     -733408.475048
168.0000     -733636.804465
172.0000     -733726.478572
176.0000     -732637.127308
180.0000     -731775.384076
184.0000     -732949.290895
188.0000     -733120.675631
192.0000     -732699.560771
196.0000     -733329.320558
200.0000     -733185.018453
204.0000     -732239.755859
208.0000     -733613.183898
212.0000     -732500.213588
216.0000     -732994.938620
220.0000     -733337.358065
224.0000     -732686.758400
228.0000     -732753.901130
232.0000     -732901.354192
236.0000     -732650.147904
240.0000     -733835.971606
244.0000     -733763.631887
248.0000     -732436.614579
252.0000     -733402.077595
256.0000     -732630.148405
260.0000     -732582.835407
264.0000     -732753.968713
268.0000     -733100.147970
272.0000     -732851.312392
276.0000     -733582.952077
280.0000     -733267.309712
284.0000     -733691.503079
288.0000     -733158.607708
292.0000     -733218.496893
296.0000     -733506.485647
300.0000     -733999.136721
304.0000     -732962.734034
308.0000     -734295.779260
312.0000     -733581.317867
316.0000     -733571.251367
320.0000     -734381.112067
324.0000     -732971.299056
328.0000     -733325.057266
332.0000     -733288.185377
336.0000     -733249.524076
340.0000     -733710.818291
344.0000     -733860.886290
348.0000     -733940.898382
352.0000     -733623.407434
356.0000     -734149.965324
360.0000     -732835.128941
364.0000     -733781.378259
368.0000     -734066.489901
372.0000     -733732.570715
376.0000     -733731.316679
380.0000     -733073.967402
384.0000     -733711.990922
388.0000     -733406.807390
392.0000     -733539.762177
396.0000     -733954.363588
400.0000     -733710.236336
404.0000     -733554.502207
408.0000     -733523.677833
412.0000     -733589.200385
416.0000     -733558.315254
420.0000     -732779.481744
424.0000     -732924.643285
428.0000     -733580.382174
432.0000     -732498.041395
436.0000     -733456.606392
440.0000     -734708.597370
444.0000     -734021.148446
448.0000     -734378.383468
452.0000     -732380.391437
456.0000     -733575.462297
460.0000     -733675.264061
464.0000     -734126.907108
468.0000     -733977.209673
472.0000     -733323.047338
476.0000     -733553.767232
480.0000     -733782.513650
484.0000     -733633.124874
488.0000     -733200.414373
492.0000     -733535.176962
496.0000     -733223.039005
500.0000     -733537.398360
504.0000     -733643.158666
508.0000     -733584.560746
512.0000     -733525.147647
516.0000     -734157.386322
520.0000     -733903.249820
524.0000     -733054.565223
528.0000     -733040.142871
532.0000     -733313.423083
536.0000     -732906.180589
540.0000     -733947.108864
544.0000     -733620.724514
548.0000     -734260.917577
552.0000     -733768.079552
556.0000     -733449.002504
560.0000     -732811.787014
564.0000     -733309.006066
568.0000     -732944.829978
572.0000     -733687.268776
576.0000     -733533.057760
580.0000     -732777.193271
584.0000     -733643.230765
588.0000     -733178.797422
592.0000     -734048.869549
596.0000     -733818.391950
600.0000     -733764.361084
604.0000     -733488.215836
608.0000     -734100.533948
612.0000     -733942.856056
616.0000     -733619.202820
620.0000     -733503.922002
624.0000     -733676.403959
628.0000     -733191.941324
632.0000     -733955.119806
636.0000     -733661.049263
640.0000     -733390.655999
644.0000     -732854.078200
648.0000     -733200.376028
652.0000     -733177.846440
656.0000     -733046.808438
660.0000     -733332.492606
664.0000     -733398.248195
668.0000     -733232.077647
672.0000     -733628.547834
676.0000     -733063.002209
680.0000     -733338.341986
684.0000     -732676.917722
688.0000     -732730.605725
692.0000     -733031.611052
696.0000     -733182.571198
700.0000     -733306.039030
704.0000     -733002.821260
708.0000     -732739.433255
712.0000     -733174.404886
716.0000     -733227.096177
720.0000     -733680.927634
724.0000     -733528.912221
728.0000     -734301.050340
732.0000     -733738.177990
736.0000     -732709.127509
740.0000     -733713.093248
744.0000     -732926.937110
748.0000     -732835.425779
752.0000     -733120.244772
756.0000     -732785.675153
760.0000     -733833.850265
764.0000     -733834.886615
768.0000     -733158.843193
772.0000     -732873.776405
776.0000     -733543.296863
780.0000     -733323.470812
784.0000     -733458.224003
788.0000     -733601.020493
792.0000     -733556.661889
796.0000     -732890.233322
800.0000     -733683.043798
804.0000     -733304.390653
808.0000     -733223.702972
812.0000     -733583.528298
816.0000     -733434.367242
820.0000     -733695.421382
824.0000     -733208.565215
828.0000     -733030.093366
832.0000     -733642.763740
836.0000     -733051.289389
840.0000     -733684.034159
844.0000     -734195.863254
848.0000     -733274.041296
852.0000     -733183.911000
856.0000     -733334.664636
860.0000     -733280.771367
864.0000     -731497.036984
868.0000     -733593.758014
872.0000     -733343.423970
876.0000     -734151.394523
880.0000     -734555.794221
884.0000     -733713.282681
888.0000     -734358.081800
892.0000     -733027.036329
896.0000     -733087.385504
900.0000     -732753.536161
904.0000     -733361.798377
908.0000     -733125.835007
912.0000     -732580.633448
916.0000     -733185.947015
920.0000     -733659.793787
924.0000     -734080.339831
928.0000     -733537.515467
932.0000     -733324.254610
936.0000     -733097.247279
940.0000     -733324.374754
944.0000     -733287.904926
948.0000     -733175.975266
952.0000     -733980.536588
956.0000     -733198.932975
960.0000     -734185.390055
964.0000     -733713.881175
968.0000     -733880.655477
972.0000     -733795.486463
976.0000     -733490.697347
980.0000     -733569.014594
984.0000     -733238.142035
988.0000     -733139.923007
992.0000     -733379.273104
996.0000     -732762.400836
1000.0000     -733126.790488
1004.0000     -732487.428231
1008.0000     -733077.710639
1012.0000     -732907.613759
1016.0000     -732766.085150
1020.0000     -732877.902081
1024.0000     -733565.683742
1028.0000     -732829.258855
1032.0000     -732921.068328
1036.0000     -732934.751084
1040.0000     -732772.679612
1044.0000     -732897.069398
1048.0000     -734118.819750
1052.0000     -732769.686290
1056.0000     -732648.436973
1060.0000     -733524.383391
1064.0000     -732676.398601
1068.0000     -733225.727667
1072.0000     -733166.860362
1076.0000     -733433.581674
1080.0000     -733105.278374
1084.0000     -733548.550497
1088.0000     -732757.351788
1092.0000     -733177.083581
1096.0000     -732953.435966
1100.0000     -733093.741911
1104.0000     -734054.767399
1108.0000     -733308.879769
1112.0000     -732812.120720
1116.0000     -733817.935953
1120.0000     -732897.431863
1124.0000     -733380.800894
1128.0000     -733277.030004
1132.0000     -733958.044689
1136.0000     -733961.251551
1140.0000     -733473.205488
1144.0000     -733341.622109
1148.0000     -732456.399281
1152.0000     -733361.481536
1156.0000     -733122.613085
1160.0000     -733893.100234
1164.0000     -732923.165546
1168.0000     -732929.486544
1172.0000     -734679.654247
1176.0000     -732687.374186
1180.0000     -733249.135604
1184.0000     -733033.895331
1188.0000     -733009.038372
1192.0000     -733286.578835
1196.0000     -733172.541258
1200.0000     -733413.919646
1204.0000     -732798.208780
1208.0000     -733014.621478
1212.0000     -733258.649444
1216.0000     -733283.325954
1220.0000     -733444.972755
1224.0000     -733218.455905
1228.0000     -732743.444208
1232.0000     -732919.676574
1236.0000     -733695.333310
1240.0000     -733261.041168
1244.0000     -733206.155900
1248.0000     -733254.421980
1252.0000     -733890.289627
1256.0000     -733786.906996
1260.0000     -733420.815664
1264.0000     -733795.423322
1268.0000     -733682.096416
1272.0000     -733939.046082
1276.0000     -732789.933455
1280.0000     -733481.644796
1284.0000     -733625.876792
1288.0000     -734196.902481
1292.0000     -734341.425681
1296.0000     -734540.031542
1300.0000     -734209.246783
1304.0000     -733698.473957
1308.0000     -733676.729647
1312.0000     -733478.921112
1316.0000     -732961.848866
1320.0000     -734168.003867
1324.0000     -733378.972897
1328.0000     -733545.577096
1332.0000     -733583.921475
1336.0000     -734638.305881
1340.0000     -733909.341269
1344.0000     -733463.701378
1348.0000     -733414.757185
1352.0000     -733824.120399
1356.0000     -733947.019293
1360.0000     -734116.682590
1364.0000     -733489.520051
1368.0000     -733680.659485
1372.0000     -733502.358678
1376.0000     -733341.988257
1380.0000     -732782.125736
1384.0000     -733998.244836
1388.0000     -733937.835267
1392.0000     -733990.876635
1396.0000     -733789.871229
1400.0000     -733476.097913
1404.0000     -734411.762833
1408.0000     -733433.495656
1412.0000     -734064.961998
1416.0000     -733843.868254
1420.0000     -733800.592663
1424.0000     -734339.704623
1428.0000     -733899.452418
1432.0000     -732913.131482
1436.0000     -733687.034935
1440.0000     -733934.270779
1444.0000     -733627.637161
1448.0000     -733720.699536
1452.0000     -734151.051866
1456.0000     -734024.856441
1460.0000     -733892.418648
1464.0000     -733425.198075
1468.0000     -733330.128325
1472.0000     -733923.972466
1476.0000     -733600.940940
1480.0000     -734402.094619
1484.0000     -733704.427463
1488.0000     -733169.668104
1492.0000     -733710.506406
1496.0000     -733111.960231
1500.0000     -734708.309076
1504.0000     -732993.968413
1508.0000     -733312.368892
1512.0000     -733949.745664
1516.0000     -733558.086174
1520.0000     -733412.264737
1524.0000     -733833.902276
1528.0000     -733170.470758
1532.0000     -733611.886626
1536.0000     -733582.995177
1540.0000     -733328.821135
1544.0000     -733996.661974
1548.0000     -734083.556801
1552.0000     -733955.378668
1556.0000     -733807.065535
1560.0000     -733699.539420
1564.0000     -734684.469222
1568.0000     -733614.801236
1572.0000     -733593.801620
1576.0000     -733208.838378
1580.0000     -733819.427980
1584.0000     -733705.876532
1588.0000     -733784.615957
1592.0000     -733410.449215
1596.0000     -732781.985421
1600.0000     -733131.694598
1604.0000     -733101.373390
1608.0000     -734176.560074
1612.0000     -733768.008522
1616.0000     -733883.547342
1620.0000     -733815.830403
1624.0000     -733292.786322
1628.0000     -733713.541488
1632.0000     -733996.585324
1636.0000     -733732.166898
1640.0000     -733781.823377
1644.0000     -733888.926267
1648.0000     -733388.948096
1652.0000     -732975.536527
1656.0000     -733622.507979
1660.0000     -733078.981790
1664.0000     -733279.007897
1668.0000     -733928.133077
1672.0000     -733234.008412
1676.0000     -734491.788384
1680.0000     -733133.979643
1684.0000     -733799.359237
1688.0000     -733753.083813
1692.0000     -733370.112046
1696.0000     -733699.644988
1700.0000     -734173.105168
1704.0000     -733698.831329
1708.0000     -734118.442522
1712.0000     -734134.365789
1716.0000     -733624.781848
1720.0000     -733783.746254
1724.0000     -733018.655104
1728.0000     -733353.476287
1732.0000     -733459.631032
1736.0000     -734162.417112
1740.0000     -733209.156962
1744.0000     -733721.216345
1748.0000     -732474.608321
1752.0000     -732913.166951
1756.0000     -733243.732034
1760.0000     -733126.046605
1764.0000     -734462.561729
1768.0000     -733680.486680
1772.0000     -733541.410148
1776.0000     -733793.887297
1780.0000     -733590.768544
1784.0000     -733365.370895
1788.0000     -733911.131625
1792.0000     -734252.277292
1796.0000     -734568.381808
1800.0000     -732997.823181
1804.0000     -733168.653433
1808.0000     -733382.137971
1812.0000     -732879.758225
1816.0000     -734227.314806
1820.0000     -733934.570292
1824.0000     -733497.989197
1828.0000     -733670.848432
1832.0000     -733669.742022
1836.0000     -733965.737626
1840.0000     -733152.006991
1844.0000     -733731.809683
1848.0000     -733136.383768
1852.0000     -733162.997013
1856.0000     -733041.105762
1860.0000     -733173.716682
1864.0000     -733052.672283
1868.0000     -734463.333960
1872.0000     -733280.001077
1876.0000     -733697.055284
1880.0000     -732993.936710
1884.0000     -732808.683148
1888.0000     -734301.206161
1892.0000     -733506.413754
1896.0000     -733977.272365
1900.0000     -733389.870972
1904.0000     -733608.214902
1908.0000     -733671.836602
1912.0000     -733238.647476
1916.0000     -733072.842673
1920.0000     -734091.309169
1924.0000     -733200.957932
1928.0000     -733602.751823
1932.0000     -732486.968176
1936.0000     -732944.017106
1940.0000     -733454.864985
1944.0000     -732979.174422
1948.0000     -733657.833984
1952.0000     -733796.981260
1956.0000     -733072.128191
1960.0000     -733374.952204
1964.0000     -733360.612858
1968.0000     -733391.569582
1972.0000     -734092.394033
1976.0000     -733101.689074
1980.0000     -733002.151821
1984.0000     -733643.447276
1988.0000     -733643.920251
1992.0000     -732675.062854
1996.0000     -733033.228228
2000.0000     -733304.094840
2004.0000     -734057.944860
2008.0000     -733336.203422
2012.0000     -732933.367733
2016.0000     -733591.951413
2020.0000     -733378.639487
2024.0000     -733267.601520
2028.0000     -734158.560239
2032.0000     -734234.539433
2036.0000     -734113.059373
2040.0000     -733357.734838
2044.0000     -732851.586798
2048.0000     -733367.215444
2052.0000     -733417.422473
2056.0000     -733888.797887
2060.0000     -733378.214144
2064.0000     -733800.871104
2068.0000     -733650.331480
2072.0000     -733638.426366
2076.0000     -733453.796957
2080.0000     -733873.981344
2084.0000     -733142.832013
2088.0000     -734108.031108
2092.0000     -733531.137988
2096.0000     -734251.387502
2100.0000     -733529.532617
2104.0000     -733578.159374
2108.0000     -733518.155884
2112.0000     -733927.653704
2116.0000     -732677.357318
2120.0000     -733422.738768
2124.0000     -733015.046471
2128.0000     -733957.360351
2132.0000     -733054.814074
2136.0000     -732878.840660
2140.0000     -733669.201912
2144.0000     -733578.075777
2148.0000     -733463.730902
2152.0000     -733770.284976
2156.0000     -733055.649806
2160.0000     -733892.421357
2164.0000     -734636.724945
2168.0000     -733924.483817
2172.0000     -734230.155689
2176.0000     -734183.163948
2180.0000     -734139.228741
2184.0000     -733565.668533
2188.0000     -733297.268574
2192.0000     -733615.292231
2196.0000     -733507.889486
2200.0000     -733637.110590
2204.0000     -733757.489480
2208.0000     -734032.147872
2212.0000     -733597.470695
2216.0000     -733777.193017
2220.0000     -733582.438156
2224.0000     -733446.580764
2228.0000     -734250.794331
2232.0000     -733940.426653
2236.0000     -733488.245586
2240.0000     -734377.153151
2244.0000     -734563.703036
2248.0000     -733594.635412
2252.0000     -733061.400749
2256.0000     -732505.698196
2260.0000     -733807.520519
2264.0000     -733217.890771
2268.0000     -733199.348556
2272.0000     -732423.058135
2276.0000     -733641.067329
2280.0000     -733673.178504
2284.0000     -733829.439648
2288.0000     -733815.397542
2292.0000     -733282.949866
2296.0000     -733641.555253
2300.0000     -733874.914230
2304.0000     -734892.265506
2308.0000     -733333.264997
2312.0000     -734280.741596
2316.0000     -734140.773049
2320.0000     -733905.381262
2324.0000     -733697.493519
2328.0000     -733866.361913
2332.0000     -733551.999974
2336.0000     -733514.580889
2340.0000     -734157.376671
2344.0000     -733559.995496
2348.0000     -734376.563255
2352.0000     -733732.339336
2356.0000     -733554.091510
2360.0000     -733992.018482
2364.0000     -734279.410876
2368.0000     -732874.835766
2372.0000     -734394.455683
2376.0000     -733322.154610
2380.0000     -733373.056914
2384.0000     -733975.206465
2388.0000     -734395.734631
2392.0000     -734409.702123
2396.0000     -734210.861516
2400.0000     -734000.578170
2404.0000     -733660.918645
2408.0000     -733779.121704
2412.0000     -733981.658478
2416.0000     -734485.277293
2420.0000     -733547.536105
2424.0000     -732997.200501
2428.0000     -734507.377593
2432.0000     -733439.236827
2436.0000     -733659.794726
2440.0000     -734017.430698
2444.0000     -734088.344018
2448.0000     -734590.255823
2452.0000     -733804.169358
2456.0000     -734536.267275
2460.0000     -733901.608507
2464.0000     -734172.667246
2468.0000     -734447.869434
2472.0000     -734578.913382
2476.0000     -733846.550406
2480.0000     -733951.901502
2484.0000     -734146.960959
2488.0000     -733619.518289
2492.0000     -733524.271849
2496.0000     -734486.148920
2500.0000     -733975.752625
2504.0000     -733996.157493
2508.0000     -733847.512663
2512.0000     -734035.459540
2516.0000     -733512.751956
2520.0000     -733902.966151
2524.0000     -734048.229802
2528.0000     -733395.575121
2532.0000     -734679.189296
2536.0000     -733962.570730
2540.0000     -734872.618553
2544.0000     -733841.127307
2548.0000     -734477.529300
2552.0000     -734304.952784
2556.0000     -734637.865626
2560.0000     -733419.030475
2564.0000     -734160.196984
2568.0000     -734286.989569
2572.0000     -733220.059556
2576.0000     -733789.075262
2580.0000     -733313.107791
2584.0000     -733113.558012
2588.0000     -733783.777135
2592.0000     -733242.131250
2596.0000     -733815.381014
2600.0000     -733317.093594
2604.0000     -734619.332713
2608.0000     -733205.597899
2612.0000     -733547.757491
2616.0000     -733684.702718
2620.0000     -734072.485162
2624.0000     -732671.596140
2628.0000     -734113.755514
2632.0000     -733195.264305
2636.0000     -733915.360714
2640.0000     -734131.514606
2644.0000     -732953.681387
2648.0000     -733044.355445
2652.0000     -733731.112479
2656.0000     -733971.077461
2660.0000     -734447.654844
2664.0000     -732633.267510
2668.0000     -733833.332235
2672.0000     -733144.278634
2676.0000     -732969.345880
2680.0000     -733772.911378
2684.0000     -733855.844554
2688.0000     -733329.055939
2692.0000     -733322.540454
2696.0000     -733610.183508
2700.0000     -733087.581064
2704.0000     -733693.152810
2708.0000     -734037.826658
2712.0000     -733922.008250
2716.0000     -733602.320650
2720.0000     -733604.704182
2724.0000     -733407.628200
2728.0000     -733258.718711
2732.0000     -733245.926314
2736.0000     -733524.222122
2740.0000     -733323.061106
2744.0000     -733529.251819
2748.0000     -733219.007455
2752.0000     -733514.205373
2756.0000     -733441.586708
2760.0000     -732776.171663
2764.0000     -733377.571472
2768.0000     -734201.549567
2772.0000     -733438.370049
2776.0000     -733580.709977
2780.0000     -734089.305707
2784.0000     -733965.083325
2788.0000     -734322.044565
2792.0000     -734283.205157
2796.0000     -733429.216508
2800.0000     -733409.690789
2804.0000     -733391.387527
2808.0000     -733426.897843
2812.0000     -734260.086737
2816.0000     -733854.442639
2820.0000     -733132.296056
2824.0000     -733912.242446
2828.0000     -733872.818650
2832.0000     -733135.698463
2836.0000     -733921.121863
2840.0000     -734004.644348
2844.0000     -734139.315858
2848.0000     -733335.516381
2852.0000     -733746.304147
2856.0000     -733523.057263
2860.0000     -733703.639092
2864.0000     -733595.128252
2868.0000     -734316.830466
2872.0000     -734583.264163
2876.0000     -733368.055565
2880.0000     -733363.571389
2884.0000     -732879.588923
2888.0000     -733781.526536
2892.0000     -733572.803694
2896.0000     -733737.219934
2900.0000     -733183.021004
2904.0000     -733875.859571
2908.0000     -733439.186279
2912.0000     -734116.559111
2916.0000     -732984.639636
2920.0000     -733803.501009
2924.0000     -734072.591663
2928.0000     -733518.006056
2932.0000     -734396.332948
2936.0000     -733792.367520
2940.0000     -734100.627392
2944.0000     -734481.156082
2948.0000     -734185.850247
2952.0000     -733205.640247
2956.0000     -734069.195213
2960.0000     -734855.168800
2964.0000     -734777.751428
2968.0000     -734267.888146
2972.0000     -734568.029850
2976.0000     -734266.897756
2980.0000     -733210.178526
2984.0000     -733339.427256
2988.0000     -733284.400050
2992.0000     -733696.587449
2996.0000     -733566.063045
3000.0000     -733889.353918
3004.0000     -734570.131301
3008.0000     -733662.502974
3012.0000     -732843.802986
3016.0000     -733791.732407
3020.0000     -733606.440182
3024.0000     -734675.693010
3028.0000     -734028.617495
3032.0000     -734045.486558
3036.0000     -734353.393980
3040.0000     -734408.260549
3044.0000     -733098.333115
3048.0000     -733347.959807
3052.0000     -733821.850670
3056.0000     -734031.993905
3060.0000     -734033.416714
3064.0000     -733195.805493
3068.0000     -734274.700618
3072.0000     -733506.454675
3076.0000     -734278.145211
3080.0000     -734172.006937
3084.0000     -734325.865413
3088.0000     -734375.904572
3092.0000     -734253.588858
3096.0000     -734127.387604
3100.0000     -733796.075114
3104.0000     -734499.575749
3108.0000     -734232.604093
3112.0000     -734489.345512
3116.0000     -732878.331635
3120.0000     -733916.186960
3124.0000     -733497.415885
3128.0000     -733232.772922
3132.0000     -733341.948059
3136.0000     -733669.088380
3140.0000     -733612.815514
3144.0000     -733706.059404
3148.0000     -733511.145951
3152.0000     -733817.240426
3156.0000     -734026.421184
3160.0000     -734953.925797
3164.0000     -733607.812823
3168.0000     -733635.912971
3172.0000     -734384.002086
3176.0000     -734172.295135
3180.0000     -732835.772829
3184.0000     -733876.195648
3188.0000     -734375.627967
3192.0000     -733812.528076
3196.0000     -733037.555760
3200.0000     -734651.074487
3204.0000     -733682.479894
3208.0000     -733383.049977
3212.0000     -733883.080469
3216.0000     -733535.635210
3220.0000     -733111.564065
3224.0000     -733218.567936
3228.0000     -734233.030123
3232.0000     -733833.373112
3236.0000     -733874.376233
3240.0000     -733935.228728
3244.0000     -734156.351907
3248.0000     -734091.744455
3252.0000     -733945.988714
3256.0000     -733717.419518
3260.0000     -734121.163878
3264.0000     -733341.330935
3268.0000     -733031.837034
3272.0000     -734106.830086
3276.0000     -733470.915081
3280.0000     -734239.608443
3284.0000     -733279.808272
3288.0000     -733886.398715
3292.0000     -733853.780385
3296.0000     -734390.907780
3300.0000     -733973.323068
3304.0000     -733945.082407
3308.0000     -735110.707013
3312.0000     -733715.500559
3316.0000     -733816.263003
3320.0000     -733166.773454
3324.0000     -734123.015059
3328.0000     -733877.155316
3332.0000     -732706.026606
3336.0000     -734018.241099
3340.0000     -733369.725016
3344.0000     -734039.206522
3348.0000     -733375.937339
3352.0000     -734515.636111
3356.0000     -733701.078857
3360.0000     -734505.481843
3364.0000     -733953.745192
3368.0000     -733848.285929
3372.0000     -734141.336029
3376.0000     -733150.618704
3380.0000     -732179.457431
3384.0000     -733387.428821
3388.0000     -733677.312660
3392.0000     -734432.039075
3396.0000     -734506.995226
3400.0000     -734089.064651
3404.0000     -733129.263627
3408.0000     -733794.562859
3412.0000     -733990.936368
3416.0000     -734249.932590
3420.0000     -734044.423047
3424.0000     -734026.000061
3428.0000     -734360.011011
3432.0000     -734174.925034
3436.0000     -733757.837929
3440.0000     -734491.332279
3444.0000     -733815.295450
3448.0000     -734064.802752
3452.0000     -733766.906708
3456.0000     -733431.774142
3460.0000     -734121.959320
3464.0000     -733908.729558
3468.0000     -734767.960192
3472.0000     -734027.329330
3476.0000     -734224.445948
3480.0000     -733765.209084
3484.0000     -734148.372607
3488.0000     -733735.742760
3492.0000     -734129.087730
3496.0000     -733497.591837
3500.0000     -733579.375766
3504.0000     -734293.976098
3508.0000     -734587.605421
3512.0000     -733332.880375
3516.0000     -733669.547756
3520.0000     -733125.574773
3524.0000     -733167.761353
3528.0000     -733869.726348
3532.0000     -733215.933085
3536.0000     -734618.568452
3540.0000     -734644.171633
3544.0000     -733365.635853
3548.0000     -733834.126317
3552.0000     -733807.906584
3556.0000     -734356.676643
3560.0000     -733982.896524
3564.0000     -734482.292918
3568.0000     -734152.314047
3572.0000     -733255.523216
3576.0000     -733068.740094
3580.0000     -733607.381710
3584.0000     -733732.733116
3588.0000     -733521.718645
3592.0000     -733904.311047
3596.0000     -733488.558744
3600.0000     -734487.991599
3604.0000     -733810.220311
3608.0000     -734075.996729
3612.0000     -734001.332736
3616.0000     -734732.831372
3620.0000     -734839.110450
3624.0000     -734125.817892
3628.0000     -734402.046990
3632.0000     -734400.428288
3636.0000     -734364.103121
3640.0000     -733971.725569
3644.0000     -733902.566910
3648.0000     -733554.382630
3652.0000     -733357.649031
3656.0000     -733835.394158
3660.0000     -733680.511043
3664.0000     -733639.132768
3668.0000     -733988.231953
3672.0000     -733985.167510
3676.0000     -734392.642768
3680.0000     -734101.077462
3684.0000     -733031.544255
3688.0000     -733889.325618
3692.0000     -733768.345054
3696.0000     -733765.056946
3700.0000     -733424.430416
3704.0000     -733131.216702
3708.0000     -734468.926144
3712.0000     -734031.537262
3716.0000     -734840.754272
3720.0000     -733959.774230
3724.0000     -734741.938136
3728.0000     -733627.444417
3732.0000     -733693.475910
3736.0000     -733339.194479
3740.0000     -733890.500855
3744.0000     -733431.716718
3748.0000     -733641.766028
3752.0000     -733748.029940
3756.0000     -733054.843047
3760.0000     -733518.372544
3764.0000     -733218.486256
3768.0000     -733100.005906
3772.0000     -733228.372078
3776.0000     -733326.654737
3780.0000     -733606.890947
3784.0000     -733699.652310
3788.0000     -734240.091147
3792.0000     -733710.269534
3796.0000     -733182.479569
3800.0000     -734036.190258
3804.0000     -733822.131131
3808.0000     -733295.314594
3812.0000     -732491.557212
3816.0000     -734127.508188
3820.0000     -733007.249898
3824.0000     -732788.684974
3828.0000     -733235.845930
3832.0000     -733438.869216
3836.0000     -733716.475225
3840.0000     -733167.474054
3844.0000     -734394.236593
3848.0000     -734240.195919
3852.0000     -732838.812442
3856.0000     -732813.866373
3860.0000     -732633.346995
3864.0000     -733853.865216
3868.0000     -734253.936230
3872.0000     -733485.934887
3876.0000     -733173.436516
3880.0000     -733561.765400
3884.0000     -733657.699675
3888.0000     -732917.056962
3892.0000     -733384.531381
3896.0000     -733615.911966
3900.0000     -733375.431129
3904.0000     -734064.220610
3908.0000     -733484.935045
3912.0000     -734592.960669
3916.0000     -733845.729209
3920.0000     -734106.270162
3924.0000     -733807.495947
3928.0000     -734221.833458
3932.0000     -734293.092028
3936.0000     -733081.234771
3940.0000     -733071.597089
3944.0000     -734457.119427
3948.0000     -734700.667577
3952.0000     -734792.792010
3956.0000     -734220.568383
3960.0000     -734073.596606
3964.0000     -734401.942506
3968.0000     -733673.482631
3972.0000     -734442.427002
3976.0000     -734961.125976
3980.0000     -733782.072823
3984.0000     -733963.573524
3988.0000     -734899.044473
3992.0000     -732883.516988
3996.0000     -734468.010332
4000.0000     -733179.391815
4004.0000     -733179.391815
