4.0000     -732839.328485
8.0000     -733113.244727
12.0000     -733420.195919
16.0000     -733464.939867
20.0000     -732939.874172
24.0000     -733441.581525
28.0000     -732588.633107
32.0000     -732457.624799
36.0000     -733005.727388
40.0000     -732926.795648
44.0000     -732872.346846
48.0000     -733124.521570
52.0000     -733062.486747
56.0000     -732899.246017
60.0000     -732283.389701
64.0000     -732978.877206
68.0000     -732649.370511
72.0000     -733292.173428
76.0000     -732734.248878
80.0000     -732555.923613
84.0000     -732874.739879
88.0000     -733774.049239
92.0000     -733364.578158
96.0000     -733596.366631
100.0000     -733326.182859
104.0000     -733095.560728
108.0000     -733960.681296
112.0000     -732683.274168
116.0000     -734036.855842
120.0000     -732722.866906
124.0000     -733016.441734
128.0000     -733062.909091
132.0000     -733495.600576
136.0000     -733944.993937
140.0000     -733485.921367
144.0000     -732936.915500
148.0000     -733367.011391
152.0000     -733096.150460
156.0000     -733036.639864
160.0000     -733493.933471
164.0000     -733352.108758
168.0000     -733244.784320
172.0000     -733544.333282
176.0000     -733841.006840
180.0000     -733385.621858
184.0000     -733283.038345
188.0000     -733797.730504
192.0000     -733437.325351
196.0000     -733463.704259
200.0000     -733648.623988
204.0000     -733217.466478
208.0000     -733146.153637
212.0000     -733444.093726
216.0000     -733074.442126
220.0000     -733495.881958
224.0000     -732861.549219
228.0000     -733225.632759
232.0000     -733107.386390
236.0000     -733270.412906
240.0000     -732992.955461
244.0000     -733258.606739
248.0000     -733294.862689
252.0000     -733116.195148
256.0000     -733099.429612
260.0000     -732672.996901
264.0000     -733127.287387
268.0000     -732846.227865
272.0000     -733208.849576
276.0000     -733696.277193
280.0000     -732655.201071
284.0000     -733994.645116
288.0000     -732764.469327
292.0000     -733100.489979
296.0000     -733179.283184
300.0000     -733182.493028
304.0000     -733101.510270
308.0000     -733967.325831
312.0000     -733822.001135
316.0000     -732912.331943
320.0000     -732481.505183
324.0000     -732678.638128
328.0000     -733095.483142
332.0000     -733431.358751
336.0000     -732867.082969
340.0000     -732565.065971
344.0000     -733152.511665
348.0000     -733354.931644
352.0000     -732911.497140
356.0000     -733839.406917
360.0000     -733529.360390
364.0000     -732869.764228
368.0000     -732913.870331
372.0000     -733548.390905
376.0000     -733495.150320
380.0000     -733395.008417
384.0000     -733450.459063
388.0000     -733518.274583
392.0000     -732588.036083
396.0000     -732501.536476
400.0000     -733776.604163
404.0000     -733462.601988
408.0000     -732958.110476
412.0000     -733034.756132
416.0000     -730387.296683
420.0000     -733692.410653
424.0000     -733709.114374
428.0000     -733358.356996
432.0000     -733394.411320
436.0000     -733246.087131
440.0000     -732997.207628
444.0000     -733116.898634
448.0000     -733455.767124
452.0000     -732959.812363
456.0000     -733125.313891
460.0000     -732805.227871
464.0000     -733550.606910
468.0000     -733224.734928
472.0000     -733124.689724
476.0000     -732936.531216
480.0000     -733055.200948
484.0000     -732721.292036
488.0000     -732716.291194
492.0000     -732708.691346
496.0000     -732603.568892
500.0000     -732341.815570
504.0000     -732463.564816
508.0000     -733688.784617
512.0000     -732516.118798
516.0000     -732827.954331
520.0000     -732442.263259
524.0000     -732124.601357
528.0000     -733233.906755
532.0000     -733931.628756
536.0000     -733087.348666
540.0000     -733582.774428
544.0000     -733739.828782
548.0000     -733308.289488
552.0000     -733302.194461
556.0000     -732781.767508
560.0000     -731669.362543
564.0000     -733958.677548
568.0000     -733188.541556
572.0000     -733107.290109
576.0000     -733634.503387
580.0000     -733235.996444
584.0000     -732927.971827
588.0000     -732953.022919
592.0000     -732109.021323
596.0000     -733667.977006
600.0000     -733592.194031
604.0000     -733773.968899
608.0000     -732187.976885
612.0000     -733813.001308
616.0000     -733354.079560
620.0000     -733675.105792
624.0000     -733366.540204
628.0000     -733537.435793
632.0000     -733424.651699
636.0000     -733590.594138
640.0000     -733284.862503
644.0000     -732897.498795
648.0000     -733509.671801
652.0000     -731709.704370
656.0000     -733919.920237
660.0000     -734217.642586
664.0000     -734098.183719
668.0000     -733365.149956
672.0000     -733102.411289
676.0000     -733336.416919
680.0000     -732193.336428
684.0000     -733600.478190
688.0000     -733544.959700
692.0000     -732880.548578
696.0000     -732795.460840
700.0000     -733317.411983
704.0000     -733158.417971
708.0000     -733317.834238
712.0000     -733173.390763
716.0000     -734178.396535
720.0000     -733284.750139
724.0000     -733783.124672
728.0000     -733535.573259
732.0000     -733615.515542
736.0000     -734176.383253
740.0000     -732183.643996
744.0000     -733085.936102
748.0000     -733264.363994
752.0000     -733750.780882
756.0000     -733300.924281
760.0000     -733399.816301
764.0000     -732752.056970
768.0000     -733814.399967
772.0000     -733051.944334
776.0000     -732777.231577
780.0000     -733160.193731
784.0000     -732883.107595
788.0000     -732860.133105
792.0000     -733575.630933
796.0000     -732795.735701
800.0000     -732970.642837
804.0000     -732967.749122
808.0000     -733088.328313
812.0000     -732363.592775
816.0000     -733555.223525
820.0000     -732507.805294
824.0000     -733175.550059
828.0000     -732941.989674
832.0000     -733170.730145
836.0000     -733040.199922
840.0000     -733064.642350
844.0000     -734088.853732
848.0000     -733199.433907
852.0000     -733239.050072
856.0000     -733000.642199
860.0000     -733792.992735
864.0000     -733980.303725
868.0000     -733810.483054
872.0000     -733766.235277
876.0000     -733813.380446
880.0000     -733817.555527
884.0000     -733913.175173
888.0000     -733921.555078
892.0000     -732971.377657
896.0000     -733588.358864
900.0000     -733060.256693
904.0000     -733442.293470
908.0000     -733247.367324
912.0000     -733777.593864
916.0000     -733452.368940
920.0000     -733401.393099
924.0000     -733730.262533
928.0000     -733075.903812
932.0000     -734653.764252
936.0000     -733447.870292
940.0000     -733814.139154
944.0000     -734335.950957
948.0000     -732817.499631
952.0000     -733988.658503
956.0000     -734167.180183
960.0000     -728883.050421
964.0000    52483712.331145
968.0000     -734560.215256
972.0000     -733629.440487
976.0000     -734136.415369
980.0000     -733977.813626
984.0000     -733999.735798
988.0000     -731723.461701
992.0000     -733866.197591
996.0000     -734014.601975
1000.0000     -733964.941244
1004.0000     -734218.786641
1008.0000     -707166.329415
1012.0000     -733778.582568
1016.0000     -733575.951982
1020.0000     -733196.011524
1024.0000     -733962.885102
1028.0000     -733377.683910
1032.0000     -733189.073036
1036.0000     -733426.013040
1040.0000     -733363.646071
1044.0000     -693482.304052
1048.0000     -733125.049121
1052.0000     -733365.125480
1056.0000     -733679.157763
1060.0000     -733455.198687
1064.0000     -734061.296936
1068.0000     -732619.561378
1072.0000     -733166.627411
1076.0000     -734295.458421
1080.0000     -734194.823414
1084.0000     -718926.586398
1088.0000     -732622.462694
1092.0000     -733462.398246
1096.0000     -734130.037012
1100.0000     -733962.912772
1104.0000     -732881.545777
1108.0000     -733905.939631
1112.0000     -733461.447949
1116.0000     -733333.480223
1120.0000     -732916.969899
1124.0000     -733529.543841
1128.0000     -732936.531051
1132.0000     -734225.203082
1136.0000     -733685.519863
1140.0000     -733503.609793
1144.0000     -733425.248255
1148.0000     -733448.613880
1152.0000     -733904.666366
1156.0000     -733159.650893
1160.0000     -733775.343826
1164.0000     -733391.070509
1168.0000     -733208.496211
1172.0000     -732974.198317
1176.0000     -733272.564658
1180.0000     -733741.587809
1184.0000     -732531.660725
1188.0000     -733186.511577
1192.0000     -732292.906993
1196.0000     -732834.723867
1200.0000     -733321.745257
1204.0000     -733336.922194
1208.0000     -733236.441158
1212.0000     -732703.737065
1216.0000     -734136.924006
1220.0000     -733117.213056
1224.0000     -733890.451649
1228.0000     -734154.482145
1232.0000     -733015.523350
1236.0000     -733420.666452
1240.0000     -733219.741302
1244.0000     -732875.869698
1248.0000     -732834.241366
1252.0000     -733698.332275
1256.0000     -733483.712302
1260.0000     -734009.724979
1264.0000     -733423.575037
1268.0000     -733809.343606
1272.0000     -733713.621210
1276.0000     -734137.295190
1280.0000     -733907.852265
1284.0000     -733515.293251
1288.0000     -734022.525114
1292.0000     -734139.187402
1296.0000     -733636.521549
1300.0000     -733570.118276
1304.0000     -734460.770751
1308.0000     -726164.681623
1312.0000     -733772.929251
1316.0000     -733832.432924
1320.0000     -733438.237866
1324.0000     -733430.778681
1328.0000     -733733.837896
1332.0000     -732990.124972
1336.0000     -732997.241415
1340.0000     -733201.667041
1344.0000     -699075.621340
1348.0000     -734561.599114
1352.0000     -733625.115961
1356.0000     -733532.859022
1360.0000     -733406.500032
1364.0000     -733704.840321
1368.0000     -733666.108027
1372.0000     -733211.267028
1376.0000     -733635.913834
1380.0000     -733716.029783
1384.0000     -733390.926380
1388.0000     -733095.760521
1392.0000     -732993.903665
1396.0000     -733606.221646
1400.0000     -733518.412660
1404.0000     -733021.413900
1408.0000     -733875.416707
1412.0000     -733060.208162
1416.0000     -734288.309527
1420.0000     -732941.719202
1424.0000     -733811.667613
1428.0000     -733533.071675
1432.0000     -733693.416464
1436.0000     -732993.677962
1440.0000     -733103.137741
1444.0000     -733456.065770
1448.0000     -733689.885778
1452.0000     -733521.449874
1456.0000     -733203.230459
1460.0000     -733138.710306
1464.0000     -733356.264699
1468.0000     -733588.602041
1472.0000     -734178.088301
1476.0000     -733564.459211
1480.0000     -733610.922405
1484.0000     -733450.220128
1488.0000     -733324.892217
1492.0000     -734406.864656
1496.0000     -733823.770696
1500.0000     -734467.213563
1504.0000     -733296.533512
1508.0000     -733689.486572
1512.0000     -733863.084126
1516.0000     -733473.527704
1520.0000     -733290.928335
1524.0000     -733889.676090
1528.0000     -732553.996970
1532.0000     -733545.988216
1536.0000     -733283.925112
1540.0000     -733410.818455
1544.0000     -733429.991295
1548.0000     -732303.747919
1552.0000     -733654.027381
1556.0000     -733346.387304
1560.0000     -733806.759775
1564.0000     -733900.565000
1568.0000     -733539.252728
1572.0000     -733936.570955
1576.0000     -733741.977005
1580.0000     -733990.038921
1584.0000     -733925.763053
1588.0000     -734098.039371
1592.0000     -734273.660457
1596.0000     -733278.027299
1600.0000     -734220.908547
1604.0000     -733268.897271
1608.0000     -733347.351884
1612.0000     -733935.145056
1616.0000     -733314.144384
1620.0000     -722282.123634
1624.0000     -692965.900942
1628.0000     -734367.526350
1632.0000     -733628.654810
1636.0000       10000.000000
1640.0000     -733383.746889
1644.0000     -733409.262972
1648.0000     -733814.944742
1652.0000     -732547.600171
1656.0000     -733534.487190
1660.0000     -733191.587463
1664.0000     -726851.488501
1668.0000     -732002.156382
1672.0000     -733195.825443
1676.0000     -733206.940104
1680.0000     -734218.318902
1684.0000     -733548.562457
1688.0000     -733270.569194
1692.0000     -732852.558770
1696.0000     -733689.634429
1700.0000     -733778.911563
1704.0000     -733940.279625
1708.0000     -733277.889622
1712.0000     -733973.433287
1716.0000     -732790.061883
1720.0000     -733378.091016
1724.0000     -732233.013317
1728.0000     -731633.625992
1732.0000     -733035.563192
1736.0000     -734026.979740
1740.0000     -733265.081816
1744.0000     -698559.038914
1748.0000     -732731.800672
1752.0000     -732579.417088
1756.0000     -733127.221938
1760.0000     -733440.654802
1764.0000     -733677.579677
1768.0000     -733468.527446
1772.0000     -734107.376112
1776.0000     -734338.056343
1780.0000     -733398.681936
1784.0000     -734182.719247
1788.0000     -733726.382768
1792.0000     -734853.501689
1796.0000     -733932.490809
1800.0000     -735238.097423
1804.0000     -734392.859137
1808.0000     -734566.212808
1812.0000     -733795.267469
1816.0000     -734431.610075
1820.0000     -733163.611790
1824.0000     -733699.995512
1828.0000     -734051.484720
1832.0000     -734132.707569
1836.0000     -733716.226893
1840.0000     -733769.676358
1844.0000     -733630.482063
1848.0000     -734550.759748
1852.0000     -734495.207361
1856.0000     -733721.375124
1860.0000     -733762.405938
1864.0000     -734470.647498
1868.0000     -723836.374388
1872.0000     -728098.995860
1876.0000     -733908.057226
1880.0000     -733947.145199
1884.0000     -733232.571973
1888.0000     -733635.623699
1892.0000     -733820.411705
1896.0000     -734171.378589
1900.0000     -732637.342076
1904.0000     -733884.715535
1908.0000     -734045.439964
1912.0000     -732652.534868
1916.0000     -733616.228920
1920.0000     -735124.895388
1924.0000     -733960.229006
1928.0000     -733857.377590
1932.0000     -734812.915127
1936.0000     -734456.173741
1940.0000     -733727.313865
1944.0000     -733644.464759
1948.0000     -734230.872928
1952.0000     -733448.730634
1956.0000     -734305.358796
1960.0000     -732962.185940
1964.0000     -733579.322782
1968.0000     -734513.375551
1972.0000     -733010.835863
1976.0000     -733330.032129
1980.0000     -733015.247299
1984.0000     -733583.736020
1988.0000     -733212.989571
1992.0000     -733452.912303
1996.0000     -733024.059985
2000.0000     -733772.750411
2004.0000     -733018.399141
2008.0000     -732683.866367
2012.0000     -733043.056312
2016.0000     -732196.674326
2020.0000     -733961.925341
2024.0000     -732569.283981
2028.0000     -733268.700964
2032.0000     -733610.077972
2036.0000     -733575.778041
2040.0000     -732179.759548
2044.0000     -734201.972671
2048.0000     -733663.146093
2052.0000     -734537.370255
2056.0000     -733910.342354
2060.0000     -732802.544262
2064.0000     -733860.956847
2068.0000     -733313.594234
2072.0000     -732893.745446
2076.0000     -733382.354797
2080.0000     -733321.616957
2084.0000     -731526.026722
2088.0000     -732300.264214
2092.0000     -733085.979666
2096.0000     -732855.743835
2100.0000     -733315.134134
2104.0000     -733372.284054
2108.0000     -734348.263357
2112.0000     -732896.455931
2116.0000     -733041.160716
2120.0000     -733136.750824
2124.0000     -733912.761519
2128.0000     -733430.590147
2132.0000     -733442.079175
2136.0000     -733999.096529
2140.0000     -733361.779348
2144.0000     -733917.736378
2148.0000     -733817.645688
2152.0000     -733823.955920
2156.0000     -733590.496553
2160.0000     -733684.454463
2164.0000     -734506.560960
2168.0000     -734259.887868
2172.0000     -733429.992967
2176.0000     -734056.733736
2180.0000     -710968.667819
2184.0000     -732961.739169
2188.0000     -732902.568786
2192.0000     -733626.819547
2196.0000     -733677.600142
2200.0000     -732934.050743
2204.0000     -733619.952527
2208.0000     -732592.221619
2212.0000     -733914.043378
2216.0000     -733201.095767
2220.0000     -733537.589362
2224.0000     -733695.364896
2228.0000     -733196.296719
2232.0000     -733788.002883
2236.0000     -734408.518142
2240.0000     -733869.731739
2244.0000     -734102.735371
2248.0000     -733286.741865
2252.0000     -733080.655389
2256.0000     -734558.242568
2260.0000     -734082.294107
2264.0000     -733593.847660
2268.0000     -734603.998440
2272.0000     -733743.515814
2276.0000     -734041.841813
2280.0000     -733859.073589
2284.0000     -734094.798477
2288.0000     -733069.887478
2292.0000     -733422.061979
2296.0000     -733371.425921
2300.0000     -733555.633048
2304.0000     -734066.940977
2308.0000     -733800.964002
2312.0000     -734153.729754
2316.0000     -734198.434546
2320.0000     -733798.709705
2324.0000     -733744.866723
2328.0000     -734182.705635
2332.0000     -734292.012820
2336.0000     -734015.092666
2340.0000     -733764.908258
2344.0000     -733255.678833
2348.0000     -733148.645529
2352.0000     -733329.179762
2356.0000     -734007.555285
2360.0000     -733731.064012
2364.0000     -733041.048731
2368.0000     -733520.398974
2372.0000     -733659.205290
2376.0000     -733716.353016
2380.0000     -734034.812266
2384.0000     -733381.853555
2388.0000     -733813.331637
2392.0000     -734069.315853
2396.0000     -733108.016053
2400.0000     -734636.671933
2404.0000     -733671.008574
2408.0000     -733982.759037
2412.0000     -734468.239281
2416.0000     -733131.055396
2420.0000     -734047.949437
2424.0000     -733424.576357
2428.0000     -733822.467116
2432.0000     -726480.279878
2436.0000     -733377.447226
2440.0000     -733475.096476
2444.0000    20508560.012645
2448.0000       10000.000000
2452.0000     -734166.274627
2456.0000     -733660.186146
2460.0000     -733849.222822
2464.0000     -733098.719930
2468.0000     -734222.713883
2472.0000     -733830.184601
2476.0000     -733674.184709
2480.0000     -733323.912399
2484.0000     -733181.866442
2488.0000     -733290.381121
2492.0000     -733824.045874
2496.0000     -734450.222826
2500.0000     -733551.263418
2504.0000     -734001.084979
2508.0000     -733400.226774
2512.0000     -734142.273385
2516.0000     -733724.514188
2520.0000     -733145.906080
2524.0000     -733117.635033
2528.0000     -733656.387383
2532.0000     -733413.820040
2536.0000     -734586.416107
2540.0000     -733369.797668
2544.0000     -733630.921078
2548.0000     -733735.820723
2552.0000     -733749.768755
2556.0000     -733297.610928
2560.0000     -734211.491270
2564.0000     -732631.622751
2568.0000     -733939.300267
2572.0000     -733850.159568
2576.0000     -733880.818266
2580.0000     -733624.729215
2584.0000     -734082.449853
2588.0000     -733044.891489
2592.0000     -733761.004517
2596.0000     -732115.739923
2600.0000     -733452.647676
2604.0000     -733933.684793
2608.0000     -733744.611677
2612.0000     -733690.183708
2616.0000     -733909.558181
2620.0000     -734045.154403
2624.0000     -733581.673263
2628.0000     -734493.760700
2632.0000     -733735.235816
2636.0000     -733077.345564
2640.0000     -733709.896270
2644.0000     -733207.020477
2648.0000     -733475.024586
2652.0000     -732327.636367
2656.0000     -733047.519325
2660.0000     -733040.740008
2664.0000     -733257.278283
2668.0000     -734068.678285
2672.0000     -733882.108578
2676.0000     -733982.108860
2680.0000     -733855.129741
2684.0000     -733473.190306
2688.0000     -733144.904593
2692.0000     -733460.458930
2696.0000     -734237.732352
2700.0000     -730267.291828
2704.0000     -733933.124325
2708.0000     -733238.969660
2712.0000     -732969.186783
2716.0000     -733416.442366
2720.0000     -733148.915847
2724.0000     -733781.559911
2728.0000     -734031.849241
2732.0000     -733641.071780
2736.0000     -732006.314453
2740.0000     -733954.136185
2744.0000     -732663.037777
2748.0000     -733165.046569
2752.0000     -733031.312818
2756.0000     -732859.015487
2760.0000     -733096.211536
2764.0000     -733436.999861
2768.0000     -733594.427770
2772.0000     -733328.943369
2776.0000     -732992.565634
2780.0000     -733658.395472
2784.0000     -734175.541669
2788.0000     -733422.693997
2792.0000     -733842.719698
2796.0000     -733080.034534
2800.0000     -733075.021835
2804.0000     -734089.363296
2808.0000     -734422.199180
2812.0000     -733586.503462
2816.0000     -733980.713582
2820.0000     -734040.972389
2824.0000     -734638.802247
2828.0000     -734121.055458
2832.0000     -733938.938570
2836.0000     -733235.365630
2840.0000     -733650.675675
2844.0000     -733781.658216
2848.0000     -733616.464033
2852.0000     -733971.705142
2856.0000     -733898.791865
2860.0000     -734197.081456
2864.0000     -733287.170968
2868.0000     -733792.215432
2872.0000     -733812.260837
2876.0000     -733048.549032
2880.0000     -733515.117565
2884.0000     -732035.547570
2888.0000     -733896.381807
2892.0000     -733168.919364
2896.0000     -733576.079310
2900.0000     -733569.397387
2904.0000     -733544.488255
2908.0000     -733373.782842
2912.0000     -733897.674697
2916.0000     -733201.616028
2920.0000     -734209.053549
2924.0000     -732724.726679
2928.0000     -733982.318601
2932.0000     -733804.832678
2936.0000     -733615.188991
2940.0000     -733653.998424
2944.0000     -733267.851404
2948.0000     -733272.528176
2952.0000     -733687.950291
2956.0000     -734029.127992
2960.0000     -733583.172051
2964.0000     -732997.313993
2968.0000     -733480.149546
2972.0000     -735053.550636
2976.0000     -733819.852066
2980.0000     -734368.120874
2984.0000     -733948.052357
2988.0000     -733943.946392
2992.0000     -733750.803377
2996.0000     -733279.663270
3000.0000     -733268.333895
3004.0000     -733761.257398
3008.0000     -733610.414851
3012.0000     -733879.408340
3016.0000     -734090.684319
3020.0000     -733935.421519
3024.0000     -733742.680874
3028.0000     -732931.096599
3032.0000     -733863.046066
3036.0000     -734141.597590
3040.0000     -734354.643493
3044.0000     -733494.628570
3048.0000     -732884.038598
3052.0000     -733661.501457
3056.0000     -733911.813408
3060.0000     -733742.866511
3064.0000     -734279.004819
3068.0000     -730979.163816
3072.0000     -734353.640850
3076.0000     -733665.892376
3080.0000     -734297.494007
3084.0000     -733771.075913
3088.0000     -733648.186922
3092.0000     -733834.776778
3096.0000     -730648.335773
3100.0000     -733669.864147
3104.0000     -734774.010916
3108.0000     -733754.539572
3112.0000     -733626.825292
3116.0000     -734163.837142
3120.0000     -734419.824261
3124.0000     -734608.183117
3128.0000     -733443.368187
3132.0000     -734557.920900
3136.0000     -733548.443401
3140.0000     -733146.505290
3144.0000     -734047.945244
3148.0000     -734464.569234
3152.0000     -733751.497860
3156.0000     -733877.095453
3160.0000     -733812.938489
3164.0000     -735193.445225
3168.0000     -734590.612955
3172.0000     -732962.063319
3176.0000     -732221.706074
3180.0000     -733531.815651
3184.0000     -733700.765202
3188.0000     -733672.055741
3192.0000     -734072.675173
3196.0000     -734480.586649
3200.0000     -733828.752580
3204.0000     -733748.622343
3208.0000     -734316.679699
3212.0000     -734240.920348
3216.0000     -734184.783163
3220.0000     -733489.189769
3224.0000     -733727.731034
3228.0000     -733588.092549
3232.0000     -734092.911927
3236.0000     -733193.426231
3240.0000     -732925.184887
3244.0000     -733696.755417
3248.0000     -732958.885286
3252.0000     -733532.038418
3256.0000     -733666.736203
3260.0000     -733038.179889
3264.0000     -733207.185544
3268.0000     -733789.904046
3272.0000     -733840.411821
3276.0000     -506858.257591
3280.0000     -734949.373506
3284.0000     -733780.071622
3288.0000     -733736.612343
3292.0000     -733809.318771
3296.0000     -733415.733180
3300.0000     -733470.361506
3304.0000     -733594.066808
3308.0000     -733369.268368
3312.0000     -733618.651978
3316.0000     -734045.423186
3320.0000     -733388.945529
3324.0000     -733838.591743
3328.0000     -733945.725049
3332.0000     -734136.323638
3336.0000     -733623.143048
3340.0000     -733633.655800
3344.0000     -734687.875743
3348.0000     -734163.267990
3352.0000     -734379.032543
3356.0000     -733573.601692
3360.0000     -733335.604123
3364.0000     -733452.742037
3368.0000     -733599.240991
3372.0000     -733251.990550
3376.0000     -733174.023808
3380.0000     -733432.043836
3384.0000     -733312.643527
3388.0000     -733144.079515
3392.0000     -732066.600395
3396.0000     -733943.081104
3400.0000     -733146.411810
3404.0000     -683199.489669
3408.0000     -733784.713777
3412.0000     -732892.267092
3416.0000     -733820.375659
3420.0000     -733310.420586
3424.0000     -734690.495986
3428.0000     -733499.042574
3432.0000     -733733.145409
3436.0000     -733592.768155
3440.0000     -733157.222425
3444.0000     -733558.276723
3448.0000     -733414.388931
3452.0000     -733782.588585
3456.0000     -731989.031485
3460.0000     -733240.739622
3464.0000     -733842.313293
3468.0000     -734068.367825
3472.0000     -734337.343611
3476.0000     -734424.699483
3480.0000     -734278.297272
3484.0000     -733757.751211
3488.0000     -733628.144908
3492.0000     -733804.803556
3496.0000     -733865.180164
3500.0000     -733664.914245
3504.0000     -734246.981495
3508.0000     -733111.637483
3512.0000     -734256.757686
3516.0000     -733777.500489
3520.0000     -734507.866406
3524.0000     -733482.256317
3528.0000     -733254.715194
3532.0000     -733519.606237
3536.0000     -733842.394318
3540.0000     -733562.939216
3544.0000     -732711.908656
3548.0000     -733735.676147
3552.0000     -733545.834539
3556.0000     -733805.408757
3560.0000     -734037.596366
3564.0000     -734033.474192
3568.0000     -733784.693640
3572.0000     -733730.434551
3576.0000     -732820.628326
3580.0000     -733705.127741
3584.0000     -733284.901500
3588.0000     -733159.795506
3592.0000     -733477.341275
3596.0000     -733095.621172
3600.0000     -733118.255967
3604.0000     -733007.365124
3608.0000     -733247.458878
3612.0000     -733820.875539
3616.0000     -733757.530748
3620.0000     -733386.741375
3624.0000     -733207.468479
3628.0000     -733424.504628
3632.0000     -733400.091462
3636.0000     -732983.174411
3640.0000     -734121.574685
3644.0000     -734083.828442
3648.0000     -734222.206293
3652.0000     -733914.417291
3656.0000     -733325.748017
3660.0000     -733543.527802
3664.0000     -733836.293794
3668.0000     -733515.591283
3672.0000     -733286.528725
3676.0000     -733727.993615
3680.0000     -734072.375841
3684.0000     -733655.141934
3688.0000     -732805.546684
3692.0000     -733586.468721
3696.0000     -734122.787158
3700.0000     -734531.672417
3704.0000     -733846.031069
3708.0000     -734669.051565
3712.0000     -733108.051007
3716.0000     -727947.230217
3720.0000     -733693.117085
3724.0000     -733664.444434
3728.0000     -733323.161466
3732.0000     -733849.984140
3736.0000     -734297.654409
3740.0000     -734047.932223
3744.0000     -733249.383124
3748.0000     -733588.651061
3752.0000     -731801.093893
3756.0000     -734516.782337
3760.0000     -734049.412211
3764.0000     -733495.460544
3768.0000     -732916.261356
3772.0000     -733218.884618
3776.0000     -732943.668065
3780.0000     -733836.756473
3784.0000     -733400.969777
3788.0000     -733474.475169
3792.0000     -733578.746705
3796.0000     -734094.214829
3800.0000     -733363.774315
3804.0000     -732774.835072
3808.0000     -733135.853141
3812.0000     -734342.416991
3816.0000     -733522.279461
3820.0000     -733482.855288
3824.0000     -733202.034847
3828.0000     -733586.198370
3832.0000     -734103.925076
3836.0000     -733413.694477
3840.0000     -733137.628416
3844.0000     -732953.432722
3848.0000     -733691.686755
3852.0000     -734257.566835
3856.0000     -733817.267837
3860.0000     -734357.478674
3864.0000     -733420.525178
3868.0000     -734536.022353
3872.0000     -732533.894274
3876.0000     -733934.823258
3880.0000     -733180.003740
3884.0000     -734128.126709
3888.0000     -734095.379841
3892.0000     -734523.676751
3896.0000     -733188.761939
3900.0000     -733618.765797
3904.0000     -733465.352755
3908.0000     -734575.983723
3912.0000     -733352.041738
3916.0000     -734286.733437
3920.0000     -733052.744481
3924.0000     -733923.988574
3928.0000     -733112.454660
3932.0000     -734054.557746
3936.0000     -733714.794220
3940.0000     -733153.298399
3944.0000     -733500.932231
3948.0000     -733686.347467
3952.0000     -733646.394169
3956.0000     -734003.438563
3960.0000     -734566.711327
3964.0000     -733551.375525
3968.0000     -734135.236325
3972.0000     -733002.339824
3976.0000     -734454.619401
3980.0000     -733869.729628
3984.0000     -495074.400500
3988.0000     -734410.768805
3992.0000     -733537.364588
3996.0000     -733467.644128
4000.0000     -733407.893768
4004.0000     -733407.893768
