4.0000      -30991.507433
8.0000      -31028.917170
12.0000      -30877.025727
16.0000      -30818.834799
20.0000      -30809.307454
24.0000      -30962.036517
28.0000      -30961.753137
32.0000      -31171.406765
36.0000      -30971.425291
40.0000      -30891.094992
44.0000      -31023.576179
48.0000      -30831.640916
52.0000      -30991.168173
56.0000      -31049.966607
60.0000      -30960.270418
64.0000      -30990.658516
68.0000      -31017.696801
72.0000      -31013.499023
76.0000      -31101.643437
80.0000      -30835.539582
84.0000      -31001.840348
88.0000      -30848.174867
92.0000      -30910.646136
96.0000      -30815.867637
100.0000      -30776.182572
104.0000      -30870.887102
108.0000      -30785.886477
112.0000      -31210.116702
116.0000      -30946.819853
120.0000      -30918.625872
124.0000      -31002.581292
128.0000      -31050.123790
132.0000      -30726.067268
136.0000      -31039.952833
140.0000      -30992.660646
144.0000      -30972.688702
148.0000      -30748.693517
152.0000      -30722.790630
156.0000      -30927.695214
160.0000      -30824.359237
164.0000      -30814.268489
168.0000      -30957.503289
172.0000      -31062.756588
176.0000      -31009.890175
180.0000      -31026.754897
184.0000      -30862.428765
188.0000      -30865.164340
192.0000      -30895.639883
196.0000      -30917.086595
200.0000      -30887.589714
204.0000      -30975.884516
208.0000      -30914.560314
212.0000      -30974.713763
216.0000      -31035.647623
220.0000      -30883.102211
224.0000      -30745.551985
228.0000      -30757.106352
232.0000      -30876.139808
236.0000      -30967.748917
240.0000      -30962.017898
244.0000      -30783.236038
248.0000      -30881.641348
252.0000      -30859.184842
256.0000      -30739.372553
260.0000      -30850.925770
264.0000      -30929.729217
268.0000      -30904.019925
272.0000      -30795.844335
276.0000      -30768.845792
280.0000      -30990.809432
284.0000      -30957.338841
288.0000      -30902.269226
292.0000      -30873.885685
296.0000      -30749.533586
300.0000      -30722.366147
304.0000      -30798.129847
308.0000      -30876.137240
312.0000      -31048.782115
316.0000      -30943.887356
320.0000      -30839.410173
324.0000      -30893.464968
328.0000      -30694.339077
332.0000      -30869.932117
336.0000      -30992.902196
340.0000      -30916.651854
344.0000      -30988.336687
348.0000      -30854.666849
352.0000      -30898.954978
356.0000      -30848.677343
360.0000      -30878.048687
364.0000      -31045.289894
368.0000      -30995.918021
372.0000      -31020.805868
376.0000      -30850.962735
380.0000      -31007.590747
384.0000      -30801.127743
388.0000      -30926.172978
392.0000      -31024.574493
396.0000      -30964.719244
400.0000      -30954.246240
404.0000      -30971.572507
408.0000      -30823.084786
412.0000      -30825.821140
416.0000      -30789.259047
420.0000      -30952.141675
424.0000      -30749.221017
428.0000      -30857.542112
432.0000      -31050.522624
436.0000      -30989.052814
440.0000      -30852.465462
444.0000      -31021.594041
448.0000      -30985.952283
452.0000      -31022.238771
456.0000      -30981.257780
460.0000      -30893.851804
464.0000      -30874.677629
468.0000      -30838.215057
472.0000      -30916.318660
476.0000      -30922.437827
480.0000      -30952.329587
484.0000      -31005.015437
488.0000      -31003.571884
492.0000      -30785.849461
496.0000      -30902.637804
500.0000      -31059.692471
504.0000      -30922.588180
508.0000      -30932.707714
512.0000      -30970.583505
516.0000      -30894.367202
520.0000      -30930.033092
524.0000      -31060.404831
528.0000      -30907.134915
532.0000      -30873.675700
536.0000      -30940.034997
540.0000      -30773.052717
544.0000      -30999.217525
548.0000      -30926.688590
552.0000      -31010.934063
556.0000      -30965.993852
560.0000      -30810.305112
564.0000      -30808.640581
568.0000      -30983.343624
572.0000      -30768.127695
576.0000      -30985.976446
580.0000      -30921.054454
584.0000      -30942.601860
588.0000      -30897.915647
592.0000      -31107.813376
596.0000      -30987.326280
600.0000      -30896.919866
604.0000      -30810.648427
608.0000      -30897.449839
612.0000      -30986.275917
616.0000      -30968.253653
620.0000      -31026.554818
624.0000      -30852.761164
628.0000      -30797.457020
632.0000      -30919.697239
636.0000      -30917.355157
640.0000      -31021.050898
644.0000      -30994.507180
648.0000      -31004.474315
652.0000      -31107.564534
656.0000      -30870.971720
660.0000      -30976.647780
664.0000      -30933.033575
668.0000      -30983.023673
672.0000      -30840.365895
676.0000      -30669.561034
680.0000      -30847.389426
684.0000      -31018.875073
688.0000      -30970.718308
692.0000      -30695.779162
696.0000      -30927.396562
700.0000      -31097.720847
704.0000      -30836.648110
708.0000      -30996.513484
712.0000      -31062.947686
716.0000      -30853.735095
720.0000      -30888.750440
724.0000      -30933.302986
728.0000      -31063.295978
732.0000      -30940.652887
736.0000      -30965.470158
740.0000      -30967.591512
744.0000      -30843.426223
748.0000      -30819.938311
752.0000      -30738.464851
756.0000      -30838.590668
760.0000      -30893.356480
764.0000      -31033.743460
768.0000      -31107.714495
772.0000      -30825.497786
776.0000      -30887.805388
780.0000      -30951.753638
784.0000      -30904.400575
788.0000      -30849.895853
792.0000      -30970.091061
796.0000      -30945.036965
800.0000      -31171.394992
804.0000      -30932.832891
808.0000      -30803.078927
812.0000      -31096.253632
816.0000      -30788.691679
820.0000      -30873.292168
824.0000      -30923.979501
828.0000      -30885.504581
832.0000      -30866.481308
836.0000      -30833.852006
840.0000      -30828.356799
844.0000      -30998.003699
848.0000      -31023.772891
852.0000      -31008.592203
856.0000      -30898.660376
860.0000      -30904.549544
864.0000      -31013.166008
868.0000      -30989.714392
872.0000      -30966.387860
876.0000      -30827.793790
880.0000      -30868.653426
884.0000      -30865.783526
888.0000      -30748.174542
892.0000      -30933.626240
896.0000      -30814.506432
900.0000      -30859.318626
904.0000      -30901.053792
908.0000      -30959.825210
912.0000      -31055.612952
916.0000      -30901.254598
920.0000      -31058.568246
924.0000      -30932.997712
928.0000      -30900.016319
932.0000      -31020.367694
936.0000      -30834.759875
940.0000      -30837.417624
944.0000      -30922.468495
948.0000      -30862.940483
952.0000      -31047.957156
956.0000      -30948.613867
960.0000      -30877.197281
964.0000      -31048.159743
968.0000      -30875.670252
972.0000      -30863.372327
976.0000      -31055.029292
980.0000      -30941.600073
984.0000      -30875.464411
988.0000      -30951.981649
992.0000      -31055.702337
996.0000      -30793.472680
1000.0000      -30919.132754
1004.0000      -30682.526710
1008.0000      -30980.557664
1012.0000      -30857.359708
1016.0000      -30930.485402
1020.0000      -30885.266163
1024.0000      -30797.758774
1028.0000      -30714.412323
1032.0000      -30924.402320
1036.0000      -30909.807828
1040.0000      -30897.030865
1044.0000      -30938.727374
1048.0000      -30823.565938
1052.0000      -30853.287134
1056.0000      -30847.965160
1060.0000      -30976.750175
1064.0000      -30897.622048
1068.0000      -30855.025234
1072.0000      -31015.195435
1076.0000      -30854.218732
1080.0000      -30728.706755
1084.0000      -30972.837555
1088.0000      -30847.435894
1092.0000      -31012.475316
1096.0000      -30877.069482
1100.0000      -30918.853547
1104.0000      -30917.634617
1108.0000      -30933.078330
1112.0000      -30738.159063
1116.0000      -31007.051428
1120.0000      -30990.590515
1124.0000      -30797.137393
1128.0000      -30917.317473
1132.0000      -30870.464987
1136.0000      -30890.991045
1140.0000      -30774.316020
1144.0000      -30738.249844
1148.0000      -30968.262725
1152.0000      -30910.845449
1156.0000      -30965.255707
1160.0000      -31027.946876
1164.0000      -30936.919600
1168.0000      -30814.763139
1172.0000      -30912.334868
1176.0000      -31097.178436
1180.0000      -30998.203691
1184.0000      -31042.695948
1188.0000      -30902.531056
1192.0000      -30936.060324
1196.0000      -30863.268016
1200.0000      -30869.393277
1204.0000      -31055.581434
1208.0000      -30976.230221
1212.0000      -30896.170961
1216.0000      -30997.581397
1220.0000      -30797.161099
1224.0000      -30747.849485
1228.0000      -30975.465753
1232.0000      -30760.303313
1236.0000      -30865.086805
1240.0000      -30903.341714
1244.0000      -30766.856792
1248.0000      -30974.360072
1252.0000      -30953.445293
1256.0000      -30917.792225
1260.0000      -30897.587664
1264.0000      -30832.988253
1268.0000      -31016.155983
1272.0000      -30983.093055
1276.0000      -30895.525370
1280.0000      -30746.982984
1284.0000      -30787.695034
1288.0000      -30926.361558
1292.0000      -30910.328115
1296.0000      -30793.740369
1300.0000      -30888.842482
1304.0000      -30900.140061
1308.0000      -30999.963635
1312.0000      -30919.830703
1316.0000      -30869.558420
1320.0000      -31003.684808
1324.0000      -30996.542980
1328.0000      -30915.612319
1332.0000      -30805.932051
1336.0000      -30979.712863
1340.0000      -30962.162237
1344.0000      -31001.097820
1348.0000      -30898.985028
1352.0000      -30934.595699
1356.0000      -30876.335362
1360.0000      -30977.254014
1364.0000      -30970.579585
1368.0000      -30846.144609
1372.0000      -30754.213892
1376.0000      -30749.687003
1380.0000      -30980.850270
1384.0000      -30860.113072
1388.0000      -31060.955631
1392.0000      -30963.526309
1396.0000      -30815.910379
1400.0000      -30783.112664
1404.0000      -30917.876557
1408.0000      -30945.813988
1412.0000      -30986.197961
1416.0000      -30853.310015
1420.0000      -30782.378288
1424.0000      -30773.953975
1428.0000      -30792.839515
1432.0000      -30888.780441
1436.0000      -31111.247032
1440.0000      -30760.649420
1444.0000      -30984.818260
1448.0000      -30790.621550
1452.0000      -31032.916457
1456.0000      -30986.558405
1460.0000      -30839.357815
1464.0000      -31037.878896
1468.0000      -30962.941778
1472.0000      -30975.556805
1476.0000      -31042.917057
1480.0000      -30799.778892
1484.0000      -30960.617964
1488.0000      -30906.340768
1492.0000      -30904.518095
1496.0000      -30941.419885
1500.0000      -30892.620582
1504.0000      -30921.148347
1508.0000      -30875.213941
1512.0000      -31048.788461
1516.0000      -30904.232866
1520.0000      -30878.564954
1524.0000      -30886.806898
1528.0000      -30829.838915
1532.0000      -30909.448864
1536.0000      -30995.523631
1540.0000      -31044.099779
1544.0000      -30927.930119
1548.0000      -30941.946620
1552.0000      -30861.256007
1556.0000      -30985.845641
1560.0000      -30733.456785
1564.0000      -30912.297891
1568.0000      -30993.602328
1572.0000      -30850.149958
1576.0000      -30966.496489
1580.0000      -30894.030096
1584.0000      -30923.531627
1588.0000      -30778.196389
1592.0000      -30841.647853
1596.0000      -30830.247740
1600.0000      -31002.818812
1604.0000      -30919.082251
1608.0000      -30843.361250
1612.0000      -31046.830815
1616.0000      -30887.474723
1620.0000      -30834.482941
1624.0000      -30882.218790
1628.0000      -30755.856072
1632.0000      -30850.779070
1636.0000      -30990.221415
1640.0000      -30936.091088
1644.0000      -30864.117084
1648.0000      -31089.043538
1652.0000      -31013.682784
1656.0000      -30836.136951
1660.0000      -30898.770161
1664.0000      -30967.070131
1668.0000      -30803.014122
1672.0000      -30788.681598
1676.0000      -30969.876787
1680.0000      -30982.983033
1684.0000      -31087.973114
1688.0000      -31059.475733
1692.0000      -30807.192973
1696.0000      -31023.800016
1700.0000      -30770.706857
1704.0000      -30946.207760
1708.0000      -30912.953186
1712.0000      -30942.446714
1716.0000      -30886.763385
1720.0000      -30994.531100
1724.0000      -31000.560606
1728.0000      -30948.252628
1732.0000      -30922.342712
1736.0000      -30977.184395
1740.0000      -30898.776112
1744.0000      -30941.515431
1748.0000      -30958.335378
1752.0000      -31027.455794
1756.0000      -30749.306947
1760.0000      -31022.322689
1764.0000      -30814.533944
1768.0000      -31034.341258
1772.0000      -31011.557362
1776.0000      -30941.056006
1780.0000      -30997.873272
1784.0000      -31070.040664
1788.0000      -30875.624988
1792.0000      -30818.727571
1796.0000      -31027.474088
1800.0000      -30944.880903
1804.0000      -30964.395322
1808.0000      -30960.637464
1812.0000      -30851.452059
1816.0000      -30904.273646
1820.0000      -31099.923397
1824.0000      -31120.351575
1828.0000      -31007.133628
1832.0000      -31043.201779
1836.0000      -30931.748345
1840.0000      -30924.246255
1844.0000      -30869.488116
1848.0000      -30923.689152
1852.0000      -30966.215926
1856.0000      -31019.242557
1860.0000      -30972.258799
1864.0000      -31038.306658
1868.0000      -31006.165454
1872.0000      -30939.523468
1876.0000      -30902.720391
1880.0000      -30910.374124
1884.0000      -30923.358911
1888.0000      -30962.926495
1892.0000      -30836.891654
1896.0000      -30869.899013
1900.0000      -30893.808147
1904.0000      -30831.074417
1908.0000      -30829.329002
1912.0000      -30875.515287
1916.0000      -30786.695862
1920.0000      -30986.776529
1924.0000      -30929.541956
1928.0000      -31084.500238
1932.0000      -30972.946633
1936.0000      -30970.091610
1940.0000      -30982.720359
1944.0000      -30902.411563
1948.0000      -30871.905997
1952.0000      -30748.285987
1956.0000      -30955.309384
1960.0000      -30824.198801
1964.0000      -30886.044438
1968.0000      -30988.701346
1972.0000      -31017.015683
1976.0000      -30848.364950
1980.0000      -30830.120004
1984.0000      -30796.189608
1988.0000      -30949.707519
1992.0000      -30867.426242
1996.0000      -30833.015363
2000.0000      -30972.994054
2004.0000      -30772.731733
2008.0000      -30940.487162
2012.0000      -30911.392171
2016.0000      -30729.271229
2020.0000      -30732.894414
2024.0000      -30713.643374
2028.0000      -30737.542336
2032.0000      -31033.474030
2036.0000      -30880.290904
2040.0000      -30900.076701
2044.0000      -30965.171002
2048.0000      -30882.344501
2052.0000      -31000.351910
2056.0000      -30825.319993
2060.0000      -31105.524945
2064.0000      -31009.132978
2068.0000      -30953.833893
2072.0000      -30905.704631
2076.0000      -30895.254283
2080.0000      -30924.828299
2084.0000      -30970.707736
2088.0000      -30992.820342
2092.0000      -30994.021698
2096.0000      -30928.197185
2100.0000      -30907.011616
2104.0000      -30873.952957
2108.0000      -30947.881160
2112.0000      -30793.034694
2116.0000      -30831.788780
2120.0000      -31010.263814
2124.0000      -31130.293560
2128.0000      -30927.936218
2132.0000      -30856.894410
2136.0000      -30937.571000
2140.0000      -30949.811875
2144.0000      -31096.523926
2148.0000      -30835.848239
2152.0000      -30866.950551
2156.0000      -30843.217458
2160.0000      -30985.974287
2164.0000      -31012.186120
2168.0000      -30921.073214
2172.0000      -30844.292252
2176.0000      -30706.140140
2180.0000      -30971.220272
2184.0000      -30833.425471
2188.0000      -30854.014219
2192.0000      -30940.112733
2196.0000      -30859.561103
2200.0000      -30921.552177
2204.0000      -30960.099336
2208.0000      -31027.075543
2212.0000      -30739.153506
2216.0000      -30973.299854
2220.0000      -30768.719480
2224.0000      -30930.375953
2228.0000      -30846.622540
2232.0000      -31008.280886
2236.0000      -30957.275078
2240.0000      -31079.446459
2244.0000      -30824.120827
2248.0000      -30904.043228
2252.0000      -31038.169786
2256.0000      -30876.235529
2260.0000      -30911.448478
2264.0000      -30909.342447
2268.0000      -31011.933015
2272.0000      -30786.770033
2276.0000      -30939.907523
2280.0000      -30916.223140
2284.0000      -31126.634100
2288.0000      -30997.685354
2292.0000      -31060.812819
2296.0000      -30851.737338
2300.0000      -30909.570730
2304.0000      -30931.026770
2308.0000      -30863.696173
2312.0000      -30901.585501
2316.0000      -30929.890960
2320.0000      -30940.384493
2324.0000      -30823.549504
2328.0000      -30965.289486
2332.0000      -30787.848389
2336.0000      -30987.120924
2340.0000      -30859.925525
2344.0000      -31086.089818
2348.0000      -30795.997968
2352.0000      -30864.627606
2356.0000      -31042.305574
2360.0000      -30859.584351
2364.0000      -30908.982674
2368.0000      -30961.487996
2372.0000      -30905.533998
2376.0000      -30939.428358
2380.0000      -30817.742286
2384.0000      -30870.908188
2388.0000      -30899.142800
2392.0000      -30914.215437
2396.0000      -30740.188724
2400.0000      -30864.185980
2404.0000      -30907.832584
2408.0000      -30987.281071
2412.0000      -31020.946736
2416.0000      -30961.389573
2420.0000      -31076.619609
2424.0000      -30949.320550
2428.0000      -30927.960480
2432.0000      -30771.073765
2436.0000      -30745.529620
2440.0000      -30798.961661
2444.0000      -30824.125167
2448.0000      -30942.164681
2452.0000      -31039.317734
2456.0000      -30995.588380
2460.0000      -30986.075147
2464.0000      -31044.740429
2468.0000      -30800.740201
2472.0000      -30961.893687
2476.0000      -30946.683738
2480.0000      -31011.581108
2484.0000      -31033.574569
2488.0000      -30808.466654
2492.0000      -30985.617176
2496.0000      -31037.511901
2500.0000      -30945.693020
2504.0000      -31079.319896
2508.0000      -30688.274509
2512.0000      -30835.500489
2516.0000      -30931.441092
2520.0000      -30906.603347
2524.0000      -30769.378306
2528.0000      -30997.567235
2532.0000      -30956.700438
2536.0000      -30964.342890
2540.0000      -30895.464759
2544.0000      -30982.113050
2548.0000      -30880.049940
2552.0000      -30768.835645
2556.0000      -30981.523172
2560.0000      -30959.419191
2564.0000      -30846.496929
2568.0000      -30771.830674
2572.0000      -30841.555976
2576.0000      -30888.997834
2580.0000      -30949.028831
2584.0000      -30863.138101
2588.0000      -30928.653468
2592.0000      -30872.035322
2596.0000      -30883.420821
2600.0000      -30772.603812
2604.0000      -30878.249171
2608.0000      -30967.739073
2612.0000      -31133.987561
2616.0000      -30881.939406
2620.0000      -30915.194319
2624.0000      -30931.866561
2628.0000      -31012.065210
2632.0000      -30809.774107
2636.0000      -30872.839978
2640.0000      -30893.795958
2644.0000      -30996.254609
2648.0000      -31050.360103
2652.0000      -30855.998424
2656.0000      -30955.597097
2660.0000      -30959.540658
2664.0000      -31069.231335
2668.0000      -30904.976018
2672.0000      -30794.630451
2676.0000      -31016.748164
2680.0000      -30960.519310
2684.0000      -30804.561369
2688.0000      -31064.374832
2692.0000      -31008.963145
2696.0000      -31014.890912
2700.0000      -31039.288604
2704.0000      -30707.149620
2708.0000      -30916.080987
2712.0000      -31002.324321
2716.0000      -30973.011846
2720.0000      -30869.960932
2724.0000      -31005.710175
2728.0000      -30865.117210
2732.0000      -30861.124300
2736.0000      -30935.213652
2740.0000      -30899.150585
2744.0000      -31116.286712
2748.0000      -30967.519087
2752.0000      -30925.716779
2756.0000      -30912.502786
2760.0000      -31093.202347
2764.0000      -31004.829046
2768.0000      -30780.530327
2772.0000      -30957.567512
2776.0000      -31017.809976
2780.0000      -30914.660404
2784.0000      -31096.242932
2788.0000      -30939.053691
2792.0000      -30928.136319
2796.0000      -31145.099874
2800.0000      -30977.007325
2804.0000      -30960.555998
2808.0000      -31056.584917
2812.0000      -30848.264841
2816.0000      -30969.132779
2820.0000      -30978.064219
2824.0000      -30906.880708
2828.0000      -31035.759517
2832.0000      -30895.193836
2836.0000      -31032.518480
2840.0000      -30855.838195
2844.0000      -30963.180905
2848.0000      -30900.519915
2852.0000      -30998.125837
2856.0000      -30971.358329
2860.0000      -30876.579246
2864.0000      -30886.583273
2868.0000      -30992.852449
2872.0000      -30830.758340
2876.0000      -30962.733432
2880.0000      -30959.399271
2884.0000      -30826.146983
2888.0000      -30869.909914
2892.0000      -30869.450615
2896.0000      -31059.743714
2900.0000      -30778.557293
2904.0000      -30874.740146
2908.0000      -30866.920398
2912.0000      -30876.310335
2916.0000      -30997.519647
2920.0000      -31092.657783
2924.0000      -30967.315741
2928.0000      -30996.194050
2932.0000      -30963.510221
2936.0000      -30917.041935
2940.0000      -30968.321613
2944.0000      -30735.177038
2948.0000      -30892.509173
2952.0000      -30875.749764
2956.0000      -30825.292645
2960.0000      -30882.479572
2964.0000      -30661.168846
2968.0000      -30854.227462
2972.0000      -30863.857645
2976.0000      -30928.089763
2980.0000      -30885.642015
2984.0000      -30795.173984
2988.0000      -30740.004825
2992.0000      -30702.573497
2996.0000      -30898.967911
3000.0000      -31081.631360
3004.0000      -30848.391141
3008.0000      -30842.867417
3012.0000      -31130.235498
3016.0000      -31035.506948
3020.0000      -30826.795377
3024.0000      -30793.369881
3028.0000      -30879.361206
3032.0000      -30960.860595
3036.0000      -30957.548394
3040.0000      -30838.477541
3044.0000      -30980.061960
3048.0000      -30975.375373
3052.0000      -30976.968110
3056.0000      -30782.012203
3060.0000      -31009.892018
3064.0000      -30867.105794
3068.0000      -30881.228414
3072.0000      -31052.477965
3076.0000      -30936.972603
3080.0000      -30893.994879
3084.0000      -30992.664391
3088.0000      -30962.975833
3092.0000      -30954.556333
3096.0000      -30840.711728
3100.0000      -30948.197778
3104.0000      -30840.111964
3108.0000      -30906.834142
3112.0000      -30867.734998
3116.0000      -30896.434814
3120.0000      -31027.820477
3124.0000      -30907.981386
3128.0000      -30947.183789
3132.0000      -30969.660016
3136.0000      -30954.744346
3140.0000      -30956.834626
3144.0000      -30970.793683
3148.0000      -31014.720998
3152.0000      -30778.275782
3156.0000      -31048.786268
3160.0000      -30851.211052
3164.0000      -31093.103925
3168.0000      -30933.574404
3172.0000      -30890.787665
3176.0000      -30975.877550
3180.0000      -31028.776380
3184.0000      -30875.976763
3188.0000      -30961.869693
3192.0000      -30869.208675
3196.0000      -30919.094103
3200.0000      -30853.968209
3204.0000      -30894.280529
3208.0000      -30818.551928
3212.0000      -30916.814511
3216.0000      -30798.547543
3220.0000      -30780.096817
3224.0000      -30923.805405
3228.0000      -30967.242154
3232.0000      -30933.691210
3236.0000      -30774.051063
3240.0000      -30855.145044
3244.0000      -30943.402365
3248.0000      -30808.752469
3252.0000      -30982.068591
3256.0000      -30870.502808
3260.0000      -30858.263536
3264.0000      -31039.955466
3268.0000      -30910.049908
3272.0000      -30814.248936
3276.0000      -30897.772525
3280.0000      -30790.943626
3284.0000      -30779.201095
3288.0000      -30998.667173
3292.0000      -30974.569438
3296.0000      -30950.509680
3300.0000      -31115.253863
3304.0000      -30951.230520
3308.0000      -30906.514787
3312.0000      -30830.105539
3316.0000      -30816.026694
3320.0000      -30804.699461
3324.0000      -30956.485534
3328.0000      -31026.981983
3332.0000      -30902.912588
3336.0000      -30892.684066
3340.0000      -30839.518317
3344.0000      -30832.020360
3348.0000      -30810.093750
3352.0000      -30733.381892
3356.0000      -30728.412479
3360.0000      -31040.056050
3364.0000      -30857.025719
3368.0000      -31050.747548
3372.0000      -30735.421352
3376.0000      -31067.066977
3380.0000      -30916.286531
3384.0000      -30928.206768
3388.0000      -30898.606514
3392.0000      -30840.928863
3396.0000      -31086.462204
3400.0000      -30860.903072
3404.0000      -30845.906263
3408.0000      -30901.894820
3412.0000      -30923.060255
3416.0000      -30856.737714
3420.0000      -30771.526249
3424.0000      -30943.922063
3428.0000      -31080.360276
3432.0000      -30959.715781
3436.0000      -30933.063311
3440.0000      -30888.014598
3444.0000      -30871.470474
3448.0000      -30779.803501
3452.0000      -30920.769407
3456.0000      -30572.860569
3460.0000      -30803.675640
3464.0000      -30977.015948
3468.0000      -31001.983004
3472.0000      -30934.736968
3476.0000      -30902.908098
3480.0000      -30984.810104
3484.0000      -30826.371686
3488.0000      -30960.971217
3492.0000      -30888.067762
3496.0000      -31034.004085
3500.0000      -30863.778648
3504.0000      -30898.884158
3508.0000      -31104.901756
3512.0000      -30930.401730
3516.0000      -30845.950166
3520.0000      -30949.742963
3524.0000      -30944.980463
3528.0000      -31028.443995
3532.0000      -30883.251521
3536.0000      -30961.125163
3540.0000      -31044.721756
3544.0000      -30809.188038
3548.0000      -30990.205455
3552.0000      -30861.424088
3556.0000      -30744.267398
3560.0000      -30979.309506
3564.0000      -30926.780603
3568.0000      -30870.092319
3572.0000      -30988.508300
3576.0000      -30909.696288
3580.0000      -30745.487143
3584.0000      -30858.854701
3588.0000      -31195.448930
3592.0000      -31089.730576
3596.0000      -30902.021672
3600.0000      -30821.281863
3604.0000      -30875.987702
3608.0000      -30738.830567
3612.0000      -30776.349068
3616.0000      -30892.813741
3620.0000      -30996.324235
3624.0000      -30953.067742
3628.0000      -31019.208541
3632.0000      -31007.534593
3636.0000      -30949.147696
3640.0000      -30951.186683
3644.0000      -30881.646650
3648.0000      -30814.283350
3652.0000      -30765.763610
3656.0000      -30844.111620
3660.0000      -30857.744592
3664.0000      -31034.895429
3668.0000      -30870.926958
3672.0000      -30825.734088
3676.0000      -31017.698753
3680.0000      -30770.854020
3684.0000      -30886.119911
3688.0000      -30953.052216
3692.0000      -30787.934267
3696.0000      -31025.544963
3700.0000      -30778.389149
3704.0000      -30913.891385
3708.0000      -31062.443136
3712.0000      -31006.233684
3716.0000      -30944.489121
3720.0000      -30887.191885
3724.0000      -31070.215545
3728.0000      -31008.123938
3732.0000      -30969.604367
3736.0000      -30952.157244
3740.0000      -30879.607281
3744.0000      -30709.317290
3748.0000      -30946.222422
3752.0000      -30878.263541
3756.0000      -30922.576272
3760.0000      -30964.949576
3764.0000      -30911.558496
3768.0000      -30830.052020
3772.0000      -30876.910655
3776.0000      -30974.825174
3780.0000      -30786.044034
3784.0000      -30832.132972
3788.0000      -30867.484142
3792.0000      -30851.391768
3796.0000      -31029.118465
3800.0000      -30877.958098
3804.0000      -31000.173424
3808.0000      -30871.351841
3812.0000      -30876.519291
3816.0000      -30706.719322
3820.0000      -31008.276042
3824.0000      -30888.537655
3828.0000      -30805.357255
3832.0000      -30913.035099
3836.0000      -30933.333919
3840.0000      -30852.857906
3844.0000      -31000.552474
3848.0000      -31069.930691
3852.0000      -30979.694302
3856.0000      -30883.287855
3860.0000      -30912.754548
3864.0000      -31076.250990
3868.0000      -30941.644236
3872.0000      -30999.905842
3876.0000      -30972.200248
3880.0000      -30870.912196
3884.0000      -30805.744991
3888.0000      -30725.480694
3892.0000      -30930.588908
3896.0000      -30686.579601
3900.0000      -31042.335805
3904.0000      -30778.602841
3908.0000      -30907.225299
3912.0000      -30988.289840
3916.0000      -30826.616785
3920.0000      -31091.617818
3924.0000      -30727.874780
3928.0000      -31105.847857
3932.0000      -30890.793630
3936.0000      -30922.935848
3940.0000      -30910.334162
3944.0000      -30988.674953
3948.0000      -30838.050707
3952.0000      -30939.095908
3956.0000      -30841.734620
3960.0000      -30945.558012
3964.0000      -31014.060113
3968.0000      -30902.709216
3972.0000      -30920.597100
3976.0000      -30813.136050
3980.0000      -30998.289522
3984.0000      -31013.032211
3988.0000      -30731.696194
3992.0000      -30874.560354
3996.0000      -30996.341830
4000.0000      -30803.879427
4004.0000      -30803.879427
