4.0000     -732708.963185
8.0000     -733611.241300
12.0000     -733124.473476
16.0000     -733278.381048
20.0000     -732786.477682
24.0000     -732652.780593
28.0000     -733225.903565
32.0000     -732965.696957
36.0000     -733018.732679
40.0000     -733584.546903
44.0000     -732378.441658
48.0000     -733345.222503
52.0000     -732116.804030
56.0000     -732793.394856
60.0000     -732869.096541
64.0000     -733689.523522
68.0000     -733287.725459
72.0000     -733334.884286
76.0000     -733448.803626
80.0000     -733976.283570
84.0000     -733235.455092
88.0000     -733848.280115
92.0000     -732857.354898
96.0000     -733372.118836
100.0000     -733951.565998
104.0000     -733069.347847
108.0000     -733487.824423
112.0000     -733348.024360
116.0000     -733065.561970
120.0000     -733721.526953
124.0000     -733507.480738
128.0000     -733781.948529
132.0000     -732779.947058
136.0000     -733376.421454
140.0000     -733101.993266
144.0000     -732775.351768
148.0000     -732082.659852
152.0000     -732513.848462
156.0000     -732913.450886
160.0000     -732966.892432
164.0000     -733268.064891
168.0000     -734119.115827
172.0000     -733813.488554
176.0000     -733015.450389
180.0000     -732857.198457
184.0000     -732130.467527
188.0000     -732531.677721
192.0000     -733577.198229
196.0000     -732747.701664
200.0000     -733011.569878
204.0000     -733289.138702
208.0000     -733277.100283
212.0000     -733309.447425
216.0000     -732765.481643
220.0000     -733501.447646
224.0000     -733818.480455
228.0000     -733601.029695
232.0000     -733333.192930
236.0000     -733547.284973
240.0000     -733014.798701
244.0000     -733375.723944
248.0000     -733372.070435
252.0000     -733419.300720
256.0000     -733482.955367
260.0000     -733601.250410
264.0000     -733975.072654
268.0000     -733574.507836
272.0000     -733618.880017
276.0000     -732999.009638
280.0000     -733492.248005
284.0000     -733383.550099
288.0000     -733858.847117
292.0000     -733653.472728
296.0000     -733794.106892
300.0000     -733645.348146
304.0000     -733449.736473
308.0000     -733860.387562
312.0000     -733492.900667
316.0000     -733780.325683
320.0000     -733080.294490
324.0000     -733413.845318
328.0000     -733742.643746
332.0000     -733000.818880
336.0000     -732426.315881
340.0000     -733713.490758
344.0000     -732461.501961
348.0000     -732336.028553
352.0000     -731648.836884
356.0000     -733479.750352
360.0000     -733127.325979
364.0000     -733036.903609
368.0000     -733105.477459
372.0000     -732702.900377
376.0000     -733298.551146
380.0000     -733535.399166
384.0000     -733979.601666
388.0000     -732608.382597
392.0000     -734557.592167
396.0000     -732733.654953
400.0000     -733917.117042
404.0000     -733254.070769
408.0000     -733203.897572
412.0000     -733183.115360
416.0000     -733665.154012
420.0000     -733165.805811
424.0000     -733795.459407
428.0000     -734084.638419
432.0000     -733055.719727
436.0000     -732864.052474
440.0000     -733364.056708
444.0000     -733090.275104
448.0000     -734018.202692
452.0000     -733700.694593
456.0000     -732638.928573
460.0000     -733073.016290
464.0000     -733312.751102
468.0000     -733636.446908
472.0000     -733909.120649
476.0000     -732805.372409
480.0000     -733092.642099
484.0000     -733352.735206
488.0000     -732647.200492
492.0000     -733729.915066
496.0000     -732684.788754
500.0000     -732712.849952
504.0000     -733738.013651
508.0000     -733561.211759
512.0000     -733586.300135
516.0000     -732653.513022
520.0000     -733562.247136
524.0000     -733809.089110
528.0000     -732756.085151
532.0000     -733045.140585
536.0000     -733172.967276
540.0000     -733621.174631
544.0000     -733679.556315
548.0000     -732642.663922
552.0000     -732977.645319
556.0000     -732240.331273
560.0000     -733275.935873
564.0000     -733297.335370
568.0000     -733241.869321
572.0000     -733101.993182
576.0000     -732270.787717
580.0000     -732997.309275
584.0000     -732688.980510
588.0000     -733497.110868
592.0000     -733706.140672
596.0000     -732834.663624
600.0000     -733242.978707
604.0000     -733731.365013
608.0000     -733420.157330
612.0000     -733912.345686
616.0000     -733813.268590
620.0000     -733291.113696
624.0000     -733200.672701
628.0000     -733531.761347
632.0000     -732369.172213
636.0000     -734024.551569
640.0000     -733545.775793
644.0000     -733200.652217
648.0000     -733028.934785
652.0000     -732498.251356
656.0000     -733163.257948
660.0000     -733380.436525
664.0000     -734058.898601
668.0000     -733833.521130
672.0000     -733806.835435
676.0000     -732847.256549
680.0000     -733941.708328
684.0000     -733553.574181
688.0000     -733540.498213
692.0000     -733419.685722
696.0000     -733335.587716
700.0000     -734004.565869
704.0000     -733018.914521
708.0000     -733217.108520
712.0000     -733203.748354
716.0000     -733049.750725
720.0000     -734354.391752
724.0000     -733205.614854
728.0000     -734249.384218
732.0000     -733832.684761
736.0000     -733577.082740
740.0000     -732743.385555
744.0000     -733832.343687
748.0000     -733270.566668
752.0000     -733650.961811
756.0000     -732788.310644
760.0000     -732850.303957
764.0000     -733206.452761
768.0000     -732961.502266
772.0000     -733900.305489
776.0000     -733737.566962
780.0000     -733911.200159
784.0000     -733303.320803
788.0000     -733256.077307
792.0000     -733946.182967
796.0000     -732713.478938
800.0000     -733947.036932
804.0000     -733536.621527
808.0000     -733798.284752
812.0000     -732788.766041
816.0000     -733673.460114
820.0000     -733810.238032
824.0000     -733474.109110
828.0000     -733497.477664
832.0000     -733369.691489
836.0000     -731362.473358
840.0000     -733766.400309
844.0000     -733610.319432
848.0000     -732891.387004
852.0000     -732306.564664
856.0000     -733957.834888
860.0000     -733752.334902
864.0000     -733899.661443
868.0000     -734203.138018
872.0000     -732186.840893
876.0000     -733441.501878
880.0000     -734180.599693
884.0000     -733449.760046
888.0000     -733585.378233
892.0000     -732801.762899
896.0000     -733315.079912
900.0000     -733919.020664
904.0000     -733247.860442
908.0000     -733611.610114
912.0000     -733727.436276
916.0000     -732601.074032
920.0000     -732904.518405
924.0000     -733353.452330
928.0000     -734193.681634
932.0000     -733731.285295
936.0000     -734430.014819
940.0000     -734345.081922
944.0000     -734023.286697
948.0000     -733905.454031
952.0000     -733927.125798
956.0000     -733658.095551
960.0000     -733415.791597
964.0000     -733298.938890
968.0000     -733462.251740
972.0000     -733479.383311
976.0000     -733071.603893
980.0000     -733538.547517
984.0000     -733324.332264
988.0000     -733633.910142
992.0000     -733092.801852
996.0000     -733551.685828
1000.0000     -732895.983556
1004.0000     -732718.290315
1008.0000     -733804.227312
1012.0000     -732219.306446
1016.0000     -732858.500476
1020.0000     -733541.779888
1024.0000     -732991.853054
1028.0000     -733818.104070
1032.0000     -732858.676695
1036.0000     -732646.502067
1040.0000     -732531.034153
1044.0000     -733047.219693
1048.0000     -732573.437610
1052.0000     -732665.659218
1056.0000     -733071.317347
1060.0000     -733591.620396
1064.0000     -733340.350978
1068.0000     -733350.067178
1072.0000     -732461.228595
1076.0000     -733465.202822
1080.0000     -733635.791942
1084.0000     -732795.226217
1088.0000     -733635.532584
1092.0000     -733711.628985
1096.0000     -734344.158323
1100.0000     -733533.925007
1104.0000     -733326.120733
1108.0000     -733490.001991
1112.0000     -733576.125617
1116.0000     -733649.026332
1120.0000     -732676.618158
1124.0000     -733437.402883
1128.0000     -733970.957134
1132.0000     -734181.658704
1136.0000     -732573.006115
1140.0000     -733280.003877
1144.0000     -733865.334428
1148.0000     -732898.344993
1152.0000     -732972.323751
1156.0000     -733010.978484
1160.0000     -733291.214075
1164.0000     -733628.697610
1168.0000     -733911.603117
1172.0000     -733425.073559
1176.0000     -733633.814654
1180.0000     -733784.876879
1184.0000     -734317.089753
1188.0000     -733690.944740
1192.0000     -733835.803796
1196.0000     -733072.775634
1200.0000     -733976.677736
1204.0000     -733866.251707
1208.0000     -733741.736733
1212.0000     -733815.199672
1216.0000     -733785.727345
1220.0000     -733343.175107
1224.0000     -733432.924850
1228.0000     -732717.402635
1232.0000     -732629.650984
1236.0000     -733342.163166
1240.0000     -732969.596303
1244.0000     -733826.794537
1248.0000     -733480.313550
1252.0000     -733876.556987
1256.0000     -733330.811746
1260.0000     -733791.547176
1264.0000     -733551.276564
1268.0000     -733793.147858
1272.0000     -734129.886515
1276.0000     -733356.830434
1280.0000     -734082.864734
1284.0000     -734170.131942
1288.0000     -733834.867161
1292.0000     -733770.574394
1296.0000     -733667.100306
1300.0000     -733860.240362
1304.0000     -733342.534742
1308.0000     -734170.524126
1312.0000     -732514.567990
1316.0000     -733441.706190
1320.0000     -733594.423483
1324.0000     -733550.778508
1328.0000     -733480.453509
1332.0000     -733661.414863
1336.0000     -734039.658443
1340.0000     -733934.763323
1344.0000     -732964.165983
1348.0000     -733164.128243
1352.0000     -732965.231301
1356.0000     -732821.169945
1360.0000     -733752.499136
1364.0000     -733298.254702
1368.0000     -733103.411001
1372.0000     -732509.543557
1376.0000     -733427.209611
1380.0000     -733733.296903
1384.0000     -733723.992764
1388.0000     -733139.887121
1392.0000     -733850.070728
1396.0000     -732726.509023
1400.0000     -733541.552638
1404.0000     -733713.024139
1408.0000     -734323.828056
1412.0000     -733928.311178
1416.0000     -734284.427909
1420.0000     -734104.017858
1424.0000     -733728.894857
1428.0000     -733949.254714
1432.0000     -732199.956127
1436.0000     -732662.261569
1440.0000     -732729.526606
1444.0000     -732586.008804
1448.0000     -732926.522390
1452.0000     -732784.543929
1456.0000     -732848.318076
1460.0000     -733798.214120
1464.0000     -733727.048400
1468.0000     -734065.327789
1472.0000     -733622.823546
1476.0000     -733345.997117
1480.0000     -733937.210878
1484.0000     -733409.687987
1488.0000     -732667.348999
1492.0000     -733636.202523
1496.0000     -733181.101496
1500.0000     -733463.156728
1504.0000     -732968.756978
1508.0000     -734177.738438
1512.0000     -734739.839742
1516.0000     -734259.181496
1520.0000     -733540.018822
1524.0000     -733682.447857
1528.0000     -734358.873711
1532.0000     -733903.404483
1536.0000     -733397.611605
1540.0000     -733946.077745
1544.0000     -732940.893985
1548.0000     -734299.430397
1552.0000     -733637.299100
1556.0000     -734245.491053
1560.0000     -732817.504690
1564.0000     -734011.214226
1568.0000     -733319.118998
1572.0000     -732473.497036
1576.0000     -732863.942776
1580.0000     -734131.920367
1584.0000     -732532.250098
1588.0000     -733369.049131
1592.0000     -733380.263706
1596.0000     -732565.904954
1600.0000     -733803.608133
1604.0000     -733404.784416
1608.0000     -734130.685266
1612.0000     -733814.912122
1616.0000     -732260.662903
1620.0000     -732951.264554
1624.0000     -733122.170492
1628.0000     -733306.899057
1632.0000     -732839.694958
1636.0000     -733230.068741
1640.0000     -733025.714954
1644.0000     -733369.000809
1648.0000     -733286.196135
1652.0000     -731772.929150
1656.0000     -733349.895067
1660.0000     -733661.929192
1664.0000     -732572.597693
1668.0000     -733307.636335
1672.0000     -734075.578982
1676.0000     -733593.356473
1680.0000     -734062.310549
1684.0000     -733656.968884
1688.0000     -733672.010899
1692.0000     -733394.496164
1696.0000     -733128.287112
1700.0000     -733325.067576
1704.0000     -734054.632485
1708.0000     -733404.655561
1712.0000     -733433.182626
1716.0000     -733639.469825
1720.0000     -733502.783170
1724.0000     -733420.960830
1728.0000     -733701.177178
1732.0000     -732960.942096
1736.0000     -733820.249029
1740.0000     -732806.143099
1744.0000     -733572.625903
1748.0000     -732775.707160
1752.0000     -734986.077925
1756.0000     -733958.038015
1760.0000     -733805.594438
1764.0000     -733640.167776
1768.0000     -732906.664441
1772.0000     -732681.433590
1776.0000     -733943.135629
1780.0000     -733434.227121
1784.0000     -734132.062452
1788.0000     -733431.764289
1792.0000     -733440.091162
1796.0000     -734149.108337
1800.0000     -732986.112109
1804.0000     -733203.538461
1808.0000     -733382.746022
1812.0000     -733492.181606
1816.0000     -733786.180268
1820.0000     -733399.602098
1824.0000     -733163.728559
1828.0000     -733149.399288
1832.0000     -733235.368482
1836.0000     -733784.675241
1840.0000     -733199.812997
1844.0000     -733583.937505
1848.0000     -733400.922405
1852.0000     -733123.075789
1856.0000     -732783.818975
1860.0000     -733385.438742
1864.0000     -733626.161357
1868.0000     -733289.762320
1872.0000     -733494.572201
1876.0000     -732345.505758
1880.0000     -733292.569129
1884.0000     -733314.780268
1888.0000     -733060.850445
1892.0000     -733869.610034
1896.0000     -733346.095716
1900.0000     -733925.266520
1904.0000     -733307.601811
1908.0000     -733561.719334
1912.0000     -733588.080666
1916.0000     -732841.132690
1920.0000     -733741.534716
1924.0000     -734287.644651
1928.0000     -733673.529629
1932.0000     -733178.059174
1936.0000     -733400.506094
1940.0000     -733480.544330
1944.0000     -734269.723916
1948.0000     -733779.503556
1952.0000     -734472.188746
1956.0000     -732925.660393
1960.0000     -733396.142079
1964.0000     -734329.935408
1968.0000     -734172.599690
1972.0000     -733785.473509
1976.0000     -733133.092235
1980.0000     -732897.437683
1984.0000     -733199.658685
1988.0000     -733339.235379
1992.0000     -731924.109928
1996.0000     -732946.263870
2000.0000     -733166.885437
2004.0000     -733616.360621
2008.0000     -733773.355929
2012.0000     -733898.381775
2016.0000     -733203.608430
2020.0000     -731521.914499
2024.0000     -733123.915050
2028.0000     -732827.923416
2032.0000     -732975.003028
2036.0000     -733235.146699
2040.0000     -732781.230582
2044.0000     -733655.119941
2048.0000     -733404.379546
2052.0000     -732800.057916
2056.0000     -733543.872977
2060.0000     -732854.068793
2064.0000     -732661.599446
2068.0000     -733854.011225
2072.0000     -732949.204391
2076.0000     -733202.288276
2080.0000     -733435.666471
2084.0000     -732783.056303
2088.0000     -733625.246124
2092.0000     -732734.755477
2096.0000     -733588.727070
2100.0000     -733430.757101
2104.0000     -733302.239700
2108.0000     -732704.906467
2112.0000     -732071.205136
2116.0000     -733331.280029
2120.0000     -733938.468314
2124.0000     -733300.764475
2128.0000     -732858.187480
2132.0000     -732671.389816
2136.0000     -733423.345612
2140.0000     -734042.954368
2144.0000     -733582.511429
2148.0000     -733393.665855
2152.0000     -733682.831840
2156.0000     -734031.998812
2160.0000     -732482.245757
2164.0000     -733561.026838
2168.0000     -733435.671185
2172.0000     -732300.506598
2176.0000     -733338.121369
2180.0000     -733773.637308
2184.0000     -733062.824258
2188.0000     -733735.071737
2192.0000     -733943.412961
2196.0000     -733776.453862
2200.0000     -733701.610759
2204.0000     -733932.637502
2208.0000     -733356.508444
2212.0000     -733449.784185
2216.0000     -733233.314907
2220.0000     -733671.855313
2224.0000     -733326.767033
2228.0000     -733264.065604
2232.0000     -733172.115751
2236.0000     -733506.609746
2240.0000     -733108.131393
2244.0000     -733665.384927
2248.0000     -732889.578867
2252.0000     -733316.667391
2256.0000     -733855.688232
2260.0000     -733880.329203
2264.0000     -733618.006185
2268.0000     -733282.983279
2272.0000     -733408.369197
2276.0000     -733802.709207
2280.0000     -733923.531533
2284.0000     -734167.195930
2288.0000     -733579.299450
2292.0000     -733784.187952
2296.0000     -733835.070078
2300.0000     -733472.600738
2304.0000     -732923.610330
2308.0000     -733555.697276
2312.0000     -733105.203567
2316.0000     -734409.679844
2320.0000     -732996.622190
2324.0000     -732574.417568
2328.0000     -733939.656605
2332.0000     -733064.768232
2336.0000     -733100.890888
2340.0000     -733660.853276
2344.0000     -733168.363943
2348.0000     -732983.146850
2352.0000     -732912.787888
2356.0000     -733682.347684
2360.0000     -732700.808088
2364.0000     -733345.337420
2368.0000     -734329.938828
2372.0000     -733474.824226
2376.0000     -734458.218909
2380.0000     -734163.495716
2384.0000     -733463.082689
2388.0000     -734823.693143
2392.0000     -734035.129772
2396.0000     -733727.338154
2400.0000     -732999.722201
2404.0000     -734578.335541
2408.0000     -732963.691195
2412.0000     -733307.318696
2416.0000     -732932.896150
2420.0000     -734113.024097
2424.0000     -734570.574679
2428.0000     -733835.445087
2432.0000     -734242.541140
2436.0000     -733004.212804
2440.0000     -733094.543865
2444.0000     -732659.715055
2448.0000     -733731.126793
2452.0000     -733358.507115
2456.0000     -733857.360786
2460.0000     -733894.065380
2464.0000     -733741.849306
2468.0000     -733063.917345
2472.0000     -732645.262062
2476.0000     -733097.971638
2480.0000     -733292.819784
2484.0000     -732460.921141
2488.0000     -733602.914656
2492.0000     -734251.908523
2496.0000     -733739.763052
2500.0000     -732765.310413
2504.0000     -733258.932039
2508.0000     -732310.091912
2512.0000     -733549.954533
2516.0000     -732927.921241
2520.0000     -733028.780775
2524.0000     -733781.174078
2528.0000     -733075.544551
2532.0000     -732002.796756
2536.0000     -732957.002698
2540.0000     -733018.202827
2544.0000     -733699.474915
2548.0000     -733298.691190
2552.0000     -733815.483987
2556.0000     -733258.444611
2560.0000     -732936.225330
2564.0000     -732661.299633
2568.0000     -733683.643887
2572.0000     -732958.267664
2576.0000     -733463.887153
2580.0000     -733205.825094
2584.0000     -733958.164893
2588.0000     -733707.788891
2592.0000     -733539.776707
2596.0000     -733288.770396
2600.0000     -733711.859202
2604.0000     -733419.901853
2608.0000     -733891.823443
2612.0000     -733952.859520
2616.0000     -733804.693557
2620.0000     -733497.503816
2624.0000     -732928.583596
2628.0000     -733296.447946
2632.0000     -733498.686234
2636.0000     -733343.014762
2640.0000     -733381.521875
2644.0000     -733023.900904
2648.0000     -733092.646612
2652.0000     -733724.567830
2656.0000     -732911.816528
2660.0000     -733451.807216
2664.0000     -733057.022308
2668.0000     -733602.419138
2672.0000     -733709.617075
2676.0000     -730504.841253
2680.0000     -731801.832935
2684.0000     -733760.821059
2688.0000     -732364.157093
2692.0000     -733718.163236
2696.0000     -734188.262784
2700.0000     -733662.636159
2704.0000     -733129.611001
2708.0000     -733711.998891
2712.0000     -733708.438830
2716.0000     -734025.125417
2720.0000     -732574.818528
2724.0000     -733677.138621
2728.0000     -734100.497031
2732.0000     -734242.368361
2736.0000     -733369.219835
2740.0000     -734218.373283
2744.0000     -734064.690658
2748.0000     -733743.707611
2752.0000     -734420.152673
2756.0000     -733552.148275
2760.0000     -734172.733651
2764.0000     -733798.714368
2768.0000     -733165.389050
2772.0000     -734174.867202
2776.0000     -734082.537988
2780.0000     -733369.777630
2784.0000     -733115.893683
2788.0000     -733403.493201
2792.0000     -733172.667924
2796.0000     -733341.121477
2800.0000     -732741.804399
2804.0000     -732925.787943
2808.0000     -732916.061938
2812.0000     -733681.383229
2816.0000     -733443.315126
2820.0000     -732774.292552
2824.0000     -732876.938901
2828.0000     -734042.976029
2832.0000     -732993.465364
2836.0000     -732333.073474
2840.0000     -732644.272309
2844.0000     -733653.167666
2848.0000     -733817.143920
2852.0000     -733284.673866
2856.0000     -733174.067465
2860.0000     -734036.501975
2864.0000     -733796.419529
2868.0000     -733746.363203
2872.0000     -733307.167236
2876.0000     -733731.729246
2880.0000     -732951.271664
2884.0000     -733039.601209
2888.0000     -732535.575549
2892.0000     -732650.114406
2896.0000     -733207.756602
2900.0000     -733036.232829
2904.0000     -733479.861992
2908.0000     -733567.038936
2912.0000     -733881.935643
2916.0000     -733332.255279
2920.0000     -733834.271160
2924.0000     -733173.878582
2928.0000     -733260.525485
2932.0000     -733784.692259
2936.0000     -732904.478358
2940.0000     -733779.161759
2944.0000     -733053.667418
2948.0000     -733345.710351
2952.0000     -734030.455682
2956.0000     -732998.816170
2960.0000     -733216.911754
2964.0000     -731848.997611
2968.0000     -733385.632782
2972.0000     -733886.897946
2976.0000     -733859.539834
2980.0000     -733750.138256
2984.0000     -733580.402613
2988.0000     -732844.767965
2992.0000     -733674.480055
2996.0000     -733111.767919
3000.0000     -733895.035382
3004.0000     -733271.740820
3008.0000     -732933.224946
3012.0000     -734121.142968
3016.0000     -733237.405764
3020.0000     -733751.417886
3024.0000     -733794.265448
3028.0000     -733702.026740
3032.0000     -732752.187938
3036.0000     -733966.305651
3040.0000     -734041.288351
3044.0000     -734087.151793
3048.0000     -732305.245085
3052.0000     -733871.349490
3056.0000     -733510.835530
3060.0000     -733831.073173
3064.0000     -733659.028862
3068.0000     -733483.274061
3072.0000     -733557.085242
3076.0000     -733174.465999
3080.0000     -733064.130630
3084.0000     -732486.893927
3088.0000     -733608.223759
3092.0000     -734499.168627
3096.0000     -733941.327641
3100.0000     -732804.538729
3104.0000     -733256.890516
3108.0000     -732913.842611
3112.0000     -734437.309069
3116.0000     -734495.236120
3120.0000     -733802.695392
3124.0000     -734167.834223
3128.0000     -733003.828732
3132.0000     -733940.736070
3136.0000     -733514.738227
3140.0000     -734174.677493
3144.0000     -734490.908519
3148.0000     -734183.191160
3152.0000     -733519.025604
3156.0000     -733822.291263
3160.0000     -734103.097070
3164.0000     -734000.047981
3168.0000     -733736.788602
3172.0000     -733953.921650
3176.0000     -733469.334017
3180.0000     -733211.819486
3184.0000     -733339.314289
3188.0000     -733892.606309
3192.0000     -733487.492028
3196.0000     -733123.855172
3200.0000     -733666.797277
3204.0000     -732599.574879
3208.0000     -733453.861899
3212.0000     -734245.840407
3216.0000     -734422.193227
3220.0000     -733397.857227
3224.0000     -734858.150631
3228.0000     -734178.758001
3232.0000     -733214.144801
3236.0000     -733910.235195
3240.0000     -733594.338379
3244.0000     -732726.850088
3248.0000     -733654.856418
3252.0000     -733790.728764
3256.0000     -733827.586120
3260.0000     -733187.122977
3264.0000     -733127.496332
3268.0000     -734201.463768
3272.0000     -734613.378929
3276.0000     -733519.008673
3280.0000     -733776.845490
3284.0000     -733967.133611
3288.0000     -733386.134227
3292.0000     -733820.513370
3296.0000     -733794.424485
3300.0000     -733331.882715
3304.0000     -733053.302346
3308.0000     -733931.491774
3312.0000     -734622.760894
3316.0000     -733621.303777
3320.0000     -733464.107747
3324.0000     -733723.244701
3328.0000     -733373.845461
3332.0000     -732985.936030
3336.0000     -733698.488062
3340.0000     -733857.288515
3344.0000     -733135.411326
3348.0000     -733339.412587
3352.0000     -733871.277911
3356.0000     -733447.909049
3360.0000     -733655.301325
3364.0000     -733631.695027
3368.0000     -733794.489334
3372.0000     -733863.309206
3376.0000     -733543.370920
3380.0000     -734368.596413
3384.0000     -733931.114599
3388.0000     -734150.432336
3392.0000     -733555.486188
3396.0000     -733257.792452
3400.0000     -734065.372309
3404.0000     -732925.155089
3408.0000     -733977.149733
3412.0000     -733681.104530
3416.0000     -734663.464358
3420.0000     -733871.440694
3424.0000     -734194.109241
3428.0000     -733378.781619
3432.0000     -733151.941505
3436.0000     -732684.772705
3440.0000     -733760.885083
3444.0000     -732664.292495
3448.0000     -733390.350338
3452.0000     -732680.585756
3456.0000     -733648.529232
3460.0000     -733931.938202
3464.0000     -733450.724617
3468.0000     -733642.051314
3472.0000     -733591.323414
3476.0000     -733726.059245
3480.0000     -734099.346162
3484.0000     -733285.422397
3488.0000     -733448.145900
3492.0000     -733957.255426
3496.0000     -733646.820288
3500.0000     -734140.474524
3504.0000     -733728.635857
3508.0000     -733288.302785
3512.0000     -733438.595843
3516.0000     -734025.409679
3520.0000     -733100.098200
3524.0000     -734236.684254
3528.0000     -734301.110736
3532.0000     -734423.024400
3536.0000     -732652.836341
3540.0000     -732004.126284
3544.0000     -733942.167916
3548.0000     -733416.566981
3552.0000     -733165.459550
3556.0000     -733766.792251
3560.0000     -734180.136028
3564.0000     -734068.266866
3568.0000     -734012.220561
3572.0000     -733861.246514
3576.0000     -733751.765833
3580.0000     -733058.431842
3584.0000     -733329.591169
3588.0000     -733290.658610
3592.0000     -734541.437129
3596.0000     -733494.107713
3600.0000     -734469.581535
3604.0000     -733876.467851
3608.0000     -734025.550058
3612.0000     -733923.898296
3616.0000     -734644.989779
3620.0000     -733777.058215
3624.0000     -732918.603096
3628.0000     -733686.028252
3632.0000     -733812.203799
3636.0000     -734733.294048
3640.0000     -734344.353959
3644.0000     -734015.595198
3648.0000     -733315.634680
3652.0000     -734271.075895
3656.0000     -733144.332234
3660.0000     -733691.012686
3664.0000     -734771.652902
3668.0000     -733370.575698
3672.0000     -734094.194528
3676.0000     -734489.974259
3680.0000     -733337.105461
3684.0000     -733252.381483
3688.0000     -734136.594028
3692.0000     -733569.277272
3696.0000     -733999.610577
3700.0000     -732678.906709
3704.0000     -734015.895229
3708.0000     -733650.565763
3712.0000     -733580.585501
3716.0000     -733248.312570
3720.0000     -733223.768327
3724.0000     -733494.605596
3728.0000     -732228.446343
3732.0000     -733745.894976
3736.0000     -733624.063342
3740.0000     -733271.540798
3744.0000     -733929.129389
3748.0000     -733047.003875
3752.0000     -733312.581694
3756.0000     -733579.642958
3760.0000     -733552.264472
3764.0000     -732725.517023
3768.0000     -733529.360384
3772.0000     -733480.952868
3776.0000     -733554.811611
3780.0000     -733138.550793
3784.0000     -733136.479507
3788.0000     -733516.980095
3792.0000     -733994.411846
3796.0000     -732856.436440
3800.0000     -732713.627059
3804.0000     -732571.848358
3808.0000     -733031.669592
3812.0000     -733828.405185
3816.0000     -734311.411824
3820.0000     -733010.243421
3824.0000     -733321.771283
3828.0000     -733924.130097
3832.0000     -733817.898734
3836.0000     -734015.687790
3840.0000     -733862.930299
3844.0000     -733304.570983
3848.0000     -733633.002250
3852.0000     -733374.457345
3856.0000     -733797.913719
3860.0000     -732847.143737
3864.0000     -733846.689985
3868.0000     -733588.362031
3872.0000     -732434.118376
3876.0000     -732986.512037
3880.0000     -733951.928320
3884.0000     -733192.332780
3888.0000     -733565.692275
3892.0000     -733139.292568
3896.0000     -732846.531435
3900.0000     -733772.078144
3904.0000     -733034.144249
3908.0000     -733766.027528
3912.0000     -734080.301142
3916.0000     -733145.608872
3920.0000     -733389.767094
3924.0000     -734164.863935
3928.0000     -733564.515129
3932.0000     -733697.353444
3936.0000     -734066.172913
3940.0000     -734284.918069
3944.0000     -732996.623815
3948.0000     -733052.431856
3952.0000     -733815.636455
3956.0000     -734048.586508
3960.0000     -732548.244861
3964.0000     -733677.868394
3968.0000     -733211.968355
3972.0000     -734198.975460
3976.0000     -733259.552960
3980.0000     -733716.456299
3984.0000     -733393.074717
3988.0000     -733537.969367
3992.0000     -733707.400855
3996.0000     -732897.951864
4000.0000     -733189.434254
4004.0000     -733189.434254
