4.0000     -732988.920396
8.0000     -732127.053098
12.0000     -733250.311155
16.0000     -732410.741914
20.0000     -732490.635878
24.0000     -732958.861253
28.0000     -732446.117591
32.0000     -732468.380731
36.0000     -732836.801297
40.0000     -732895.037528
44.0000     -732879.932307
48.0000     -732590.576578
52.0000     -732138.478870
56.0000     -732712.048249
60.0000     -731733.806039
64.0000     -732746.720076
68.0000     -733014.407332
72.0000     -732430.483686
76.0000     -732575.876271
80.0000     -732024.174063
84.0000     -733014.103603
88.0000     -733103.528428
92.0000     -732131.538201
96.0000     -733009.265992
100.0000     -732509.768036
104.0000     -732767.965251
108.0000     -733255.576949
112.0000     -732744.436244
116.0000     -732560.720552
120.0000     -733506.168695
124.0000     -733386.628699
128.0000     -732392.385527
132.0000     -732473.790452
136.0000     -732313.923833
140.0000     -732437.394714
144.0000     -732585.582557
148.0000     -733359.090619
152.0000     -732788.962931
156.0000     -732684.109230
160.0000     -733615.283376
164.0000     -732865.608022
168.0000     -733358.421966
172.0000     -733318.679284
176.0000     -733529.465143
180.0000     -733568.849450
184.0000     -733048.398710
188.0000     -733348.441972
192.0000     -733467.260116
196.0000     -733566.879994
200.0000     -733470.014112
204.0000     -733195.325899
208.0000     -732095.137030
212.0000     -733700.405721
216.0000     -733768.026135
220.0000     -733351.322033
224.0000     -733433.498429
228.0000     -732639.869406
232.0000     -732974.052181
236.0000     -732827.970285
240.0000     -733795.724755
244.0000     -733356.136091
248.0000     -733616.745210
252.0000     -733034.470488
256.0000     -733252.683776
260.0000     -733202.083769
264.0000     -733268.453437
268.0000     -733882.622845
272.0000     -733778.491636
276.0000     -733376.303296
280.0000     -732803.678157
284.0000     -733172.453852
288.0000     -733825.342264
292.0000     -733464.749085
296.0000     -733325.970208
300.0000     -733458.328203
304.0000     -733734.444861
308.0000     -733457.144104
312.0000     -732294.697238
316.0000     -733634.488619
320.0000     -734164.225333
324.0000     -733405.714009
328.0000     -733034.735698
332.0000     -733548.644253
336.0000     -734286.899251
340.0000     -733452.725983
344.0000     -733140.933418
348.0000     -733871.857952
352.0000     -733579.920879
356.0000     -733629.383995
360.0000     -732836.264056
364.0000     -733756.676772
368.0000     -733791.466759
372.0000     -733735.582414
376.0000     -732965.597708
380.0000     -734056.848071
384.0000     -733135.916291
388.0000     -733732.414739
392.0000     -733232.935166
396.0000     -733581.558746
400.0000     -733811.047874
404.0000     -733527.508909
408.0000     -733109.604921
412.0000     -733915.263856
416.0000     -732826.726055
420.0000     -733376.295468
424.0000     -733487.211429
428.0000     -733186.761421
432.0000     -733916.262744
436.0000     -733638.411657
440.0000     -733972.381400
444.0000     -733700.513357
448.0000     -733526.776295
452.0000     -733227.297261
456.0000     -733351.098437
460.0000     -732753.618670
464.0000     -733678.448365
468.0000     -732453.870246
472.0000     -733447.332808
476.0000     -732553.781406
480.0000     -733833.781118
484.0000     -733499.511877
488.0000     -732931.345727
492.0000     -732866.002306
496.0000     -732913.775819
500.0000     -733124.994648
504.0000     -733085.210785
508.0000     -733714.035738
512.0000     -733360.482928
516.0000     -732811.036338
520.0000     -733557.324594
524.0000     -733397.030961
528.0000     -733182.393754
532.0000     -733817.105206
536.0000     -733784.666694
540.0000     -733888.294080
544.0000     -733709.921846
548.0000     -733503.328344
552.0000     -733082.760513
556.0000     -733410.039071
560.0000     -733222.243398
564.0000     -733563.460201
568.0000     -733554.948452
572.0000     -733959.730395
576.0000     -732742.475148
580.0000     -733154.655326
584.0000     -733372.144889
588.0000     -733593.940286
592.0000     -733399.961488
596.0000     -732784.873070
600.0000     -733207.468848
604.0000     -732919.838438
608.0000     -732864.466473
612.0000     -733350.864636
616.0000     -733546.240808
620.0000     -733410.374872
624.0000     -734242.368995
628.0000     -733021.904507
632.0000     -733273.401032
636.0000     -733305.757573
640.0000     -733274.885436
644.0000     -733056.752745
648.0000     -732702.489315
652.0000     -733032.835961
656.0000     -733039.272190
660.0000     -732842.029788
664.0000     -732411.976847
668.0000     -732536.955571
672.0000     -733177.164841
676.0000     -733147.582824
680.0000     -733417.179872
684.0000     -733086.822889
688.0000     -732671.903354
692.0000     -733641.529145
696.0000     -733781.356874
700.0000     -733655.717507
704.0000     -733153.683902
708.0000     -732490.435652
712.0000     -733277.609216
716.0000     -733506.950580
720.0000     -733559.440748
724.0000     -733699.578277
728.0000     -732670.611816
732.0000     -733328.374131
736.0000     -733084.135635
740.0000     -733205.882523
744.0000     -733590.376150
748.0000     -733027.335038
752.0000     -733387.375688
756.0000     -733951.443520
760.0000     -733829.889445
764.0000     -734263.125314
768.0000     -733967.202507
772.0000     -732832.383873
776.0000     -733617.581804
780.0000     -733152.842000
784.0000     -733261.089658
788.0000     -732560.407262
792.0000     -733543.280356
796.0000     -733692.840294
800.0000     -733738.672248
804.0000     -732669.897799
808.0000     -733838.684473
812.0000     -733580.724088
816.0000     -733593.866964
820.0000     -733640.290250
824.0000     -733274.721677
828.0000     -733944.195054
832.0000     -733949.006861
836.0000     -733140.525155
840.0000     -733439.378211
844.0000     -733796.799077
848.0000     -733533.067766
852.0000     -733832.378626
856.0000     -733601.994483
860.0000     -733339.706868
864.0000     -733925.380611
868.0000     -733430.268192
872.0000     -734334.909769
876.0000     -733635.214851
880.0000     -733067.264275
884.0000     -733845.786203
888.0000     -733641.119410
892.0000     -733657.869262
896.0000     -733601.382860
900.0000     -734143.544171
904.0000     -734168.066207
908.0000     -733896.813037
912.0000     -733504.776577
916.0000     -733236.135218
920.0000     -733733.475801
924.0000     -732735.887839
928.0000     -733008.062734
932.0000     -733007.990059
936.0000     -733987.129766
940.0000     -733420.713937
944.0000     -734142.800392
948.0000     -733246.328848
952.0000     -733847.853530
956.0000     -734127.884326
960.0000     -733701.782722
964.0000     -733076.762323
968.0000     -733811.771910
972.0000     -733744.861562
976.0000     -733374.727152
980.0000     -733257.101774
984.0000     -733442.363764
988.0000     -733444.214437
992.0000     -732876.212043
996.0000     -732904.151597
1000.0000     -733541.345587
1004.0000     -732375.725067
1008.0000     -733067.030747
1012.0000     -733748.547380
1016.0000     -732986.394547
1020.0000     -734166.810394
1024.0000     -733636.136530
1028.0000     -733844.664228
1032.0000     -734606.610652
1036.0000     -733999.277400
1040.0000     -733640.364994
1044.0000     -734065.220810
1048.0000     -733751.127437
1052.0000     -733699.030072
1056.0000     -733037.061293
1060.0000     -733927.469141
1064.0000     -732778.414110
1068.0000     -733121.237274
1072.0000     -734321.480612
1076.0000     -733135.933062
1080.0000     -733287.921262
1084.0000     -733848.925423
1088.0000     -733444.559598
1092.0000     -733484.941068
1096.0000     -733285.058766
1100.0000     -732830.446474
1104.0000     -733008.867664
1108.0000     -733148.674361
1112.0000     -732800.874625
1116.0000     -733426.523738
1120.0000     -733499.128321
1124.0000     -733876.970286
1128.0000     -733039.593239
1132.0000     -733640.138907
1136.0000     -733253.551256
1140.0000     -733492.744919
1144.0000     -732306.250708
1148.0000     -733268.384517
1152.0000     -734638.694390
1156.0000     -733608.690372
1160.0000     -733885.768397
1164.0000     -732546.567988
1168.0000     -733461.474630
1172.0000     -733851.623797
1176.0000     -734107.620856
1180.0000     -734051.689709
1184.0000     -733163.636438
1188.0000     -733046.985299
1192.0000     -732833.078060
1196.0000     -732818.673629
1200.0000     -733565.882546
1204.0000     -733240.740779
1208.0000     -733859.914049
1212.0000     -733740.763613
1216.0000     -733457.795983
1220.0000     -734117.429463
1224.0000     -733569.606343
1228.0000     -733440.423015
1232.0000     -734244.286218
1236.0000     -733065.459191
1240.0000     -733400.948203
1244.0000     -733406.572998
1248.0000     -733626.241828
1252.0000     -732849.527161
1256.0000     -733317.890275
1260.0000     -733624.572206
1264.0000     -733555.781476
1268.0000     -733793.888363
1272.0000     -734041.361941
1276.0000     -734064.462972
1280.0000     -733569.221321
1284.0000     -733459.200113
1288.0000     -734005.365016
1292.0000     -733486.765753
1296.0000     -733844.072092
1300.0000     -733935.851178
1304.0000     -733486.472221
1308.0000     -733693.759798
1312.0000     -734052.486923
1316.0000     -733001.863809
1320.0000     -733403.562479
1324.0000     -733526.901336
1328.0000     -733487.012410
1332.0000     -733198.643655
1336.0000     -734327.764254
1340.0000     -733244.935156
1344.0000     -734016.861482
1348.0000     -733845.965627
1352.0000     -733694.481365
1356.0000     -733636.253544
1360.0000     -734984.723618
1364.0000     -733136.035789
1368.0000     -732972.697169
1372.0000     -733970.069547
1376.0000     -733908.144046
1380.0000     -733745.954393
1384.0000     -733393.750343
1388.0000     -733657.195006
1392.0000     -733394.972880
1396.0000     -733419.655938
1400.0000     -733637.438213
1404.0000     -733227.309713
1408.0000     -733584.159885
1412.0000     -733653.668233
1416.0000     -733013.018590
1420.0000     -732821.256403
1424.0000     -733842.230122
1428.0000     -733631.510748
1432.0000     -734270.928568
1436.0000     -733234.975469
1440.0000     -734073.099229
1444.0000     -732375.375491
1448.0000     -733505.676984
1452.0000     -733233.277397
1456.0000     -733535.499891
1460.0000     -733645.097481
1464.0000     -733364.784951
1468.0000     -733685.202717
1472.0000     -732997.208457
1476.0000     -734069.784706
1480.0000     -733613.003795
1484.0000     -734128.002812
1488.0000     -733120.312322
1492.0000     -733312.867582
1496.0000     -732917.897056
1500.0000     -733597.614419
1504.0000     -734033.038934
1508.0000     -733957.689344
1512.0000     -733571.977776
1516.0000     -733811.679424
1520.0000     -733770.019184
1524.0000     -733741.178229
1528.0000     -733575.744265
1532.0000     -733986.287541
1536.0000     -733854.282501
1540.0000     -733100.609268
1544.0000     -733999.035611
1548.0000     -733698.588647
1552.0000     -733745.429144
1556.0000     -733651.312106
1560.0000     -733806.505335
1564.0000     -734045.584868
1568.0000     -734552.318239
1572.0000     -734501.637383
1576.0000     -734392.364955
1580.0000     -733425.787979
1584.0000     -733696.842951
1588.0000     -733229.514788
1592.0000     -732939.008622
1596.0000     -733650.957664
1600.0000     -732798.506343
1604.0000     -733466.897027
1608.0000     -733246.462612
1612.0000     -733434.541571
1616.0000     -733982.429187
1620.0000     -733935.863845
1624.0000     -732359.293785
1628.0000     -733649.144665
1632.0000     -733467.390914
1636.0000     -733852.820532
1640.0000     -733540.541665
1644.0000     -733419.347612
1648.0000     -733465.947393
1652.0000     -733242.760415
1656.0000     -733044.497205
1660.0000     -732619.695160
1664.0000     -732830.296913
1668.0000     -733022.599290
1672.0000     -733396.751713
1676.0000     -732993.510582
1680.0000     -733121.794397
1684.0000     -733394.508216
1688.0000     -733455.131718
1692.0000     -733982.164991
1696.0000     -734277.969677
1700.0000     -734549.042798
1704.0000     -733662.889303
1708.0000     -734065.451782
1712.0000     -733781.490790
1716.0000     -733557.798857
1720.0000     -734261.021842
1724.0000     -733307.281715
1728.0000     -733716.724370
1732.0000     -733410.081198
1736.0000     -733893.339239
1740.0000     -733883.669809
1744.0000     -733715.616113
1748.0000     -733646.368025
1752.0000     -733577.660556
1756.0000     -734283.228886
1760.0000     -733833.284137
1764.0000     -733963.070059
1768.0000     -733359.020893
1772.0000     -734253.565941
1776.0000     -733994.792058
1780.0000     -733632.264406
1784.0000     -733893.508752
1788.0000     -733557.736260
1792.0000     -734315.299610
1796.0000     -733393.564410
1800.0000     -733902.134637
1804.0000     -734007.364921
1808.0000     -734191.523467
1812.0000     -733825.205136
1816.0000     -733127.694184
1820.0000     -733533.138780
1824.0000     -734485.763932
1828.0000     -734239.351258
1832.0000     -734553.549666
1836.0000     -733878.405284
1840.0000     -734424.037256
1844.0000     -733951.175292
1848.0000     -733924.199681
1852.0000     -733358.850653
1856.0000     -733592.325748
1860.0000     -733577.879534
1864.0000     -733718.936903
1868.0000     -732841.620919
1872.0000     -733890.785614
1876.0000     -732631.340045
1880.0000     -733379.704644
1884.0000     -733722.829592
1888.0000     -733306.319544
1892.0000     -733873.963684
1896.0000     -733319.953587
1900.0000     -732678.777643
1904.0000     -733358.966171
1908.0000     -733317.643758
1912.0000     -733414.630157
1916.0000     -734183.690816
1920.0000     -733808.932542
1924.0000     -733573.992752
1928.0000     -734213.850758
1932.0000     -733441.348909
1936.0000     -733234.558161
1940.0000     -733845.932113
1944.0000     -733704.717635
1948.0000     -733811.059635
1952.0000     -733497.616779
1956.0000     -733606.775234
1960.0000     -733963.994631
1964.0000     -732617.426718
1968.0000     -733659.030558
1972.0000     -734082.621610
1976.0000     -733293.461796
1980.0000     -733620.317531
1984.0000     -733357.710369
1988.0000     -732748.990458
1992.0000     -733224.047877
1996.0000     -733026.839627
2000.0000     -732988.215445
2004.0000     -733546.876666
2008.0000     -733426.751979
2012.0000     -733182.253475
2016.0000     -732912.586062
2020.0000     -733687.706761
2024.0000     -733630.843567
2028.0000     -733397.546362
2032.0000     -734020.698973
2036.0000     -733197.531816
2040.0000     -733359.224264
2044.0000     -733634.969223
2048.0000     -732533.777635
2052.0000     -733664.060434
2056.0000     -734099.583893
2060.0000     -732993.624267
2064.0000     -733013.636209
2068.0000     -733388.156329
2072.0000     -733607.446938
2076.0000     -733670.945416
2080.0000     -733466.429418
2084.0000     -734243.708381
2088.0000     -734089.321291
2092.0000     -733318.799288
2096.0000     -733291.247348
2100.0000     -733781.202887
2104.0000     -732716.990207
2108.0000     -733918.051971
2112.0000     -734439.629929
2116.0000     -733228.593614
2120.0000     -733320.576963
2124.0000     -733169.498701
2128.0000     -733229.741716
2132.0000     -733294.284784
2136.0000     -733549.396503
2140.0000     -732708.547917
2144.0000     -732891.762880
2148.0000     -733062.819272
2152.0000     -733760.367472
2156.0000     -733307.255671
2160.0000     -733945.745205
2164.0000     -733365.163825
2168.0000     -733278.567272
2172.0000     -733766.254696
2176.0000     -733312.068975
2180.0000     -732923.992740
2184.0000     -733941.862828
2188.0000     -733624.218303
2192.0000     -733880.195400
2196.0000     -733069.554264
2200.0000     -733534.025570
2204.0000     -733554.406929
2208.0000     -733023.467777
2212.0000     -734065.773041
2216.0000     -733408.995611
2220.0000     -733428.443418
2224.0000     -733663.725574
2228.0000     -733360.849998
2232.0000     -733050.043208
2236.0000     -733203.824792
2240.0000     -733190.523200
2244.0000     -733515.043424
2248.0000     -733867.464509
2252.0000     -734289.893731
2256.0000     -733130.660237
2260.0000     -733410.875744
2264.0000     -733434.690882
2268.0000     -733458.554384
2272.0000     -733019.062364
2276.0000     -733592.380573
2280.0000     -733867.752197
2284.0000     -733354.167808
2288.0000     -733561.877234
2292.0000     -734426.768692
2296.0000     -733023.378762
2300.0000     -733726.667486
2304.0000     -732487.039291
2308.0000     -733356.436402
2312.0000     -734384.295404
2316.0000     -733513.839104
2320.0000     -733626.722244
2324.0000     -733405.375807
2328.0000     -733454.398809
2332.0000     -733458.755075
2336.0000     -732995.847170
2340.0000     -732812.422013
2344.0000     -733092.701282
2348.0000     -733234.244034
2352.0000     -734011.747196
2356.0000     -733787.609684
2360.0000     -733043.136056
2364.0000     -733303.659279
2368.0000     -733493.127454
2372.0000     -733299.955433
2376.0000     -733271.122409
2380.0000     -733279.745195
2384.0000     -734201.469004
2388.0000     -733566.788212
2392.0000     -733655.335590
2396.0000     -733286.686888
2400.0000     -733927.064518
2404.0000     -733610.533259
2408.0000     -733005.022220
2412.0000     -733323.499766
2416.0000     -733008.373476
2420.0000     -733970.427639
2424.0000     -734474.933738
2428.0000     -734268.235013
2432.0000     -733985.330350
2436.0000     -733834.531376
2440.0000     -734663.529383
2444.0000     -733169.497824
2448.0000     -733612.383587
2452.0000     -732810.792800
2456.0000     -734177.777015
2460.0000     -733117.148809
2464.0000     -733374.937155
2468.0000     -732819.769790
2472.0000     -733821.123162
2476.0000     -733841.862094
2480.0000     -732735.399322
2484.0000     -733157.806456
2488.0000     -734572.412612
2492.0000     -733823.331305
2496.0000     -733293.131700
2500.0000     -734200.171289
2504.0000     -733546.877708
2508.0000     -733851.100716
2512.0000     -733900.430039
2516.0000     -733196.403339
2520.0000     -733084.418945
2524.0000     -733753.111496
2528.0000     -733082.380454
2532.0000     -733082.555814
2536.0000     -733587.695708
2540.0000     -733472.905066
2544.0000     -732996.182104
2548.0000     -733641.697393
2552.0000     -733608.479875
2556.0000     -733061.999824
2560.0000     -733262.376628
2564.0000     -733273.471549
2568.0000     -733518.059843
2572.0000     -733071.459490
2576.0000     -733827.202220
2580.0000     -733431.522836
2584.0000     -733408.182622
2588.0000     -732662.541942
2592.0000     -733777.542844
2596.0000     -732648.890742
2600.0000     -733613.233659
2604.0000     -733665.105866
2608.0000     -733277.700505
2612.0000     -733334.634722
2616.0000     -733463.603441
2620.0000     -733567.371515
2624.0000     -733879.608624
2628.0000     -733125.340622
2632.0000     -733878.491205
2636.0000     -734097.209065
2640.0000     -733769.418356
2644.0000     -734126.411864
2648.0000     -733763.342790
2652.0000     -733589.298649
2656.0000     -733752.610379
2660.0000     -734178.424220
2664.0000     -733721.868428
2668.0000     -733528.429321
2672.0000     -733194.549910
2676.0000     -733390.864939
2680.0000     -733489.017301
2684.0000     -734043.396990
2688.0000     -734330.950375
2692.0000     -733906.946271
2696.0000     -733851.948916
2700.0000     -734247.958517
2704.0000     -733536.132563
2708.0000     -734147.176910
2712.0000     -733448.362450
2716.0000     -733959.404530
2720.0000     -733761.382131
2724.0000     -733387.490824
2728.0000     -732922.619135
2732.0000     -734136.347120
2736.0000     -733479.748941
2740.0000     -733511.010113
2744.0000     -733377.810161
2748.0000     -733989.051445
2752.0000     -734103.018936
2756.0000     -734019.706970
2760.0000     -733815.947404
2764.0000     -734138.669600
2768.0000     -734332.766396
2772.0000     -734361.966543
2776.0000     -733619.337899
2780.0000     -734187.406587
2784.0000     -733829.640312
2788.0000     -734337.560272
2792.0000     -734317.129492
2796.0000     -733709.347496
2800.0000     -733765.968479
2804.0000     -732829.312163
2808.0000     -733559.831993
2812.0000     -733627.309335
2816.0000     -734206.462071
2820.0000     -734733.762650
2824.0000     -734366.835085
2828.0000     -734685.355679
2832.0000     -733627.868974
2836.0000     -733012.279495
2840.0000     -732576.675392
2844.0000     -733625.000499
2848.0000     -734068.109967
2852.0000     -734266.227498
2856.0000     -734099.566788
2860.0000     -734515.414839
2864.0000     -734354.013710
2868.0000     -734168.306784
2872.0000     -733497.578649
2876.0000     -733604.961895
2880.0000     -733669.062315
2884.0000     -732152.792018
2888.0000     -734170.306886
2892.0000     -733665.017501
2896.0000     -733560.348350
2900.0000     -733747.089584
2904.0000     -733921.101157
2908.0000     -733921.752078
2912.0000     -733896.509038
2916.0000     -734366.285711
2920.0000     -734217.156364
2924.0000     -733878.808904
2928.0000     -733275.645438
2932.0000     -734183.557560
2936.0000     -733877.956857
2940.0000     -734377.992606
2944.0000     -732909.388146
2948.0000     -735145.531736
2952.0000     -734510.987896
2956.0000     -733722.285613
2960.0000     -733601.676784
2964.0000     -732549.346069
2968.0000     -733639.176258
2972.0000     -733960.167735
2976.0000     -733647.973773
2980.0000     -733698.987897
2984.0000     -733041.959363
2988.0000     -732909.282684
2992.0000     -733225.417199
2996.0000     -733561.600450
3000.0000     -733925.573934
3004.0000     -733786.132226
3008.0000     -733260.959252
3012.0000     -733205.396938
3016.0000     -733603.891059
3020.0000     -733397.178018
3024.0000     -732972.841961
3028.0000     -733511.644244
3032.0000     -732864.465933
3036.0000     -733418.912200
3040.0000     -733726.038080
3044.0000     -733546.905429
3048.0000     -733569.737896
3052.0000     -733515.071817
3056.0000     -733377.822023
3060.0000     -733479.955234
3064.0000     -734161.739448
3068.0000     -732931.432996
3072.0000     -733913.131576
3076.0000     -733625.238712
3080.0000     -733702.497311
3084.0000     -733300.216062
3088.0000     -734224.821003
3092.0000     -733479.584919
3096.0000     -733427.081462
3100.0000     -734048.252433
3104.0000     -733488.143476
3108.0000     -734516.005668
3112.0000     -733299.208906
3116.0000     -733539.524710
3120.0000     -733138.412636
3124.0000     -733527.282559
3128.0000     -733893.791636
3132.0000     -732724.154300
3136.0000     -734207.375544
3140.0000     -733269.902601
3144.0000     -733934.075841
3148.0000     -733404.366519
3152.0000     -734097.751104
3156.0000     -734019.860716
3160.0000     -733286.255950
3164.0000     -733430.327310
3168.0000     -733427.858565
3172.0000     -733664.589193
3176.0000     -734139.220946
3180.0000     -733703.526254
3184.0000     -734204.690814
3188.0000     -734067.508065
3192.0000     -733504.309823
3196.0000     -734103.029619
3200.0000     -734131.059532
3204.0000     -733395.603527
3208.0000     -733238.858540
3212.0000     -734690.870148
3216.0000     -734345.414607
3220.0000     -733726.075940
3224.0000     -733387.201005
3228.0000     -733756.825501
3232.0000     -733474.482085
3236.0000     -733549.063251
3240.0000     -733342.731760
3244.0000     -732957.055393
3248.0000     -734594.543453
3252.0000     -733344.836884
3256.0000     -734036.483344
3260.0000     -733839.850364
3264.0000     -733961.258526
3268.0000     -733864.264276
3272.0000     -733570.633589
3276.0000     -733354.698884
3280.0000     -733785.003312
3284.0000     -733638.326937
3288.0000     -732897.301588
3292.0000     -733546.008033
3296.0000     -734708.599118
3300.0000     -733492.185669
3304.0000     -733881.033460
3308.0000     -733655.818572
3312.0000     -733128.282145
3316.0000     -733357.672759
3320.0000     -734029.032319
3324.0000     -734144.955833
3328.0000     -733933.207386
3332.0000     -734128.109757
3336.0000     -733024.767465
3340.0000     -733340.284342
3344.0000     -733658.660272
3348.0000     -733832.201103
3352.0000     -733219.246648
3356.0000     -733737.116170
3360.0000     -732823.830362
3364.0000     -734599.296627
3368.0000     -734008.695886
3372.0000     -733516.945838
3376.0000     -733330.903460
3380.0000     -733644.332833
3384.0000     -733234.803658
3388.0000     -733802.116892
3392.0000     -734194.657853
3396.0000     -732574.534586
3400.0000     -733615.598458
3404.0000     -733885.893131
3408.0000     -733223.106016
3412.0000     -733762.162512
3416.0000     -733929.870271
3420.0000     -733748.766829
3424.0000     -732618.859654
3428.0000     -733681.560167
3432.0000     -733712.497976
3436.0000     -734023.402343
3440.0000     -733216.504513
3444.0000     -733827.386366
3448.0000     -734372.718554
3452.0000     -733692.256800
3456.0000     -732980.708556
3460.0000     -733823.120145
3464.0000     -733724.659731
3468.0000     -734724.765077
3472.0000     -733795.192965
3476.0000     -734191.054241
3480.0000     -734317.692453
3484.0000     -733188.875651
3488.0000     -733277.319351
3492.0000     -734096.574339
3496.0000     -733315.469413
3500.0000     -733215.470886
3504.0000     -734541.323286
3508.0000     -732673.657736
3512.0000     -734280.202520
3516.0000     -734647.654272
3520.0000     -733921.526934
3524.0000     -733254.404785
3528.0000     -733819.095397
3532.0000     -733474.207438
3536.0000     -733638.231015
3540.0000     -733579.535693
3544.0000     -734370.431300
3548.0000     -732622.357080
3552.0000     -734098.288137
3556.0000     -734000.073956
3560.0000     -733763.578150
3564.0000     -734026.378342
3568.0000     -733837.525755
3572.0000     -733243.284336
3576.0000     -734007.122966
3580.0000     -733542.882508
3584.0000     -734019.105779
3588.0000     -733467.688759
3592.0000     -733714.646054
3596.0000     -732836.568652
3600.0000     -733199.243397
3604.0000     -734210.981046
3608.0000     -733420.185902
3612.0000     -733855.734899
3616.0000     -733405.328185
3620.0000     -733083.234673
3624.0000     -733780.042600
3628.0000     -733804.927098
3632.0000     -733431.624130
3636.0000     -734177.997177
3640.0000     -734433.685743
3644.0000     -733337.129787
3648.0000     -734686.302226
3652.0000     -734026.385918
3656.0000     -733776.546716
3660.0000     -734033.866069
3664.0000     -734950.566370
3668.0000     -732989.106419
3672.0000     -734065.415278
3676.0000     -733926.652509
3680.0000     -733823.013015
3684.0000     -732966.318945
3688.0000     -733312.025106
3692.0000     -734334.863741
3696.0000     -734702.952973
3700.0000     -733881.309308
3704.0000     -734551.595008
3708.0000     -734349.017512
3712.0000     -733844.456720
3716.0000     -733667.503576
3720.0000     -734805.151661
3724.0000     -733656.720757
3728.0000     -734091.473674
3732.0000     -732507.842138
3736.0000     -733085.876256
3740.0000     -734214.771330
3744.0000     -733540.595052
3748.0000     -733249.308292
3752.0000     -733174.248904
3756.0000     -733854.601275
3760.0000     -733827.729325
3764.0000     -733917.486125
3768.0000     -733998.890947
3772.0000     -733628.289190
3776.0000     -733950.549085
3780.0000     -733000.096108
3784.0000     -733642.907293
3788.0000     -732941.165738
3792.0000     -733444.154935
3796.0000     -733464.140048
3800.0000     -733485.124203
3804.0000     -733090.892535
3808.0000     -733584.630311
3812.0000     -733506.684186
3816.0000     -733290.300951
3820.0000     -734602.876106
3824.0000     -733692.941772
3828.0000     -733083.499231
3832.0000     -733189.728307
3836.0000     -733338.991225
3840.0000     -734078.032207
3844.0000     -733875.616648
3848.0000     -734211.830076
3852.0000     -733986.018338
3856.0000     -734673.735193
3860.0000     -735134.150951
3864.0000     -733711.706055
3868.0000     -734229.573867
3872.0000     -733824.781718
3876.0000     -733364.312698
3880.0000     -733883.494198
3884.0000     -735149.571899
3888.0000     -733755.936492
3892.0000     -734117.425922
3896.0000     -733718.783775
3900.0000     -734472.896612
3904.0000     -734252.332998
3908.0000     -733716.771397
3912.0000     -734297.231815
3916.0000     -734239.181503
3920.0000     -733491.444161
3924.0000     -733225.901235
3928.0000     -732863.589301
3932.0000     -734201.854619
3936.0000     -733520.610905
3940.0000     -733357.928043
3944.0000     -733952.364320
3948.0000     -733129.423585
3952.0000     -734115.175062
3956.0000     -734099.949663
3960.0000     -732900.186033
3964.0000     -733842.518361
3968.0000     -734008.549676
3972.0000     -734262.889514
3976.0000     -734822.663810
3980.0000     -733749.966318
3984.0000     -734446.390964
3988.0000     -733882.078674
3992.0000     -734026.140976
3996.0000     -734625.612554
4000.0000     -734503.663299
4004.0000     -734503.663299
