4.0000      -30884.541101
8.0000      -30922.497301
12.0000      -30823.082112
16.0000      -30906.106920
20.0000      -30888.562937
24.0000      -30808.279425
28.0000      -30886.052421
32.0000      -30900.751409
36.0000      -30856.100221
40.0000      -30905.585921
44.0000      -30964.296085
48.0000      -30856.175433
52.0000      -30990.850137
56.0000      -30808.833722
60.0000      -30895.283495
64.0000      -30815.395180
68.0000      -30806.332176
72.0000      -30797.822345
76.0000      -30760.531898
80.0000      -30931.742888
84.0000      -30853.522748
88.0000      -30712.498866
92.0000      -30818.207309
96.0000      -30919.037653
100.0000      -30886.080834
104.0000      -30802.813661
108.0000      -30821.619196
112.0000      -30983.509268
116.0000      -30888.883382
120.0000      -30863.789002
124.0000      -30819.472339
128.0000      -30719.331689
132.0000      -30821.139235
136.0000      -30819.932755
140.0000      -30829.580806
144.0000      -30810.809547
148.0000      -30998.227403
152.0000      -30748.726091
156.0000      -30928.533837
160.0000      -30789.895014
164.0000      -30880.213534
168.0000      -30982.364402
172.0000      -30960.036813
176.0000      -30849.738242
180.0000      -30682.556803
184.0000      -30994.273767
188.0000      -30679.370634
192.0000      -30843.984336
196.0000      -30968.669060
200.0000      -30963.008444
204.0000      -30880.766813
208.0000      -30854.773922
212.0000      -31027.492752
216.0000      -30806.846915
220.0000      -31008.478847
224.0000      -30886.875075
228.0000      -30775.780280
232.0000      -30753.979450
236.0000      -30800.919031
240.0000      -31010.929493
244.0000      -30902.177114
248.0000      -30732.802152
252.0000      -30996.554716
256.0000      -30806.722884
260.0000      -30903.885995
264.0000      -30957.291161
268.0000      -30964.781372
272.0000      -30876.342135
276.0000      -30853.334394
280.0000      -30847.781969
284.0000      -30886.160208
288.0000      -30894.273906
292.0000      -31016.522884
296.0000      -30908.392367
300.0000      -30962.887393
304.0000      -30949.829283
308.0000      -30886.117510
312.0000      -30855.040885
316.0000      -30967.977391
320.0000      -30910.222838
324.0000      -30813.472460
328.0000      -30902.410953
332.0000      -30863.614315
336.0000      -30806.882815
340.0000      -30926.455807
344.0000      -30977.976190
348.0000      -31046.266206
352.0000      -30861.847695
356.0000      -30857.492885
360.0000      -30849.209385
364.0000      -30912.476624
368.0000      -30851.356296
372.0000      -31003.207196
376.0000      -31039.991728
380.0000      -30944.201029
384.0000      -30876.424202
388.0000      -30854.318701
392.0000      -30950.343621
396.0000      -30938.880084
400.0000      -30899.245680
404.0000      -30943.612981
408.0000      -30856.746074
412.0000      -30801.925119
416.0000      -30866.868797
420.0000      -30949.785952
424.0000      -30937.727964
428.0000      -30812.989398
432.0000      -30852.177365
436.0000      -31012.950780
440.0000      -31046.480373
444.0000      -30868.242552
448.0000      -30969.556418
452.0000      -31011.825225
456.0000      -30859.524149
460.0000      -30677.539514
464.0000      -30723.651787
468.0000      -30831.104664
472.0000      -30840.196164
476.0000      -30717.529964
480.0000      -30885.572442
484.0000      -30753.759050
488.0000      -30974.712392
492.0000      -30900.049574
496.0000      -30950.148851
500.0000      -30916.729154
504.0000      -30919.497344
508.0000      -30999.643250
512.0000      -30916.241691
516.0000      -30947.823430
520.0000      -30796.845270
524.0000      -30787.414040
528.0000      -30880.875427
532.0000      -30947.904634
536.0000      -31020.435082
540.0000      -31009.905119
544.0000      -30898.562117
548.0000      -30791.424256
552.0000      -30847.341426
556.0000      -30953.134660
560.0000      -30956.485812
564.0000      -30745.579697
568.0000      -30877.715973
572.0000      -30707.277921
576.0000      -30805.155934
580.0000      -30817.206041
584.0000      -31000.572447
588.0000      -30960.654081
592.0000      -30987.502384
596.0000      -30966.733475
600.0000      -30927.263904
604.0000      -30821.467430
608.0000      -30769.380652
612.0000      -30886.793120
616.0000      -30669.887535
620.0000      -30898.818378
624.0000      -30959.468591
628.0000      -30857.275956
632.0000      -30774.703142
636.0000      -30822.494561
640.0000      -30825.694804
644.0000      -30849.065547
648.0000      -30796.315735
652.0000      -30899.021699
656.0000      -30716.979671
660.0000      -30806.846550
664.0000      -30909.965686
668.0000      -30863.654761
672.0000      -30848.491634
676.0000      -30943.665603
680.0000      -30809.224996
684.0000      -30866.229839
688.0000      -30878.502786
692.0000      -30968.116379
696.0000      -30815.851869
700.0000      -30743.661234
704.0000      -30827.616389
708.0000      -30800.595994
712.0000      -30900.726297
716.0000      -30991.451337
720.0000      -30978.005945
724.0000      -30979.153945
728.0000      -30925.300791
732.0000      -30899.842857
736.0000      -30944.435221
740.0000      -30861.894082
744.0000      -30964.749175
748.0000      -30750.089082
752.0000      -30930.498427
756.0000      -30804.067239
760.0000      -30844.530885
764.0000      -30908.955278
768.0000      -30879.336591
772.0000      -30875.535556
776.0000      -30788.063850
780.0000      -30930.917537
784.0000      -30836.149333
788.0000      -30987.002482
792.0000      -30829.187328
796.0000      -30949.011407
800.0000      -30914.003414
804.0000      -30890.631018
808.0000      -30853.590773
812.0000      -31002.532139
816.0000      -30912.761658
820.0000      -30874.601745
824.0000      -31049.519559
828.0000      -30851.201060
832.0000      -30987.607050
836.0000      -31022.693335
840.0000      -30878.185645
844.0000      -30825.685396
848.0000      -30820.992626
852.0000      -30699.588935
856.0000      -31018.283444
860.0000      -30745.938643
864.0000      -30861.261517
868.0000      -30945.765521
872.0000      -30781.257488
876.0000      -30806.793087
880.0000      -31023.244225
884.0000      -30802.748513
888.0000      -30980.003068
892.0000      -30847.769411
896.0000      -31121.815368
900.0000      -30833.722060
904.0000      -30911.181382
908.0000      -30938.360269
912.0000      -30871.518775
916.0000      -30945.598058
920.0000      -31057.307791
924.0000      -30758.914077
928.0000      -30908.922997
932.0000      -30895.544672
936.0000      -30764.702707
940.0000      -30915.976772
944.0000      -30829.885436
948.0000      -30997.551995
952.0000      -30954.978682
956.0000      -30779.849711
960.0000      -30994.007018
964.0000      -30855.636750
968.0000      -30810.393557
972.0000      -30988.752117
976.0000      -31069.929058
980.0000      -31029.588845
984.0000      -30854.239901
988.0000      -31002.092880
992.0000      -30694.385481
996.0000      -30939.972111
1000.0000      -31000.305564
1004.0000      -30802.565907
1008.0000      -30923.540657
1012.0000      -30693.933765
1016.0000      -30830.494403
1020.0000      -30980.532588
1024.0000      -31005.048338
1028.0000      -30868.454748
1032.0000      -30879.468329
1036.0000      -31033.118644
1040.0000      -30754.192051
1044.0000      -30849.773863
1048.0000      -31073.212029
1052.0000      -30892.113930
1056.0000      -31014.068778
1060.0000      -30892.224704
1064.0000      -31015.467882
1068.0000      -30814.943343
1072.0000      -30865.761850
1076.0000      -30962.492128
1080.0000      -30901.706286
1084.0000      -30992.424325
1088.0000      -30934.680713
1092.0000      -30826.052799
1096.0000      -30983.178295
1100.0000      -31004.839388
1104.0000      -30924.254903
1108.0000      -30960.114423
1112.0000      -30910.910182
1116.0000      -31002.410889
1120.0000      -30887.499997
1124.0000      -30815.653876
1128.0000      -30893.996574
1132.0000      -30900.676196
1136.0000      -31135.538249
1140.0000      -30829.885056
1144.0000      -30841.393672
1148.0000      -30809.267595
1152.0000      -30933.717392
1156.0000      -30904.716029
1160.0000      -30961.629950
1164.0000      -30962.293852
1168.0000      -30983.998442
1172.0000      -31053.713823
1176.0000      -30751.011288
1180.0000      -30884.553307
1184.0000      -30739.533467
1188.0000      -30853.894379
1192.0000      -30845.336036
1196.0000      -30913.122560
1200.0000      -30780.327914
1204.0000      -30851.086930
1208.0000      -30798.814412
1212.0000      -30835.576498
1216.0000      -30859.912858
1220.0000      -30937.112275
1224.0000      -31072.295598
1228.0000      -30797.407954
1232.0000      -30791.542822
1236.0000      -30936.342521
1240.0000      -30872.518105
1244.0000      -30885.194224
1248.0000      -30968.925816
1252.0000      -30886.995445
1256.0000      -30948.112501
1260.0000      -30859.003812
1264.0000      -30968.398990
1268.0000      -31008.845671
1272.0000      -30952.680623
1276.0000      -30946.601730
1280.0000      -30716.840290
1284.0000      -30824.755264
1288.0000      -30815.767968
1292.0000      -30769.273188
1296.0000      -30950.603967
1300.0000      -30951.366062
1304.0000      -30906.097725
1308.0000      -30815.890675
1312.0000      -31009.918448
1316.0000      -31053.863373
1320.0000      -30980.264761
1324.0000      -30887.486057
1328.0000      -30817.951922
1332.0000      -30787.505195
1336.0000      -30820.067033
1340.0000      -30948.269219
1344.0000      -30825.618873
1348.0000      -30997.218616
1352.0000      -30748.834403
1356.0000      -30922.378057
1360.0000      -30904.734764
1364.0000      -30862.420499
1368.0000      -30814.433809
1372.0000      -30807.542264
1376.0000      -30819.676370
1380.0000      -30881.953833
1384.0000      -30861.637781
1388.0000      -30937.966304
1392.0000      -31132.401726
1396.0000      -30835.772308
1400.0000      -30917.822028
1404.0000      -30835.189825
1408.0000      -30932.614077
1412.0000      -30849.264184
1416.0000      -30749.011286
1420.0000      -30915.250290
1424.0000      -31070.692991
1428.0000      -30775.112300
1432.0000      -30930.544069
1436.0000      -30828.713766
1440.0000      -31012.158113
1444.0000      -30930.507614
1448.0000      -30858.330652
1452.0000      -30841.329736
1456.0000      -30936.691975
1460.0000      -30927.896293
1464.0000      -31037.516910
1468.0000      -30963.152734
1472.0000      -30918.176668
1476.0000      -30897.228344
1480.0000      -30885.045679
1484.0000      -30817.140528
1488.0000      -31074.002819
1492.0000      -30987.636279
1496.0000      -30797.962251
1500.0000      -30765.271717
1504.0000      -31114.156897
1508.0000      -30883.473866
1512.0000      -30819.954281
1516.0000      -30842.034047
1520.0000      -30837.999028
1524.0000      -30893.072888
1528.0000      -31035.373995
1532.0000      -30916.528280
1536.0000      -30897.441733
1540.0000      -30776.825339
1544.0000      -30854.812590
1548.0000      -30885.220373
1552.0000      -30884.492514
1556.0000      -30775.192360
1560.0000      -30703.268970
1564.0000      -30798.280166
1568.0000      -30976.047694
1572.0000      -30824.308335
1576.0000      -31020.722444
1580.0000      -30767.713952
1584.0000      -30884.866246
1588.0000      -30930.563401
1592.0000      -30871.381597
1596.0000      -30910.594170
1600.0000      -30983.692267
1604.0000      -30816.893485
1608.0000      -31085.477676
1612.0000      -30800.658824
1616.0000      -30784.710866
1620.0000      -30974.276833
1624.0000      -30961.297183
1628.0000      -30913.509072
1632.0000      -30843.970637
1636.0000      -30745.560261
1640.0000      -30902.504094
1644.0000      -30886.623835
1648.0000      -30815.725983
1652.0000      -30952.159827
1656.0000      -30930.138093
1660.0000      -30933.004769
1664.0000      -30949.813318
1668.0000      -31084.233697
1672.0000      -30999.255155
1676.0000      -30820.216059
1680.0000      -30924.484351
1684.0000      -30881.031448
1688.0000      -30787.079813
1692.0000      -30957.335404
1696.0000      -30854.899018
1700.0000      -30861.389842
1704.0000      -30985.306827
1708.0000      -30745.579342
1712.0000      -30939.401868
1716.0000      -30903.905557
1720.0000      -30863.635901
1724.0000      -30781.153639
1728.0000      -30971.863421
1732.0000      -30939.038687
1736.0000      -30823.417278
1740.0000      -30825.352770
1744.0000      -30893.717778
1748.0000      -30864.689993
1752.0000      -30959.555735
1756.0000      -30886.639971
1760.0000      -30853.217368
1764.0000      -30762.010840
1768.0000      -30833.435274
1772.0000      -30861.075834
1776.0000      -30792.617722
1780.0000      -30891.283974
1784.0000      -31032.537729
1788.0000      -30927.519134
1792.0000      -30875.140738
1796.0000      -30936.001561
1800.0000      -30907.844012
1804.0000      -30848.329751
1808.0000      -30766.466358
1812.0000      -30877.997903
1816.0000      -30846.956712
1820.0000      -31051.233274
1824.0000      -30941.344209
1828.0000      -30795.122029
1832.0000      -30755.424913
1836.0000      -30853.165874
1840.0000      -30995.294979
1844.0000      -31120.799798
1848.0000      -30972.219132
1852.0000      -30868.160013
1856.0000      -30857.991951
1860.0000      -31057.530979
1864.0000      -30908.663670
1868.0000      -31028.107741
1872.0000      -30968.254034
1876.0000      -30882.455736
1880.0000      -30996.018162
1884.0000      -30925.429483
1888.0000      -30903.883365
1892.0000      -30923.047358
1896.0000      -30901.007602
1900.0000      -31002.548326
1904.0000      -30974.925860
1908.0000      -31012.100811
1912.0000      -30957.355626
1916.0000      -30843.430626
1920.0000      -30886.666988
1924.0000      -30905.862053
1928.0000      -30833.722806
1932.0000      -30925.635383
1936.0000      -30859.286318
1940.0000      -31039.024932
1944.0000      -30804.185219
1948.0000      -30694.590403
1952.0000      -31094.479199
1956.0000      -30930.729944
1960.0000      -30794.231053
1964.0000      -30956.439993
1968.0000      -30886.413685
1972.0000      -31000.126316
1976.0000      -30954.977637
1980.0000      -31089.928763
1984.0000      -30824.866060
1988.0000      -30824.609108
1992.0000      -30827.559245
1996.0000      -30887.358379
2000.0000      -30837.408393
2004.0000      -30906.645671
2008.0000      -30856.437297
2012.0000      -30949.243159
2016.0000      -30834.683004
2020.0000      -30994.507708
2024.0000      -30702.280671
2028.0000      -30686.023039
2032.0000      -30956.727022
2036.0000      -30850.011990
2040.0000      -30953.591423
2044.0000      -30968.089333
2048.0000      -30839.591314
2052.0000      -30772.051345
2056.0000      -30767.016493
2060.0000      -30857.765413
2064.0000      -30787.901763
2068.0000      -30745.390282
2072.0000      -30948.577797
2076.0000      -30887.785862
2080.0000      -30992.439454
2084.0000      -30878.112896
2088.0000      -30990.506735
2092.0000      -30803.892195
2096.0000      -30892.688087
2100.0000      -30988.342376
2104.0000      -30915.661512
2108.0000      -30848.075301
2112.0000      -31007.530654
2116.0000      -30864.064612
2120.0000      -31047.536212
2124.0000      -30845.334237
2128.0000      -30893.040550
2132.0000      -30972.991475
2136.0000      -30826.109917
2140.0000      -30824.589118
2144.0000      -30866.748510
2148.0000      -30687.226870
2152.0000      -30837.439243
2156.0000      -30840.592252
2160.0000      -30932.770917
2164.0000      -30762.563301
2168.0000      -30966.918562
2172.0000      -30908.019395
2176.0000      -30933.042505
2180.0000      -30860.768169
2184.0000      -30781.711718
2188.0000      -30772.187448
2192.0000      -30940.532456
2196.0000      -30926.768949
2200.0000      -30757.958690
2204.0000      -31018.607815
2208.0000      -30803.951678
2212.0000      -30929.866994
2216.0000      -30980.140247
2220.0000      -30988.818777
2224.0000      -30882.263466
2228.0000      -30843.697347
2232.0000      -30880.738027
2236.0000      -30938.700927
2240.0000      -30922.862567
2244.0000      -30792.779295
2248.0000      -30857.778173
2252.0000      -30937.538924
2256.0000      -30829.001684
2260.0000      -30905.192049
2264.0000      -31001.234385
2268.0000      -30891.411934
2272.0000      -31084.715710
2276.0000      -31071.093970
2280.0000      -30929.065705
2284.0000      -30731.669483
2288.0000      -30955.201670
2292.0000      -30958.987953
2296.0000      -31085.670278
2300.0000      -30953.885455
2304.0000      -30984.513772
2308.0000      -31009.827344
2312.0000      -30954.515487
2316.0000      -30935.264555
2320.0000      -31014.907913
2324.0000      -30796.110419
2328.0000      -31106.244154
2332.0000      -31060.446369
2336.0000      -30976.702976
2340.0000      -30871.254718
2344.0000      -30972.643343
2348.0000      -30940.464853
2352.0000      -31001.540969
2356.0000      -30689.431916
2360.0000      -30833.892070
2364.0000      -30797.343851
2368.0000      -30833.975731
2372.0000      -31071.808325
2376.0000      -30893.829250
2380.0000      -30935.003115
2384.0000      -30980.398776
2388.0000      -30833.235155
2392.0000      -30952.332165
2396.0000      -30920.338708
2400.0000      -31092.702897
2404.0000      -31114.782579
2408.0000      -30843.455068
2412.0000      -30757.568532
2416.0000      -30838.580492
2420.0000      -30668.978909
2424.0000      -30696.491280
2428.0000      -30876.340213
2432.0000      -30788.357380
2436.0000      -30968.061111
2440.0000      -30836.810929
2444.0000      -30927.990289
2448.0000      -30877.939386
2452.0000      -30856.185534
2456.0000      -30952.962045
2460.0000      -31011.318068
2464.0000      -30771.417325
2468.0000      -30794.782008
2472.0000      -31077.240785
2476.0000      -30956.225317
2480.0000      -30772.997905
2484.0000      -30825.261247
2488.0000      -31024.991615
2492.0000      -31030.848898
2496.0000      -30958.316708
2500.0000      -30834.596047
2504.0000      -30981.197506
2508.0000      -30876.107594
2512.0000      -30736.154614
2516.0000      -30936.679648
2520.0000      -30870.333023
2524.0000      -30934.189549
2528.0000      -30854.684925
2532.0000      -30956.460177
2536.0000      -31085.874412
2540.0000      -31030.666294
2544.0000      -30926.987908
2548.0000      -30908.303123
2552.0000      -30802.169489
2556.0000      -30958.320061
2560.0000      -30914.537490
2564.0000      -30870.623263
2568.0000      -30711.794622
2572.0000      -30990.402252
2576.0000      -31003.773267
2580.0000      -30852.402130
2584.0000      -30938.656865
2588.0000      -30765.021526
2592.0000      -30967.617748
2596.0000      -31002.824041
2600.0000      -30812.963068
2604.0000      -30949.054498
2608.0000      -30857.445578
2612.0000      -30825.565242
2616.0000      -30883.890409
2620.0000      -30835.176985
2624.0000      -30833.698894
2628.0000      -30894.728547
2632.0000      -30871.695020
2636.0000      -30843.648677
2640.0000      -30928.852340
2644.0000      -30941.234138
2648.0000      -30928.533422
2652.0000      -30789.869498
2656.0000      -30976.227306
2660.0000      -30977.047675
2664.0000      -30970.295956
2668.0000      -30910.889312
2672.0000      -30979.007207
2676.0000      -30885.079757
2680.0000      -30818.377094
2684.0000      -30844.954867
2688.0000      -30879.753347
2692.0000      -30990.379720
2696.0000      -30780.720125
2700.0000      -30806.420193
2704.0000      -30814.041881
2708.0000      -30817.046950
2712.0000      -30941.075580
2716.0000      -30956.498028
2720.0000      -30922.927048
2724.0000      -30900.997108
2728.0000      -30793.830370
2732.0000      -30865.923552
2736.0000      -31024.240413
2740.0000      -30838.079032
2744.0000      -30978.420125
2748.0000      -30791.065193
2752.0000      -30890.222113
2756.0000      -30931.759600
2760.0000      -30855.810659
2764.0000      -30907.688396
2768.0000      -30817.072285
2772.0000      -30858.980323
2776.0000      -30954.420091
2780.0000      -30952.044765
2784.0000      -30764.216540
2788.0000      -31038.212168
2792.0000      -30788.335754
2796.0000      -30857.196106
2800.0000      -30938.215166
2804.0000      -30862.229434
2808.0000      -30816.659019
2812.0000      -30745.610364
2816.0000      -30772.622339
2820.0000      -30889.853832
2824.0000      -30924.756288
2828.0000      -30827.048600
2832.0000      -30661.390970
2836.0000      -30928.746874
2840.0000      -31022.317591
2844.0000      -30968.039151
2848.0000      -30958.363534
2852.0000      -30962.942453
2856.0000      -30974.816177
2860.0000      -30886.293465
2864.0000      -30892.309408
2868.0000      -30878.492754
2872.0000      -30973.009085
2876.0000      -30969.484293
2880.0000      -30965.663648
2884.0000      -30866.358572
2888.0000      -30941.338139
2892.0000      -30686.747837
2896.0000      -30912.675183
2900.0000      -30934.974636
2904.0000      -31007.602230
2908.0000      -30966.349235
2912.0000      -30836.537829
2916.0000      -31047.001024
2920.0000      -30836.529946
2924.0000      -30810.840218
2928.0000      -30891.378457
2932.0000      -30784.562205
2936.0000      -30868.635144
2940.0000      -30905.290138
2944.0000      -30809.369844
2948.0000      -30871.674750
2952.0000      -30977.766631
2956.0000      -31007.542277
2960.0000      -31034.920443
2964.0000      -30977.538841
2968.0000      -31007.130660
2972.0000      -30917.020808
2976.0000      -30868.896343
2980.0000      -30894.577749
2984.0000      -30865.453168
2988.0000      -30951.738256
2992.0000      -30917.970106
2996.0000      -30823.143743
3000.0000      -30898.193319
3004.0000      -30766.324406
3008.0000      -30795.478976
3012.0000      -30743.811057
3016.0000      -30884.535761
3020.0000      -30952.661503
3024.0000      -30770.440155
3028.0000      -30976.689644
3032.0000      -31011.239702
3036.0000      -30835.927263
3040.0000      -30929.294191
3044.0000      -30903.991943
3048.0000      -30756.000486
3052.0000      -30858.055776
3056.0000      -30878.298509
3060.0000      -30933.940753
3064.0000      -30889.456387
3068.0000      -30830.397941
3072.0000      -30792.054915
3076.0000      -30790.916234
3080.0000      -30873.505992
3084.0000      -30897.093691
3088.0000      -30813.340638
3092.0000      -30856.590783
3096.0000      -31060.762534
3100.0000      -30939.486524
3104.0000      -30914.523008
3108.0000      -30869.387583
3112.0000      -30891.580555
3116.0000      -30907.996742
3120.0000      -30888.243468
3124.0000      -31068.729328
3128.0000      -30909.039844
3132.0000      -31017.432202
3136.0000      -30830.086305
3140.0000      -30782.449704
3144.0000      -30988.463768
3148.0000      -30925.025432
3152.0000      -30876.854371
3156.0000      -30872.757624
3160.0000      -30744.644220
3164.0000      -30707.393696
3168.0000      -30933.368658
3172.0000      -30926.437840
3176.0000      -30877.996751
3180.0000      -30853.043895
3184.0000      -30780.543466
3188.0000      -30920.299256
3192.0000      -31041.324765
3196.0000      -30925.548607
3200.0000      -30789.100661
3204.0000      -30925.859459
3208.0000      -30856.131714
3212.0000      -30734.248333
3216.0000      -30794.427854
3220.0000      -30827.391242
3224.0000      -30791.796338
3228.0000      -31069.931358
3232.0000      -30949.906122
3236.0000      -30800.329860
3240.0000      -30867.161550
3244.0000      -30913.085731
3248.0000      -30913.874573
3252.0000      -30812.533631
3256.0000      -30882.807251
3260.0000      -30878.645840
3264.0000      -30949.250260
3268.0000      -30941.908895
3272.0000      -30806.072912
3276.0000      -30859.205389
3280.0000      -30959.010733
3284.0000      -30775.664978
3288.0000      -30718.948711
3292.0000      -30790.051260
3296.0000      -30735.022710
3300.0000      -30747.031531
3304.0000      -30857.754256
3308.0000      -31053.047110
3312.0000      -30884.329354
3316.0000      -31002.451225
3320.0000      -30794.798192
3324.0000      -30815.463791
3328.0000      -30870.788809
3332.0000      -30809.012213
3336.0000      -30887.110470
3340.0000      -30835.039905
3344.0000      -30803.307145
3348.0000      -30929.016424
3352.0000      -31070.126064
3356.0000      -30950.635213
3360.0000      -30979.541474
3364.0000      -30945.508748
3368.0000      -30944.025474
3372.0000      -31115.016244
3376.0000      -31137.015658
3380.0000      -30931.939827
3384.0000      -30695.979542
3388.0000      -31081.897387
3392.0000      -30896.530779
3396.0000      -30882.195218
3400.0000      -30875.050358
3404.0000      -30811.981421
3408.0000      -30732.844474
3412.0000      -31127.982354
3416.0000      -30810.829213
3420.0000      -30819.156797
3424.0000      -31017.339832
3428.0000      -30891.048923
3432.0000      -30962.058417
3436.0000      -30876.329477
3440.0000      -30943.756531
3444.0000      -30904.231122
3448.0000      -30878.943908
3452.0000      -30938.844133
3456.0000      -30918.236350
3460.0000      -30986.995522
3464.0000      -30889.680561
3468.0000      -30889.140768
3472.0000      -30865.544660
3476.0000      -30930.140250
3480.0000      -30990.886218
3484.0000      -30909.311141
3488.0000      -30987.671729
3492.0000      -31045.674521
3496.0000      -31031.448929
3500.0000      -30954.292439
3504.0000      -30759.478570
3508.0000      -30959.963854
3512.0000      -30800.498493
3516.0000      -30850.218484
3520.0000      -30919.395046
3524.0000      -30938.887242
3528.0000      -30822.226659
3532.0000      -30851.941779
3536.0000      -30896.778241
3540.0000      -30915.750612
3544.0000      -31024.648326
3548.0000      -30687.702358
3552.0000      -30945.409870
3556.0000      -30965.340060
3560.0000      -30728.635809
3564.0000      -30903.339814
3568.0000      -30860.307080
3572.0000      -30861.416671
3576.0000      -30981.801671
3580.0000      -30825.630823
3584.0000      -30906.418458
3588.0000      -30712.390790
3592.0000      -30805.329884
3596.0000      -30710.701666
3600.0000      -30813.338230
3604.0000      -30853.240235
3608.0000      -30877.893371
3612.0000      -30862.159486
3616.0000      -30901.476021
3620.0000      -30870.212378
3624.0000      -30803.163873
3628.0000      -30746.783251
3632.0000      -31014.038575
3636.0000      -30878.757310
3640.0000      -30893.328082
3644.0000      -30783.009605
3648.0000      -30880.460406
3652.0000      -30905.881978
3656.0000      -31066.275856
3660.0000      -30945.933158
3664.0000      -31114.337882
3668.0000      -30753.041464
3672.0000      -30871.038187
3676.0000      -30874.455695
3680.0000      -30881.455715
3684.0000      -30763.768578
3688.0000      -30746.431177
3692.0000      -30846.530660
3696.0000      -30842.433932
3700.0000      -30858.190732
3704.0000      -30745.883023
3708.0000      -30914.980072
3712.0000      -30626.404798
3716.0000      -30852.600410
3720.0000      -30848.513027
3724.0000      -30868.345628
3728.0000      -30859.092009
3732.0000      -30972.750035
3736.0000      -30913.637707
3740.0000      -30876.638270
3744.0000      -30826.792109
3748.0000      -30821.454906
3752.0000      -30857.730776
3756.0000      -30689.317682
3760.0000      -30968.538663
3764.0000      -31003.939607
3768.0000      -30781.726025
3772.0000      -30940.923233
3776.0000      -30970.669990
3780.0000      -30902.218963
3784.0000      -30911.904767
3788.0000      -30894.438103
3792.0000      -30915.164274
3796.0000      -30864.885886
3800.0000      -30721.467439
3804.0000      -30836.801779
3808.0000      -30715.118110
3812.0000      -31052.557382
3816.0000      -30973.589919
3820.0000      -30944.917323
3824.0000      -30831.994464
3828.0000      -31021.069702
3832.0000      -30734.598459
3836.0000      -30983.452490
3840.0000      -30825.422718
3844.0000      -30896.194192
3848.0000      -30874.843422
3852.0000      -30875.488255
3856.0000      -30809.833202
3860.0000      -30956.941247
3864.0000      -30843.240201
3868.0000      -30811.018041
3872.0000      -30917.039566
3876.0000      -31019.716888
3880.0000      -30951.162162
3884.0000      -31016.017833
3888.0000      -30734.783446
3892.0000      -30786.624928
3896.0000      -31009.564834
3900.0000      -30931.538107
3904.0000      -30911.844959
3908.0000      -30948.919462
3912.0000      -30807.976237
3916.0000      -30878.081184
3920.0000      -30842.201051
3924.0000      -30871.202291
3928.0000      -30958.079397
3932.0000      -30739.139091
3936.0000      -30863.035291
3940.0000      -30791.913596
3944.0000      -30772.971542
3948.0000      -31065.949371
3952.0000      -30872.360441
3956.0000      -30827.072123
3960.0000      -31048.060052
3964.0000      -30930.456478
3968.0000      -30749.196304
3972.0000      -30928.469194
3976.0000      -30824.264769
3980.0000      -30851.289460
3984.0000      -30925.192790
3988.0000      -30819.640574
3992.0000      -31025.842124
3996.0000      -30983.283053
4000.0000      -30749.436786
4004.0000      -30749.436786
