4.0000      -30892.132735
8.0000      -30817.882705
12.0000      -30730.572501
16.0000      -30909.390099
20.0000      -30780.066619
24.0000      -30700.249090
28.0000      -31017.879495
32.0000      -30903.006532
36.0000      -30734.662007
40.0000      -30903.593367
44.0000      -30970.536516
48.0000      -30706.698625
52.0000      -30745.540667
56.0000      -30891.960475
60.0000      -30854.136746
64.0000      -30884.266989
68.0000      -30872.993495
72.0000      -31005.784430
76.0000      -31012.747708
80.0000      -30712.726858
84.0000      -30946.996406
88.0000      -30973.738256
92.0000      -30799.073668
96.0000      -30861.113048
100.0000      -30895.235969
104.0000      -30856.261205
108.0000      -31189.845236
112.0000      -30864.183367
116.0000      -30942.698789
120.0000      -30792.965241
124.0000      -31006.654356
128.0000      -30806.397850
132.0000      -31115.740826
136.0000      -30763.370268
140.0000      -31065.756983
144.0000      -30786.394272
148.0000      -30862.832093
152.0000      -30957.029218
156.0000      -30846.562508
160.0000      -30839.824784
164.0000      -30754.111395
168.0000      -30975.457522
172.0000      -30852.249816
176.0000      -30644.064576
180.0000      -30884.220723
184.0000      -30926.036060
188.0000      -30834.007459
192.0000      -30942.452461
196.0000      -30940.235256
200.0000      -30828.604099
204.0000      -30912.130525
208.0000      -30816.543142
212.0000      -30824.276698
216.0000      -30835.783024
220.0000      -30829.262773
224.0000      -30842.078353
228.0000      -30842.633290
232.0000      -30832.160823
236.0000      -30826.133662
240.0000      -30932.533543
244.0000      -30985.099492
248.0000      -30890.862574
252.0000      -30786.728952
256.0000      -30745.601778
260.0000      -30849.874744
264.0000      -30915.385254
268.0000      -30728.761260
272.0000      -30691.609024
276.0000      -30819.151527
280.0000      -31008.068509
284.0000      -30756.304735
288.0000      -31036.583494
292.0000      -30916.562155
296.0000      -30867.957861
300.0000      -30918.002544
304.0000      -30800.245914
308.0000      -30753.351780
312.0000      -30845.246002
316.0000      -30817.376877
320.0000      -30773.184929
324.0000      -30896.218438
328.0000      -30937.262040
332.0000      -30797.863858
336.0000      -30756.712310
340.0000      -30871.088681
344.0000      -30921.458260
348.0000      -30758.742258
352.0000      -30870.653141
356.0000      -31000.975579
360.0000      -30847.581108
364.0000      -30831.886969
368.0000      -30819.236893
372.0000      -30966.509094
376.0000      -30899.149260
380.0000      -30957.572681
384.0000      -30779.260584
388.0000      -30867.292852
392.0000      -30798.941986
396.0000      -30853.923837
400.0000      -30803.603338
404.0000      -30918.517301
408.0000      -31009.184821
412.0000      -30740.004288
416.0000      -30769.349242
420.0000      -30799.084143
424.0000      -30816.494205
428.0000      -30801.945813
432.0000      -30757.807865
436.0000      -30757.491845
440.0000      -30738.962291
444.0000      -30904.619207
448.0000      -30785.046881
452.0000      -30798.746902
456.0000      -30741.019488
460.0000      -30882.908993
464.0000      -30693.493242
468.0000      -30879.320186
472.0000      -30943.133381
476.0000      -31028.932111
480.0000      -30808.192946
484.0000      -30837.702406
488.0000      -30773.861411
492.0000      -30884.247430
496.0000      -31063.639803
500.0000      -30931.536348
504.0000      -30852.003429
508.0000      -30900.907379
512.0000      -30789.398309
516.0000      -30965.408764
520.0000      -30861.767030
524.0000      -30933.443041
528.0000      -31065.999148
532.0000      -30844.041622
536.0000      -30587.881909
540.0000      -30835.155431
544.0000      -30960.628385
548.0000      -31022.629214
552.0000      -30860.016988
556.0000      -30692.034589
560.0000      -30882.456525
564.0000      -30979.222890
568.0000      -30857.339835
572.0000      -30898.150138
576.0000      -30890.769238
580.0000      -30871.505334
584.0000      -30890.449112
588.0000      -30904.139018
592.0000      -30912.402573
596.0000      -30994.356407
600.0000      -30991.586126
604.0000      -30956.694782
608.0000      -30744.283072
612.0000      -30806.857928
616.0000      -31032.559635
620.0000      -30912.308030
624.0000      -30922.544103
628.0000      -30888.546542
632.0000      -30924.325327
636.0000      -31058.383161
640.0000      -30913.558458
644.0000      -30988.335181
648.0000      -30826.930806
652.0000      -30937.789926
656.0000      -30798.136306
660.0000      -30756.752731
664.0000      -30852.457277
668.0000      -30876.598850
672.0000      -30991.411273
676.0000      -31055.966714
680.0000      -30848.014593
684.0000      -30802.688538
688.0000      -30902.981023
692.0000      -30866.901005
696.0000      -30746.383102
700.0000      -30942.625679
704.0000      -30738.534449
708.0000      -30939.104274
712.0000      -30753.647017
716.0000      -30916.889444
720.0000      -30905.599618
724.0000      -30866.376702
728.0000      -31083.150252
732.0000      -30855.918986
736.0000      -30859.208019
740.0000      -31027.401639
744.0000      -30892.026211
748.0000      -30928.185095
752.0000      -30825.931731
756.0000      -30740.675107
760.0000      -30844.762310
764.0000      -30783.245869
768.0000      -30792.877071
772.0000      -30921.487790
776.0000      -31013.859573
780.0000      -30916.917066
784.0000      -30821.717643
788.0000      -30879.777720
792.0000      -30708.458386
796.0000      -30897.460117
800.0000      -30877.712923
804.0000      -30855.142915
808.0000      -30879.702848
812.0000      -30918.016914
816.0000      -30877.956063
820.0000      -30797.388308
824.0000      -30879.808807
828.0000      -30768.534907
832.0000      -30844.415737
836.0000      -30727.820986
840.0000      -30842.468188
844.0000      -31044.536967
848.0000      -30821.513541
852.0000      -30743.160988
856.0000      -30909.738580
860.0000      -30857.036541
864.0000      -30882.143000
868.0000      -30890.283150
872.0000      -30888.217404
876.0000      -30968.690413
880.0000      -30844.405372
884.0000      -31058.265492
888.0000      -30954.191847
892.0000      -31014.792461
896.0000      -30762.981719
900.0000      -30901.494922
904.0000      -30606.443703
908.0000      -30918.491434
912.0000      -30809.344084
916.0000      -31024.831999
920.0000      -30840.577796
924.0000      -30890.737017
928.0000      -30913.632048
932.0000      -31010.382945
936.0000      -30766.578987
940.0000      -31008.002429
944.0000      -30877.134180
948.0000      -30777.110157
952.0000      -30852.199758
956.0000      -30881.748622
960.0000      -30945.444042
964.0000      -30806.673860
968.0000      -30944.858512
972.0000      -30932.891814
976.0000      -30994.047704
980.0000      -30732.323582
984.0000      -30835.989402
988.0000      -30803.189494
992.0000      -30838.916822
996.0000      -30934.108785
1000.0000      -30705.179067
1004.0000      -30915.706270
1008.0000      -30857.421532
1012.0000      -30873.527294
1016.0000      -31018.720870
1020.0000      -30894.462493
1024.0000      -30894.316065
1028.0000      -30968.242344
1032.0000      -30838.211669
1036.0000      -30811.720148
1040.0000      -30880.290899
1044.0000      -30796.886918
1048.0000      -30933.462992
1052.0000      -30822.945795
1056.0000      -30769.102636
1060.0000      -30845.468618
1064.0000      -30768.245652
1068.0000      -30950.220933
1072.0000      -30878.834736
1076.0000      -30806.419406
1080.0000      -30999.908294
1084.0000      -31035.808970
1088.0000      -30846.560084
1092.0000      -30917.207678
1096.0000      -30909.386685
1100.0000      -30921.706015
1104.0000      -30828.289012
1108.0000      -30977.520040
1112.0000      -30939.179714
1116.0000      -30865.548409
1120.0000      -30952.239592
1124.0000      -30902.276408
1128.0000      -30855.315790
1132.0000      -30680.872954
1136.0000      -30858.641801
1140.0000      -30919.943026
1144.0000      -30854.648514
1148.0000      -30928.271729
1152.0000      -30793.234754
1156.0000      -30896.438793
1160.0000      -30863.224557
1164.0000      -30990.026482
1168.0000      -30988.440818
1172.0000      -30828.406785
1176.0000      -30771.571108
1180.0000      -30991.350801
1184.0000      -30965.262077
1188.0000      -31052.554604
1192.0000      -30917.263449
1196.0000      -30935.766659
1200.0000      -30843.904052
1204.0000      -30924.118650
1208.0000      -30818.584551
1212.0000      -31063.966141
1216.0000      -30897.106683
1220.0000      -30931.642470
1224.0000      -30900.650491
1228.0000      -30883.040955
1232.0000      -30859.299510
1236.0000      -31011.659092
1240.0000      -30897.941046
1244.0000      -30943.031144
1248.0000      -30893.412284
1252.0000      -30816.221502
1256.0000      -30847.231926
1260.0000      -30863.181068
1264.0000      -30872.046181
1268.0000      -30946.191815
1272.0000      -30878.372745
1276.0000      -30810.166328
1280.0000      -30776.558388
1284.0000      -30740.944531
1288.0000      -30837.870498
1292.0000      -30763.977747
1296.0000      -30801.538231
1300.0000      -30893.259976
1304.0000      -30966.768132
1308.0000      -30920.910113
1312.0000      -30680.844933
1316.0000      -30872.892542
1320.0000      -30765.855748
1324.0000      -30934.509394
1328.0000      -30727.054051
1332.0000      -30855.266327
1336.0000      -30868.911413
1340.0000      -30928.544554
1344.0000      -30728.332269
1348.0000      -30952.215273
1352.0000      -30653.427034
1356.0000      -30831.599463
1360.0000      -30846.956692
1364.0000      -30859.087162
1368.0000      -30835.330737
1372.0000      -30941.730782
1376.0000      -30894.204655
1380.0000      -30896.718909
1384.0000      -31092.474210
1388.0000      -30796.548812
1392.0000      -30863.262794
1396.0000      -30878.680053
1400.0000      -30852.299826
1404.0000      -30814.034796
1408.0000      -30999.413570
1412.0000      -30975.047881
1416.0000      -30845.716052
1420.0000      -30704.219002
1424.0000      -30823.259349
1428.0000      -30760.458607
1432.0000      -30819.365694
1436.0000      -30878.561568
1440.0000      -30884.010519
1444.0000      -30989.899210
1448.0000      -30811.028212
1452.0000      -30776.295875
1456.0000      -30991.005061
1460.0000      -30805.853892
1464.0000      -30784.539392
1468.0000      -30768.611468
1472.0000      -30841.363837
1476.0000      -31030.607294
1480.0000      -30823.634606
1484.0000      -30726.076901
1488.0000      -30982.060813
1492.0000      -30908.147368
1496.0000      -30848.187637
1500.0000      -30970.917826
1504.0000      -30845.573523
1508.0000      -30815.906954
1512.0000      -30937.369919
1516.0000      -30885.807071
1520.0000      -30961.477870
1524.0000      -30851.520346
1528.0000      -30972.423170
1532.0000      -30831.341008
1536.0000      -30813.151422
1540.0000      -30612.847263
1544.0000      -30942.246131
1548.0000      -30897.778724
1552.0000      -30890.383250
1556.0000      -30990.888930
1560.0000      -30783.616881
1564.0000      -30727.271332
1568.0000      -30868.358719
1572.0000      -30930.237217
1576.0000      -30919.498684
1580.0000      -30860.670541
1584.0000      -30930.075419
1588.0000      -30975.320087
1592.0000      -30833.914229
1596.0000      -30902.816069
1600.0000      -30903.991048
1604.0000      -30826.915739
1608.0000      -30977.649479
1612.0000      -30897.093819
1616.0000      -30866.878991
1620.0000      -30860.336270
1624.0000      -30795.460738
1628.0000      -30827.967470
1632.0000      -31045.082626
1636.0000      -30734.100249
1640.0000      -30907.603427
1644.0000      -30987.634406
1648.0000      -30927.048022
1652.0000      -30826.434713
1656.0000      -30856.734677
1660.0000      -30883.948740
1664.0000      -30930.537897
1668.0000      -30880.776235
1672.0000      -30854.062081
1676.0000      -30849.363755
1680.0000      -30877.252692
1684.0000      -30853.304442
1688.0000      -30899.994298
1692.0000      -31033.933895
1696.0000      -30933.430569
1700.0000      -30758.366297
1704.0000      -30822.392845
1708.0000      -30704.759491
1712.0000      -30931.469052
1716.0000      -30961.648159
1720.0000      -30746.215341
1724.0000      -30808.873180
1728.0000      -30769.847683
1732.0000      -30930.799223
1736.0000      -30909.771604
1740.0000      -30856.466035
1744.0000      -30880.218044
1748.0000      -30812.193231
1752.0000      -30713.332578
1756.0000      -30920.798480
1760.0000      -30869.791833
1764.0000      -30825.593752
1768.0000      -30795.620589
1772.0000      -30831.540977
1776.0000      -30923.577235
1780.0000      -30948.959235
1784.0000      -30865.565046
1788.0000      -30726.227836
1792.0000      -30812.588068
1796.0000      -30801.686284
1800.0000      -30952.845765
1804.0000      -30721.942943
1808.0000      -30766.162015
1812.0000      -30908.184915
1816.0000      -30857.103083
1820.0000      -30932.150763
1824.0000      -30938.530123
1828.0000      -30832.564054
1832.0000      -30769.029524
1836.0000      -30800.922825
1840.0000      -30907.826445
1844.0000      -30705.890318
1848.0000      -30984.409187
1852.0000      -30872.230148
1856.0000      -31039.478511
1860.0000      -30956.845274
1864.0000      -30982.958476
1868.0000      -30759.248232
1872.0000      -30873.572352
1876.0000      -30919.596002
1880.0000      -30873.704550
1884.0000      -30896.147341
1888.0000      -30775.574889
1892.0000      -30752.110089
1896.0000      -30896.474849
1900.0000      -30775.904342
1904.0000      -30805.789024
1908.0000      -30804.237715
1912.0000      -30886.633035
1916.0000      -30902.225132
1920.0000      -30859.316597
1924.0000      -31029.219433
1928.0000      -30857.557341
1932.0000      -30741.468887
1936.0000      -30844.825160
1940.0000      -30757.864230
1944.0000      -31080.139354
1948.0000      -30876.968174
1952.0000      -30763.517846
1956.0000      -31007.500202
1960.0000      -30965.375716
1964.0000      -30931.225009
1968.0000      -30729.379061
1972.0000      -30965.401443
1976.0000      -30989.000307
1980.0000      -30836.712111
1984.0000      -30819.221139
1988.0000      -30984.063470
1992.0000      -30948.201215
1996.0000      -30819.647130
2000.0000      -30768.300599
2004.0000      -30817.934755
2008.0000      -30790.459946
2012.0000      -30984.968877
2016.0000      -30943.959072
2020.0000      -30801.061353
2024.0000      -30818.645914
2028.0000      -30771.398469
2032.0000      -31115.345909
2036.0000      -30888.951805
2040.0000      -30860.141444
2044.0000      -30914.755851
2048.0000      -30833.661298
2052.0000      -30829.609983
2056.0000      -30990.037040
2060.0000      -30898.156798
2064.0000      -30907.190298
2068.0000      -30887.522749
2072.0000      -30984.249973
2076.0000      -31017.784042
2080.0000      -31073.378479
2084.0000      -30891.195371
2088.0000      -30659.630190
2092.0000      -30921.219659
2096.0000      -30978.072961
2100.0000      -30825.783234
2104.0000      -30885.038881
2108.0000      -31157.324847
2112.0000      -30817.060030
2116.0000      -30966.468827
2120.0000      -30912.008588
2124.0000      -30834.235175
2128.0000      -30739.924841
2132.0000      -30904.194596
2136.0000      -30950.169395
2140.0000      -30915.593744
2144.0000      -30750.407778
2148.0000      -30655.360542
2152.0000      -30808.854340
2156.0000      -30736.551389
2160.0000      -30961.441350
2164.0000      -30646.680311
2168.0000      -30967.409094
2172.0000      -31008.429317
2176.0000      -31018.171589
2180.0000      -30802.010810
2184.0000      -30833.992792
2188.0000      -30778.745920
2192.0000      -30954.961269
2196.0000      -30960.536865
2200.0000      -30792.714267
2204.0000      -30729.262375
2208.0000      -30905.227019
2212.0000      -30887.498806
2216.0000      -30810.277117
2220.0000      -30881.667810
2224.0000      -30939.430023
2228.0000      -31006.499472
2232.0000      -30875.857707
2236.0000      -30889.528580
2240.0000      -30807.889397
2244.0000      -31024.310176
2248.0000      -30912.992769
2252.0000      -31027.875201
2256.0000      -30935.540103
2260.0000      -31005.545510
2264.0000      -30713.590623
2268.0000      -30746.212146
2272.0000      -30878.047317
2276.0000      -30801.587139
2280.0000      -30830.292327
2284.0000      -30889.643108
2288.0000      -30831.335834
2292.0000      -30916.138188
2296.0000      -30966.796393
2300.0000      -30812.861481
2304.0000      -30858.563550
2308.0000      -30943.835191
2312.0000      -30813.739789
2316.0000      -30890.734947
2320.0000      -30935.719758
2324.0000      -31040.961123
2328.0000      -30754.905362
2332.0000      -30708.451297
2336.0000      -30795.471696
2340.0000      -30934.912749
2344.0000      -30875.309460
2348.0000      -30821.627346
2352.0000      -30852.793360
2356.0000      -30884.457144
2360.0000      -30935.670555
2364.0000      -30871.545655
2368.0000      -30872.624900
2372.0000      -30825.231461
2376.0000      -30831.302334
2380.0000      -30832.906552
2384.0000      -30779.455492
2388.0000      -30911.470710
2392.0000      -30979.422776
2396.0000      -30940.814741
2400.0000      -30769.183294
2404.0000      -30852.525207
2408.0000      -30859.689075
2412.0000      -30997.567029
2416.0000      -30899.846649
2420.0000      -30862.597412
2424.0000      -30783.616795
2428.0000      -30766.661933
2432.0000      -30949.695092
2436.0000      -31017.569177
2440.0000      -30851.808803
2444.0000      -31023.345206
2448.0000      -31008.458295
2452.0000      -30972.170434
2456.0000      -30833.203110
2460.0000      -30757.068277
2464.0000      -30813.983639
2468.0000      -30834.055478
2472.0000      -30873.340246
2476.0000      -30776.438706
2480.0000      -30786.704881
2484.0000      -30790.070437
2488.0000      -30728.442978
2492.0000      -30866.590602
2496.0000      -30773.486817
2500.0000      -30830.131232
2504.0000      -30990.533668
2508.0000      -30827.742115
2512.0000      -30826.609363
2516.0000      -30805.705978
2520.0000      -30911.814393
2524.0000      -30818.486677
2528.0000      -30745.026094
2532.0000      -30959.720956
2536.0000      -30955.893543
2540.0000      -30765.868282
2544.0000      -30946.512190
2548.0000      -30962.048429
2552.0000      -31025.418424
2556.0000      -30935.820471
2560.0000      -30912.930837
2564.0000      -30866.472579
2568.0000      -31012.756619
2572.0000      -30754.184970
2576.0000      -30807.710681
2580.0000      -30906.258495
2584.0000      -30923.300218
2588.0000      -30903.342014
2592.0000      -30877.795771
2596.0000      -30828.650493
2600.0000      -30945.896121
2604.0000      -31037.032825
2608.0000      -30701.673948
2612.0000      -30955.600762
2616.0000      -30850.147740
2620.0000      -30907.174741
2624.0000      -30834.631486
2628.0000      -30824.939028
2632.0000      -30831.580165
2636.0000      -30838.901822
2640.0000      -30780.095837
2644.0000      -30933.393799
2648.0000      -31024.227452
2652.0000      -30984.092576
2656.0000      -30831.103118
2660.0000      -30897.325860
2664.0000      -30803.914626
2668.0000      -30826.045017
2672.0000      -30887.174742
2676.0000      -30762.262657
2680.0000      -30855.565228
2684.0000      -30873.386434
2688.0000      -30912.207025
2692.0000      -30982.644503
2696.0000      -30777.472836
2700.0000      -30823.883522
2704.0000      -30848.751042
2708.0000      -30885.989866
2712.0000      -30970.722567
2716.0000      -30950.641536
2720.0000      -31010.634104
2724.0000      -30998.689773
2728.0000      -31170.709785
2732.0000      -30721.763812
2736.0000      -30785.118552
2740.0000      -30841.888313
2744.0000      -30848.199934
2748.0000      -30812.190214
2752.0000      -30849.375008
2756.0000      -30782.457247
2760.0000      -30809.536899
2764.0000      -30762.942351
2768.0000      -30909.494950
2772.0000      -30900.730107
2776.0000      -30963.654491
2780.0000      -30860.226445
2784.0000      -31081.504907
2788.0000      -30910.197062
2792.0000      -30811.396630
2796.0000      -30660.808268
2800.0000      -30763.720122
2804.0000      -30876.398901
2808.0000      -30958.869696
2812.0000      -31031.542675
2816.0000      -30781.865296
2820.0000      -30751.541321
2824.0000      -30906.294094
2828.0000      -30722.436248
2832.0000      -30905.661332
2836.0000      -30888.101820
2840.0000      -30921.279232
2844.0000      -30801.760628
2848.0000      -30952.693048
2852.0000      -30811.347381
2856.0000      -30845.427200
2860.0000      -30736.815194
2864.0000      -30880.589596
2868.0000      -30836.509362
2872.0000      -30644.057432
2876.0000      -30787.025297
2880.0000      -30819.952788
2884.0000      -30929.846592
2888.0000      -30811.549917
2892.0000      -30890.593977
2896.0000      -30761.715420
2900.0000      -30916.244319
2904.0000      -30866.606575
2908.0000      -30773.982143
2912.0000      -30891.331714
2916.0000      -30996.138306
2920.0000      -30858.261499
2924.0000      -30824.984123
2928.0000      -30795.360549
2932.0000      -30883.811035
2936.0000      -30894.111927
2940.0000      -30860.431448
2944.0000      -30783.579971
2948.0000      -30824.201675
2952.0000      -31023.594300
2956.0000      -30868.618062
2960.0000      -31102.881587
2964.0000      -30766.842231
2968.0000      -30840.426425
2972.0000      -30939.023401
2976.0000      -30860.574277
2980.0000      -30934.549401
2984.0000      -30958.760776
2988.0000      -30969.024534
2992.0000      -30809.964376
2996.0000      -30899.154960
3000.0000      -30737.683980
3004.0000      -30746.551696
3008.0000      -30934.183294
3012.0000      -30861.996962
3016.0000      -30853.520909
3020.0000      -30812.984642
3024.0000      -30798.300651
3028.0000      -30750.389303
3032.0000      -30839.320428
3036.0000      -30807.459481
3040.0000      -30989.346231
3044.0000      -30803.169077
3048.0000      -30986.369022
3052.0000      -30882.931162
3056.0000      -30828.862198
3060.0000      -30988.060121
3064.0000      -30863.260304
3068.0000      -30831.080534
3072.0000      -31024.049869
3076.0000      -30851.007632
3080.0000      -30853.452977
3084.0000      -30896.646713
3088.0000      -30753.623974
3092.0000      -30786.863238
3096.0000      -30973.732658
3100.0000      -30916.525169
3104.0000      -30733.600744
3108.0000      -30907.113547
3112.0000      -30858.558055
3116.0000      -30948.780212
3120.0000      -30842.398465
3124.0000      -30951.318944
3128.0000      -30900.218693
3132.0000      -30906.225281
3136.0000      -30950.273134
3140.0000      -30889.737611
3144.0000      -30823.316791
3148.0000      -30691.042532
3152.0000      -30780.914544
3156.0000      -30917.632515
3160.0000      -30991.346486
3164.0000      -30906.762110
3168.0000      -30686.866005
3172.0000      -30917.521110
3176.0000      -31031.219115
3180.0000      -31032.012515
3184.0000      -30953.042364
3188.0000      -30844.075300
3192.0000      -30830.693881
3196.0000      -30837.696548
3200.0000      -30887.824846
3204.0000      -30901.020325
3208.0000      -30861.134899
3212.0000      -30930.688029
3216.0000      -30973.419849
3220.0000      -31005.695097
3224.0000      -31008.028936
3228.0000      -30727.636480
3232.0000      -30904.302249
3236.0000      -30696.234420
3240.0000      -30844.157296
3244.0000      -30838.950552
3248.0000      -30954.500460
3252.0000      -30856.630391
3256.0000      -30804.053178
3260.0000      -30908.776956
3264.0000      -30892.039661
3268.0000      -30787.019559
3272.0000      -30892.323435
3276.0000      -30831.936993
3280.0000      -30669.228282
3284.0000      -30934.141738
3288.0000      -30974.658924
3292.0000      -30952.214244
3296.0000      -30876.429418
3300.0000      -30868.917430
3304.0000      -30879.582191
3308.0000      -30892.930522
3312.0000      -30767.824342
3316.0000      -30779.251216
3320.0000      -30689.617859
3324.0000      -30926.765818
3328.0000      -30871.812931
3332.0000      -31082.295536
3336.0000      -30883.433500
3340.0000      -30807.195624
3344.0000      -30800.518555
3348.0000      -30892.425559
3352.0000      -30839.201574
3356.0000      -30852.782322
3360.0000      -30962.625451
3364.0000      -30857.720965
3368.0000      -30918.355329
3372.0000      -30859.145916
3376.0000      -30773.785494
3380.0000      -30924.342502
3384.0000      -30755.308889
3388.0000      -30854.415744
3392.0000      -30746.203783
3396.0000      -30904.765682
3400.0000      -30803.445450
3404.0000      -30724.975717
3408.0000      -30880.050734
3412.0000      -31010.729228
3416.0000      -30874.019115
3420.0000      -30801.179463
3424.0000      -30842.345568
3428.0000      -30860.226603
3432.0000      -30998.834576
3436.0000      -30915.429400
3440.0000      -31002.982646
3444.0000      -30892.808108
3448.0000      -30723.305113
3452.0000      -30928.942811
3456.0000      -30723.419932
3460.0000      -30904.023451
3464.0000      -30786.120292
3468.0000      -30805.532944
3472.0000      -30805.243804
3476.0000      -30955.392581
3480.0000      -30839.082189
3484.0000      -30851.207932
3488.0000      -30774.764977
3492.0000      -30878.679117
3496.0000      -30936.095447
3500.0000      -30975.372243
3504.0000      -30955.148923
3508.0000      -30828.234372
3512.0000      -30940.862140
3516.0000      -31022.382252
3520.0000      -30876.436967
3524.0000      -30959.718560
3528.0000      -31043.299319
3532.0000      -31101.892182
3536.0000      -30981.996105
3540.0000      -30821.403171
3544.0000      -30738.896995
3548.0000      -30834.445306
3552.0000      -30800.157228
3556.0000      -30859.779521
3560.0000      -30788.045825
3564.0000      -30986.434766
3568.0000      -31030.042049
3572.0000      -30928.263487
3576.0000      -30880.144715
3580.0000      -30992.391956
3584.0000      -30844.442622
3588.0000      -30923.522476
3592.0000      -30879.053135
3596.0000      -30937.091392
3600.0000      -30883.096947
3604.0000      -30811.728580
3608.0000      -30918.423085
3612.0000      -30916.379480
3616.0000      -30744.425105
3620.0000      -30786.685632
3624.0000      -30826.016171
3628.0000      -30923.828072
3632.0000      -30936.996137
3636.0000      -31048.924075
3640.0000      -31026.131505
3644.0000      -30825.721084
3648.0000      -30769.896259
3652.0000      -30625.104965
3656.0000      -30877.108044
3660.0000      -30787.371452
3664.0000      -30722.681797
3668.0000      -30928.493488
3672.0000      -30888.640954
3676.0000      -30790.539624
3680.0000      -30895.104120
3684.0000      -30762.413981
3688.0000      -30874.278796
3692.0000      -30951.928219
3696.0000      -30901.904766
3700.0000      -30955.645114
3704.0000      -30916.984461
3708.0000      -30795.316932
3712.0000      -30756.502420
3716.0000      -30883.562894
3720.0000      -30879.533718
3724.0000      -30954.363520
3728.0000      -31011.130281
3732.0000      -30745.613083
3736.0000      -30779.023438
3740.0000      -30885.626633
3744.0000      -30913.621642
3748.0000      -31025.730003
3752.0000      -30929.238054
3756.0000      -30995.758998
3760.0000      -30800.024586
3764.0000      -31004.991410
3768.0000      -30882.218293
3772.0000      -30765.603317
3776.0000      -30770.062360
3780.0000      -30846.919447
3784.0000      -30801.129713
3788.0000      -31050.120880
3792.0000      -30922.005835
3796.0000      -30874.915869
3800.0000      -30750.714055
3804.0000      -30884.326865
3808.0000      -30895.326359
3812.0000      -30974.168600
3816.0000      -30981.957441
3820.0000      -30794.502850
3824.0000      -30881.280869
3828.0000      -30874.901868
3832.0000      -30568.600855
3836.0000      -30890.291377
3840.0000      -30747.333024
3844.0000      -30853.555191
3848.0000      -31119.563512
3852.0000      -30906.559075
3856.0000      -30638.551584
3860.0000      -31013.911439
3864.0000      -30907.441322
3868.0000      -30868.192410
3872.0000      -30944.856611
3876.0000      -30902.412346
3880.0000      -30744.261311
3884.0000      -30933.046547
3888.0000      -30983.979020
3892.0000      -30655.915539
3896.0000      -30791.677867
3900.0000      -30895.729788
3904.0000      -30821.201805
3908.0000      -30910.874159
3912.0000      -31014.807929
3916.0000      -30963.361346
3920.0000      -31026.086545
3924.0000      -30830.231918
3928.0000      -30898.299058
3932.0000      -30901.619221
3936.0000      -30886.505591
3940.0000      -31004.382418
3944.0000      -30819.929536
3948.0000      -31011.231306
3952.0000      -30874.853467
3956.0000      -30814.403621
3960.0000      -30872.599885
3964.0000      -30865.150356
3968.0000      -30731.004042
3972.0000      -30810.670141
3976.0000      -30866.684666
3980.0000      -30844.508808
3984.0000      -30867.367368
3988.0000      -30849.426128
3992.0000      -30829.808061
3996.0000      -30937.307779
4000.0000      -30924.753395
4004.0000      -30924.753395
