4.0000      -30887.385612
8.0000      -30956.836413
12.0000      -30853.113726
16.0000      -30822.278235
20.0000      -30902.826948
24.0000      -30795.628843
28.0000      -30803.540596
32.0000      -30847.489598
36.0000      -30754.239122
40.0000      -30867.608087
44.0000      -30802.454018
48.0000      -30759.561032
52.0000      -30846.599739
56.0000      -30865.568535
60.0000      -30839.571299
64.0000      -30818.609822
68.0000      -30786.129525
72.0000      -30968.481168
76.0000      -31010.896659
80.0000      -30888.557764
84.0000      -30878.239474
88.0000      -30840.455111
92.0000      -30980.547426
96.0000      -30904.880617
100.0000      -30857.455520
104.0000      -30992.951046
108.0000      -30984.801137
112.0000      -30828.751307
116.0000      -30898.561379
120.0000      -31064.292216
124.0000      -30915.578791
128.0000      -30624.437198
132.0000      -30935.309862
136.0000      -30833.112418
140.0000      -30941.942313
144.0000      -30892.634862
148.0000      -30849.841637
152.0000      -30880.965186
156.0000      -30857.650738
160.0000      -30899.571251
164.0000      -30824.724014
168.0000      -30984.094657
172.0000      -30890.148628
176.0000      -31049.419506
180.0000      -30819.132591
184.0000      -31008.117806
188.0000      -30981.144703
192.0000      -30818.447523
196.0000      -30995.053852
200.0000      -30958.601410
204.0000      -30837.961857
208.0000      -30766.956518
212.0000      -30755.266828
216.0000      -30885.242229
220.0000      -30839.439705
224.0000      -30865.531467
228.0000      -30833.284814
232.0000      -30985.778999
236.0000      -31011.725652
240.0000      -30972.948517
244.0000      -30924.049965
248.0000      -31054.719172
252.0000      -30936.700917
256.0000      -30915.063109
260.0000      -30899.506303
264.0000      -30944.870801
268.0000      -30876.111765
272.0000      -30981.994159
276.0000      -31052.099547
280.0000      -31123.439658
284.0000      -30690.052458
288.0000      -30934.358154
292.0000      -30929.524368
296.0000      -30886.393227
300.0000      -30879.523996
304.0000      -30795.699668
308.0000      -30913.312299
312.0000      -31003.373675
316.0000      -30749.577925
320.0000      -30943.099965
324.0000      -30929.414928
328.0000      -30802.628471
332.0000      -30894.930111
336.0000      -30840.932420
340.0000      -30899.331533
344.0000      -30887.676021
348.0000      -30982.214981
352.0000      -30818.032666
356.0000      -30967.275957
360.0000      -30805.111689
364.0000      -30934.848208
368.0000      -30905.610919
372.0000      -30920.367463
376.0000      -31021.354648
380.0000      -30833.582690
384.0000      -30976.422000
388.0000      -30958.230444
392.0000      -31022.402501
396.0000      -30729.748272
400.0000      -30977.150119
404.0000      -30886.088144
408.0000      -30959.116141
412.0000      -30849.725721
416.0000      -30873.699275
420.0000      -30816.884115
424.0000      -31022.885434
428.0000      -30790.907403
432.0000      -30947.007409
436.0000      -30779.885366
440.0000      -30852.031519
444.0000      -30928.905462
448.0000      -30692.971054
452.0000      -31020.843816
456.0000      -30957.022824
460.0000      -30919.854091
464.0000      -30720.949334
468.0000      -31019.160264
472.0000      -31075.472102
476.0000      -30841.636865
480.0000      -31000.411622
484.0000      -31028.489309
488.0000      -30900.464396
492.0000      -30785.312510
496.0000      -30815.893691
500.0000      -30897.631075
504.0000      -30825.818498
508.0000      -30982.082611
512.0000      -30831.028958
516.0000      -30958.816963
520.0000      -30794.729009
524.0000      -30793.746189
528.0000      -31099.608644
532.0000      -30986.152026
536.0000      -30945.719988
540.0000      -30747.052308
544.0000      -30776.408403
548.0000      -30907.829524
552.0000      -30945.791361
556.0000      -30853.618406
560.0000      -30839.618383
564.0000      -30806.577495
568.0000      -30950.828512
572.0000      -30805.762660
576.0000      -30891.927731
580.0000      -30835.654675
584.0000      -30900.095132
588.0000      -30839.118436
592.0000      -30853.087067
596.0000      -30916.479474
600.0000      -30734.430549
604.0000      -30848.278385
608.0000      -30975.730450
612.0000      -30980.632569
616.0000      -30875.355659
620.0000      -30815.118704
624.0000      -30936.277332
628.0000      -30790.665133
632.0000      -30737.168619
636.0000      -31038.492740
640.0000      -30728.801706
644.0000      -30976.571570
648.0000      -30910.204514
652.0000      -30934.805196
656.0000      -30911.109617
660.0000      -30807.354375
664.0000      -30873.128126
668.0000      -30852.666751
672.0000      -30906.434498
676.0000      -31015.928081
680.0000      -30958.924600
684.0000      -30812.759919
688.0000      -30885.056734
692.0000      -31023.661534
696.0000      -31030.805435
700.0000      -30892.521829
704.0000      -31010.021610
708.0000      -30828.101523
712.0000      -31040.792279
716.0000      -30886.861459
720.0000      -30903.690241
724.0000      -30886.333410
728.0000      -30895.287532
732.0000      -30826.737241
736.0000      -30913.862792
740.0000      -30873.515309
744.0000      -30920.446093
748.0000      -30991.066632
752.0000      -30781.819239
756.0000      -30882.863180
760.0000      -30834.975740
764.0000      -30842.722720
768.0000      -30814.634875
772.0000      -30853.851601
776.0000      -30970.776437
780.0000      -30957.669026
784.0000      -30879.464798
788.0000      -30941.261744
792.0000      -31027.998553
796.0000      -30824.676354
800.0000      -30984.758302
804.0000      -30965.084083
808.0000      -30656.787022
812.0000      -31036.368265
816.0000      -30867.298465
820.0000      -30796.055084
824.0000      -30893.783945
828.0000      -30813.863797
832.0000      -30803.645202
836.0000      -30740.931086
840.0000      -30835.717702
844.0000      -31001.864365
848.0000      -31003.220831
852.0000      -30967.020421
856.0000      -30881.661824
860.0000      -31094.302728
864.0000      -30885.942351
868.0000      -30762.464770
872.0000      -30957.279388
876.0000      -30857.336327
880.0000      -30783.582896
884.0000      -30741.461161
888.0000      -30910.305172
892.0000      -30928.583225
896.0000      -30948.968762
900.0000      -30735.629276
904.0000      -30930.475638
908.0000      -30834.456176
912.0000      -30876.517996
916.0000      -30917.451146
920.0000      -30849.821084
924.0000      -30758.625072
928.0000      -30872.461645
932.0000      -30925.786137
936.0000      -30931.654034
940.0000      -30881.940817
944.0000      -30851.162375
948.0000      -30971.172555
952.0000      -30969.393598
956.0000      -30835.801522
960.0000      -30957.248016
964.0000      -30753.841881
968.0000      -31015.961590
972.0000      -30815.046039
976.0000      -30878.750876
980.0000      -30735.713756
984.0000      -30974.827551
988.0000      -31022.311400
992.0000      -30971.212272
996.0000      -30782.268754
1000.0000      -30841.384716
1004.0000      -30884.645469
1008.0000      -31127.445903
1012.0000      -30778.365149
1016.0000      -30772.760903
1020.0000      -30900.510701
1024.0000      -30741.821604
1028.0000      -30812.664931
1032.0000      -30903.140591
1036.0000      -30858.644653
1040.0000      -30845.824028
1044.0000      -30913.141681
1048.0000      -30881.838251
1052.0000      -30957.338292
1056.0000      -30810.506822
1060.0000      -30845.562978
1064.0000      -30964.003195
1068.0000      -30951.084355
1072.0000      -30932.253735
1076.0000      -31014.779273
1080.0000      -30770.464845
1084.0000      -30955.419017
1088.0000      -30875.518864
1092.0000      -31065.972319
1096.0000      -30872.601164
1100.0000      -30938.337950
1104.0000      -30960.239609
1108.0000      -30934.491219
1112.0000      -30955.429238
1116.0000      -30928.343705
1120.0000      -30945.214958
1124.0000      -30972.825334
1128.0000      -30821.398408
1132.0000      -31002.510809
1136.0000      -30957.715657
1140.0000      -30906.172024
1144.0000      -30935.212360
1148.0000      -30871.347268
1152.0000      -30751.734832
1156.0000      -30911.157517
1160.0000      -30874.682317
1164.0000      -30755.337835
1168.0000      -30795.283365
1172.0000      -30854.858379
1176.0000      -30937.554020
1180.0000      -30907.748748
1184.0000      -30901.415356
1188.0000      -30861.908745
1192.0000      -30995.896006
1196.0000      -31043.796746
1200.0000      -30925.783869
1204.0000      -30928.394147
1208.0000      -31023.827127
1212.0000      -30831.806506
1216.0000      -31064.012263
1220.0000      -30922.147843
1224.0000      -30855.266466
1228.0000      -30895.959269
1232.0000      -30971.021639
1236.0000      -30814.248506
1240.0000      -30967.198986
1244.0000      -30850.277938
1248.0000      -31002.079621
1252.0000      -30837.195774
1256.0000      -30924.916391
1260.0000      -30847.803132
1264.0000      -30698.872493
1268.0000      -30695.159095
1272.0000      -30746.503760
1276.0000      -30881.184243
1280.0000      -30886.120768
1284.0000      -31016.004093
1288.0000      -31026.832450
1292.0000      -30958.212259
1296.0000      -30772.775306
1300.0000      -30838.295749
1304.0000      -30914.187426
1308.0000      -30965.687317
1312.0000      -30800.869548
1316.0000      -30929.289128
1320.0000      -30930.994381
1324.0000      -30873.262516
1328.0000      -31029.534103
1332.0000      -30929.493872
1336.0000      -31038.847031
1340.0000      -30762.543120
1344.0000      -30842.862418
1348.0000      -30836.772159
1352.0000      -30908.736050
1356.0000      -30883.709071
1360.0000      -30990.259615
1364.0000      -30993.286931
1368.0000      -30906.036849
1372.0000      -30798.114304
1376.0000      -30960.787023
1380.0000      -30940.601118
1384.0000      -30734.098336
1388.0000      -31008.828824
1392.0000      -30805.633474
1396.0000      -30864.290776
1400.0000      -30979.873810
1404.0000      -30884.163173
1408.0000      -30905.623259
1412.0000      -30941.112712
1416.0000      -30973.833745
1420.0000      -30910.848359
1424.0000      -30903.459898
1428.0000      -30924.600010
1432.0000      -30888.290030
1436.0000      -31048.596556
1440.0000      -30989.905065
1444.0000      -30908.998274
1448.0000      -30835.457106
1452.0000      -30788.720724
1456.0000      -30897.754666
1460.0000      -30771.359786
1464.0000      -30892.951521
1468.0000      -30724.385700
1472.0000      -30764.447271
1476.0000      -30718.825031
1480.0000      -30794.574146
1484.0000      -30939.132957
1488.0000      -30875.626278
1492.0000      -30984.202138
1496.0000      -30677.921369
1500.0000      -30816.749643
1504.0000      -30849.427697
1508.0000      -30835.316758
1512.0000      -30988.420412
1516.0000      -31043.172125
1520.0000      -30915.251830
1524.0000      -30899.354473
1528.0000      -30736.239954
1532.0000      -30853.221548
1536.0000      -30890.669343
1540.0000      -30913.949254
1544.0000      -30995.921955
1548.0000      -30877.367440
1552.0000      -30749.161798
1556.0000      -31043.656272
1560.0000      -30801.275317
1564.0000      -31002.924717
1568.0000      -30827.364938
1572.0000      -30911.596623
1576.0000      -30877.812195
1580.0000      -30736.271828
1584.0000      -30890.292907
1588.0000      -30969.202636
1592.0000      -30903.793853
1596.0000      -30997.898797
1600.0000      -30838.756995
1604.0000      -30992.970605
1608.0000      -30950.225165
1612.0000      -30890.842829
1616.0000      -30974.117301
1620.0000      -30712.468991
1624.0000      -30852.070426
1628.0000      -30896.006004
1632.0000      -30871.996852
1636.0000      -30948.282437
1640.0000      -30880.372170
1644.0000      -30918.037157
1648.0000      -30956.489165
1652.0000      -30881.706106
1656.0000      -30926.384086
1660.0000      -31047.244211
1664.0000      -30943.504258
1668.0000      -31011.886953
1672.0000      -30836.055591
1676.0000      -30977.310706
1680.0000      -30754.322605
1684.0000      -30734.180114
1688.0000      -30854.389960
1692.0000      -30785.084592
1696.0000      -30820.488555
1700.0000      -30843.427682
1704.0000      -30933.808303
1708.0000      -31038.303808
1712.0000      -30658.996357
1716.0000      -30995.697623
1720.0000      -30910.988284
1724.0000      -30884.800391
1728.0000      -30909.988966
1732.0000      -30826.932720
1736.0000      -30956.332809
1740.0000      -30891.810656
1744.0000      -30825.457796
1748.0000      -30847.034389
1752.0000      -30920.923103
1756.0000      -30847.979669
1760.0000      -30978.503917
1764.0000      -30821.681985
1768.0000      -30745.071360
1772.0000      -30857.575576
1776.0000      -30837.492481
1780.0000      -30666.262459
1784.0000      -30831.123719
1788.0000      -30820.373496
1792.0000      -31000.050445
1796.0000      -30948.490824
1800.0000      -30677.650713
1804.0000      -30894.301201
1808.0000      -30818.567903
1812.0000      -30855.107447
1816.0000      -30933.340596
1820.0000      -30849.824239
1824.0000      -31080.080443
1828.0000      -30875.983838
1832.0000      -30943.393729
1836.0000      -30897.395036
1840.0000      -30873.835760
1844.0000      -30979.902178
1848.0000      -30773.434756
1852.0000      -30591.322716
1856.0000      -30921.633113
1860.0000      -30852.898121
1864.0000      -30786.505265
1868.0000      -30767.139161
1872.0000      -30795.984986
1876.0000      -30939.837748
1880.0000      -30845.460016
1884.0000      -30934.148129
1888.0000      -30912.845808
1892.0000      -30849.903383
1896.0000      -30832.305545
1900.0000      -30808.302590
1904.0000      -30755.702120
1908.0000      -30847.547275
1912.0000      -31019.664843
1916.0000      -30808.072839
1920.0000      -30882.249611
1924.0000      -30825.660096
1928.0000      -30858.635791
1932.0000      -30888.144574
1936.0000      -30945.943903
1940.0000      -31043.543431
1944.0000      -30910.168589
1948.0000      -30757.480185
1952.0000      -30905.200047
1956.0000      -30909.652444
1960.0000      -30987.677836
1964.0000      -30906.169796
1968.0000      -30788.953410
1972.0000      -31014.108628
1976.0000      -30835.270466
1980.0000      -30993.745062
1984.0000      -30823.387207
1988.0000      -30932.674535
1992.0000      -31084.683247
1996.0000      -31036.523158
2000.0000      -30980.616777
2004.0000      -31005.847036
2008.0000      -30829.234733
2012.0000      -30860.532494
2016.0000      -30733.271472
2020.0000      -30939.387475
2024.0000      -30926.475810
2028.0000      -30751.799527
2032.0000      -30842.826065
2036.0000      -30930.679524
2040.0000      -31002.589454
2044.0000      -30970.002743
2048.0000      -30839.734895
2052.0000      -30864.067807
2056.0000      -30993.382725
2060.0000      -30883.252510
2064.0000      -30858.070652
2068.0000      -30777.460741
2072.0000      -30762.786258
2076.0000      -30931.920896
2080.0000      -30915.564105
2084.0000      -30814.048244
2088.0000      -30849.692737
2092.0000      -31011.917796
2096.0000      -30885.196407
2100.0000      -30949.108327
2104.0000      -31002.698028
2108.0000      -30801.515433
2112.0000      -30988.948507
2116.0000      -31019.934214
2120.0000      -30910.550240
2124.0000      -30848.975573
2128.0000      -30911.162323
2132.0000      -30962.937207
2136.0000      -30935.074590
2140.0000      -30939.070050
2144.0000      -30852.019181
2148.0000      -30961.302795
2152.0000      -30994.783001
2156.0000      -30988.296801
2160.0000      -30949.641548
2164.0000      -30997.378003
2168.0000      -30957.356328
2172.0000      -30990.272095
2176.0000      -30995.631769
2180.0000      -30837.350451
2184.0000      -30961.557396
2188.0000      -30953.173641
2192.0000      -30851.013581
2196.0000      -30835.761049
2200.0000      -30733.176859
2204.0000      -30838.960965
2208.0000      -30831.923162
2212.0000      -30955.558561
2216.0000      -30893.803997
2220.0000      -30821.825309
2224.0000      -30898.712161
2228.0000      -30722.854579
2232.0000      -30872.734075
2236.0000      -30992.595256
2240.0000      -31072.289386
2244.0000      -30726.430522
2248.0000      -30982.690039
2252.0000      -30795.534835
2256.0000      -30765.010656
2260.0000      -30737.753772
2264.0000      -30871.686183
2268.0000      -30942.247127
2272.0000      -30842.930401
2276.0000      -30783.725390
2280.0000      -30910.808820
2284.0000      -31052.289234
2288.0000      -30855.113543
2292.0000      -30894.432447
2296.0000      -30854.114037
2300.0000      -30795.970988
2304.0000      -30878.837167
2308.0000      -30960.734554
2312.0000      -31036.055618
2316.0000      -30852.680261
2320.0000      -30699.672803
2324.0000      -30766.679926
2328.0000      -30990.749632
2332.0000      -30727.834961
2336.0000      -30827.152363
2340.0000      -31064.018231
2344.0000      -30997.839802
2348.0000      -30893.182319
2352.0000      -30996.725108
2356.0000      -30951.238507
2360.0000      -30856.597025
2364.0000      -30914.426131
2368.0000      -30943.365141
2372.0000      -30831.342694
2376.0000      -30849.217153
2380.0000      -31029.027322
2384.0000      -30897.006306
2388.0000      -30821.533829
2392.0000      -30923.616122
2396.0000      -30980.557850
2400.0000      -30957.312961
2404.0000      -30948.219346
2408.0000      -30870.518175
2412.0000      -30868.335378
2416.0000      -30949.307650
2420.0000      -31023.217812
2424.0000      -30972.087390
2428.0000      -30889.178159
2432.0000      -30927.008095
2436.0000      -30890.350453
2440.0000      -31077.889406
2444.0000      -30948.372874
2448.0000      -30782.200230
2452.0000      -30966.352094
2456.0000      -30887.711401
2460.0000      -30801.893057
2464.0000      -30977.018083
2468.0000      -30917.854057
2472.0000      -30902.706009
2476.0000      -30955.314928
2480.0000      -30879.198255
2484.0000      -30892.114647
2488.0000      -31034.135982
2492.0000      -30875.378683
2496.0000      -30813.586956
2500.0000      -30779.015392
2504.0000      -30858.827259
2508.0000      -30713.078144
2512.0000      -30950.018850
2516.0000      -30882.814952
2520.0000      -30787.402660
2524.0000      -30841.272768
2528.0000      -31002.300311
2532.0000      -30819.082586
2536.0000      -30925.843571
2540.0000      -30956.680335
2544.0000      -30860.278563
2548.0000      -30936.084575
2552.0000      -31051.628499
2556.0000      -30801.247975
2560.0000      -30875.125640
2564.0000      -30821.290893
2568.0000      -30905.566649
2572.0000      -30666.166979
2576.0000      -30857.846910
2580.0000      -30704.749709
2584.0000      -30929.781720
2588.0000      -30763.516891
2592.0000      -30950.076640
2596.0000      -30760.676378
2600.0000      -30931.261194
2604.0000      -30904.301414
2608.0000      -31126.909748
2612.0000      -30718.160421
2616.0000      -30768.938744
2620.0000      -30879.737368
2624.0000      -30981.849100
2628.0000      -30970.407623
2632.0000      -30951.739275
2636.0000      -30930.377018
2640.0000      -30857.108263
2644.0000      -30977.362214
2648.0000      -30772.239799
2652.0000      -30982.457962
2656.0000      -30799.967403
2660.0000      -30931.939875
2664.0000      -31046.302620
2668.0000      -30820.607801
2672.0000      -30834.096516
2676.0000      -30751.571832
2680.0000      -30857.332301
2684.0000      -30974.096325
2688.0000      -31003.156730
2692.0000      -30878.846873
2696.0000      -30929.516668
2700.0000      -30860.772893
2704.0000      -30891.430563
2708.0000      -30892.271998
2712.0000      -30998.756809
2716.0000      -30952.609291
2720.0000      -30914.023996
2724.0000      -30902.981628
2728.0000      -30713.988668
2732.0000      -30820.028746
2736.0000      -30683.666615
2740.0000      -30930.596603
2744.0000      -30807.392937
2748.0000      -30902.070258
2752.0000      -30590.444405
2756.0000      -30776.698489
2760.0000      -30910.408670
2764.0000      -30806.502944
2768.0000      -30906.240365
2772.0000      -30636.424507
2776.0000      -30901.862705
2780.0000      -30838.045142
2784.0000      -30895.510353
2788.0000      -30989.468000
2792.0000      -30873.006126
2796.0000      -30830.775039
2800.0000      -30919.370605
2804.0000      -30823.278974
2808.0000      -30961.898175
2812.0000      -30972.279807
2816.0000      -30885.179429
2820.0000      -30909.471594
2824.0000      -30808.526396
2828.0000      -30781.981504
2832.0000      -31002.652195
2836.0000      -31033.320075
2840.0000      -30801.047089
2844.0000      -31055.565221
2848.0000      -30937.036118
2852.0000      -30953.575806
2856.0000      -30971.407457
2860.0000      -30945.765527
2864.0000      -30737.283237
2868.0000      -30970.323494
2872.0000      -30994.831320
2876.0000      -30804.699718
2880.0000      -30823.207058
2884.0000      -30749.140903
2888.0000      -31042.928362
2892.0000      -30932.542084
2896.0000      -31054.718534
2900.0000      -31108.632948
2904.0000      -30843.221510
2908.0000      -30871.057728
2912.0000      -30873.879034
2916.0000      -31054.362721
2920.0000      -30839.659163
2924.0000      -30783.503128
2928.0000      -30811.659025
2932.0000      -30902.874836
2936.0000      -30937.109062
2940.0000      -30817.800401
2944.0000      -30758.330420
2948.0000      -30727.704965
2952.0000      -30847.994733
2956.0000      -30914.657369
2960.0000      -30858.685678
2964.0000      -30887.823177
2968.0000      -30945.883052
2972.0000      -30920.229779
2976.0000      -30744.228280
2980.0000      -30856.862879
2984.0000      -30823.705960
2988.0000      -30882.195005
2992.0000      -30915.153374
2996.0000      -31124.850602
3000.0000      -30911.825101
3004.0000      -30910.899537
3008.0000      -31126.893149
3012.0000      -30926.639119
3016.0000      -30864.876411
3020.0000      -30789.079996
3024.0000      -31007.766146
3028.0000      -30915.842397
3032.0000      -30779.260425
3036.0000      -30919.856646
3040.0000      -30790.109539
3044.0000      -30855.399970
3048.0000      -30738.120216
3052.0000      -30705.464523
3056.0000      -30864.072122
3060.0000      -30817.892607
3064.0000      -30841.715073
3068.0000      -30865.443636
3072.0000      -30868.512746
3076.0000      -30771.018996
3080.0000      -30934.826613
3084.0000      -30916.438030
3088.0000      -30709.339028
3092.0000      -30881.805697
3096.0000      -30942.449698
3100.0000      -30919.245195
3104.0000      -30739.504958
3108.0000      -30823.981836
3112.0000      -30865.747465
3116.0000      -30873.678515
3120.0000      -30940.175147
3124.0000      -30888.669038
3128.0000      -30997.742915
3132.0000      -30978.808403
3136.0000      -30834.328565
3140.0000      -30889.476589
3144.0000      -30819.221120
3148.0000      -30985.142591
3152.0000      -30984.364638
3156.0000      -30956.554312
3160.0000      -30906.845867
3164.0000      -31004.940952
3168.0000      -30782.350536
3172.0000      -30862.362078
3176.0000      -30908.079166
3180.0000      -30913.618625
3184.0000      -30950.822060
3188.0000      -30977.154047
3192.0000      -30820.384201
3196.0000      -30778.288312
3200.0000      -31033.209322
3204.0000      -31066.240394
3208.0000      -31103.687598
3212.0000      -31022.563189
3216.0000      -30823.708397
3220.0000      -30838.946077
3224.0000      -30779.904629
3228.0000      -30968.111991
3232.0000      -30773.166241
3236.0000      -30933.513763
3240.0000      -30873.431642
3244.0000      -30834.089167
3248.0000      -30826.024717
3252.0000      -30831.660006
3256.0000      -30992.381425
3260.0000      -31082.737716
3264.0000      -30782.906625
3268.0000      -30890.538246
3272.0000      -30919.803613
3276.0000      -30887.773200
3280.0000      -30749.630698
3284.0000      -30863.458787
3288.0000      -30872.588946
3292.0000      -30938.894883
3296.0000      -30960.130132
3300.0000      -30941.338649
3304.0000      -30944.625758
3308.0000      -30950.210928
3312.0000      -30855.392281
3316.0000      -30881.177988
3320.0000      -30813.752414
3324.0000      -30895.444981
3328.0000      -30847.322036
3332.0000      -30917.935777
3336.0000      -30991.570006
3340.0000      -30853.361280
3344.0000      -30849.046880
3348.0000      -31008.344586
3352.0000      -31020.935463
3356.0000      -31007.846901
3360.0000      -30878.390919
3364.0000      -30959.416560
3368.0000      -30781.522982
3372.0000      -30799.755445
3376.0000      -30829.361601
3380.0000      -30907.668942
3384.0000      -31063.899938
3388.0000      -30890.904861
3392.0000      -30857.343274
3396.0000      -30877.766176
3400.0000      -30787.163376
3404.0000      -30944.618942
3408.0000      -30875.997409
3412.0000      -30828.686032
3416.0000      -30877.102574
3420.0000      -30950.662359
3424.0000      -30919.577210
3428.0000      -31039.152656
3432.0000      -30905.489640
3436.0000      -30899.787342
3440.0000      -30755.049387
3444.0000      -30761.316700
3448.0000      -30997.358188
3452.0000      -30853.675173
3456.0000      -30833.834325
3460.0000      -30941.446489
3464.0000      -30789.620997
3468.0000      -30938.692743
3472.0000      -30743.555104
3476.0000      -30826.550155
3480.0000      -30913.734837
3484.0000      -31002.683589
3488.0000      -31039.464438
3492.0000      -30990.619338
3496.0000      -31055.782838
3500.0000      -30756.884746
3504.0000      -30839.548159
3508.0000      -30932.451120
3512.0000      -30867.613782
3516.0000      -31073.639347
3520.0000      -30786.877203
3524.0000      -30795.553924
3528.0000      -30973.974427
3532.0000      -30941.771130
3536.0000      -30931.585098
3540.0000      -30702.565881
3544.0000      -31038.262576
3548.0000      -30899.208061
3552.0000      -31012.402849
3556.0000      -30993.904681
3560.0000      -30855.889033
3564.0000      -30952.641369
3568.0000      -30915.923789
3572.0000      -30826.912076
3576.0000      -30802.414176
3580.0000      -30740.768718
3584.0000      -30884.894141
3588.0000      -30970.193226
3592.0000      -30910.973440
3596.0000      -30997.640923
3600.0000      -30953.174145
3604.0000      -30913.295724
3608.0000      -30915.068980
3612.0000      -30923.384198
3616.0000      -31016.690343
3620.0000      -30965.202882
3624.0000      -31022.298338
3628.0000      -30931.253363
3632.0000      -30902.742652
3636.0000      -30885.840445
3640.0000      -30963.444741
3644.0000      -30826.034805
3648.0000      -30995.641146
3652.0000      -30963.518607
3656.0000      -30876.976923
3660.0000      -30829.012402
3664.0000      -30833.080380
3668.0000      -30650.249730
3672.0000      -30862.279328
3676.0000      -30871.944877
3680.0000      -31063.646018
3684.0000      -31073.692010
3688.0000      -30832.244642
3692.0000      -30939.325601
3696.0000      -31068.134790
3700.0000      -30828.710146
3704.0000      -30919.563227
3708.0000      -30801.757371
3712.0000      -30803.191365
3716.0000      -30862.872016
3720.0000      -30954.391015
3724.0000      -30837.507910
3728.0000      -31054.741606
3732.0000      -30851.274726
3736.0000      -30689.050045
3740.0000      -30919.679789
3744.0000      -30869.819739
3748.0000      -30963.962603
3752.0000      -30966.228059
3756.0000      -31047.355914
3760.0000      -30903.884328
3764.0000      -30836.762577
3768.0000      -30759.711909
3772.0000      -30990.889063
3776.0000      -30780.040836
3780.0000      -30792.135868
3784.0000      -30722.971010
3788.0000      -30810.504627
3792.0000      -30901.606885
3796.0000      -30788.011847
3800.0000      -30922.987996
3804.0000      -30857.916607
3808.0000      -31001.719206
3812.0000      -31029.486062
3816.0000      -31049.810896
3820.0000      -31007.098684
3824.0000      -30799.233377
3828.0000      -31024.633318
3832.0000      -30882.404366
3836.0000      -31076.177594
3840.0000      -30830.272915
3844.0000      -30726.088904
3848.0000      -30809.498591
3852.0000      -30989.435398
3856.0000      -30936.232307
3860.0000      -31109.047902
3864.0000      -30693.022130
3868.0000      -30890.447142
3872.0000      -30895.334203
3876.0000      -30864.008904
3880.0000      -30897.585029
3884.0000      -30996.933032
3888.0000      -31022.363473
3892.0000      -30728.185114
3896.0000      -30893.058967
3900.0000      -31027.022544
3904.0000      -31007.925557
3908.0000      -31053.986269
3912.0000      -30739.323676
3916.0000      -30924.029397
3920.0000      -30966.192150
3924.0000      -30884.685286
3928.0000      -30861.364415
3932.0000      -30893.052765
3936.0000      -30968.950880
3940.0000      -30944.006523
3944.0000      -30697.481692
3948.0000      -30700.969305
3952.0000      -30738.762046
3956.0000      -30859.035097
3960.0000      -30887.199353
3964.0000      -30983.230871
3968.0000      -30968.900587
3972.0000      -30836.077028
3976.0000      -30760.508771
3980.0000      -30711.144238
3984.0000      -30825.923440
3988.0000      -30847.608507
3992.0000      -30888.089657
3996.0000      -30982.117177
4000.0000      -31013.890911
4004.0000      -31013.890911
