4.0000      -30831.017143
8.0000      -30877.069636
12.0000      -30811.645766
16.0000      -30808.225778
20.0000      -30919.508891
24.0000      -31016.141285
28.0000      -30909.262674
32.0000      -30845.359630
36.0000      -30885.451963
40.0000      -30937.062232
44.0000      -30862.441454
48.0000      -30884.319041
52.0000      -30893.417049
56.0000      -30887.825016
60.0000      -30946.019839
64.0000      -30963.544874
68.0000      -31041.676061
72.0000      -31045.112470
76.0000      -30844.026718
80.0000      -31005.520665
84.0000      -30851.841110
88.0000      -30927.114469
92.0000      -30922.482975
96.0000      -30899.363024
100.0000      -31113.681210
104.0000      -30981.481326
108.0000      -30906.576123
112.0000      -30856.172530
116.0000      -30900.915404
120.0000      -31128.881460
124.0000      -30982.405179
128.0000      -30922.374459
132.0000      -30953.716322
136.0000      -30972.197712
140.0000      -31091.796171
144.0000      -30881.046139
148.0000      -30982.070019
152.0000      -30938.350668
156.0000      -30967.190063
160.0000      -30876.168977
164.0000      -31012.304991
168.0000      -31079.892690
172.0000      -30854.631845
176.0000      -30806.543489
180.0000      -30998.067552
184.0000      -30949.510824
188.0000      -30985.039849
192.0000      -30837.127224
196.0000      -30983.879188
200.0000      -30835.260270
204.0000      -31058.294753
208.0000      -31010.421598
212.0000      -31037.085828
216.0000      -30894.025693
220.0000      -31061.650019
224.0000      -30914.270792
228.0000      -30948.464814
232.0000      -30825.565078
236.0000      -30822.738238
240.0000      -30774.057545
244.0000      -30755.451002
248.0000      -30803.355649
252.0000      -30990.204209
256.0000      -31055.628634
260.0000      -31017.625639
264.0000      -30851.393319
268.0000      -31016.013346
272.0000      -31008.344502
276.0000      -30994.482812
280.0000      -30947.018917
284.0000      -30749.251350
288.0000      -30983.862372
292.0000      -30904.618245
296.0000      -30815.493701
300.0000      -30867.286751
304.0000      -30935.852826
308.0000      -30978.295342
312.0000      -30880.615539
316.0000      -30851.880448
320.0000      -30854.972723
324.0000      -30797.348783
328.0000      -30774.162628
332.0000      -30811.793539
336.0000      -30921.464051
340.0000      -30886.327090
344.0000      -30816.607121
348.0000      -30856.235093
352.0000      -30995.090870
356.0000      -30944.617933
360.0000      -30863.684738
364.0000      -31073.483469
368.0000      -30900.393595
372.0000      -30818.799928
376.0000      -31102.766730
380.0000      -30932.153810
384.0000      -30916.931977
388.0000      -30890.996678
392.0000      -30934.369937
396.0000      -31028.611114
400.0000      -31081.032827
404.0000      -30814.090431
408.0000      -30783.838445
412.0000      -30891.827367
416.0000      -30978.145933
420.0000      -31036.866667
424.0000      -31041.694341
428.0000      -30989.766300
432.0000      -30876.981006
436.0000      -30925.740433
440.0000      -30674.179001
444.0000      -30978.431920
448.0000      -30822.059023
452.0000      -30931.082239
456.0000      -30914.698290
460.0000      -30902.289119
464.0000      -31020.338244
468.0000      -30939.523403
472.0000      -30923.275902
476.0000      -30738.936465
480.0000      -30959.149495
484.0000      -30927.905396
488.0000      -31019.769685
492.0000      -31062.436013
496.0000      -30792.063314
500.0000      -30934.840241
504.0000      -30934.615470
508.0000      -30948.622724
512.0000      -30888.891091
516.0000      -30962.970090
520.0000      -30878.927513
524.0000      -30957.820386
528.0000      -30857.923998
532.0000      -30839.793568
536.0000      -31086.965824
540.0000      -31040.739074
544.0000      -30944.430318
548.0000      -30981.300475
552.0000      -30923.976699
556.0000      -30830.401120
560.0000      -30780.838836
564.0000      -30992.766279
568.0000      -30969.983057
572.0000      -31021.884397
576.0000      -30868.082529
580.0000      -30890.658123
584.0000      -30971.539950
588.0000      -30904.984465
592.0000      -31007.910093
596.0000      -30931.170155
600.0000      -30957.846593
604.0000      -30903.884314
608.0000      -30948.305040
612.0000      -30888.633315
616.0000      -30991.132191
620.0000      -31029.202311
624.0000      -30888.242760
628.0000      -30975.884599
632.0000      -30853.258783
636.0000      -30766.326865
640.0000      -30976.052773
644.0000      -30862.825094
648.0000      -31078.049172
652.0000      -30812.586642
656.0000      -30962.241610
660.0000      -31059.146426
664.0000      -30813.096346
668.0000      -31131.722822
672.0000      -31091.350941
676.0000      -30911.439573
680.0000      -30880.929526
684.0000      -31024.658881
688.0000      -30938.026743
692.0000      -31025.747336
696.0000      -30945.820463
700.0000      -30985.164655
704.0000      -30936.945935
708.0000      -31011.123174
712.0000      -31026.248437
716.0000      -30970.107830
720.0000      -30862.270522
724.0000      -30843.587918
728.0000      -30925.280201
732.0000      -30966.039077
736.0000      -31042.521235
740.0000      -31009.316839
744.0000      -31068.892139
748.0000      -30852.007902
752.0000      -31008.727816
756.0000      -31009.650986
760.0000      -31076.878023
764.0000      -30939.065444
768.0000      -30862.487070
772.0000      -30856.261734
776.0000      -30921.873619
780.0000      -30882.506558
784.0000      -30934.513369
788.0000      -30886.137922
792.0000      -30866.844195
796.0000      -31045.198468
800.0000      -30992.617033
804.0000      -30999.824266
808.0000      -30816.497637
812.0000      -30939.383551
816.0000      -30909.288301
820.0000      -30951.381749
824.0000      -30871.195090
828.0000      -31110.578249
832.0000      -30905.405919
836.0000      -30965.133762
840.0000      -30970.044940
844.0000      -30891.598428
848.0000      -31102.325825
852.0000      -31150.442079
856.0000      -30929.905596
860.0000      -30849.188961
864.0000      -30942.010053
868.0000      -31022.544348
872.0000      -30861.370590
876.0000      -30958.860901
880.0000      -30942.858203
884.0000      -30911.273264
888.0000      -30839.927498
892.0000      -30966.113048
896.0000      -30982.114133
900.0000      -30796.848857
904.0000      -30987.798615
908.0000      -30968.508938
912.0000      -31042.616374
916.0000      -30977.803993
920.0000      -30905.946859
924.0000      -30956.419106
928.0000      -30875.821748
932.0000      -31055.054538
936.0000      -31022.045831
940.0000      -31087.998838
944.0000      -30910.050830
948.0000      -30801.793539
952.0000      -30963.200899
956.0000      -30859.950484
960.0000      -30711.140571
964.0000      -30847.785477
968.0000      -30846.654702
972.0000      -30764.396344
976.0000      -30891.701892
980.0000      -30999.513408
984.0000      -30957.140427
988.0000      -31030.661932
992.0000      -30922.815189
996.0000      -30946.811732
1000.0000      -30810.703781
1004.0000      -31087.342215
1008.0000      -30843.885463
1012.0000      -30968.374456
1016.0000      -30910.248544
1020.0000      -31072.302108
1024.0000      -30895.300562
1028.0000      -30874.547241
1032.0000      -30775.004260
1036.0000      -31186.845769
1040.0000      -30914.615167
1044.0000      -30968.825452
1048.0000      -30839.219502
1052.0000      -30875.170876
1056.0000      -30977.445280
1060.0000      -31010.419273
1064.0000      -30754.590206
1068.0000      -30858.423550
1072.0000      -30963.339136
1076.0000      -30714.954263
1080.0000      -30718.489493
1084.0000      -30965.045991
1088.0000      -31043.320735
1092.0000      -30897.737368
1096.0000      -30854.478182
1100.0000      -30863.229831
1104.0000      -30861.693813
1108.0000      -31089.044046
1112.0000      -31003.628527
1116.0000      -30952.596768
1120.0000      -30930.601186
1124.0000      -30920.152423
1128.0000      -31015.492960
1132.0000      -31102.073929
1136.0000      -30986.976798
1140.0000      -30900.473288
1144.0000      -30930.111410
1148.0000      -30890.756814
1152.0000      -30893.099052
1156.0000      -30997.424232
1160.0000      -30983.571099
1164.0000      -30984.094901
1168.0000      -30835.677904
1172.0000      -30949.823075
1176.0000      -31105.164336
1180.0000      -31066.103809
1184.0000      -30821.804223
1188.0000      -30886.381650
1192.0000      -30804.683237
1196.0000      -30820.912322
1200.0000      -31008.294407
1204.0000      -30797.566468
1208.0000      -31072.389915
1212.0000      -30829.121272
1216.0000      -30872.481345
1220.0000      -30989.172199
1224.0000      -30772.797424
1228.0000      -30796.376087
1232.0000      -30894.022823
1236.0000      -30823.866872
1240.0000      -30807.592795
1244.0000      -31017.580048
1248.0000      -30799.126702
1252.0000      -30902.118585
1256.0000      -30974.204420
1260.0000      -30912.866771
1264.0000      -30751.326492
1268.0000      -31074.808059
1272.0000      -30771.626087
1276.0000      -30964.661091
1280.0000      -30962.790452
1284.0000      -30785.700390
1288.0000      -30859.975451
1292.0000      -31004.612932
1296.0000      -30905.853899
1300.0000      -30935.847133
1304.0000      -30987.227150
1308.0000      -30848.382454
1312.0000      -30814.778285
1316.0000      -30839.859608
1320.0000      -30890.705610
1324.0000      -30989.099548
1328.0000      -30905.357177
1332.0000      -30878.495488
1336.0000      -30901.997448
1340.0000      -31044.883468
1344.0000      -31049.208443
1348.0000      -31038.814201
1352.0000      -31084.533600
1356.0000      -31018.346431
1360.0000      -31130.203650
1364.0000      -30932.764884
1368.0000      -30874.042360
1372.0000      -30947.152011
1376.0000      -30894.200934
1380.0000      -30929.362399
1384.0000      -30984.347340
1388.0000      -30952.503137
1392.0000      -31051.585781
1396.0000      -31000.162311
1400.0000      -30886.478901
1404.0000      -31048.472145
1408.0000      -30986.064343
1412.0000      -31017.416068
1416.0000      -30833.081204
1420.0000      -31156.977952
1424.0000      -30908.895807
1428.0000      -30906.956784
1432.0000      -30996.345643
1436.0000      -30831.959018
1440.0000      -31119.767781
1444.0000      -30881.382787
1448.0000      -30857.567586
1452.0000      -30788.596900
1456.0000      -30818.358825
1460.0000      -30945.320674
1464.0000      -30952.074113
1468.0000      -30768.690969
1472.0000      -30754.336374
1476.0000      -30860.824149
1480.0000      -30788.158307
1484.0000      -30978.918071
1488.0000      -30911.686206
1492.0000      -30965.093214
1496.0000      -31099.144738
1500.0000      -30885.329281
1504.0000      -30917.608874
1508.0000      -30781.438562
1512.0000      -30952.908854
1516.0000      -31141.785962
1520.0000      -30986.142089
1524.0000      -30897.559153
1528.0000      -30858.915755
1532.0000      -31051.199514
1536.0000      -31011.504104
1540.0000      -30942.486015
1544.0000      -31051.363375
1548.0000      -30921.002969
1552.0000      -30979.620990
1556.0000      -30940.912136
1560.0000      -30918.495889
1564.0000      -30942.461297
1568.0000      -31057.662557
1572.0000      -31067.973235
1576.0000      -30998.695298
1580.0000      -31165.984513
1584.0000      -30814.759827
1588.0000      -30840.034681
1592.0000      -30855.527372
1596.0000      -30934.879438
1600.0000      -31114.031993
1604.0000      -30825.158417
1608.0000      -30986.622130
1612.0000      -30865.537805
1616.0000      -30920.911342
1620.0000      -30995.418198
1624.0000      -30975.202482
1628.0000      -30934.807180
1632.0000      -30940.063370
1636.0000      -30973.588367
1640.0000      -31010.854466
1644.0000      -30885.358914
1648.0000      -30952.173678
1652.0000      -30900.659606
1656.0000      -30942.498921
1660.0000      -30986.493368
1664.0000      -31155.103736
1668.0000      -30924.986300
1672.0000      -30872.768171
1676.0000      -31030.312113
1680.0000      -30915.901027
1684.0000      -30827.633132
1688.0000      -30788.909319
1692.0000      -31016.941640
1696.0000      -30910.533777
1700.0000      -30830.650266
1704.0000      -30915.410530
1708.0000      -30956.072853
1712.0000      -30934.314019
1716.0000      -30833.172414
1720.0000      -31005.957370
1724.0000      -31044.764732
1728.0000      -30836.209738
1732.0000      -30916.320060
1736.0000      -31223.547695
1740.0000      -31064.750324
1744.0000      -30957.176225
1748.0000      -31043.121103
1752.0000      -30783.542842
1756.0000      -30871.595013
1760.0000      -31069.848983
1764.0000      -30926.780336
1768.0000      -30880.381464
1772.0000      -30845.050272
1776.0000      -30923.466450
1780.0000      -31115.541154
1784.0000      -31017.819939
1788.0000      -30901.681698
1792.0000      -31106.236834
1796.0000      -31021.551589
1800.0000      -30819.125901
1804.0000      -30982.211793
1808.0000      -31131.271042
1812.0000      -30944.324536
1816.0000      -31020.104905
1820.0000      -30969.212860
1824.0000      -30983.957384
1828.0000      -30935.068040
1832.0000      -31166.319060
1836.0000      -31026.184818
1840.0000      -30840.655158
1844.0000      -30952.278676
1848.0000      -30903.294223
1852.0000      -30908.567267
1856.0000      -31059.464175
1860.0000      -30926.377745
1864.0000      -31020.555661
1868.0000      -31014.551826
1872.0000      -30903.473539
1876.0000      -30869.274976
1880.0000      -30962.238468
1884.0000      -30866.237786
1888.0000      -31205.655182
1892.0000      -31099.497543
1896.0000      -30995.208472
1900.0000      -31063.490292
1904.0000      -30815.659639
1908.0000      -30871.315403
1912.0000      -30806.732889
1916.0000      -30944.957036
1920.0000      -31009.484094
1924.0000      -30919.415175
1928.0000      -30961.529143
1932.0000      -30841.882839
1936.0000      -30938.555330
1940.0000      -30927.292571
1944.0000      -30862.143415
1948.0000      -30877.568661
1952.0000      -30942.651937
1956.0000      -31002.192624
1960.0000      -30818.223588
1964.0000      -30920.898870
1968.0000      -30854.945156
1972.0000      -30924.469440
1976.0000      -30919.549341
1980.0000      -30992.220444
1984.0000      -30854.222053
1988.0000      -30924.611912
1992.0000      -31042.899668
1996.0000      -30934.867466
2000.0000      -30955.936719
2004.0000      -30962.960464
2008.0000      -30948.572028
2012.0000      -30839.408316
2016.0000      -30945.577708
2020.0000      -30869.401418
2024.0000      -31122.061831
2028.0000      -31004.068006
2032.0000      -30908.800631
2036.0000      -30875.164556
2040.0000      -30926.634708
2044.0000      -30852.726930
2048.0000      -30849.240026
2052.0000      -30903.101763
2056.0000      -30923.648744
2060.0000      -30849.483353
2064.0000      -31015.585293
2068.0000      -30941.389169
2072.0000      -30875.450993
2076.0000      -30937.790598
2080.0000      -30815.722257
2084.0000      -31072.862164
2088.0000      -30769.416734
2092.0000      -30846.365000
2096.0000      -30730.821662
2100.0000      -30728.082892
2104.0000      -30890.367909
2108.0000      -30817.077699
2112.0000      -30900.509102
2116.0000      -30736.176727
2120.0000      -30926.776558
2124.0000      -30881.831798
2128.0000      -30853.272391
2132.0000      -30896.933225
2136.0000      -30957.299268
2140.0000      -30919.254187
2144.0000      -30769.041848
2148.0000      -30951.355123
2152.0000      -30697.565406
2156.0000      -30827.478340
2160.0000      -30989.035180
2164.0000      -30850.766574
2168.0000      -31034.597966
2172.0000      -30904.876936
2176.0000      -30900.855263
2180.0000      -30918.566273
2184.0000      -31058.613196
2188.0000      -31117.143460
2192.0000      -30951.110589
2196.0000      -30881.863981
2200.0000      -30975.651097
2204.0000      -30960.752877
2208.0000      -30948.409125
2212.0000      -30963.393724
2216.0000      -30896.521798
2220.0000      -30952.173195
2224.0000      -31030.455883
2228.0000      -30969.457017
2232.0000      -30997.763440
2236.0000      -31037.021993
2240.0000      -31075.046885
2244.0000      -30825.969474
2248.0000      -31208.431053
2252.0000      -30803.071388
2256.0000      -30947.424984
2260.0000      -30919.723249
2264.0000      -30829.379471
2268.0000      -30904.259404
2272.0000      -31081.846182
2276.0000      -31111.135616
2280.0000      -31073.211883
2284.0000      -30925.620848
2288.0000      -30965.641285
2292.0000      -30847.110779
2296.0000      -30757.729542
2300.0000      -31028.067691
2304.0000      -31025.051619
2308.0000      -31007.715402
2312.0000      -30949.020325
2316.0000      -31005.790975
2320.0000      -30859.557744
2324.0000      -31055.631057
2328.0000      -31060.251914
2332.0000      -31052.091013
2336.0000      -31019.189336
2340.0000      -30931.910165
2344.0000      -30956.844239
2348.0000      -31018.231198
2352.0000      -30729.100663
2356.0000      -30985.062308
2360.0000      -30829.661469
2364.0000      -30821.860480
2368.0000      -30860.472367
2372.0000      -30918.288676
2376.0000      -31038.515477
2380.0000      -30875.833646
2384.0000      -30896.576986
2388.0000      -31010.885615
2392.0000      -30755.210994
2396.0000      -30883.899378
2400.0000      -30803.335334
2404.0000      -30984.552573
2408.0000      -30972.426129
2412.0000      -31026.954175
2416.0000      -30787.382986
2420.0000      -30721.087456
2424.0000      -30954.662585
2428.0000      -30815.438879
2432.0000      -30911.936203
2436.0000      -30941.973976
2440.0000      -30827.008176
2444.0000      -30948.443066
2448.0000      -31104.316155
2452.0000      -30926.941837
2456.0000      -30864.339124
2460.0000      -30914.366127
2464.0000      -30878.254469
2468.0000      -30777.612625
2472.0000      -30880.704964
2476.0000      -30830.249554
2480.0000      -31053.415940
2484.0000      -30926.565974
2488.0000      -31009.489785
2492.0000      -30863.709423
2496.0000      -31026.258574
2500.0000      -30649.045067
2504.0000      -30798.259300
2508.0000      -30802.932306
2512.0000      -30954.244514
2516.0000      -30933.797173
2520.0000      -31121.407368
2524.0000      -30962.244796
2528.0000      -30885.546035
2532.0000      -31014.170861
2536.0000      -30920.889521
2540.0000      -30832.786621
2544.0000      -30950.414434
2548.0000      -30974.289304
2552.0000      -30961.278038
2556.0000      -30898.511287
2560.0000      -30885.712321
2564.0000      -31090.197114
2568.0000      -30886.198163
2572.0000      -30980.134092
2576.0000      -30867.279252
2580.0000      -30833.599256
2584.0000      -30951.505274
2588.0000      -30886.602613
2592.0000      -30903.068012
2596.0000      -30978.260703
2600.0000      -30764.415003
2604.0000      -30890.589134
2608.0000      -30961.745702
2612.0000      -31072.032541
2616.0000      -30985.128385
2620.0000      -30984.250977
2624.0000      -30947.034341
2628.0000      -30934.923266
2632.0000      -31130.112267
2636.0000      -31122.821154
2640.0000      -30932.707562
2644.0000      -31012.907058
2648.0000      -30959.485069
2652.0000      -30942.490553
2656.0000      -30864.545131
2660.0000      -30834.088458
2664.0000      -30831.386226
2668.0000      -30999.141096
2672.0000      -30883.260284
2676.0000      -30922.917382
2680.0000      -30929.469239
2684.0000      -30830.445761
2688.0000      -30926.261587
2692.0000      -30847.387646
2696.0000      -30892.681448
2700.0000      -30934.357175
2704.0000      -30914.706509
2708.0000      -31015.827151
2712.0000      -30961.216117
2716.0000      -31045.852193
2720.0000      -30961.347343
2724.0000      -31244.194402
2728.0000      -31021.310529
2732.0000      -30990.658151
2736.0000      -30875.241738
2740.0000      -30907.040078
2744.0000      -30969.548184
2748.0000      -31037.475435
2752.0000      -31057.715240
2756.0000      -31092.755245
2760.0000      -30890.675581
2764.0000      -30795.378068
2768.0000      -30847.240977
2772.0000      -31037.393291
2776.0000      -30998.816402
2780.0000      -30813.190105
2784.0000      -30946.035735
2788.0000      -30860.716999
2792.0000      -30997.307707
2796.0000      -30767.351744
2800.0000      -30855.446485
2804.0000      -30915.010436
2808.0000      -31067.074518
2812.0000      -30925.353483
2816.0000      -31013.161967
2820.0000      -30923.103142
2824.0000      -30954.176805
2828.0000      -30844.597796
2832.0000      -30959.261147
2836.0000      -30933.345483
2840.0000      -31076.947313
2844.0000      -30852.846297
2848.0000      -30832.314536
2852.0000      -30918.209660
2856.0000      -30857.252757
2860.0000      -30978.851695
2864.0000      -30904.731290
2868.0000      -30980.814274
2872.0000      -30825.711283
2876.0000      -30910.571053
2880.0000      -30725.937310
2884.0000      -30811.178935
2888.0000      -30807.855032
2892.0000      -30765.549666
2896.0000      -30911.986650
2900.0000      -30953.149115
2904.0000      -31054.573114
2908.0000      -30876.901712
2912.0000      -30893.599609
2916.0000      -30959.530722
2920.0000      -31053.758297
2924.0000      -30804.678286
2928.0000      -30889.364231
2932.0000      -30982.839270
2936.0000      -30891.990089
2940.0000      -30874.770742
2944.0000      -31006.900294
2948.0000      -30932.680874
2952.0000      -30957.827409
2956.0000      -30774.820129
2960.0000      -30840.937598
2964.0000      -30963.028083
2968.0000      -30959.267379
2972.0000      -30968.252728
2976.0000      -30822.994202
2980.0000      -30889.484233
2984.0000      -30929.977023
2988.0000      -30941.851078
2992.0000      -30831.027782
2996.0000      -30810.402844
3000.0000      -30912.033877
3004.0000      -30834.524423
3008.0000      -31079.607463
3012.0000      -30960.171409
3016.0000      -31085.252426
3020.0000      -30928.301174
3024.0000      -31047.188695
3028.0000      -31094.738638
3032.0000      -30935.044713
3036.0000      -30956.308189
3040.0000      -31010.670342
3044.0000      -30969.578073
3048.0000      -30896.128732
3052.0000      -30901.302937
3056.0000      -30802.623906
3060.0000      -30971.811336
3064.0000      -30882.128802
3068.0000      -30906.946421
3072.0000      -30969.371802
3076.0000      -30902.254153
3080.0000      -31029.065820
3084.0000      -31045.552459
3088.0000      -30959.255149
3092.0000      -31091.745091
3096.0000      -30867.983556
3100.0000      -30921.515712
3104.0000      -30824.470369
3108.0000      -30793.093553
3112.0000      -30914.526151
3116.0000      -30814.370575
3120.0000      -30971.609396
3124.0000      -30873.560155
3128.0000      -30821.031606
3132.0000      -30835.845608
3136.0000      -30955.913103
3140.0000      -30841.470474
3144.0000      -30815.303008
3148.0000      -30920.633534
3152.0000      -30743.289293
3156.0000      -30938.574706
3160.0000      -30862.070965
3164.0000      -30938.341885
3168.0000      -30831.694770
3172.0000      -30961.467086
3176.0000      -30951.316849
3180.0000      -31083.416212
3184.0000      -31134.708444
3188.0000      -30924.412182
3192.0000      -31005.594091
3196.0000      -30827.425055
3200.0000      -31055.309289
3204.0000      -31033.713333
3208.0000      -30863.993685
3212.0000      -30963.289835
3216.0000      -30772.400664
3220.0000      -31013.469678
3224.0000      -30806.004552
3228.0000      -30726.096803
3232.0000      -30698.689246
3236.0000      -30881.605127
3240.0000      -30937.348797
3244.0000      -30845.561617
3248.0000      -30945.410548
3252.0000      -30932.096747
3256.0000      -30984.592322
3260.0000      -30811.490396
3264.0000      -30851.416407
3268.0000      -31002.370524
3272.0000      -30935.533175
3276.0000      -31158.317129
3280.0000      -30883.528534
3284.0000      -30978.289614
3288.0000      -30906.879250
3292.0000      -30961.228917
3296.0000      -31039.235532
3300.0000      -31080.053881
3304.0000      -31129.282808
3308.0000      -30973.133006
3312.0000      -30836.297399
3316.0000      -30914.883882
3320.0000      -30884.096285
3324.0000      -30896.905863
3328.0000      -30782.509117
3332.0000      -31006.368971
3336.0000      -31013.597109
3340.0000      -30980.951312
3344.0000      -30922.632663
3348.0000      -30848.736039
3352.0000      -30994.904127
3356.0000      -31082.466379
3360.0000      -30798.360839
3364.0000      -30720.836805
3368.0000      -30854.676905
3372.0000      -31030.355407
3376.0000      -30897.797442
3380.0000      -31141.548257
3384.0000      -30828.068242
3388.0000      -30921.608011
3392.0000      -30931.150144
3396.0000      -30781.738384
3400.0000      -30845.695502
3404.0000      -30808.410697
3408.0000      -30901.568010
3412.0000      -31049.819254
3416.0000      -30977.319039
3420.0000      -31033.612276
3424.0000      -30829.047774
3428.0000      -30962.428308
3432.0000      -31020.805888
3436.0000      -31077.171443
3440.0000      -31096.082061
3444.0000      -31028.072437
3448.0000      -30779.757305
3452.0000      -30812.209450
3456.0000      -30926.857264
3460.0000      -30774.241995
3464.0000      -31067.655680
3468.0000      -31056.659499
3472.0000      -30978.706656
3476.0000      -30962.131391
3480.0000      -30794.979271
3484.0000      -30876.502992
3488.0000      -30892.656148
3492.0000      -30885.595837
3496.0000      -31047.599535
3500.0000      -30952.511627
3504.0000      -31019.421401
3508.0000      -31040.632291
3512.0000      -30967.787140
3516.0000      -30853.155966
3520.0000      -30876.940699
3524.0000      -30961.219139
3528.0000      -31097.893586
3532.0000      -30969.041760
3536.0000      -30897.493136
3540.0000      -31052.057582
3544.0000      -31164.596483
3548.0000      -30948.703021
3552.0000      -31051.751599
3556.0000      -30937.684403
3560.0000      -30892.135278
3564.0000      -30803.730736
3568.0000      -30995.080417
3572.0000      -30839.601417
3576.0000      -30915.253846
3580.0000      -30893.986038
3584.0000      -30852.061268
3588.0000      -30907.396928
3592.0000      -30913.721476
3596.0000      -30890.894991
3600.0000      -30877.344519
3604.0000      -30964.099739
3608.0000      -30885.644790
3612.0000      -30975.540822
3616.0000      -30942.888792
3620.0000      -31183.585123
3624.0000      -30888.454124
3628.0000      -30868.070269
3632.0000      -30836.532660
3636.0000      -30923.744524
3640.0000      -30939.161023
3644.0000      -31090.134092
3648.0000      -30783.308771
3652.0000      -31111.490475
3656.0000      -30967.004139
3660.0000      -31089.183961
3664.0000      -31092.214814
3668.0000      -31023.423902
3672.0000      -30836.449351
3676.0000      -30748.445833
3680.0000      -30789.490556
3684.0000      -30998.193075
3688.0000      -30899.455081
3692.0000      -30919.089605
3696.0000      -30907.534161
3700.0000      -30835.327896
3704.0000      -30811.069028
3708.0000      -31000.719232
3712.0000      -30814.681825
3716.0000      -30835.398395
3720.0000      -30771.964468
3724.0000      -30995.648311
3728.0000      -31007.447046
3732.0000      -30874.499390
3736.0000      -30839.174297
3740.0000      -30921.577541
3744.0000      -30946.194305
3748.0000      -30770.409716
3752.0000      -30939.170700
3756.0000      -30951.830010
3760.0000      -30961.830088
3764.0000      -30694.874539
3768.0000      -30882.289093
3772.0000      -30842.637715
3776.0000      -30819.057750
3780.0000      -30953.679301
3784.0000      -30774.257014
3788.0000      -30886.619682
3792.0000      -31035.674189
3796.0000      -31050.266894
3800.0000      -30812.884964
3804.0000      -30863.567716
3808.0000      -30965.529352
3812.0000      -30934.352263
3816.0000      -30982.312890
3820.0000      -30975.177082
3824.0000      -30925.090082
3828.0000      -30937.068561
3832.0000      -31037.297048
3836.0000      -31006.623113
3840.0000      -31054.784676
3844.0000      -30996.694454
3848.0000      -30927.100184
3852.0000      -31005.811837
3856.0000      -30966.201206
3860.0000      -30904.284726
3864.0000      -30857.460172
3868.0000      -30795.526289
3872.0000      -30846.369012
3876.0000      -30788.542717
3880.0000      -31002.274528
3884.0000      -31036.386840
3888.0000      -31020.695277
3892.0000      -31024.084332
3896.0000      -30729.816265
3900.0000      -30672.668493
3904.0000      -31014.951328
3908.0000      -31054.078239
3912.0000      -30894.556658
3916.0000      -31017.245515
3920.0000      -30859.359316
3924.0000      -30907.028873
3928.0000      -30742.567488
3932.0000      -30864.466997
3936.0000      -30951.068805
3940.0000      -30727.181213
3944.0000      -31018.927792
3948.0000      -30885.463219
3952.0000      -30917.499092
3956.0000      -30974.085358
3960.0000      -30891.772889
3964.0000      -30872.661732
3968.0000      -30965.442037
3972.0000      -30951.106260
3976.0000      -30813.458952
3980.0000      -30824.143697
3984.0000      -30964.487243
3988.0000      -30926.208863
3992.0000      -31002.870482
3996.0000      -30842.594438
4000.0000      -30873.342761
4004.0000      -30873.342761
