4.0000      -30673.313741
8.0000      -30719.494051
12.0000      -30783.590123
16.0000      -30784.006866
20.0000      -30702.692573
24.0000      -30638.491621
28.0000      -30814.864666
32.0000      -30932.566483
36.0000      -30866.339398
40.0000      -30894.491250
44.0000      -30755.765229
48.0000      -30804.909444
52.0000      -30894.075579
56.0000      -30905.660295
60.0000      -30818.633231
64.0000      -30852.876455
68.0000      -30861.250813
72.0000      -30624.266140
76.0000      -30838.568158
80.0000      -30808.664862
84.0000      -30691.952440
88.0000      -30812.015115
92.0000      -30818.022971
96.0000      -30766.066743
100.0000      -30712.610727
104.0000      -30859.576314
108.0000      -30898.481325
112.0000      -30713.279363
116.0000      -30671.908528
120.0000      -30697.765860
124.0000      -30882.942773
128.0000      -30815.028927
132.0000      -30720.916265
136.0000      -30740.322408
140.0000      -30757.203340
144.0000      -31011.248308
148.0000      -30776.096778
152.0000      -30954.666337
156.0000      -30942.485625
160.0000      -30823.836469
164.0000      -31028.519233
168.0000      -30763.320583
172.0000      -30968.237872
176.0000      -30837.942241
180.0000      -30871.526713
184.0000      -30748.718328
188.0000      -30729.038065
192.0000      -30652.778720
196.0000      -30786.499285
200.0000      -30816.862916
204.0000      -30916.616773
208.0000      -30943.619546
212.0000      -30874.183839
216.0000      -30695.137111
220.0000      -30941.391497
224.0000      -30792.693055
228.0000      -30761.492713
232.0000      -30783.984330
236.0000      -31078.381794
240.0000      -30936.671000
244.0000      -30893.715416
248.0000      -30667.881038
252.0000      -30868.400491
256.0000      -30875.461715
260.0000      -30820.279604
264.0000      -30936.332547
268.0000      -30661.425304
272.0000      -30798.493160
276.0000      -30835.443524
280.0000      -30813.160198
284.0000      -30837.315467
288.0000      -31024.962878
292.0000      -30806.081931
296.0000      -30950.476814
300.0000      -30737.465618
304.0000      -30789.546831
308.0000      -30831.246230
312.0000      -30887.682165
316.0000      -30632.686996
320.0000      -30790.261343
324.0000      -30802.292402
328.0000      -30595.296601
332.0000      -30705.924163
336.0000      -30914.364229
340.0000      -30851.142759
344.0000      -30932.923514
348.0000      -30656.402026
352.0000      -30824.506394
356.0000      -30820.072805
360.0000      -30880.707016
364.0000      -30603.086210
368.0000      -30857.484724
372.0000      -30669.818799
376.0000      -30799.913687
380.0000      -30838.493348
384.0000      -30751.970947
388.0000      -30912.133964
392.0000      -30805.145778
396.0000      -31103.786130
400.0000      -30892.869711
404.0000      -30814.438906
408.0000      -30872.414841
412.0000      -30928.152435
416.0000      -30892.184957
420.0000      -30940.931418
424.0000      -30804.477559
428.0000      -30840.450517
432.0000      -30859.780176
436.0000      -30798.520196
440.0000      -30958.551389
444.0000      -30842.030472
448.0000      -30928.944797
452.0000      -30755.948488
456.0000      -30977.665007
460.0000      -30612.477030
464.0000      -30775.209632
468.0000      -31043.662639
472.0000      -30736.242353
476.0000      -30901.440119
480.0000      -31010.011468
484.0000      -30796.408456
488.0000      -30947.313395
492.0000      -30859.349646
496.0000      -30728.729799
500.0000      -30711.492710
504.0000      -30759.991949
508.0000      -30944.684601
512.0000      -30912.169169
516.0000      -31035.673114
520.0000      -30823.304832
524.0000      -30913.304525
528.0000      -30880.396849
532.0000      -30915.070603
536.0000      -30837.813275
540.0000      -30844.536786
544.0000      -30863.164652
548.0000      -30853.845827
552.0000      -30482.807029
556.0000      -30838.745101
560.0000      -30679.665013
564.0000      -30907.799514
568.0000      -30877.602033
572.0000      -30799.340435
576.0000      -30787.756389
580.0000      -30860.363349
584.0000      -30931.377213
588.0000      -30697.875117
592.0000      -30934.004997
596.0000      -30712.001132
600.0000      -30799.020261
604.0000      -30750.042434
608.0000      -30859.685960
612.0000      -30766.843908
616.0000      -30879.860648
620.0000      -30620.901860
624.0000      -30728.688921
628.0000      -30830.788395
632.0000      -30830.057289
636.0000      -30865.889913
640.0000      -30834.337287
644.0000      -30782.599874
648.0000      -30738.937142
652.0000      -30757.883072
656.0000      -30904.843424
660.0000      -30682.661983
664.0000      -30721.447234
668.0000      -30771.353068
672.0000      -30796.727306
676.0000      -30806.919037
680.0000      -30898.711852
684.0000      -30782.165155
688.0000      -30924.373576
692.0000      -30904.648198
696.0000      -31056.752206
700.0000      -30925.809035
704.0000      -30861.978063
708.0000      -30692.726454
712.0000      -30855.098493
716.0000      -30934.379370
720.0000      -30878.764703
724.0000      -30872.203869
728.0000      -30729.346751
732.0000      -30782.590310
736.0000      -30825.917974
740.0000      -30658.259401
744.0000      -30877.449138
748.0000      -30948.739277
752.0000      -30824.476736
756.0000      -30735.819567
760.0000      -30772.536103
764.0000      -30754.333754
768.0000      -30628.900546
772.0000      -30815.114066
776.0000      -30739.896089
780.0000      -30782.369410
784.0000      -30871.200746
788.0000      -30780.849215
792.0000      -30803.191430
796.0000      -30840.465489
800.0000      -30928.454207
804.0000      -30869.624127
808.0000      -30822.594947
812.0000      -30794.325993
816.0000      -30929.734568
820.0000      -30924.415111
824.0000      -30849.699340
828.0000      -30988.958975
832.0000      -30744.405731
836.0000      -30797.019798
840.0000      -30900.367039
844.0000      -30915.235928
848.0000      -30675.029354
852.0000      -30611.608794
856.0000      -30890.355531
860.0000      -30841.012430
864.0000      -31047.551943
868.0000      -30903.160551
872.0000      -30824.082109
876.0000      -30893.122542
880.0000      -30808.681481
884.0000      -30780.354166
888.0000      -30923.789512
892.0000      -30880.333937
896.0000      -30826.604213
900.0000      -30786.107550
904.0000      -30687.359737
908.0000      -30925.758133
912.0000      -30772.930815
916.0000      -30769.543215
920.0000      -30839.586301
924.0000      -30690.732864
928.0000      -30927.507458
932.0000      -30862.671625
936.0000      -30830.745580
940.0000      -30875.123686
944.0000      -30744.057489
948.0000      -30797.624037
952.0000      -30802.742027
956.0000      -30857.749473
960.0000      -31014.183390
964.0000      -30833.864498
968.0000      -30668.142445
972.0000      -30730.198339
976.0000      -30816.688852
980.0000      -30782.913169
984.0000      -30780.195950
988.0000      -30752.812967
992.0000      -30732.994135
996.0000      -30803.855112
1000.0000      -31040.129366
1004.0000      -30791.631945
1008.0000      -30845.910591
1012.0000      -30839.375104
1016.0000      -30770.681998
1020.0000      -30698.482932
1024.0000      -30817.915916
1028.0000      -30770.893737
1032.0000      -30697.193093
1036.0000      -30796.687287
1040.0000      -30963.528155
1044.0000      -30849.369664
1048.0000      -30961.674732
1052.0000      -30689.012040
1056.0000      -30851.574710
1060.0000      -30727.335447
1064.0000      -30688.102560
1068.0000      -30992.237846
1072.0000      -30877.073239
1076.0000      -30723.542152
1080.0000      -30743.138055
1084.0000      -30847.161882
1088.0000      -30723.220059
1092.0000      -30876.145305
1096.0000      -30691.152978
1100.0000      -30828.798754
1104.0000      -30911.128679
1108.0000      -30799.027022
1112.0000      -30776.984880
1116.0000      -30631.703611
1120.0000      -30909.337101
1124.0000      -30808.413508
1128.0000      -30689.421916
1132.0000      -30807.813735
1136.0000      -30936.394392
1140.0000      -30858.651141
1144.0000      -30610.489740
1148.0000      -30754.752536
1152.0000      -30813.880159
1156.0000      -30891.902908
1160.0000      -30723.169200
1164.0000      -30797.117320
1168.0000      -30790.155176
1172.0000      -30828.192915
1176.0000      -30870.323659
1180.0000      -30848.598276
1184.0000      -31000.682424
1188.0000      -31026.717324
1192.0000      -30707.731710
1196.0000      -30921.011916
1200.0000      -30830.898266
1204.0000      -30638.253076
1208.0000      -30816.132407
1212.0000      -30729.525596
1216.0000      -30990.771082
1220.0000      -30811.521908
1224.0000      -30720.490566
1228.0000      -30865.170098
1232.0000      -30844.779828
1236.0000      -30707.233880
1240.0000      -31022.516139
1244.0000      -30730.811596
1248.0000      -30779.072912
1252.0000      -30962.662993
1256.0000      -30845.254870
1260.0000      -30885.684381
1264.0000      -30719.356216
1268.0000      -30588.211209
1272.0000      -30875.627422
1276.0000      -30923.040192
1280.0000      -30832.627986
1284.0000      -30898.289751
1288.0000      -30995.233620
1292.0000      -30883.166941
1296.0000      -30755.526766
1300.0000      -30705.709888
1304.0000      -30894.901794
1308.0000      -30892.026371
1312.0000      -30777.016150
1316.0000      -30805.412705
1320.0000      -30843.760368
1324.0000      -30650.759179
1328.0000      -30886.335881
1332.0000      -30792.579640
1336.0000      -30490.436168
1340.0000      -30988.905278
1344.0000      -30505.652079
1348.0000      -30663.441503
1352.0000      -30624.907348
1356.0000      -30930.446446
1360.0000      -30617.287646
1364.0000      -30871.220819
1368.0000      -30668.545775
1372.0000      -30805.231623
1376.0000      -30782.212001
1380.0000      -30812.304301
1384.0000      -30958.472421
1388.0000      -30829.290393
1392.0000      -30532.255058
1396.0000      -30806.672496
1400.0000      -30855.792585
1404.0000      -30872.178518
1408.0000      -31006.604718
1412.0000      -30768.278869
1416.0000      -30820.038253
1420.0000      -30789.269819
1424.0000      -31025.094916
1428.0000      -30790.383379
1432.0000      -30846.076973
1436.0000      -30680.479158
1440.0000      -30768.213001
1444.0000      -30789.443163
1448.0000      -30771.555426
1452.0000      -31059.321820
1456.0000      -30830.617399
1460.0000      -30863.422090
1464.0000      -30857.522362
1468.0000      -30793.808857
1472.0000      -30831.407872
1476.0000      -30889.372533
1480.0000      -30875.182853
1484.0000      -30919.019289
1488.0000      -30742.423772
1492.0000      -30781.424505
1496.0000      -30909.976324
1500.0000      -30857.669072
1504.0000      -30919.252012
1508.0000      -30815.525441
1512.0000      -30697.553834
1516.0000      -30891.477741
1520.0000      -30805.011175
1524.0000      -30829.675221
1528.0000      -30666.167861
1532.0000      -30848.931359
1536.0000      -30697.231441
1540.0000      -30763.345055
1544.0000      -30901.271455
1548.0000      -30780.214720
1552.0000      -30648.082480
1556.0000      -30761.463657
1560.0000      -31135.643410
1564.0000      -30898.034545
1568.0000      -30733.366411
1572.0000      -30940.502438
1576.0000      -30897.384712
1580.0000      -30888.304412
1584.0000      -30756.693791
1588.0000      -30788.987553
1592.0000      -30724.007598
1596.0000      -30661.602877
1600.0000      -30846.159618
1604.0000      -30800.362781
1608.0000      -30789.896751
1612.0000      -30984.166871
1616.0000      -30844.193081
1620.0000      -30790.339210
1624.0000      -30776.022595
1628.0000      -30866.525358
1632.0000      -30735.862912
1636.0000      -30880.379958
1640.0000      -30936.897308
1644.0000      -30837.478194
1648.0000      -30825.380538
1652.0000      -30779.137230
1656.0000      -30910.500049
1660.0000      -30890.655118
1664.0000      -30845.930439
1668.0000      -30912.289670
1672.0000      -30844.188435
1676.0000      -30774.461951
1680.0000      -30739.912159
1684.0000      -30744.866280
1688.0000      -30818.502047
1692.0000      -30983.391455
1696.0000      -30720.373351
1700.0000      -30864.677125
1704.0000      -30764.014551
1708.0000      -30694.978190
1712.0000      -30815.235707
1716.0000      -30801.850900
1720.0000      -30830.669569
1724.0000      -30942.255944
1728.0000      -31022.631036
1732.0000      -30582.393336
1736.0000      -30972.600171
1740.0000      -30711.952711
1744.0000      -30852.944249
1748.0000      -30921.239106
1752.0000      -30681.516947
1756.0000      -30927.466305
1760.0000      -30832.080784
1764.0000      -30737.032899
1768.0000      -30770.088067
1772.0000      -30844.193147
1776.0000      -30884.115286
1780.0000      -30781.132884
1784.0000      -30627.684883
1788.0000      -30941.634850
1792.0000      -31032.809477
1796.0000      -30808.423132
1800.0000      -31000.149380
1804.0000      -30810.770430
1808.0000      -30850.447927
1812.0000      -30732.589172
1816.0000      -30822.326432
1820.0000      -30843.990520
1824.0000      -30848.857342
1828.0000      -30913.318784
1832.0000      -30888.347162
1836.0000      -30848.540968
1840.0000      -30929.744331
1844.0000      -30945.654768
1848.0000      -30700.349085
1852.0000      -30871.160817
1856.0000      -30916.189967
1860.0000      -30824.212494
1864.0000      -30759.325323
1868.0000      -30711.681388
1872.0000      -30649.314486
1876.0000      -30696.858511
1880.0000      -30662.144688
1884.0000      -30511.445224
1888.0000      -30716.399399
1892.0000      -30658.477111
1896.0000      -30847.492663
1900.0000      -30736.581545
1904.0000      -30796.634183
1908.0000      -30683.403360
1912.0000      -30878.756451
1916.0000      -30852.378617
1920.0000      -30857.444707
1924.0000      -30722.673084
1928.0000      -30906.313712
1932.0000      -30720.207237
1936.0000      -31055.380837
1940.0000      -30859.966045
1944.0000      -31009.818017
1948.0000      -30828.408868
1952.0000      -30887.471864
1956.0000      -30639.003276
1960.0000      -30962.403604
1964.0000      -30857.236874
1968.0000      -30910.697469
1972.0000      -30871.839836
1976.0000      -30803.314753
1980.0000      -30970.893027
1984.0000      -30783.394440
1988.0000      -30889.470757
1992.0000      -30876.153004
1996.0000      -30847.245994
2000.0000      -30816.606765
2004.0000      -31005.968348
2008.0000      -30850.844401
2012.0000      -30927.415686
2016.0000      -30880.819857
2020.0000      -30671.347961
2024.0000      -30840.177119
2028.0000      -30959.924455
2032.0000      -30676.666120
2036.0000      -30683.912877
2040.0000      -30814.882630
2044.0000      -30900.386718
2048.0000      -30995.364556
2052.0000      -30941.813568
2056.0000      -30789.674625
2060.0000      -30786.080967
2064.0000      -30864.566449
2068.0000      -30840.386881
2072.0000      -30685.261449
2076.0000      -30832.531561
2080.0000      -30880.175590
2084.0000      -30886.632448
2088.0000      -31001.360630
2092.0000      -30792.434969
2096.0000      -30670.742137
2100.0000      -30861.752871
2104.0000      -30863.072518
2108.0000      -30837.963682
2112.0000      -30800.110979
2116.0000      -30749.405210
2120.0000      -30914.520331
2124.0000      -30674.483262
2128.0000      -30890.645066
2132.0000      -30882.135915
2136.0000      -31002.224403
2140.0000      -30820.037132
2144.0000      -30476.381840
2148.0000      -30981.699713
2152.0000      -30849.107852
2156.0000      -30852.833181
2160.0000      -30896.418193
2164.0000      -30891.897495
2168.0000      -30985.719242
2172.0000      -30870.008356
2176.0000      -30724.214345
2180.0000      -30947.786660
2184.0000      -30578.626682
2188.0000      -30876.277739
2192.0000      -30903.590588
2196.0000      -30779.407885
2200.0000      -30977.415237
2204.0000      -30804.716488
2208.0000      -30784.087537
2212.0000      -30656.006287
2216.0000      -30587.586888
2220.0000      -30744.145966
2224.0000      -30703.342025
2228.0000      -30924.561977
2232.0000      -30860.350253
2236.0000      -30696.709692
2240.0000      -30860.287319
2244.0000      -30863.305526
2248.0000      -30814.565750
2252.0000      -30850.572176
2256.0000      -30834.205603
2260.0000      -30730.468616
2264.0000      -30810.739343
2268.0000      -30969.753449
2272.0000      -30773.186634
2276.0000      -30935.464620
2280.0000      -30860.731597
2284.0000      -30993.565646
2288.0000      -30862.368964
2292.0000      -30795.865115
2296.0000      -30694.672482
2300.0000      -30724.968924
2304.0000      -30679.915230
2308.0000      -31034.218110
2312.0000      -30789.571805
2316.0000      -30916.056493
2320.0000      -30904.642007
2324.0000      -30750.815227
2328.0000      -30770.255176
2332.0000      -30763.959683
2336.0000      -30749.140150
2340.0000      -30966.459599
2344.0000      -30904.539708
2348.0000      -30979.830741
2352.0000      -30861.999174
2356.0000      -31016.483528
2360.0000      -31029.220799
2364.0000      -30998.227725
2368.0000      -30659.222013
2372.0000      -30705.601710
2376.0000      -30435.323645
2380.0000      -30866.350479
2384.0000      -30913.504131
2388.0000      -30895.397347
2392.0000      -30715.583638
2396.0000      -30888.524927
2400.0000      -30731.092487
2404.0000      -30876.103482
2408.0000      -30693.978541
2412.0000      -30833.732872
2416.0000      -30865.833002
2420.0000      -30794.363751
2424.0000      -30785.202558
2428.0000      -30844.105905
2432.0000      -30942.144612
2436.0000      -30810.894526
2440.0000      -30797.863168
2444.0000      -30799.269965
2448.0000      -30621.422955
2452.0000      -30708.731664
2456.0000      -30760.533350
2460.0000      -30872.785750
2464.0000      -30715.694227
2468.0000      -30802.981151
2472.0000      -30846.407966
2476.0000      -30912.264235
2480.0000      -30902.923280
2484.0000      -30894.236525
2488.0000      -30687.995251
2492.0000      -30708.732654
2496.0000      -30812.602675
2500.0000      -30848.175720
2504.0000      -30543.660732
2508.0000      -30669.063104
2512.0000      -30773.407559
2516.0000      -30928.613061
2520.0000      -31033.998926
2524.0000      -31047.615712
2528.0000      -31078.427606
2532.0000      -30779.852273
2536.0000      -30798.983566
2540.0000      -30881.430362
2544.0000      -31009.407888
2548.0000      -30688.081596
2552.0000      -30755.513722
2556.0000      -30721.112229
2560.0000      -30836.785820
2564.0000      -30757.906806
2568.0000      -30831.467922
2572.0000      -30745.835682
2576.0000      -30594.883703
2580.0000      -30918.618803
2584.0000      -30760.890610
2588.0000      -30852.145431
2592.0000      -30901.470923
2596.0000      -30737.706021
2600.0000      -30916.561862
2604.0000      -30977.363695
2608.0000      -30692.231002
2612.0000      -30648.433896
2616.0000      -30619.364129
2620.0000      -30788.850834
2624.0000      -30897.040967
2628.0000      -30895.618232
2632.0000      -30642.030244
2636.0000      -30835.914781
2640.0000      -30784.025364
2644.0000      -30884.375291
2648.0000      -30808.631065
2652.0000      -30784.334036
2656.0000      -30791.952285
2660.0000      -30864.966930
2664.0000      -30841.767876
2668.0000      -30906.984855
2672.0000      -30744.254823
2676.0000      -30859.229802
2680.0000      -30877.407299
2684.0000      -30746.303681
2688.0000      -30791.459531
2692.0000      -30854.779408
2696.0000      -30951.328327
2700.0000      -30782.221636
2704.0000      -30866.541804
2708.0000      -30817.254865
2712.0000      -30847.469417
2716.0000      -30899.174601
2720.0000      -30783.914976
2724.0000      -30778.943013
2728.0000      -30846.629735
2732.0000      -30648.900256
2736.0000      -30745.340778
2740.0000      -30947.682887
2744.0000      -30772.213053
2748.0000      -30706.686571
2752.0000      -30814.231622
2756.0000      -30941.019888
2760.0000      -30749.265506
2764.0000      -30615.279509
2768.0000      -30573.564606
2772.0000      -30744.002034
2776.0000      -30718.723511
2780.0000      -30836.497555
2784.0000      -30663.762386
2788.0000      -30819.010112
2792.0000      -30942.461458
2796.0000      -30878.032028
2800.0000      -30656.354030
2804.0000      -30950.121129
2808.0000      -30804.187935
2812.0000      -30776.336420
2816.0000      -30820.890964
2820.0000      -30796.413257
2824.0000      -30681.100726
2828.0000      -30864.922023
2832.0000      -30828.185771
2836.0000      -30810.011043
2840.0000      -30872.687445
2844.0000      -30910.590307
2848.0000      -30981.021439
2852.0000      -30796.480364
2856.0000      -30637.127854
2860.0000      -31086.051813
2864.0000      -30666.540175
2868.0000      -30845.375225
2872.0000      -30958.666412
2876.0000      -31025.982382
2880.0000      -30736.936655
2884.0000      -30739.986850
2888.0000      -30848.879485
2892.0000      -30678.425199
2896.0000      -30792.171885
2900.0000      -30833.013775
2904.0000      -30862.059012
2908.0000      -30985.569396
2912.0000      -30891.214545
2916.0000      -30868.231869
2920.0000      -31001.491587
2924.0000      -30694.851910
2928.0000      -30859.652407
2932.0000      -30816.393913
2936.0000      -30879.968156
2940.0000      -30789.417132
2944.0000      -30770.797745
2948.0000      -30841.373782
2952.0000      -30922.024427
2956.0000      -30905.892159
2960.0000      -30721.624515
2964.0000      -30721.520153
2968.0000      -30795.350102
2972.0000      -30599.806254
2976.0000      -30961.909543
2980.0000      -30780.615997
2984.0000      -30878.524659
2988.0000      -30831.446682
2992.0000      -30782.613487
2996.0000      -30836.793399
3000.0000      -30796.558101
3004.0000      -30868.193685
3008.0000      -30829.818852
3012.0000      -30942.121568
3016.0000      -30885.500272
3020.0000      -30662.270181
3024.0000      -30917.189392
3028.0000      -30936.575939
3032.0000      -30733.575996
3036.0000      -30734.709350
3040.0000      -30596.333807
3044.0000      -30627.231192
3048.0000      -30782.458988
3052.0000      -30739.755418
3056.0000      -30799.989027
3060.0000      -30859.741832
3064.0000      -30783.887721
3068.0000      -30911.121282
3072.0000      -30720.572313
3076.0000      -30829.877333
3080.0000      -30900.861976
3084.0000      -30913.525438
3088.0000      -30842.230625
3092.0000      -30926.519633
3096.0000      -30774.538256
3100.0000      -30867.333543
3104.0000      -30866.401882
3108.0000      -30367.546186
3112.0000      -30945.284168
3116.0000      -30740.170851
3120.0000      -30797.159796
3124.0000      -30835.852572
3128.0000      -30801.247165
3132.0000      -30828.415261
3136.0000      -30664.740357
3140.0000      -30935.099488
3144.0000      -30696.997528
3148.0000      -30871.237697
3152.0000      -31024.419406
3156.0000      -30613.999430
3160.0000      -30778.593821
3164.0000      -30860.102309
3168.0000      -30912.399085
3172.0000      -30558.161606
3176.0000      -30806.948662
3180.0000      -30956.970426
3184.0000      -30891.233934
3188.0000      -30820.674883
3192.0000      -30848.554246
3196.0000      -30783.428136
3200.0000      -30628.292868
3204.0000      -30952.544934
3208.0000      -30759.767295
3212.0000      -30712.192023
3216.0000      -30823.332283
3220.0000      -30790.936759
3224.0000      -30958.055823
3228.0000      -30748.479548
3232.0000      -30764.194836
3236.0000      -30804.360783
3240.0000      -30949.455781
3244.0000      -30758.199248
3248.0000      -30596.754993
3252.0000      -30595.865093
3256.0000      -30747.255689
3260.0000      -30715.304851
3264.0000      -30627.019424
3268.0000      -30755.667522
3272.0000      -30756.940271
3276.0000      -30996.008733
3280.0000      -30814.751650
3284.0000      -30751.903755
3288.0000      -30954.940707
3292.0000      -30805.147241
3296.0000      -30851.950601
3300.0000      -30770.104883
3304.0000      -30775.475676
3308.0000      -30967.266205
3312.0000      -30590.680460
3316.0000      -30852.427627
3320.0000      -30711.720994
3324.0000      -30775.569962
3328.0000      -30666.377448
3332.0000      -30711.168876
3336.0000      -30800.716150
3340.0000      -30991.170548
3344.0000      -30822.731775
3348.0000      -30896.062411
3352.0000      -30725.978859
3356.0000      -30891.231353
3360.0000      -30713.796581
3364.0000      -30891.651726
3368.0000      -30751.037513
3372.0000      -30981.512538
3376.0000      -30899.252105
3380.0000      -31035.224965
3384.0000      -30880.662604
3388.0000      -30792.190987
3392.0000      -30882.006914
3396.0000      -31018.126634
3400.0000      -30882.182790
3404.0000      -30928.306790
3408.0000      -30947.010599
3412.0000      -30851.092415
3416.0000      -30733.311376
3420.0000      -30908.097490
3424.0000      -30908.079399
3428.0000      -30884.183635
3432.0000      -30927.566979
3436.0000      -30884.417923
3440.0000      -30732.299836
3444.0000      -30850.344006
3448.0000      -31003.599549
3452.0000      -31006.511002
3456.0000      -30881.947329
3460.0000      -30857.697203
3464.0000      -30883.419039
3468.0000      -30871.365632
3472.0000      -30888.772839
3476.0000      -30883.978699
3480.0000      -30851.420735
3484.0000      -30741.894206
3488.0000      -30639.658163
3492.0000      -30715.876125
3496.0000      -30608.396639
3500.0000      -30918.300348
3504.0000      -30786.557373
3508.0000      -31031.201884
3512.0000      -30989.596305
3516.0000      -30757.306320
3520.0000      -30559.219611
3524.0000      -30867.406303
3528.0000      -30965.993426
3532.0000      -30815.958150
3536.0000      -30942.787678
3540.0000      -30868.423981
3544.0000      -30864.175626
3548.0000      -30828.658667
3552.0000      -30934.035933
3556.0000      -30606.538412
3560.0000      -30799.254996
3564.0000      -31043.344474
3568.0000      -30934.544506
3572.0000      -30848.191396
3576.0000      -30716.466585
3580.0000      -30850.756473
3584.0000      -30823.553233
3588.0000      -30779.534817
3592.0000      -30788.861526
3596.0000      -30936.324328
3600.0000      -30822.125394
3604.0000      -30778.207766
3608.0000      -30818.295483
3612.0000      -30769.908018
3616.0000      -30831.742896
3620.0000      -30982.193789
3624.0000      -30768.516604
3628.0000      -30780.276598
3632.0000      -30961.339483
3636.0000      -30858.011612
3640.0000      -30891.709731
3644.0000      -30754.056693
3648.0000      -30799.063408
3652.0000      -30950.387673
3656.0000      -30889.948907
3660.0000      -30885.121888
3664.0000      -30880.940458
3668.0000      -30805.345537
3672.0000      -30850.780620
3676.0000      -30879.724567
3680.0000      -30846.059847
3684.0000      -30891.539509
3688.0000      -30887.822304
3692.0000      -30868.634919
3696.0000      -30782.721164
3700.0000      -30815.773015
3704.0000      -30803.233173
3708.0000      -30813.115172
3712.0000      -30937.292914
3716.0000      -30819.517074
3720.0000      -30873.163759
3724.0000      -30909.453650
3728.0000      -30718.698748
3732.0000      -30850.644483
3736.0000      -30615.705918
3740.0000      -30725.778372
3744.0000      -31024.320754
3748.0000      -30792.963434
3752.0000      -30879.408851
3756.0000      -31087.662713
3760.0000      -30748.554604
3764.0000      -30705.288049
3768.0000      -30953.083498
3772.0000      -30572.988946
3776.0000      -30964.774685
3780.0000      -30828.165793
3784.0000      -30743.069939
3788.0000      -30594.254631
3792.0000      -30787.696242
3796.0000      -30651.929977
3800.0000      -30788.392198
3804.0000      -30720.956518
3808.0000      -30910.668889
3812.0000      -30964.976230
3816.0000      -30762.370158
3820.0000      -30794.689963
3824.0000      -30588.822448
3828.0000      -30857.177935
3832.0000      -30880.359659
3836.0000      -30813.993621
3840.0000      -30819.849962
3844.0000      -30652.784533
3848.0000      -30888.112402
3852.0000      -30954.514788
3856.0000      -30901.069691
3860.0000      -30651.951010
3864.0000      -30862.789412
3868.0000      -30794.749323
3872.0000      -30811.387415
3876.0000      -30705.752622
3880.0000      -30699.840501
3884.0000      -30882.954369
3888.0000      -30979.059109
3892.0000      -30820.187486
3896.0000      -30826.459416
3900.0000      -30991.078892
3904.0000      -30845.278931
3908.0000      -30939.671222
3912.0000      -30707.209827
3916.0000      -30744.527869
3920.0000      -30753.658824
3924.0000      -30945.490712
3928.0000      -30639.325110
3932.0000      -30704.463622
3936.0000      -30611.681480
3940.0000      -30970.989559
3944.0000      -30670.132010
3948.0000      -30842.457983
3952.0000      -30881.208727
3956.0000      -30771.958294
3960.0000      -30845.231017
3964.0000      -30892.257894
3968.0000      -30550.743398
3972.0000      -30774.892660
3976.0000      -30866.983559
3980.0000      -30786.519153
3984.0000      -30729.928029
3988.0000      -30871.013358
3992.0000      -30771.326536
3996.0000      -30951.881541
4000.0000      -30864.115153
4004.0000      -30864.115153
