4.0000      -30766.022414
8.0000      -30758.528197
12.0000      -30919.347069
16.0000      -30843.608548
20.0000      -30902.221091
24.0000      -30757.506558
28.0000      -30754.089537
32.0000      -31008.746384
36.0000      -30805.414328
40.0000      -30934.462458
44.0000      -30872.316237
48.0000      -30921.200645
52.0000      -30840.678587
56.0000      -30818.367771
60.0000      -31015.663956
64.0000      -30877.703306
68.0000      -30867.319445
72.0000      -30805.929202
76.0000      -31129.826444
80.0000      -31105.622805
84.0000      -31089.035317
88.0000      -30836.739882
92.0000      -30906.957108
96.0000      -30969.813022
100.0000      -30919.715008
104.0000      -30814.741574
108.0000      -30774.363688
112.0000      -30680.409860
116.0000      -30750.564586
120.0000      -30755.793344
124.0000      -30807.972571
128.0000      -30802.563372
132.0000      -30757.898960
136.0000      -30990.711977
140.0000      -30920.532820
144.0000      -30877.760297
148.0000      -30938.705816
152.0000      -30847.731480
156.0000      -30888.236490
160.0000      -30930.546008
164.0000      -30772.811956
168.0000      -30760.266247
172.0000      -30746.044674
176.0000      -30729.102049
180.0000      -30832.318382
184.0000      -30724.062177
188.0000      -30808.950196
192.0000      -30819.936609
196.0000      -30841.990918
200.0000      -30885.334351
204.0000      -30839.464012
208.0000      -30817.503071
212.0000      -31002.606340
216.0000      -31060.786573
220.0000      -30815.540985
224.0000      -30794.605805
228.0000      -30878.838762
232.0000      -30882.996056
236.0000      -30994.513624
240.0000      -30953.809124
244.0000      -30917.142998
248.0000      -30895.054778
252.0000      -30991.676804
256.0000      -30798.964033
260.0000      -30833.771377
264.0000      -30847.883212
268.0000      -30897.611145
272.0000      -30863.517305
276.0000      -30805.991337
280.0000      -30601.804444
284.0000      -30973.592201
288.0000      -30890.893435
292.0000      -30881.733488
296.0000      -30640.096730
300.0000      -30830.055767
304.0000      -30704.269300
308.0000      -30949.353181
312.0000      -30808.790114
316.0000      -30851.453311
320.0000      -30717.676432
324.0000      -30985.109071
328.0000      -30978.390357
332.0000      -30852.753728
336.0000      -30845.297006
340.0000      -30972.507088
344.0000      -30954.252865
348.0000      -30853.937533
352.0000      -30884.726291
356.0000      -30859.191055
360.0000      -30978.487869
364.0000      -30993.008005
368.0000      -31015.566300
372.0000      -30858.622502
376.0000      -30856.467490
380.0000      -31001.140648
384.0000      -30888.331620
388.0000      -30983.920078
392.0000      -30873.412255
396.0000      -30838.185121
400.0000      -30803.989425
404.0000      -30896.764629
408.0000      -30947.866106
412.0000      -31159.553503
416.0000      -30971.507022
420.0000      -30912.440026
424.0000      -30777.006733
428.0000      -31030.803300
432.0000      -30851.688357
436.0000      -30913.783407
440.0000      -30803.277664
444.0000      -30941.193883
448.0000      -30792.677181
452.0000      -30806.532632
456.0000      -30885.428359
460.0000      -30868.743648
464.0000      -30792.509761
468.0000      -31135.762688
472.0000      -30746.417501
476.0000      -30829.288181
480.0000      -30760.066386
484.0000      -30981.538015
488.0000      -31052.737902
492.0000      -30776.304776
496.0000      -30890.456115
500.0000      -30865.739822
504.0000      -30977.850129
508.0000      -30798.897178
512.0000      -30771.545654
516.0000      -30941.299699
520.0000      -30884.043836
524.0000      -30802.020158
528.0000      -30914.319999
532.0000      -30909.948000
536.0000      -30916.591932
540.0000      -30869.572242
544.0000      -30997.517441
548.0000      -30835.116163
552.0000      -30792.016645
556.0000      -30975.860186
560.0000      -30728.967291
564.0000      -30869.602931
568.0000      -30811.656411
572.0000      -30789.950901
576.0000      -30927.002535
580.0000      -30868.003674
584.0000      -30908.990591
588.0000      -30748.325960
592.0000      -31008.181582
596.0000      -30839.248659
600.0000      -30988.359536
604.0000      -30859.534176
608.0000      -30982.220961
612.0000      -30976.558276
616.0000      -30807.930460
620.0000      -30887.106031
624.0000      -30827.288714
628.0000      -30951.917016
632.0000      -30936.107782
636.0000      -31048.038024
640.0000      -30686.575654
644.0000      -31073.672480
648.0000      -30899.126674
652.0000      -31037.998237
656.0000      -30763.332265
660.0000      -30930.408210
664.0000      -30953.833620
668.0000      -30963.354266
672.0000      -30819.739340
676.0000      -30770.757728
680.0000      -30968.383292
684.0000      -30961.978317
688.0000      -30843.569258
692.0000      -31028.441675
696.0000      -30920.588300
700.0000      -30954.915764
704.0000      -30866.294855
708.0000      -30928.871010
712.0000      -30802.178233
716.0000      -30962.601028
720.0000      -30765.283852
724.0000      -30953.444144
728.0000      -30997.786040
732.0000      -30835.427672
736.0000      -30820.882029
740.0000      -31031.107078
744.0000      -30946.208311
748.0000      -30977.339198
752.0000      -30812.705423
756.0000      -30790.353008
760.0000      -30914.062607
764.0000      -31011.414020
768.0000      -30916.692417
772.0000      -30830.196485
776.0000      -30876.619766
780.0000      -30906.465844
784.0000      -30773.047993
788.0000      -30924.683215
792.0000      -30941.650113
796.0000      -31000.672823
800.0000      -31004.534344
804.0000      -30720.505435
808.0000      -30950.600350
812.0000      -30892.096382
816.0000      -30987.198597
820.0000      -30774.120949
824.0000      -30941.768079
828.0000      -30926.461636
832.0000      -30952.797245
836.0000      -30835.210163
840.0000      -31013.703395
844.0000      -30789.485115
848.0000      -30903.807227
852.0000      -30934.638961
856.0000      -30872.772980
860.0000      -30914.800145
864.0000      -30889.803236
868.0000      -30912.806053
872.0000      -30874.268666
876.0000      -30903.373635
880.0000      -30918.255567
884.0000      -30982.070779
888.0000      -30951.631603
892.0000      -31034.398863
896.0000      -30775.097628
900.0000      -31100.435204
904.0000      -30810.037341
908.0000      -31003.673062
912.0000      -30847.406611
916.0000      -30947.159986
920.0000      -31024.885593
924.0000      -30722.472514
928.0000      -30809.551364
932.0000      -31182.965280
936.0000      -30905.832977
940.0000      -30876.841683
944.0000      -30943.479022
948.0000      -30950.325300
952.0000      -30777.457313
956.0000      -30841.228007
960.0000      -30867.650730
964.0000      -30786.296702
968.0000      -30881.468480
972.0000      -30787.882397
976.0000      -30820.334466
980.0000      -30926.920968
984.0000      -30860.157204
988.0000      -31000.902449
992.0000      -30875.763593
996.0000      -30900.408744
1000.0000      -31030.094492
1004.0000      -30813.735926
1008.0000      -30817.199609
1012.0000      -30883.579896
1016.0000      -30956.603377
1020.0000      -30733.973176
1024.0000      -30826.026575
1028.0000      -30882.072909
1032.0000      -30914.748904
1036.0000      -30973.227699
1040.0000      -30984.329554
1044.0000      -31024.714598
1048.0000      -31031.063306
1052.0000      -30919.079201
1056.0000      -30881.597814
1060.0000      -30709.216238
1064.0000      -30824.929582
1068.0000      -30786.889605
1072.0000      -30962.629252
1076.0000      -30954.042171
1080.0000      -31197.920626
1084.0000      -31016.136307
1088.0000      -30794.795191
1092.0000      -31000.099425
1096.0000      -30774.612894
1100.0000      -30968.343975
1104.0000      -30870.229807
1108.0000      -30799.520342
1112.0000      -30810.176347
1116.0000      -30892.914125
1120.0000      -30716.454479
1124.0000      -30963.734657
1128.0000      -30972.898839
1132.0000      -30786.473218
1136.0000      -31022.906514
1140.0000      -30831.937377
1144.0000      -30835.985386
1148.0000      -30741.794317
1152.0000      -30866.233758
1156.0000      -30890.340943
1160.0000      -30811.451656
1164.0000      -30902.329809
1168.0000      -30982.082727
1172.0000      -30834.663474
1176.0000      -30786.272199
1180.0000      -30822.417529
1184.0000      -30899.124487
1188.0000      -30859.713993
1192.0000      -30816.892917
1196.0000      -30851.528384
1200.0000      -30892.033318
1204.0000      -30886.589751
1208.0000      -30803.841684
1212.0000      -30949.975335
1216.0000      -30914.082333
1220.0000      -30957.089979
1224.0000      -31009.047819
1228.0000      -30722.123453
1232.0000      -30898.864066
1236.0000      -30713.777556
1240.0000      -30849.814617
1244.0000      -30844.116223
1248.0000      -30951.077953
1252.0000      -30884.050766
1256.0000      -31016.678516
1260.0000      -31096.750485
1264.0000      -30827.357640
1268.0000      -30951.526887
1272.0000      -30982.726174
1276.0000      -30934.797504
1280.0000      -31012.510144
1284.0000      -30937.687140
1288.0000      -30897.208240
1292.0000      -30834.144787
1296.0000      -30937.972056
1300.0000      -31035.645697
1304.0000      -30861.232210
1308.0000      -30839.047713
1312.0000      -30978.410752
1316.0000      -30768.538881
1320.0000      -30786.732454
1324.0000      -30748.464696
1328.0000      -31012.452810
1332.0000      -30901.100066
1336.0000      -30856.062578
1340.0000      -31059.346098
1344.0000      -30718.589180
1348.0000      -30761.502835
1352.0000      -30941.468428
1356.0000      -30847.048318
1360.0000      -30882.688505
1364.0000      -30719.274747
1368.0000      -30796.384320
1372.0000      -30728.840844
1376.0000      -30723.711358
1380.0000      -30729.261207
1384.0000      -30823.777469
1388.0000      -30842.363972
1392.0000      -31024.520440
1396.0000      -30940.794610
1400.0000      -30748.267619
1404.0000      -30839.383544
1408.0000      -30802.645893
1412.0000      -30741.657824
1416.0000      -30851.115960
1420.0000      -30982.386848
1424.0000      -30815.465611
1428.0000      -30922.009035
1432.0000      -30969.007370
1436.0000      -30849.951225
1440.0000      -30986.979041
1444.0000      -30823.553622
1448.0000      -30688.676292
1452.0000      -30979.981964
1456.0000      -30886.888898
1460.0000      -30777.938158
1464.0000      -30872.764639
1468.0000      -30903.474903
1472.0000      -30674.490820
1476.0000      -30882.794849
1480.0000      -30842.656479
1484.0000      -30905.780841
1488.0000      -30926.981195
1492.0000      -30860.374427
1496.0000      -30745.920798
1500.0000      -30855.593473
1504.0000      -30987.585472
1508.0000      -30816.030399
1512.0000      -30888.834685
1516.0000      -31063.226807
1520.0000      -30990.575477
1524.0000      -30881.925359
1528.0000      -30829.117788
1532.0000      -30771.188725
1536.0000      -30676.761816
1540.0000      -30772.193518
1544.0000      -30832.585822
1548.0000      -30893.134098
1552.0000      -30939.673738
1556.0000      -30907.457741
1560.0000      -30808.110474
1564.0000      -30876.887967
1568.0000      -30931.657007
1572.0000      -30874.222881
1576.0000      -30980.124043
1580.0000      -30906.011797
1584.0000      -31008.170175
1588.0000      -30695.215988
1592.0000      -30824.707589
1596.0000      -30729.754150
1600.0000      -30895.355771
1604.0000      -30753.225790
1608.0000      -30844.896508
1612.0000      -30881.744463
1616.0000      -30958.421183
1620.0000      -30913.001070
1624.0000      -30941.596028
1628.0000      -30908.560751
1632.0000      -31125.556629
1636.0000      -30900.574118
1640.0000      -30834.163023
1644.0000      -31012.266584
1648.0000      -30891.152428
1652.0000      -30865.266607
1656.0000      -30748.076335
1660.0000      -30899.525556
1664.0000      -30975.031658
1668.0000      -30664.251391
1672.0000      -30862.813065
1676.0000      -30654.092523
1680.0000      -30919.642384
1684.0000      -31055.676389
1688.0000      -31105.066816
1692.0000      -30867.397827
1696.0000      -30974.228960
1700.0000      -30912.870236
1704.0000      -30821.476334
1708.0000      -30862.962429
1712.0000      -30730.875004
1716.0000      -30854.303106
1720.0000      -30785.863684
1724.0000      -30762.275375
1728.0000      -30936.651807
1732.0000      -31057.149191
1736.0000      -30961.287866
1740.0000      -30922.109439
1744.0000      -30884.427530
1748.0000      -30879.638289
1752.0000      -31011.254563
1756.0000      -30782.245149
1760.0000      -30855.041569
1764.0000      -30876.851815
1768.0000      -30793.460832
1772.0000      -30970.917584
1776.0000      -30812.972047
1780.0000      -30877.819241
1784.0000      -30969.011320
1788.0000      -30911.169901
1792.0000      -30992.350987
1796.0000      -31060.765232
1800.0000      -31040.701080
1804.0000      -30855.144954
1808.0000      -30930.578488
1812.0000      -30883.317245
1816.0000      -30931.154241
1820.0000      -30939.409604
1824.0000      -30903.350991
1828.0000      -30888.076429
1832.0000      -30981.759029
1836.0000      -30930.734703
1840.0000      -30785.382610
1844.0000      -30742.229637
1848.0000      -30834.669306
1852.0000      -30996.969901
1856.0000      -30849.691526
1860.0000      -30982.718764
1864.0000      -30794.990278
1868.0000      -30807.162922
1872.0000      -31080.142646
1876.0000      -30824.289843
1880.0000      -30843.907576
1884.0000      -31043.396915
1888.0000      -31109.336262
1892.0000      -30916.854143
1896.0000      -31032.233751
1900.0000      -30976.940754
1904.0000      -30815.803165
1908.0000      -30935.183715
1912.0000      -30783.189226
1916.0000      -30953.802860
1920.0000      -31082.018846
1924.0000      -30918.257920
1928.0000      -30920.333847
1932.0000      -30964.845203
1936.0000      -30752.600847
1940.0000      -30976.467281
1944.0000      -30997.015334
1948.0000      -30992.991825
1952.0000      -30899.481801
1956.0000      -30838.781371
1960.0000      -30899.667328
1964.0000      -30817.250570
1968.0000      -30904.766913
1972.0000      -30899.797392
1976.0000      -30829.980130
1980.0000      -30820.401630
1984.0000      -30929.454085
1988.0000      -30849.557566
1992.0000      -30789.504001
1996.0000      -30866.263956
2000.0000      -30896.589785
2004.0000      -30921.310216
2008.0000      -30689.505239
2012.0000      -30890.530065
2016.0000      -30933.248097
2020.0000      -31042.580615
2024.0000      -30846.915153
2028.0000      -30777.324942
2032.0000      -30791.987672
2036.0000      -30785.120794
2040.0000      -30889.066721
2044.0000      -30749.590763
2048.0000      -30752.859242
2052.0000      -30941.340268
2056.0000      -30698.262118
2060.0000      -31065.059261
2064.0000      -30709.994658
2068.0000      -30829.478933
2072.0000      -30758.269586
2076.0000      -31014.632603
2080.0000      -30832.234674
2084.0000      -30800.902333
2088.0000      -30954.073750
2092.0000      -30904.131487
2096.0000      -30664.223875
2100.0000      -30833.398071
2104.0000      -30805.173111
2108.0000      -31080.356358
2112.0000      -30930.491630
2116.0000      -30823.641002
2120.0000      -30906.640013
2124.0000      -30835.700601
2128.0000      -30943.840564
2132.0000      -30937.681891
2136.0000      -30958.888523
2140.0000      -30910.720336
2144.0000      -30782.658810
2148.0000      -30867.198167
2152.0000      -31011.154801
2156.0000      -30879.472857
2160.0000      -30822.974068
2164.0000      -30921.709128
2168.0000      -30839.151122
2172.0000      -30849.452079
2176.0000      -30983.339857
2180.0000      -30788.704367
2184.0000      -30930.415222
2188.0000      -30908.598069
2192.0000      -30785.696141
2196.0000      -30964.493094
2200.0000      -30966.823379
2204.0000      -30983.920249
2208.0000      -30868.432004
2212.0000      -30822.974778
2216.0000      -30866.374634
2220.0000      -30794.514492
2224.0000      -30791.843715
2228.0000      -30757.710320
2232.0000      -31015.257786
2236.0000      -30718.699200
2240.0000      -30896.968981
2244.0000      -30845.993229
2248.0000      -30867.348788
2252.0000      -30903.660953
2256.0000      -30889.572400
2260.0000      -30869.016996
2264.0000      -30901.885502
2268.0000      -30836.645784
2272.0000      -31026.237901
2276.0000      -30855.878582
2280.0000      -30716.692347
2284.0000      -30969.213195
2288.0000      -30825.892148
2292.0000      -30781.816981
2296.0000      -30906.741348
2300.0000      -30920.936655
2304.0000      -30796.743308
2308.0000      -30818.230714
2312.0000      -30951.079796
2316.0000      -30879.642491
2320.0000      -30782.367625
2324.0000      -30938.342739
2328.0000      -30816.615015
2332.0000      -30790.955909
2336.0000      -30798.333086
2340.0000      -30954.852095
2344.0000      -30771.865280
2348.0000      -30816.708724
2352.0000      -30749.285258
2356.0000      -30832.881384
2360.0000      -30855.691877
2364.0000      -30958.526573
2368.0000      -30718.211977
2372.0000      -30817.864798
2376.0000      -30938.913714
2380.0000      -30904.256042
2384.0000      -30805.091047
2388.0000      -30800.713340
2392.0000      -30900.669763
2396.0000      -30711.966033
2400.0000      -30915.184708
2404.0000      -30954.567455
2408.0000      -30960.254847
2412.0000      -30879.834731
2416.0000      -30922.524463
2420.0000      -30887.670078
2424.0000      -30959.972657
2428.0000      -30803.025565
2432.0000      -30803.106223
2436.0000      -30917.595685
2440.0000      -30919.653739
2444.0000      -30877.081471
2448.0000      -30798.212041
2452.0000      -31061.613492
2456.0000      -30970.111915
2460.0000      -30997.877766
2464.0000      -30883.084539
2468.0000      -31041.434357
2472.0000      -31021.134234
2476.0000      -31096.501651
2480.0000      -31096.217306
2484.0000      -30916.158377
2488.0000      -31056.534656
2492.0000      -30880.888228
2496.0000      -30928.830442
2500.0000      -30749.991477
2504.0000      -30889.057576
2508.0000      -31039.379862
2512.0000      -30908.143698
2516.0000      -30968.970423
2520.0000      -30950.064683
2524.0000      -30957.244536
2528.0000      -30784.800757
2532.0000      -30930.917361
2536.0000      -30874.618812
2540.0000      -30923.005415
2544.0000      -30869.604080
2548.0000      -30890.174831
2552.0000      -30822.414520
2556.0000      -30865.735059
2560.0000      -30934.547876
2564.0000      -30779.210759
2568.0000      -30830.457767
2572.0000      -30864.154725
2576.0000      -30839.223579
2580.0000      -30820.626232
2584.0000      -31014.674600
2588.0000      -30982.628535
2592.0000      -30835.069952
2596.0000      -30887.981239
2600.0000      -30971.703831
2604.0000      -30966.722104
2608.0000      -30735.693129
2612.0000      -30965.375797
2616.0000      -31012.997262
2620.0000      -30980.223295
2624.0000      -30882.033771
2628.0000      -30892.821302
2632.0000      -30854.821133
2636.0000      -30842.761308
2640.0000      -30895.947701
2644.0000      -31046.150994
2648.0000      -30847.158131
2652.0000      -30841.480502
2656.0000      -30880.683811
2660.0000      -30896.816683
2664.0000      -30922.274601
2668.0000      -30963.489169
2672.0000      -30786.148881
2676.0000      -30948.346482
2680.0000      -30729.323126
2684.0000      -30817.304531
2688.0000      -30830.315346
2692.0000      -30951.873078
2696.0000      -30951.270042
2700.0000      -30964.838558
2704.0000      -30881.982918
2708.0000      -31010.451595
2712.0000      -30948.264257
2716.0000      -30840.954958
2720.0000      -30836.795242
2724.0000      -30850.661690
2728.0000      -30724.099887
2732.0000      -30886.592091
2736.0000      -30858.805148
2740.0000      -30918.719518
2744.0000      -31019.771797
2748.0000      -30802.290128
2752.0000      -30757.166076
2756.0000      -30762.591972
2760.0000      -30964.680768
2764.0000      -30753.616878
2768.0000      -30926.860109
2772.0000      -31087.209607
2776.0000      -30803.009066
2780.0000      -30920.922271
2784.0000      -30980.432366
2788.0000      -30936.246141
2792.0000      -31015.100446
2796.0000      -30911.523915
2800.0000      -30781.817991
2804.0000      -30790.318022
2808.0000      -31122.445800
2812.0000      -30938.890891
2816.0000      -31016.196465
2820.0000      -30916.698386
2824.0000      -30795.818825
2828.0000      -30768.429096
2832.0000      -30991.576274
2836.0000      -30944.283570
2840.0000      -31013.072107
2844.0000      -30889.500923
2848.0000      -30999.579439
2852.0000      -30927.529986
2856.0000      -30980.187949
2860.0000      -30916.273135
2864.0000      -30935.555311
2868.0000      -30756.658068
2872.0000      -30832.535448
2876.0000      -30802.715704
2880.0000      -30917.105128
2884.0000      -31040.663622
2888.0000      -30947.721391
2892.0000      -30818.134255
2896.0000      -30837.862731
2900.0000      -30877.636015
2904.0000      -30855.025418
2908.0000      -31014.078923
2912.0000      -30880.957175
2916.0000      -31085.942521
2920.0000      -30884.283948
2924.0000      -30894.340811
2928.0000      -30831.340609
2932.0000      -30877.462831
2936.0000      -31015.011915
2940.0000      -30787.207409
2944.0000      -30809.644294
2948.0000      -30822.396775
2952.0000      -30732.566424
2956.0000      -30976.672313
2960.0000      -30814.481081
2964.0000      -30747.133058
2968.0000      -30843.769318
2972.0000      -30984.422113
2976.0000      -30872.774854
2980.0000      -30890.767956
2984.0000      -31003.635227
2988.0000      -30928.420136
2992.0000      -30760.426970
2996.0000      -30892.689086
3000.0000      -30893.798092
3004.0000      -30816.421139
3008.0000      -30938.426956
3012.0000      -30900.398432
3016.0000      -30855.865849
3020.0000      -30865.824856
3024.0000      -30931.313407
3028.0000      -30853.155199
3032.0000      -30696.109878
3036.0000      -30945.071476
3040.0000      -30932.394818
3044.0000      -30782.709824
3048.0000      -30869.703295
3052.0000      -30893.054211
3056.0000      -30823.686626
3060.0000      -30761.976050
3064.0000      -30842.456411
3068.0000      -30730.906186
3072.0000      -30747.356934
3076.0000      -30868.755755
3080.0000      -30982.674553
3084.0000      -30899.166044
3088.0000      -30890.310109
3092.0000      -30848.934195
3096.0000      -30730.173038
3100.0000      -30775.071700
3104.0000      -30966.280810
3108.0000      -30874.261552
3112.0000      -30830.466267
3116.0000      -30914.863092
3120.0000      -30863.344281
3124.0000      -30745.120245
3128.0000      -30834.504789
3132.0000      -30784.560864
3136.0000      -30897.283899
3140.0000      -30914.212172
3144.0000      -30892.764050
3148.0000      -30978.322155
3152.0000      -30940.084978
3156.0000      -30879.785925
3160.0000      -31020.492127
3164.0000      -31100.011048
3168.0000      -31034.348106
3172.0000      -31088.411085
3176.0000      -31090.745305
3180.0000      -30901.899363
3184.0000      -30837.563646
3188.0000      -30930.814726
3192.0000      -31001.896614
3196.0000      -30950.900827
3200.0000      -30915.513166
3204.0000      -30860.555425
3208.0000      -30764.341933
3212.0000      -30846.349829
3216.0000      -30812.423856
3220.0000      -30688.149674
3224.0000      -30857.580892
3228.0000      -30911.954002
3232.0000      -30781.303500
3236.0000      -30930.724870
3240.0000      -30918.543255
3244.0000      -30683.108411
3248.0000      -30833.445547
3252.0000      -30891.505835
3256.0000      -30970.616413
3260.0000      -31028.363048
3264.0000      -30888.059435
3268.0000      -31095.061492
3272.0000      -30816.682676
3276.0000      -30899.809122
3280.0000      -30880.827370
3284.0000      -30945.933111
3288.0000      -31038.846516
3292.0000      -30839.273935
3296.0000      -31094.106419
3300.0000      -30836.516989
3304.0000      -30928.569677
3308.0000      -30856.243389
3312.0000      -30902.190048
3316.0000      -30904.940456
3320.0000      -30779.496803
3324.0000      -30941.206236
3328.0000      -30940.984863
3332.0000      -30835.864579
3336.0000      -30960.983961
3340.0000      -30993.945947
3344.0000      -30978.884555
3348.0000      -30936.345123
3352.0000      -30953.960543
3356.0000      -30948.986683
3360.0000      -31098.566888
3364.0000      -30897.261803
3368.0000      -30887.131954
3372.0000      -30809.577246
3376.0000      -30773.730629
3380.0000      -30862.144202
3384.0000      -30986.693092
3388.0000      -30877.746404
3392.0000      -30787.813552
3396.0000      -30908.394014
3400.0000      -30904.857893
3404.0000      -30883.113849
3408.0000      -30888.547355
3412.0000      -30849.114136
3416.0000      -31010.168620
3420.0000      -30898.683353
3424.0000      -30874.744050
3428.0000      -30938.681808
3432.0000      -30858.756094
3436.0000      -30749.593148
3440.0000      -30893.930983
3444.0000      -31014.536094
3448.0000      -30864.152831
3452.0000      -30940.697968
3456.0000      -30740.507408
3460.0000      -30857.822143
3464.0000      -30822.292467
3468.0000      -30883.989451
3472.0000      -30951.836127
3476.0000      -30856.942963
3480.0000      -31040.203213
3484.0000      -30994.236091
3488.0000      -30664.917322
3492.0000      -30773.927377
3496.0000      -30837.323800
3500.0000      -30841.742705
3504.0000      -30737.415549
3508.0000      -30862.115435
3512.0000      -30789.627118
3516.0000      -30922.243331
3520.0000      -30878.405332
3524.0000      -30929.852330
3528.0000      -30865.944135
3532.0000      -30732.275530
3536.0000      -30850.323338
3540.0000      -30795.106110
3544.0000      -30823.521398
3548.0000      -30882.842516
3552.0000      -30938.202894
3556.0000      -30763.904957
3560.0000      -30939.077333
3564.0000      -30807.837553
3568.0000      -30953.730468
3572.0000      -30796.945125
3576.0000      -30811.906338
3580.0000      -31024.978992
3584.0000      -30967.331307
3588.0000      -30913.438261
3592.0000      -30996.424876
3596.0000      -30737.918324
3600.0000      -30952.151745
3604.0000      -30898.287765
3608.0000      -30837.552610
3612.0000      -30847.269552
3616.0000      -30885.061671
3620.0000      -30720.715121
3624.0000      -30730.486614
3628.0000      -30957.460562
3632.0000      -30946.874211
3636.0000      -30861.921089
3640.0000      -30786.777731
3644.0000      -31076.375273
3648.0000      -30760.153276
3652.0000      -30719.188423
3656.0000      -30882.344038
3660.0000      -30854.239030
3664.0000      -30775.429866
3668.0000      -30809.589699
3672.0000      -30873.694624
3676.0000      -30951.990473
3680.0000      -30915.329413
3684.0000      -30884.170665
3688.0000      -30798.498160
3692.0000      -30928.632929
3696.0000      -30935.325315
3700.0000      -30956.254740
3704.0000      -30998.730019
3708.0000      -30788.996413
3712.0000      -30938.696288
3716.0000      -30911.118346
3720.0000      -30835.409893
3724.0000      -30966.927084
3728.0000      -30785.493101
3732.0000      -30832.225031
3736.0000      -30901.251142
3740.0000      -30905.471757
3744.0000      -30717.427756
3748.0000      -30971.407157
3752.0000      -30891.538237
3756.0000      -30934.596188
3760.0000      -30795.022492
3764.0000      -30784.423808
3768.0000      -31011.726633
3772.0000      -31055.461410
3776.0000      -30968.856711
3780.0000      -30777.797712
3784.0000      -30862.130086
3788.0000      -30966.022790
3792.0000      -31018.722410
3796.0000      -31018.373473
3800.0000      -31076.732984
3804.0000      -30852.825598
3808.0000      -30927.100964
3812.0000      -30804.905146
3816.0000      -30857.691001
3820.0000      -30898.695282
3824.0000      -30717.390237
3828.0000      -30709.202092
3832.0000      -30787.899582
3836.0000      -30824.769556
3840.0000      -31022.616328
3844.0000      -30939.868136
3848.0000      -30968.674882
3852.0000      -30789.415306
3856.0000      -30815.332390
3860.0000      -30887.856476
3864.0000      -30944.463509
3868.0000      -30980.110754
3872.0000      -30959.912323
3876.0000      -31039.650171
3880.0000      -30800.613476
3884.0000      -30916.449307
3888.0000      -30709.773185
3892.0000      -30908.622644
3896.0000      -30914.707025
3900.0000      -30988.270175
3904.0000      -30864.075522
3908.0000      -30938.930096
3912.0000      -30729.110956
3916.0000      -30900.110885
3920.0000      -30904.588435
3924.0000      -30866.134954
3928.0000      -30789.191576
3932.0000      -30934.163138
3936.0000      -31063.947096
3940.0000      -30874.875172
3944.0000      -30871.088201
3948.0000      -30811.325230
3952.0000      -30888.076729
3956.0000      -30964.331731
3960.0000      -30851.270383
3964.0000      -30895.131997
3968.0000      -30907.572914
3972.0000      -30809.184951
3976.0000      -31057.351185
3980.0000      -30897.240187
3984.0000      -30771.905241
3988.0000      -30944.255838
3992.0000      -30821.484621
3996.0000      -31028.860925
4000.0000      -30913.184970
4004.0000      -30913.184970
