4.0000      -30852.335115
8.0000      -30888.324414
12.0000      -30862.543883
16.0000      -30784.003391
20.0000      -30653.720231
24.0000      -30777.404434
28.0000      -30970.104969
32.0000      -30871.498272
36.0000      -30761.278639
40.0000      -31004.397303
44.0000      -31047.857168
48.0000      -30940.723829
52.0000      -30856.846459
56.0000      -31016.719998
60.0000      -30830.015284
64.0000      -30892.866965
68.0000      -30942.450303
72.0000      -30885.858598
76.0000      -31052.352519
80.0000      -30844.020918
84.0000      -30913.425400
88.0000      -30839.812491
92.0000      -30920.497090
96.0000      -30968.331785
100.0000      -31020.652197
104.0000      -30981.048249
108.0000      -30885.033542
112.0000      -30979.336481
116.0000      -30924.996910
120.0000      -30919.348376
124.0000      -30989.795348
128.0000      -30799.124999
132.0000      -30904.908984
136.0000      -30763.180254
140.0000      -30845.676571
144.0000      -30940.680977
148.0000      -31066.970818
152.0000      -31065.654489
156.0000      -30868.021674
160.0000      -30867.945912
164.0000      -30884.803474
168.0000      -30835.881838
172.0000      -30935.051487
176.0000      -30936.010303
180.0000      -30888.454899
184.0000      -30881.554963
188.0000      -30893.809813
192.0000      -30972.070109
196.0000      -31041.694655
200.0000      -31012.287327
204.0000      -30961.731984
208.0000      -30852.010332
212.0000      -30866.793390
216.0000      -30881.408609
220.0000      -30947.364615
224.0000      -30898.007195
228.0000      -30742.574629
232.0000      -30953.991024
236.0000      -30931.778130
240.0000      -30806.951044
244.0000      -30684.721679
248.0000      -31020.577960
252.0000      -31058.069188
256.0000      -30878.153308
260.0000      -30848.672254
264.0000      -30809.686338
268.0000      -30941.328007
272.0000      -30860.561785
276.0000      -30969.139232
280.0000      -30868.104567
284.0000      -30840.441900
288.0000      -30831.082172
292.0000      -30898.187376
296.0000      -30973.304958
300.0000      -30920.903748
304.0000      -30838.582660
308.0000      -30886.303232
312.0000      -30902.440668
316.0000      -30945.420184
320.0000      -31045.737242
324.0000      -30945.132584
328.0000      -30953.181792
332.0000      -30972.203491
336.0000      -31040.343571
340.0000      -30845.690906
344.0000      -30913.622462
348.0000      -30972.346726
352.0000      -30856.907759
356.0000      -30737.265955
360.0000      -30796.136287
364.0000      -30749.813068
368.0000      -30891.870487
372.0000      -30851.886215
376.0000      -30958.014704
380.0000      -30948.937675
384.0000      -30858.958470
388.0000      -30712.216361
392.0000      -30837.113332
396.0000      -30891.713454
400.0000      -30847.087103
404.0000      -30746.271088
408.0000      -30969.609730
412.0000      -30729.380494
416.0000      -30988.538647
420.0000      -30822.739272
424.0000      -30916.896326
428.0000      -30994.637224
432.0000      -30767.993261
436.0000      -31122.388647
440.0000      -30895.695206
444.0000      -30922.646959
448.0000      -30995.795796
452.0000      -30898.123202
456.0000      -30925.525838
460.0000      -30835.328350
464.0000      -30863.348402
468.0000      -30914.813407
472.0000      -30947.596154
476.0000      -30948.634557
480.0000      -31015.853659
484.0000      -30837.652407
488.0000      -31073.603569
492.0000      -30796.518788
496.0000      -30924.540643
500.0000      -30958.193394
504.0000      -30904.164919
508.0000      -30789.541173
512.0000      -31007.509861
516.0000      -30913.834988
520.0000      -31017.990313
524.0000      -30768.017422
528.0000      -30931.937584
532.0000      -30779.018196
536.0000      -31025.096440
540.0000      -30983.704678
544.0000      -30772.461825
548.0000      -30787.040418
552.0000      -30990.292101
556.0000      -30925.823000
560.0000      -30835.996603
564.0000      -30886.939115
568.0000      -30986.268278
572.0000      -31059.050569
576.0000      -30951.471458
580.0000      -31016.145707
584.0000      -30929.756098
588.0000      -30821.772623
592.0000      -30825.106210
596.0000      -30751.285193
600.0000      -30808.992908
604.0000      -30936.655628
608.0000      -30892.382654
612.0000      -30883.553720
616.0000      -30890.199005
620.0000      -30897.274552
624.0000      -30867.001247
628.0000      -30890.431549
632.0000      -30758.853105
636.0000      -30749.350357
640.0000      -30812.034461
644.0000      -30926.816275
648.0000      -30790.531217
652.0000      -30881.100490
656.0000      -30864.682753
660.0000      -30902.463174
664.0000      -31078.509613
668.0000      -30997.310986
672.0000      -31074.311739
676.0000      -31022.386457
680.0000      -30992.074529
684.0000      -30848.957060
688.0000      -30942.502243
692.0000      -30972.583286
696.0000      -30988.327563
700.0000      -31095.554530
704.0000      -30937.943621
708.0000      -30991.991660
712.0000      -30955.424055
716.0000      -30860.695336
720.0000      -30846.208280
724.0000      -30920.579622
728.0000      -30865.088619
732.0000      -30854.966844
736.0000      -30850.111371
740.0000      -30859.450679
744.0000      -30788.621898
748.0000      -31109.115687
752.0000      -30918.161880
756.0000      -30995.893874
760.0000      -30893.847251
764.0000      -30842.103603
768.0000      -30745.682530
772.0000      -31003.970548
776.0000      -30709.577486
780.0000      -30866.717283
784.0000      -30988.950839
788.0000      -30870.507565
792.0000      -30868.231957
796.0000      -30898.530066
800.0000      -30877.721338
804.0000      -30947.641138
808.0000      -30936.450941
812.0000      -31004.254327
816.0000      -30755.362016
820.0000      -30884.033735
824.0000      -30783.995704
828.0000      -30889.735816
832.0000      -30865.441706
836.0000      -31139.163689
840.0000      -30812.292783
844.0000      -31069.795964
848.0000      -30872.558729
852.0000      -31029.397559
856.0000      -30835.267148
860.0000      -30718.530824
864.0000      -30958.928628
868.0000      -30863.644515
872.0000      -30824.300779
876.0000      -30885.123360
880.0000      -31017.959549
884.0000      -30841.138557
888.0000      -30776.556601
892.0000      -31121.488991
896.0000      -30927.557350
900.0000      -31082.319554
904.0000      -30901.345721
908.0000      -30890.820035
912.0000      -30942.975742
916.0000      -30789.138328
920.0000      -30780.203452
924.0000      -30911.900438
928.0000      -30841.858550
932.0000      -31005.892278
936.0000      -30896.162243
940.0000      -30910.576102
944.0000      -30820.074385
948.0000      -30998.929376
952.0000      -30972.671923
956.0000      -30891.746743
960.0000      -30931.375581
964.0000      -30976.308330
968.0000      -30859.859808
972.0000      -30981.653027
976.0000      -30946.925879
980.0000      -30853.549746
984.0000      -30730.572717
988.0000      -30877.859840
992.0000      -30796.572413
996.0000      -30855.672062
1000.0000      -30892.126278
1004.0000      -30869.253657
1008.0000      -30907.985588
1012.0000      -30847.167809
1016.0000      -30880.711238
1020.0000      -30645.748457
1024.0000      -30830.627766
1028.0000      -30862.521312
1032.0000      -30852.601088
1036.0000      -30899.853052
1040.0000      -30885.258621
1044.0000      -30905.916736
1048.0000      -30873.767523
1052.0000      -30908.032466
1056.0000      -30802.617834
1060.0000      -30835.854209
1064.0000      -30963.170090
1068.0000      -30864.387138
1072.0000      -30819.122546
1076.0000      -30847.438412
1080.0000      -30854.351382
1084.0000      -30964.035029
1088.0000      -30931.820178
1092.0000      -30815.039584
1096.0000      -30926.945566
1100.0000      -30976.561319
1104.0000      -30828.136078
1108.0000      -30985.908269
1112.0000      -30913.997924
1116.0000      -30760.096633
1120.0000      -30919.440768
1124.0000      -30763.056145
1128.0000      -30858.103029
1132.0000      -30899.532965
1136.0000      -30923.876884
1140.0000      -30758.066937
1144.0000      -30847.741616
1148.0000      -30863.104690
1152.0000      -30945.933864
1156.0000      -30910.344334
1160.0000      -31090.051980
1164.0000      -30908.609037
1168.0000      -30772.862129
1172.0000      -30986.955795
1176.0000      -31114.440203
1180.0000      -31082.373032
1184.0000      -30726.264540
1188.0000      -30981.183775
1192.0000      -30953.403353
1196.0000      -30910.450938
1200.0000      -30941.430192
1204.0000      -31016.011998
1208.0000      -30873.881413
1212.0000      -30702.811995
1216.0000      -30952.024121
1220.0000      -30773.916349
1224.0000      -30967.843092
1228.0000      -30636.024085
1232.0000      -30789.221133
1236.0000      -30836.498760
1240.0000      -30761.620253
1244.0000      -30825.795874
1248.0000      -30932.273450
1252.0000      -30899.761772
1256.0000      -31015.336482
1260.0000      -30844.747207
1264.0000      -30926.937781
1268.0000      -30800.702182
1272.0000      -30961.291405
1276.0000      -30945.510690
1280.0000      -30919.283459
1284.0000      -30899.852910
1288.0000      -30951.982851
1292.0000      -31013.863190
1296.0000      -31063.629670
1300.0000      -30775.017443
1304.0000      -30988.294091
1308.0000      -30893.080972
1312.0000      -30896.860978
1316.0000      -30797.655340
1320.0000      -30854.327200
1324.0000      -30884.946948
1328.0000      -30890.717848
1332.0000      -30941.961461
1336.0000      -30848.583687
1340.0000      -30929.535209
1344.0000      -30910.301536
1348.0000      -30911.715475
1352.0000      -30742.952562
1356.0000      -30840.219709
1360.0000      -30742.649515
1364.0000      -30766.821372
1368.0000      -30990.580259
1372.0000      -30750.271654
1376.0000      -30780.458609
1380.0000      -30927.456686
1384.0000      -30882.994277
1388.0000      -30826.257986
1392.0000      -31023.956257
1396.0000      -30902.564729
1400.0000      -30938.027717
1404.0000      -31045.687670
1408.0000      -30868.707393
1412.0000      -30878.956829
1416.0000      -30763.071981
1420.0000      -30986.881413
1424.0000      -31111.601290
1428.0000      -30860.386087
1432.0000      -30805.885743
1436.0000      -30934.332003
1440.0000      -30835.725282
1444.0000      -30808.784518
1448.0000      -30773.752939
1452.0000      -30934.652023
1456.0000      -31043.276302
1460.0000      -31030.579200
1464.0000      -31045.986333
1468.0000      -30873.647547
1472.0000      -30789.372513
1476.0000      -30822.467095
1480.0000      -31023.270256
1484.0000      -30921.696292
1488.0000      -30943.600154
1492.0000      -30742.988781
1496.0000      -30945.483239
1500.0000      -30946.842438
1504.0000      -30973.632364
1508.0000      -30821.812813
1512.0000      -30874.737949
1516.0000      -30959.929411
1520.0000      -30956.430042
1524.0000      -31009.772910
1528.0000      -30686.608903
1532.0000      -30906.842397
1536.0000      -30787.801607
1540.0000      -31042.004948
1544.0000      -30884.418366
1548.0000      -30927.595532
1552.0000      -30930.661320
1556.0000      -30920.967303
1560.0000      -30876.302805
1564.0000      -31002.072090
1568.0000      -30893.909018
1572.0000      -30973.797890
1576.0000      -30907.468524
1580.0000      -30871.938678
1584.0000      -30894.910368
1588.0000      -30863.498631
1592.0000      -30907.073553
1596.0000      -30731.027306
1600.0000      -30836.345903
1604.0000      -30877.728760
1608.0000      -30843.691550
1612.0000      -30970.409482
1616.0000      -30908.579017
1620.0000      -30886.619378
1624.0000      -30845.564931
1628.0000      -30919.973401
1632.0000      -30868.618200
1636.0000      -30734.806060
1640.0000      -30919.813089
1644.0000      -30927.086807
1648.0000      -30988.398530
1652.0000      -31061.255925
1656.0000      -30868.728332
1660.0000      -31145.434224
1664.0000      -30813.142193
1668.0000      -30963.430260
1672.0000      -30680.678620
1676.0000      -30838.852419
1680.0000      -30871.929813
1684.0000      -30894.877815
1688.0000      -31094.747073
1692.0000      -30889.231525
1696.0000      -31112.493583
1700.0000      -30936.679775
1704.0000      -30776.223333
1708.0000      -30830.062658
1712.0000      -30967.331240
1716.0000      -31018.257925
1720.0000      -30793.961996
1724.0000      -30904.171238
1728.0000      -30965.741405
1732.0000      -30935.601528
1736.0000      -30754.838582
1740.0000      -30976.882100
1744.0000      -30817.125940
1748.0000      -30770.261354
1752.0000      -31019.510630
1756.0000      -30761.486573
1760.0000      -31036.060974
1764.0000      -30922.700592
1768.0000      -30835.846373
1772.0000      -30893.767324
1776.0000      -30955.749165
1780.0000      -30834.873510
1784.0000      -30758.966073
1788.0000      -30999.955572
1792.0000      -31068.867855
1796.0000      -30870.706804
1800.0000      -30762.039428
1804.0000      -30945.333335
1808.0000      -31026.539189
1812.0000      -31133.690146
1816.0000      -30952.499505
1820.0000      -31017.313465
1824.0000      -30954.901030
1828.0000      -31134.678166
1832.0000      -30857.647559
1836.0000      -31060.375180
1840.0000      -30914.034923
1844.0000      -30875.802374
1848.0000      -30899.790182
1852.0000      -30893.079452
1856.0000      -31031.840207
1860.0000      -30814.027201
1864.0000      -30941.358293
1868.0000      -31095.912025
1872.0000      -30949.130346
1876.0000      -30973.415460
1880.0000      -30881.606822
1884.0000      -30969.123395
1888.0000      -30966.179372
1892.0000      -31063.035330
1896.0000      -30946.317990
1900.0000      -30845.019228
1904.0000      -31023.135763
1908.0000      -30871.316273
1912.0000      -30912.901873
1916.0000      -30937.538341
1920.0000      -31034.878298
1924.0000      -30775.796499
1928.0000      -30832.777898
1932.0000      -30808.686239
1936.0000      -30951.946440
1940.0000      -30923.827534
1944.0000      -30843.072779
1948.0000      -30841.527850
1952.0000      -30896.919660
1956.0000      -30896.678352
1960.0000      -30954.904669
1964.0000      -30888.644982
1968.0000      -30944.480583
1972.0000      -30904.224799
1976.0000      -30827.783572
1980.0000      -30943.596845
1984.0000      -30982.097022
1988.0000      -30892.728228
1992.0000      -30743.353249
1996.0000      -30883.264917
2000.0000      -30999.181253
2004.0000      -30827.181335
2008.0000      -30938.185114
2012.0000      -30841.472720
2016.0000      -30955.374246
2020.0000      -30728.500402
2024.0000      -30869.994888
2028.0000      -30930.790316
2032.0000      -30779.195571
2036.0000      -30897.563693
2040.0000      -30909.295826
2044.0000      -31014.948644
2048.0000      -30788.503827
2052.0000      -30641.358190
2056.0000      -30915.386853
2060.0000      -30806.373244
2064.0000      -30955.247828
2068.0000      -30947.233811
2072.0000      -30997.265706
2076.0000      -30999.258869
2080.0000      -31048.329566
2084.0000      -30892.717332
2088.0000      -30955.736602
2092.0000      -30613.805325
2096.0000      -30981.318471
2100.0000      -30948.721153
2104.0000      -30933.806321
2108.0000      -30853.903358
2112.0000      -30767.572620
2116.0000      -30804.736789
2120.0000      -30954.065468
2124.0000      -30922.191551
2128.0000      -30884.282133
2132.0000      -30860.059838
2136.0000      -31002.093646
2140.0000      -30894.273721
2144.0000      -30977.646461
2148.0000      -31029.716081
2152.0000      -30976.378712
2156.0000      -30946.280971
2160.0000      -30755.182018
2164.0000      -30801.576716
2168.0000      -30821.366142
2172.0000      -30923.290780
2176.0000      -30998.517875
2180.0000      -30921.825468
2184.0000      -30708.844493
2188.0000      -30814.426899
2192.0000      -30823.189917
2196.0000      -31029.761891
2200.0000      -30802.386867
2204.0000      -30836.145906
2208.0000      -30717.419353
2212.0000      -30938.397311
2216.0000      -30611.307008
2220.0000      -30622.293583
2224.0000      -30824.527149
2228.0000      -30824.593487
2232.0000      -30969.762944
2236.0000      -30980.229024
2240.0000      -30832.267000
2244.0000      -30828.542194
2248.0000      -30679.695194
2252.0000      -30951.123465
2256.0000      -30837.545203
2260.0000      -30723.358670
2264.0000      -30754.537603
2268.0000      -30821.345380
2272.0000      -30913.722799
2276.0000      -30787.914410
2280.0000      -30829.818278
2284.0000      -30771.624500
2288.0000      -30791.444833
2292.0000      -31032.628144
2296.0000      -30900.901046
2300.0000      -30817.268311
2304.0000      -30827.234543
2308.0000      -31056.416780
2312.0000      -30976.270369
2316.0000      -31029.639386
2320.0000      -30833.431732
2324.0000      -30972.801945
2328.0000      -31055.123062
2332.0000      -30835.998988
2336.0000      -30922.406835
2340.0000      -31041.399551
2344.0000      -31062.538196
2348.0000      -30891.117571
2352.0000      -30910.382313
2356.0000      -30850.448073
2360.0000      -30863.936564
2364.0000      -30899.428503
2368.0000      -30894.366434
2372.0000      -30995.999368
2376.0000      -30967.184459
2380.0000      -30886.461528
2384.0000      -30985.304981
2388.0000      -30874.035247
2392.0000      -30928.678247
2396.0000      -30850.607040
2400.0000      -30946.624809
2404.0000      -30786.537665
2408.0000      -31030.370399
2412.0000      -30809.250495
2416.0000      -31012.768674
2420.0000      -30816.001802
2424.0000      -30905.016907
2428.0000      -30815.141857
2432.0000      -30803.666990
2436.0000      -31123.716768
2440.0000      -30855.345421
2444.0000      -30957.526159
2448.0000      -30933.123753
2452.0000      -30969.556491
2456.0000      -30799.371200
2460.0000      -30938.700974
2464.0000      -30987.131257
2468.0000      -30773.779384
2472.0000      -30947.843261
2476.0000      -30775.112347
2480.0000      -30954.192084
2484.0000      -30950.342901
2488.0000      -30764.778573
2492.0000      -30998.221832
2496.0000      -30990.372159
2500.0000      -30862.330930
2504.0000      -30868.421530
2508.0000      -30811.748120
2512.0000      -30824.381015
2516.0000      -30883.712022
2520.0000      -30885.568476
2524.0000      -31066.056495
2528.0000      -31052.557408
2532.0000      -30838.829636
2536.0000      -30822.569993
2540.0000      -30724.480258
2544.0000      -31053.230275
2548.0000      -30805.369222
2552.0000      -30816.661111
2556.0000      -30852.839161
2560.0000      -30843.150246
2564.0000      -31087.379526
2568.0000      -30903.147272
2572.0000      -30929.737187
2576.0000      -31043.667158
2580.0000      -30977.305467
2584.0000      -30822.884058
2588.0000      -30926.960781
2592.0000      -30829.351813
2596.0000      -30760.088083
2600.0000      -30740.731054
2604.0000      -30900.495430
2608.0000      -30794.257569
2612.0000      -30904.329473
2616.0000      -30783.897460
2620.0000      -30904.096960
2624.0000      -30937.952106
2628.0000      -30902.742885
2632.0000      -30850.443849
2636.0000      -30975.169143
2640.0000      -30903.057733
2644.0000      -30919.702155
2648.0000      -31005.057392
2652.0000      -30848.728290
2656.0000      -30938.531924
2660.0000      -31025.918718
2664.0000      -30847.638630
2668.0000      -30901.245401
2672.0000      -30949.638870
2676.0000      -30993.678046
2680.0000      -30682.582121
2684.0000      -31102.384188
2688.0000      -30904.124655
2692.0000      -30777.356197
2696.0000      -31003.431049
2700.0000      -30988.867846
2704.0000      -30857.862588
2708.0000      -30861.341492
2712.0000      -31026.512824
2716.0000      -30837.221030
2720.0000      -30793.336142
2724.0000      -30956.247521
2728.0000      -30940.808155
2732.0000      -30749.609867
2736.0000      -30842.881943
2740.0000      -30907.945997
2744.0000      -30946.028124
2748.0000      -30942.423809
2752.0000      -30968.877193
2756.0000      -30886.430304
2760.0000      -30848.366932
2764.0000      -31057.830297
2768.0000      -30982.796205
2772.0000      -30892.839383
2776.0000      -30978.626728
2780.0000      -30992.052263
2784.0000      -30891.650073
2788.0000      -30885.165623
2792.0000      -30818.247909
2796.0000      -30866.448453
2800.0000      -30891.442043
2804.0000      -30796.419305
2808.0000      -30917.871238
2812.0000      -30944.180479
2816.0000      -30805.103965
2820.0000      -30520.139204
2824.0000      -30898.358236
2828.0000      -30939.105581
2832.0000      -30936.300111
2836.0000      -30943.010315
2840.0000      -30971.782887
2844.0000      -30964.758463
2848.0000      -30956.819058
2852.0000      -30831.692255
2856.0000      -30849.383245
2860.0000      -30797.911155
2864.0000      -30921.643219
2868.0000      -30808.757065
2872.0000      -30940.363923
2876.0000      -30997.100040
2880.0000      -30991.890197
2884.0000      -31008.675826
2888.0000      -30954.434505
2892.0000      -30931.705214
2896.0000      -30785.216957
2900.0000      -30829.439155
2904.0000      -30888.761935
2908.0000      -31170.486693
2912.0000      -30881.075513
2916.0000      -30891.748928
2920.0000      -30993.894515
2924.0000      -30801.545377
2928.0000      -31002.206309
2932.0000      -30736.188023
2936.0000      -30912.424064
2940.0000      -30817.527576
2944.0000      -30847.497109
2948.0000      -30932.352997
2952.0000      -30919.619275
2956.0000      -30939.039821
2960.0000      -30889.011094
2964.0000      -30967.189295
2968.0000      -30852.936987
2972.0000      -30736.771998
2976.0000      -30855.154412
2980.0000      -31042.205901
2984.0000      -30851.345681
2988.0000      -30955.460029
2992.0000      -30989.060780
2996.0000      -30972.687100
3000.0000      -30961.464771
3004.0000      -30889.006190
3008.0000      -30936.394008
3012.0000      -30886.095917
3016.0000      -30887.001206
3020.0000      -30997.169875
3024.0000      -30963.806138
3028.0000      -30863.860403
3032.0000      -30933.692713
3036.0000      -30959.905053
3040.0000      -31074.022363
3044.0000      -30878.764903
3048.0000      -30989.824338
3052.0000      -30975.042281
3056.0000      -31005.522224
3060.0000      -30971.779231
3064.0000      -30903.117440
3068.0000      -30916.375837
3072.0000      -30894.640834
3076.0000      -30982.403156
3080.0000      -30991.047961
3084.0000      -30901.958211
3088.0000      -30871.492575
3092.0000      -30783.624080
3096.0000      -31095.020600
3100.0000      -30802.685214
3104.0000      -30738.685902
3108.0000      -30843.413764
3112.0000      -30817.274140
3116.0000      -30749.935686
3120.0000      -30805.484199
3124.0000      -30613.834443
3128.0000      -30806.435064
3132.0000      -31034.630487
3136.0000      -31028.703590
3140.0000      -30993.730517
3144.0000      -30960.851842
3148.0000      -31078.485067
3152.0000      -30947.986938
3156.0000      -30936.404666
3160.0000      -30921.569220
3164.0000      -31012.966771
3168.0000      -31053.540717
3172.0000      -31095.664095
3176.0000      -30954.725535
3180.0000      -30978.040173
3184.0000      -30901.641545
3188.0000      -30950.819085
3192.0000      -30917.010755
3196.0000      -30921.555205
3200.0000      -30768.991503
3204.0000      -30947.411954
3208.0000      -31053.421831
3212.0000      -30899.706611
3216.0000      -30816.949245
3220.0000      -30769.496691
3224.0000      -30841.140783
3228.0000      -30793.691906
3232.0000      -30802.052175
3236.0000      -30797.636328
3240.0000      -30931.741017
3244.0000      -30981.617517
3248.0000      -30777.331232
3252.0000      -31035.766685
3256.0000      -31005.610096
3260.0000      -30918.950870
3264.0000      -30999.476267
3268.0000      -30881.735509
3272.0000      -30911.052510
3276.0000      -30776.951723
3280.0000      -30892.136662
3284.0000      -30923.111487
3288.0000      -30889.456895
3292.0000      -30797.164887
3296.0000      -30801.474837
3300.0000      -30825.689484
3304.0000      -30955.421043
3308.0000      -31087.419798
3312.0000      -30988.145817
3316.0000      -30928.243593
3320.0000      -30809.472703
3324.0000      -30782.221454
3328.0000      -30909.771668
3332.0000      -30895.518973
3336.0000      -30837.309437
3340.0000      -30846.956497
3344.0000      -30913.410198
3348.0000      -30895.318696
3352.0000      -30889.699471
3356.0000      -30796.533107
3360.0000      -30865.581657
3364.0000      -30728.178254
3368.0000      -30821.541325
3372.0000      -31021.243469
3376.0000      -30856.602911
3380.0000      -30886.236981
3384.0000      -30786.059588
3388.0000      -30832.523032
3392.0000      -30849.933460
3396.0000      -30954.627514
3400.0000      -30954.997638
3404.0000      -30996.304672
3408.0000      -30925.804863
3412.0000      -30937.023333
3416.0000      -30833.118944
3420.0000      -30934.796666
3424.0000      -30766.573177
3428.0000      -30850.098278
3432.0000      -30963.874331
3436.0000      -30797.731595
3440.0000      -31076.705430
3444.0000      -30832.275535
3448.0000      -30786.376338
3452.0000      -30825.757353
3456.0000      -30898.072200
3460.0000      -30768.683951
3464.0000      -30805.471500
3468.0000      -30759.966410
3472.0000      -30883.850007
3476.0000      -30926.105434
3480.0000      -30705.453774
3484.0000      -30867.608648
3488.0000      -30852.240313
3492.0000      -30858.277978
3496.0000      -30936.543412
3500.0000      -30735.179103
3504.0000      -30856.495618
3508.0000      -30950.995911
3512.0000      -31025.758262
3516.0000      -30832.517172
3520.0000      -30846.002916
3524.0000      -31072.838462
3528.0000      -30767.861491
3532.0000      -30946.273077
3536.0000      -30931.252287
3540.0000      -30943.479771
3544.0000      -30852.118947
3548.0000      -30685.119410
3552.0000      -30852.927681
3556.0000      -31003.614288
3560.0000      -30899.610243
3564.0000      -30783.517625
3568.0000      -30898.356619
3572.0000      -30792.189431
3576.0000      -30813.003336
3580.0000      -30635.850227
3584.0000      -30814.385625
3588.0000      -30802.745279
3592.0000      -30949.794227
3596.0000      -30814.081716
3600.0000      -30917.189634
3604.0000      -30771.522967
3608.0000      -31000.309830
3612.0000      -30965.515029
3616.0000      -30955.487124
3620.0000      -30899.229036
3624.0000      -30816.534031
3628.0000      -30937.768056
3632.0000      -30822.911728
3636.0000      -30829.287326
3640.0000      -31025.190286
3644.0000      -30867.352532
3648.0000      -31023.952017
3652.0000      -30936.306650
3656.0000      -30960.372300
3660.0000      -30975.736878
3664.0000      -30815.306251
3668.0000      -31010.887002
3672.0000      -30809.513324
3676.0000      -30950.925368
3680.0000      -30791.829378
3684.0000      -30967.170607
3688.0000      -30911.221275
3692.0000      -30948.807355
3696.0000      -30999.244874
3700.0000      -30786.780539
3704.0000      -30900.891483
3708.0000      -30774.585828
3712.0000      -30983.357094
3716.0000      -30731.615367
3720.0000      -30916.934150
3724.0000      -30973.781130
3728.0000      -31051.676610
3732.0000      -30955.178483
3736.0000      -30989.932054
3740.0000      -30841.931059
3744.0000      -30947.005134
3748.0000      -30779.850803
3752.0000      -30776.454461
3756.0000      -30831.921301
3760.0000      -30816.535261
3764.0000      -30801.031547
3768.0000      -30808.084409
3772.0000      -30878.876576
3776.0000      -31030.126373
3780.0000      -30853.637722
3784.0000      -30961.592859
3788.0000      -30939.169416
3792.0000      -30946.471245
3796.0000      -30805.217721
3800.0000      -30918.388748
3804.0000      -30990.369564
3808.0000      -30797.689962
3812.0000      -30967.256687
3816.0000      -30982.093365
3820.0000      -30823.616864
3824.0000      -31019.325014
3828.0000      -30952.591692
3832.0000      -31015.815855
3836.0000      -31087.482739
3840.0000      -30762.754448
3844.0000      -30807.612044
3848.0000      -31092.495365
3852.0000      -30961.824564
3856.0000      -31080.812305
3860.0000      -31139.184928
3864.0000      -30908.959727
3868.0000      -30820.506552
3872.0000      -30872.308553
3876.0000      -31030.648297
3880.0000      -30924.258742
3884.0000      -31019.411090
3888.0000      -30784.551232
3892.0000      -30916.701458
3896.0000      -30913.936854
3900.0000      -31084.147010
3904.0000      -30755.972194
3908.0000      -30893.899776
3912.0000      -31044.260027
3916.0000      -30957.141272
3920.0000      -30847.746080
3924.0000      -31023.145111
3928.0000      -30934.775468
3932.0000      -30938.931180
3936.0000      -30849.278219
3940.0000      -30694.834508
3944.0000      -30840.597056
3948.0000      -30886.169102
3952.0000      -30857.857019
3956.0000      -30840.249877
3960.0000      -30910.692345
3964.0000      -30921.929927
3968.0000      -30888.357691
3972.0000      -30901.817841
3976.0000      -30957.774227
3980.0000      -30868.450343
3984.0000      -30828.490954
3988.0000      -30892.011628
3992.0000      -30848.894441
3996.0000      -30741.220889
4000.0000      -30870.374969
4004.0000      -30870.374969
