4.0000      -30801.620701
8.0000      -30903.907802
12.0000      -31025.538757
16.0000      -30886.334030
20.0000      -30973.232134
24.0000      -30799.369003
28.0000      -30953.863135
32.0000      -30979.016583
36.0000      -30848.988926
40.0000      -30873.496641
44.0000      -31057.032177
48.0000      -30751.047998
52.0000      -30952.915505
56.0000      -30879.596440
60.0000      -30987.312953
64.0000      -31093.318975
68.0000      -31018.432008
72.0000      -30796.502350
76.0000      -31049.349129
80.0000      -30841.251044
84.0000      -30892.084877
88.0000      -30847.425682
92.0000      -30968.825223
96.0000      -30876.291265
100.0000      -31129.043343
104.0000      -31102.873663
108.0000      -30866.428421
112.0000      -30790.620546
116.0000      -30854.969919
120.0000      -30968.291730
124.0000      -30861.126620
128.0000      -30793.307115
132.0000      -30920.024199
136.0000      -30991.414563
140.0000      -30926.760722
144.0000      -30859.199595
148.0000      -30991.645173
152.0000      -30927.535353
156.0000      -30881.144258
160.0000      -30933.096549
164.0000      -30989.284344
168.0000      -31031.784670
172.0000      -30888.938836
176.0000      -30994.827878
180.0000      -30926.398801
184.0000      -30810.175366
188.0000      -30834.047529
192.0000      -30870.420672
196.0000      -30922.198343
200.0000      -30913.434610
204.0000      -30854.907686
208.0000      -30998.382511
212.0000      -31044.785905
216.0000      -31091.303153
220.0000      -30896.490322
224.0000      -31063.707947
228.0000      -30947.546419
232.0000      -30825.158348
236.0000      -30836.665987
240.0000      -30804.339478
244.0000      -30796.041459
248.0000      -31014.516587
252.0000      -31157.926256
256.0000      -30857.198225
260.0000      -30834.854659
264.0000      -30965.011614
268.0000      -30888.264361
272.0000      -30962.485134
276.0000      -30794.465684
280.0000      -30995.896961
284.0000      -30886.745553
288.0000      -30760.256210
292.0000      -30856.915190
296.0000      -30866.311029
300.0000      -30862.860234
304.0000      -30946.885543
308.0000      -30868.388497
312.0000      -30979.663161
316.0000      -31177.691638
320.0000      -30954.477568
324.0000      -30757.151515
328.0000      -30868.855713
332.0000      -30781.627183
336.0000      -30833.839979
340.0000      -30842.536859
344.0000      -30954.071822
348.0000      -30922.753929
352.0000      -30811.929255
356.0000      -31053.054594
360.0000      -30922.313540
364.0000      -30893.160803
368.0000      -30938.483928
372.0000      -30847.598484
376.0000      -31046.657960
380.0000      -30707.944463
384.0000      -30818.198562
388.0000      -30885.956186
392.0000      -30951.967467
396.0000      -31068.424049
400.0000      -30899.783826
404.0000      -30958.891756
408.0000      -30838.744983
412.0000      -30902.154194
416.0000      -30828.177632
420.0000      -30871.989086
424.0000      -30912.674246
428.0000      -30999.848362
432.0000      -30913.245734
436.0000      -30841.408762
440.0000      -30776.820211
444.0000      -30798.279976
448.0000      -30870.565845
452.0000      -30804.580402
456.0000      -30962.865640
460.0000      -31030.848007
464.0000      -30894.438283
468.0000      -30860.658177
472.0000      -30872.301647
476.0000      -30937.567397
480.0000      -31084.525722
484.0000      -30770.367731
488.0000      -30801.925496
492.0000      -30853.837643
496.0000      -30911.756383
500.0000      -30745.373508
504.0000      -30889.315498
508.0000      -30772.118901
512.0000      -31007.706822
516.0000      -30821.441753
520.0000      -30835.075338
524.0000      -30910.100997
528.0000      -30849.216819
532.0000      -30970.137171
536.0000      -30692.356093
540.0000      -30889.467669
544.0000      -30902.897350
548.0000      -30941.893894
552.0000      -30831.373074
556.0000      -30805.293687
560.0000      -30921.239340
564.0000      -30962.887569
568.0000      -30848.665665
572.0000      -30885.592382
576.0000      -30823.249463
580.0000      -30950.406132
584.0000      -30764.416146
588.0000      -30913.380361
592.0000      -30970.660507
596.0000      -30862.970235
600.0000      -30955.931240
604.0000      -30972.496857
608.0000      -30888.812946
612.0000      -30990.997383
616.0000      -30973.188824
620.0000      -30849.897079
624.0000      -30834.708628
628.0000      -30911.278240
632.0000      -30944.873399
636.0000      -31101.063440
640.0000      -30787.577235
644.0000      -30873.341965
648.0000      -30724.869422
652.0000      -30901.547059
656.0000      -31145.054543
660.0000      -30919.578903
664.0000      -30863.594133
668.0000      -30969.739855
672.0000      -30997.984326
676.0000      -30923.853857
680.0000      -30989.998239
684.0000      -30704.413946
688.0000      -30944.360159
692.0000      -30838.647992
696.0000      -30884.859175
700.0000      -30828.066422
704.0000      -30896.628235
708.0000      -30909.653580
712.0000      -31021.390925
716.0000      -31059.340712
720.0000      -30971.002340
724.0000      -30984.363752
728.0000      -30932.151206
732.0000      -30891.811469
736.0000      -31052.996280
740.0000      -30848.549484
744.0000      -30848.285899
748.0000      -30930.710418
752.0000      -30760.995417
756.0000      -30997.791558
760.0000      -31023.438695
764.0000      -30700.261584
768.0000      -30989.862311
772.0000      -30791.126989
776.0000      -30935.505194
780.0000      -30836.430106
784.0000      -30930.096228
788.0000      -31125.816605
792.0000      -31004.288006
796.0000      -31056.015709
800.0000      -31039.375623
804.0000      -31046.824572
808.0000      -30983.645922
812.0000      -30887.217262
816.0000      -30916.971969
820.0000      -31004.162280
824.0000      -30962.998993
828.0000      -30946.380803
832.0000      -30923.833800
836.0000      -30879.542172
840.0000      -30969.562606
844.0000      -30950.579869
848.0000      -30957.983386
852.0000      -30776.001331
856.0000      -30892.746082
860.0000      -30928.644232
864.0000      -31047.006083
868.0000      -31016.012896
872.0000      -30952.634702
876.0000      -30954.285103
880.0000      -31021.640651
884.0000      -30758.079608
888.0000      -30951.424391
892.0000      -30958.284859
896.0000      -30895.186765
900.0000      -31107.350763
904.0000      -30869.396314
908.0000      -31015.714049
912.0000      -30798.455226
916.0000      -30954.904934
920.0000      -30975.671125
924.0000      -30933.646206
928.0000      -30958.734845
932.0000      -30911.391110
936.0000      -30722.203131
940.0000      -30837.188597
944.0000      -30993.451971
948.0000      -30839.360018
952.0000      -30860.059187
956.0000      -30927.156710
960.0000      -31037.291784
964.0000      -30876.162168
968.0000      -30958.063577
972.0000      -31050.035287
976.0000      -30944.185623
980.0000      -30956.276909
984.0000      -30941.409713
988.0000      -30827.891221
992.0000      -30801.779923
996.0000      -30883.390380
1000.0000      -30858.176108
1004.0000      -30923.760677
1008.0000      -31038.413904
1012.0000      -30891.999486
1016.0000      -30760.243213
1020.0000      -31020.055570
1024.0000      -30876.297280
1028.0000      -30987.963092
1032.0000      -30996.223300
1036.0000      -30967.084320
1040.0000      -30862.755546
1044.0000      -30928.687983
1048.0000      -30998.592771
1052.0000      -30853.808529
1056.0000      -31107.669647
1060.0000      -30902.760910
1064.0000      -31129.153820
1068.0000      -30943.684597
1072.0000      -30878.502031
1076.0000      -31025.735387
1080.0000      -31106.544488
1084.0000      -30996.464456
1088.0000      -30934.927407
1092.0000      -30690.580165
1096.0000      -30954.805212
1100.0000      -31072.939287
1104.0000      -30969.306140
1108.0000      -30915.850066
1112.0000      -30753.889578
1116.0000      -30918.446778
1120.0000      -30890.625600
1124.0000      -30909.036546
1128.0000      -30923.025042
1132.0000      -30823.627095
1136.0000      -31035.087853
1140.0000      -31057.653187
1144.0000      -30850.977532
1148.0000      -31068.117127
1152.0000      -30882.798535
1156.0000      -31003.216627
1160.0000      -30941.526745
1164.0000      -30802.199425
1168.0000      -30732.993505
1172.0000      -31055.869757
1176.0000      -31009.907460
1180.0000      -30855.633422
1184.0000      -31007.393734
1188.0000      -30900.200934
1192.0000      -30930.403104
1196.0000      -30801.464413
1200.0000      -30919.603486
1204.0000      -30979.270440
1208.0000      -30787.019031
1212.0000      -30984.473262
1216.0000      -30806.217501
1220.0000      -30928.331222
1224.0000      -30757.048263
1228.0000      -30729.558839
1232.0000      -30779.654861
1236.0000      -30886.762535
1240.0000      -30936.654600
1244.0000      -31020.993947
1248.0000      -31081.688230
1252.0000      -30866.861480
1256.0000      -30888.772847
1260.0000      -30992.318085
1264.0000      -30965.080302
1268.0000      -30884.838360
1272.0000      -31010.029591
1276.0000      -30942.324620
1280.0000      -31056.226459
1284.0000      -30986.163693
1288.0000      -31077.161836
1292.0000      -31122.602931
1296.0000      -30682.899697
1300.0000      -30898.336308
1304.0000      -30946.419245
1308.0000      -30809.071908
1312.0000      -30939.953703
1316.0000      -30875.494994
1320.0000      -30856.639967
1324.0000      -30897.808475
1328.0000      -31062.362843
1332.0000      -30940.502812
1336.0000      -31182.914303
1340.0000      -31020.006644
1344.0000      -31133.974635
1348.0000      -30970.520142
1352.0000      -30933.446973
1356.0000      -30868.784400
1360.0000      -30954.683141
1364.0000      -30846.594699
1368.0000      -30981.642984
1372.0000      -31002.891266
1376.0000      -31152.734763
1380.0000      -31102.838056
1384.0000      -31001.750063
1388.0000      -30922.885503
1392.0000      -31103.153102
1396.0000      -30868.556825
1400.0000      -30793.378036
1404.0000      -30894.218156
1408.0000      -31005.982474
1412.0000      -30939.355885
1416.0000      -30960.253703
1420.0000      -30882.942647
1424.0000      -30991.520552
1428.0000      -30801.653960
1432.0000      -30772.087031
1436.0000      -30872.685153
1440.0000      -31062.464401
1444.0000      -30830.952788
1448.0000      -30913.706609
1452.0000      -30839.692123
1456.0000      -30921.004399
1460.0000      -30848.071061
1464.0000      -30886.623062
1468.0000      -31050.410819
1472.0000      -30778.390887
1476.0000      -30889.651483
1480.0000      -30765.479724
1484.0000      -30942.296346
1488.0000      -30876.389931
1492.0000      -30718.901626
1496.0000      -31019.722583
1500.0000      -30949.449941
1504.0000      -30807.917318
1508.0000      -31016.001250
1512.0000      -30892.744239
1516.0000      -30846.344926
1520.0000      -30778.366046
1524.0000      -31176.806347
1528.0000      -31012.577552
1532.0000      -30796.518192
1536.0000      -30893.474515
1540.0000      -30844.937254
1544.0000      -31037.033871
1548.0000      -30860.926865
1552.0000      -30971.035371
1556.0000      -30983.404433
1560.0000      -30838.714182
1564.0000      -30848.207528
1568.0000      -31065.882887
1572.0000      -30818.798670
1576.0000      -30890.419637
1580.0000      -30736.367960
1584.0000      -30898.211018
1588.0000      -30807.281080
1592.0000      -31020.220284
1596.0000      -30883.471091
1600.0000      -30921.129238
1604.0000      -30873.505541
1608.0000      -30821.822370
1612.0000      -30742.581996
1616.0000      -30749.822085
1620.0000      -30791.446999
1624.0000      -30684.453453
1628.0000      -30870.583951
1632.0000      -30907.079389
1636.0000      -30838.856486
1640.0000      -30936.907705
1644.0000      -30963.493812
1648.0000      -31006.785306
1652.0000      -30869.360359
1656.0000      -31156.337551
1660.0000      -30870.906588
1664.0000      -30963.545372
1668.0000      -31007.397083
1672.0000      -31003.463536
1676.0000      -30991.000565
1680.0000      -31045.546380
1684.0000      -30988.374273
1688.0000      -30799.327070
1692.0000      -30899.460147
1696.0000      -31048.355793
1700.0000      -30946.253380
1704.0000      -30979.893381
1708.0000      -31103.016537
1712.0000      -31085.716528
1716.0000      -30905.322643
1720.0000      -30841.830862
1724.0000      -31008.254558
1728.0000      -30831.639281
1732.0000      -31003.113818
1736.0000      -31026.983082
1740.0000      -31026.899286
1744.0000      -31098.809938
1748.0000      -31148.560856
1752.0000      -31042.805413
1756.0000      -30792.105184
1760.0000      -30893.324181
1764.0000      -30983.279635
1768.0000      -30907.827366
1772.0000      -30929.527235
1776.0000      -30800.547776
1780.0000      -30785.036414
1784.0000      -30945.694008
1788.0000      -31000.510212
1792.0000      -30824.979316
1796.0000      -30916.723114
1800.0000      -30917.624571
1804.0000      -30889.641845
1808.0000      -30966.467911
1812.0000      -30939.411952
1816.0000      -30824.665407
1820.0000      -30843.037039
1824.0000      -30829.231525
1828.0000      -30956.022193
1832.0000      -30967.209031
1836.0000      -30940.585251
1840.0000      -30815.871500
1844.0000      -30801.439662
1848.0000      -30925.256621
1852.0000      -30955.092466
1856.0000      -30847.786249
1860.0000      -30907.375680
1864.0000      -30887.012195
1868.0000      -30806.944955
1872.0000      -30977.728775
1876.0000      -30818.204150
1880.0000      -30939.650140
1884.0000      -30997.747424
1888.0000      -31051.721545
1892.0000      -30919.128486
1896.0000      -31090.861652
1900.0000      -31036.092884
1904.0000      -30804.501563
1908.0000      -30902.398199
1912.0000      -30796.124895
1916.0000      -31044.021539
1920.0000      -30966.662759
1924.0000      -30825.195579
1928.0000      -31007.025988
1932.0000      -30909.722132
1936.0000      -30969.330366
1940.0000      -30894.802423
1944.0000      -30891.483663
1948.0000      -30915.806784
1952.0000      -30967.330415
1956.0000      -31024.744352
1960.0000      -30952.191678
1964.0000      -30886.805839
1968.0000      -30920.109646
1972.0000      -31030.371035
1976.0000      -30881.750637
1980.0000      -30817.637443
1984.0000      -30933.449745
1988.0000      -30865.673284
1992.0000      -30927.346504
1996.0000      -30812.407019
2000.0000      -30925.286016
2004.0000      -30867.795667
2008.0000      -30969.638542
2012.0000      -30847.578436
2016.0000      -30908.046775
2020.0000      -30873.595050
2024.0000      -30930.608024
2028.0000      -31080.283945
2032.0000      -30851.066108
2036.0000      -30958.220182
2040.0000      -30917.588927
2044.0000      -30919.574221
2048.0000      -30892.824595
2052.0000      -30899.317601
2056.0000      -30811.147364
2060.0000      -30886.926340
2064.0000      -30809.720049
2068.0000      -30918.317413
2072.0000      -30764.520913
2076.0000      -31042.451397
2080.0000      -30702.321205
2084.0000      -30931.486731
2088.0000      -30998.793297
2092.0000      -30787.292214
2096.0000      -30971.578086
2100.0000      -31019.338795
2104.0000      -30924.890816
2108.0000      -30778.669585
2112.0000      -30789.921605
2116.0000      -31032.874632
2120.0000      -30981.703918
2124.0000      -31182.474260
2128.0000      -30861.477485
2132.0000      -30877.778432
2136.0000      -30839.282660
2140.0000      -30808.630476
2144.0000      -30777.840739
2148.0000      -30754.721483
2152.0000      -31056.938213
2156.0000      -30937.589195
2160.0000      -30793.349404
2164.0000      -30877.049961
2168.0000      -30944.458310
2172.0000      -30824.073700
2176.0000      -30942.124894
2180.0000      -31028.871981
2184.0000      -30967.543663
2188.0000      -30970.661976
2192.0000      -30902.544201
2196.0000      -30974.720099
2200.0000      -30962.610634
2204.0000      -30969.678336
2208.0000      -30895.142645
2212.0000      -30918.190423
2216.0000      -30726.173284
2220.0000      -31149.016879
2224.0000      -31113.835420
2228.0000      -30996.637828
2232.0000      -30915.331312
2236.0000      -30970.565332
2240.0000      -30966.391423
2244.0000      -30938.564682
2248.0000      -30966.794658
2252.0000      -30961.213518
2256.0000      -30918.882410
2260.0000      -30804.247184
2264.0000      -31046.143995
2268.0000      -30925.810387
2272.0000      -30898.553540
2276.0000      -30827.575468
2280.0000      -30958.793787
2284.0000      -30969.621849
2288.0000      -30935.165942
2292.0000      -30852.521182
2296.0000      -30967.140992
2300.0000      -30965.800015
2304.0000      -30967.011943
2308.0000      -31049.583504
2312.0000      -30896.029633
2316.0000      -31137.141522
2320.0000      -30758.219779
2324.0000      -30836.078137
2328.0000      -30850.159663
2332.0000      -30865.460918
2336.0000      -30979.600547
2340.0000      -30820.019284
2344.0000      -30885.646473
2348.0000      -30789.629761
2352.0000      -30990.947753
2356.0000      -30907.368975
2360.0000      -30932.041473
2364.0000      -30930.893262
2368.0000      -30928.114729
2372.0000      -30855.362133
2376.0000      -30950.293492
2380.0000      -30816.934608
2384.0000      -31052.959838
2388.0000      -31044.688023
2392.0000      -31025.499767
2396.0000      -30968.258551
2400.0000      -30883.614219
2404.0000      -31103.377192
2408.0000      -30747.153213
2412.0000      -30981.243138
2416.0000      -31028.136140
2420.0000      -30873.423406
2424.0000      -30887.330056
2428.0000      -31012.199509
2432.0000      -31041.622464
2436.0000      -30950.680366
2440.0000      -30930.236775
2444.0000      -30858.284610
2448.0000      -31009.432783
2452.0000      -31141.614805
2456.0000      -30681.217186
2460.0000      -30947.495137
2464.0000      -31006.829584
2468.0000      -30993.462381
2472.0000      -31062.766039
2476.0000      -30999.194666
2480.0000      -30746.722487
2484.0000      -30879.049657
2488.0000      -31007.768648
2492.0000      -30838.137027
2496.0000      -30931.737163
2500.0000      -30940.064985
2504.0000      -30971.749071
2508.0000      -30951.720024
2512.0000      -30984.203367
2516.0000      -30969.848397
2520.0000      -30824.882334
2524.0000      -30826.615014
2528.0000      -30976.933727
2532.0000      -30875.061660
2536.0000      -30892.720166
2540.0000      -30958.300720
2544.0000      -31003.709133
2548.0000      -30905.865270
2552.0000      -30781.143002
2556.0000      -30938.236760
2560.0000      -30872.956483
2564.0000      -31000.458969
2568.0000      -31048.798991
2572.0000      -30934.944001
2576.0000      -30850.862931
2580.0000      -30908.129987
2584.0000      -31102.510266
2588.0000      -30866.075216
2592.0000      -30835.960744
2596.0000      -30972.015592
2600.0000      -30913.698147
2604.0000      -31034.629841
2608.0000      -30866.158304
2612.0000      -30795.374767
2616.0000      -31023.825709
2620.0000      -30697.241513
2624.0000      -30937.792069
2628.0000      -30970.408851
2632.0000      -30944.766978
2636.0000      -30859.446969
2640.0000      -30912.085891
2644.0000      -30825.274823
2648.0000      -30762.325876
2652.0000      -31011.856808
2656.0000      -30863.402403
2660.0000      -31083.187121
2664.0000      -31048.952621
2668.0000      -30798.695199
2672.0000      -30890.670167
2676.0000      -30928.231737
2680.0000      -30980.721620
2684.0000      -31095.544181
2688.0000      -30976.181897
2692.0000      -30890.596484
2696.0000      -30959.411434
2700.0000      -30924.901240
2704.0000      -30933.809869
2708.0000      -30941.814694
2712.0000      -30859.246481
2716.0000      -31121.618798
2720.0000      -30842.665493
2724.0000      -30906.159637
2728.0000      -30949.000024
2732.0000      -30728.922018
2736.0000      -30839.304126
2740.0000      -30873.298506
2744.0000      -30811.483119
2748.0000      -30958.861151
2752.0000      -30963.227388
2756.0000      -30878.164989
2760.0000      -30927.966457
2764.0000      -30926.629810
2768.0000      -30920.715988
2772.0000      -30896.065132
2776.0000      -31018.368885
2780.0000      -30943.945693
2784.0000      -30992.339128
2788.0000      -30928.827520
2792.0000      -30941.621951
2796.0000      -30795.571718
2800.0000      -30740.474918
2804.0000      -30901.147261
2808.0000      -30930.135772
2812.0000      -30758.468318
2816.0000      -30962.794676
2820.0000      -30821.136247
2824.0000      -30927.054012
2828.0000      -31000.563024
2832.0000      -30911.868736
2836.0000      -31012.160243
2840.0000      -30927.209255
2844.0000      -31068.369003
2848.0000      -30833.626948
2852.0000      -30827.398024
2856.0000      -30934.725991
2860.0000      -30806.091667
2864.0000      -30900.347189
2868.0000      -30939.956073
2872.0000      -31008.593412
2876.0000      -30893.340958
2880.0000      -30913.627662
2884.0000      -30940.612697
2888.0000      -30930.648474
2892.0000      -30971.983941
2896.0000      -30890.091955
2900.0000      -30794.173021
2904.0000      -30851.648616
2908.0000      -30911.229332
2912.0000      -30897.226413
2916.0000      -30929.549999
2920.0000      -31011.026896
2924.0000      -30800.785114
2928.0000      -30645.275744
2932.0000      -30669.656573
2936.0000      -30776.910172
2940.0000      -30839.182262
2944.0000      -31003.817721
2948.0000      -30778.356279
2952.0000      -30918.545260
2956.0000      -30884.193709
2960.0000      -30845.771573
2964.0000      -30961.769330
2968.0000      -30965.145008
2972.0000      -30822.975411
2976.0000      -30879.887070
2980.0000      -30944.259190
2984.0000      -31006.559770
2988.0000      -30869.420418
2992.0000      -30999.303096
2996.0000      -31033.025853
3000.0000      -30916.719100
3004.0000      -30828.279879
3008.0000      -30952.110167
3012.0000      -31049.381855
3016.0000      -30839.071543
3020.0000      -30918.962459
3024.0000      -30756.396902
3028.0000      -30816.086232
3032.0000      -30823.417971
3036.0000      -30880.122020
3040.0000      -30836.927686
3044.0000      -31020.589483
3048.0000      -30897.472392
3052.0000      -31052.969047
3056.0000      -31013.752968
3060.0000      -30804.969703
3064.0000      -30997.101806
3068.0000      -30868.913004
3072.0000      -30859.713916
3076.0000      -30847.267866
3080.0000      -30915.125030
3084.0000      -30853.978559
3088.0000      -30918.367811
3092.0000      -30885.120761
3096.0000      -30907.992329
3100.0000      -31089.109317
3104.0000      -31004.238531
3108.0000      -30815.456016
3112.0000      -31086.120693
3116.0000      -30906.597250
3120.0000      -30821.166673
3124.0000      -30683.391691
3128.0000      -30976.758214
3132.0000      -30982.078951
3136.0000      -30729.861344
3140.0000      -30898.074231
3144.0000      -30931.839271
3148.0000      -30993.453838
3152.0000      -31104.404057
3156.0000      -30904.566987
3160.0000      -30818.841567
3164.0000      -30954.031972
3168.0000      -30953.119287
3172.0000      -30858.817887
3176.0000      -30883.424530
3180.0000      -30932.824264
3184.0000      -31035.898403
3188.0000      -30888.577485
3192.0000      -30862.871498
3196.0000      -30918.041242
3200.0000      -30898.674557
3204.0000      -30882.825628
3208.0000      -30697.440439
3212.0000      -31014.805492
3216.0000      -30946.679052
3220.0000      -31018.017908
3224.0000      -30836.329013
3228.0000      -30983.707853
3232.0000      -30893.131154
3236.0000      -30968.876948
3240.0000      -30906.660179
3244.0000      -30956.321673
3248.0000      -30892.546581
3252.0000      -30950.702163
3256.0000      -30799.854071
3260.0000      -30834.657966
3264.0000      -30764.407118
3268.0000      -30950.498437
3272.0000      -30941.698446
3276.0000      -30877.249208
3280.0000      -30955.429079
3284.0000      -30798.426577
3288.0000      -30949.919940
3292.0000      -30945.549685
3296.0000      -31084.316681
3300.0000      -30871.916445
3304.0000      -30905.687811
3308.0000      -30896.647845
3312.0000      -31077.488113
3316.0000      -31109.465354
3320.0000      -30855.577558
3324.0000      -30718.416095
3328.0000      -30819.330099
3332.0000      -30827.351518
3336.0000      -30819.538298
3340.0000      -31079.507262
3344.0000      -31021.839466
3348.0000      -30951.294539
3352.0000      -30962.243641
3356.0000      -30908.372062
3360.0000      -30892.792788
3364.0000      -30871.503171
3368.0000      -30929.886033
3372.0000      -30888.001194
3376.0000      -30986.185145
3380.0000      -30812.486483
3384.0000      -30994.224114
3388.0000      -30881.814782
3392.0000      -30798.858838
3396.0000      -30929.783892
3400.0000      -30940.578337
3404.0000      -30867.443765
3408.0000      -30732.321289
3412.0000      -30836.693984
3416.0000      -30945.693954
3420.0000      -30969.745517
3424.0000      -30984.336474
3428.0000      -30924.108504
3432.0000      -30857.229270
3436.0000      -30879.233864
3440.0000      -30802.302406
3444.0000      -30987.784253
3448.0000      -30722.856362
3452.0000      -30946.931689
3456.0000      -30862.382769
3460.0000      -30812.718770
3464.0000      -30953.514110
3468.0000      -30945.187837
3472.0000      -30844.772170
3476.0000      -31086.278234
3480.0000      -30925.968268
3484.0000      -30747.903763
3488.0000      -30997.894496
3492.0000      -30894.711633
3496.0000      -30968.133847
3500.0000      -30918.795067
3504.0000      -31033.381735
3508.0000      -30927.454625
3512.0000      -30870.573459
3516.0000      -31012.517779
3520.0000      -30940.032791
3524.0000      -31041.832075
3528.0000      -30876.236695
3532.0000      -30887.676785
3536.0000      -30811.544806
3540.0000      -30669.542446
3544.0000      -30911.821917
3548.0000      -30875.207673
3552.0000      -30984.095218
3556.0000      -30897.749296
3560.0000      -30994.513186
3564.0000      -30803.210568
3568.0000      -30877.358836
3572.0000      -30890.950474
3576.0000      -30960.498388
3580.0000      -30972.394895
3584.0000      -30856.597743
3588.0000      -30997.268136
3592.0000      -30852.677417
3596.0000      -30812.256392
3600.0000      -30934.663702
3604.0000      -30943.970429
3608.0000      -30978.681172
3612.0000      -30882.045777
3616.0000      -30956.341224
3620.0000      -30779.457979
3624.0000      -30998.051884
3628.0000      -30906.666832
3632.0000      -30913.775533
3636.0000      -30979.610464
3640.0000      -30925.047986
3644.0000      -31038.935445
3648.0000      -30848.023631
3652.0000      -30920.836639
3656.0000      -30834.554245
3660.0000      -30945.039049
3664.0000      -30824.892080
3668.0000      -30900.492460
3672.0000      -31084.821921
3676.0000      -30744.038228
3680.0000      -30913.755133
3684.0000      -30817.295233
3688.0000      -31028.364961
3692.0000      -31070.375489
3696.0000      -30849.036262
3700.0000      -30820.417258
3704.0000      -30902.287461
3708.0000      -30957.626604
3712.0000      -31059.089092
3716.0000      -30845.468512
3720.0000      -30864.243888
3724.0000      -30852.355963
3728.0000      -30931.718968
3732.0000      -30818.124907
3736.0000      -30893.577328
3740.0000      -30921.703106
3744.0000      -30854.240322
3748.0000      -30942.146696
3752.0000      -30939.995774
3756.0000      -30977.043002
3760.0000      -31102.007406
3764.0000      -30807.142390
3768.0000      -30887.854526
3772.0000      -30863.054510
3776.0000      -30986.858095
3780.0000      -30772.305382
3784.0000      -30966.847049
3788.0000      -30955.151957
3792.0000      -30955.267901
3796.0000      -31056.996883
3800.0000      -30937.427609
3804.0000      -30961.634358
3808.0000      -30839.643532
3812.0000      -30944.133975
3816.0000      -30866.797125
3820.0000      -31019.115906
3824.0000      -30763.813826
3828.0000      -30888.370859
3832.0000      -31025.505315
3836.0000      -30916.930002
3840.0000      -30973.586414
3844.0000      -31104.067938
3848.0000      -30939.947632
3852.0000      -30833.990750
3856.0000      -30761.830558
3860.0000      -30900.469783
3864.0000      -30948.955440
3868.0000      -30934.513412
3872.0000      -30856.555249
3876.0000      -30875.475248
3880.0000      -30996.858102
3884.0000      -31007.961681
3888.0000      -31031.884614
3892.0000      -30711.926525
3896.0000      -30696.461035
3900.0000      -30904.082098
3904.0000      -30990.873457
3908.0000      -30877.491333
3912.0000      -30985.611432
3916.0000      -30946.347798
3920.0000      -30921.213715
3924.0000      -31087.126790
3928.0000      -30797.441873
3932.0000      -31067.196506
3936.0000      -30794.002398
3940.0000      -30926.525623
3944.0000      -30968.454487
3948.0000      -30916.198433
3952.0000      -30962.088155
3956.0000      -30919.122742
3960.0000      -30751.265783
3964.0000      -31037.386685
3968.0000      -31033.391650
3972.0000      -31011.681653
3976.0000      -31075.277926
3980.0000      -30854.902142
3984.0000      -30826.656445
3988.0000      -30987.663933
3992.0000      -30915.402015
3996.0000      -30945.756153
4000.0000      -31047.252569
4004.0000      -31047.252569
