4.0000      -31055.261098
8.0000      -31137.353371
12.0000      -30868.018466
16.0000      -30824.327503
20.0000      -30916.263709
24.0000      -30985.516863
28.0000      -30824.922161
32.0000      -30948.972413
36.0000      -30907.355837
40.0000      -30851.404410
44.0000      -30944.614894
48.0000      -30868.577447
52.0000      -30737.824967
56.0000      -30854.421030
60.0000      -30909.426207
64.0000      -31095.121441
68.0000      -30919.928744
72.0000      -31058.232513
76.0000      -30835.090038
80.0000      -31031.325000
84.0000      -30812.255244
88.0000      -30842.649329
92.0000      -31118.652448
96.0000      -30893.593439
100.0000      -30876.128438
104.0000      -30846.660183
108.0000      -30845.207519
112.0000      -31023.449703
116.0000      -30924.488622
120.0000      -30848.239982
124.0000      -30768.437876
128.0000      -30832.314525
132.0000      -30948.783450
136.0000      -31050.432644
140.0000      -30674.597800
144.0000      -30874.550952
148.0000      -30832.159036
152.0000      -30917.907954
156.0000      -30872.610340
160.0000      -31043.123491
164.0000      -30894.262664
168.0000      -30793.160793
172.0000      -30868.584757
176.0000      -30789.035818
180.0000      -30959.145184
184.0000      -30704.504703
188.0000      -30854.633504
192.0000      -30894.935666
196.0000      -30818.393866
200.0000      -31124.267267
204.0000      -30918.056326
208.0000      -30940.627190
212.0000      -30798.575387
216.0000      -30894.236337
220.0000      -30897.167944
224.0000      -30847.822506
228.0000      -30774.683016
232.0000      -30717.128592
236.0000      -30608.191706
240.0000      -30913.392029
244.0000      -30892.988390
248.0000      -30734.817998
252.0000      -30755.626372
256.0000      -30889.612515
260.0000      -30918.430203
264.0000      -30848.058475
268.0000      -30908.396225
272.0000      -30885.295572
276.0000      -30854.850470
280.0000      -30816.901144
284.0000      -30761.375182
288.0000      -30763.223261
292.0000      -30831.824272
296.0000      -30813.099287
300.0000      -30714.879725
304.0000      -30845.800061
308.0000      -30958.959252
312.0000      -31126.867479
316.0000      -30972.390938
320.0000      -30879.155452
324.0000      -30980.139857
328.0000      -30698.336596
332.0000      -30917.972759
336.0000      -30807.061787
340.0000      -30757.117777
344.0000      -30807.204830
348.0000      -30954.369779
352.0000      -30914.683814
356.0000      -30780.391680
360.0000      -30924.032387
364.0000      -30949.994711
368.0000      -30789.421949
372.0000      -30860.670765
376.0000      -31126.249796
380.0000      -30868.213530
384.0000      -30947.609043
388.0000      -30882.611850
392.0000      -31005.821902
396.0000      -30820.526027
400.0000      -30815.073312
404.0000      -30857.003632
408.0000      -31058.153415
412.0000      -30935.388178
416.0000      -30898.695754
420.0000      -30801.743740
424.0000      -31028.668803
428.0000      -30867.411180
432.0000      -30844.509415
436.0000      -30955.585956
440.0000      -30842.542257
444.0000      -30901.581676
448.0000      -30795.665063
452.0000      -30874.830176
456.0000      -30934.090551
460.0000      -30787.153607
464.0000      -31056.123661
468.0000      -30985.914679
472.0000      -30938.622805
476.0000      -30879.073108
480.0000      -30985.700557
484.0000      -30936.442564
488.0000      -30883.754982
492.0000      -30997.442934
496.0000      -30865.577092
500.0000      -31019.038441
504.0000      -30948.068714
508.0000      -30931.179367
512.0000      -30745.435004
516.0000      -31074.717897
520.0000      -30785.025920
524.0000      -30826.700284
528.0000      -30978.331329
532.0000      -30746.476645
536.0000      -30827.334982
540.0000      -30856.135255
544.0000      -30935.594616
548.0000      -31033.445500
552.0000      -30893.755029
556.0000      -30982.356494
560.0000      -31058.608692
564.0000      -30915.236323
568.0000      -30907.230938
572.0000      -30874.071450
576.0000      -30834.873143
580.0000      -30652.739583
584.0000      -30722.332483
588.0000      -30797.716011
592.0000      -30847.788308
596.0000      -30935.344397
600.0000      -30823.198465
604.0000      -30783.342802
608.0000      -30917.407754
612.0000      -30762.657252
616.0000      -30816.927762
620.0000      -30864.774925
624.0000      -30807.406377
628.0000      -30941.219710
632.0000      -30782.609323
636.0000      -30751.200961
640.0000      -30907.178226
644.0000      -30866.947614
648.0000      -30845.525604
652.0000      -30837.868841
656.0000      -30917.287027
660.0000      -30804.185586
664.0000      -30828.588819
668.0000      -31180.695427
672.0000      -30838.724079
676.0000      -30863.474249
680.0000      -30881.114671
684.0000      -30838.260959
688.0000      -30765.662541
692.0000      -30784.175654
696.0000      -30814.728484
700.0000      -30801.776767
704.0000      -30721.515513
708.0000      -30683.333367
712.0000      -30701.173026
716.0000      -30727.687823
720.0000      -30733.318108
724.0000      -30914.524289
728.0000      -30862.332945
732.0000      -30815.656574
736.0000      -30789.142924
740.0000      -30939.230749
744.0000      -30969.932766
748.0000      -30801.814211
752.0000      -30855.956377
756.0000      -30820.145123
760.0000      -30845.406195
764.0000      -30673.124166
768.0000      -30806.720647
772.0000      -30888.710405
776.0000      -30769.351895
780.0000      -30990.369385
784.0000      -30904.902969
788.0000      -30797.741174
792.0000      -31055.166574
796.0000      -30866.735641
800.0000      -30991.864515
804.0000      -30974.349974
808.0000      -30920.797474
812.0000      -31046.039526
816.0000      -30762.860610
820.0000      -30973.778826
824.0000      -30750.267919
828.0000      -30968.818975
832.0000      -30764.669055
836.0000      -30906.854282
840.0000      -30974.370671
844.0000      -30896.776989
848.0000      -31016.776383
852.0000      -30721.654716
856.0000      -30704.088946
860.0000      -30809.381371
864.0000      -30875.042276
868.0000      -31018.462275
872.0000      -30949.672169
876.0000      -30984.151900
880.0000      -30911.710352
884.0000      -30918.610432
888.0000      -31137.601997
892.0000      -30959.016611
896.0000      -30934.288083
900.0000      -30949.680578
904.0000      -30767.327734
908.0000      -30880.233312
912.0000      -30906.423022
916.0000      -30812.805727
920.0000      -30887.422186
924.0000      -30765.156931
928.0000      -30856.413308
932.0000      -30954.038772
936.0000      -30804.510837
940.0000      -30760.672755
944.0000      -30634.754513
948.0000      -30851.276189
952.0000      -30892.761435
956.0000      -30866.923534
960.0000      -30741.815520
964.0000      -30939.921747
968.0000      -30914.762382
972.0000      -30817.850191
976.0000      -30916.053637
980.0000      -31096.063400
984.0000      -30880.007208
988.0000      -30850.392023
992.0000      -30910.226965
996.0000      -30873.851154
1000.0000      -30903.990781
1004.0000      -30929.194082
1008.0000      -30804.362619
1012.0000      -30830.067868
1016.0000      -30743.929206
1020.0000      -30899.977029
1024.0000      -30510.525612
1028.0000      -30855.762942
1032.0000      -30978.619830
1036.0000      -30825.725117
1040.0000      -30684.396889
1044.0000      -30867.595785
1048.0000      -30809.939526
1052.0000      -30761.170899
1056.0000      -30829.809403
1060.0000      -30939.771290
1064.0000      -30779.095308
1068.0000      -30726.417392
1072.0000      -30826.558335
1076.0000      -30956.590249
1080.0000      -30771.148008
1084.0000      -30903.219739
1088.0000      -30836.242949
1092.0000      -30994.214480
1096.0000      -30886.970741
1100.0000      -30751.953618
1104.0000      -31060.719904
1108.0000      -30753.481689
1112.0000      -30794.658751
1116.0000      -30823.846350
1120.0000      -30813.687168
1124.0000      -30936.420550
1128.0000      -30906.876231
1132.0000      -30768.732612
1136.0000      -30765.109773
1140.0000      -30919.331083
1144.0000      -30846.568171
1148.0000      -30797.969554
1152.0000      -30817.881809
1156.0000      -30862.380588
1160.0000      -30745.124320
1164.0000      -30754.181285
1168.0000      -30926.524880
1172.0000      -30959.191861
1176.0000      -30726.865933
1180.0000      -30810.438487
1184.0000      -30849.004830
1188.0000      -30755.139564
1192.0000      -30804.826531
1196.0000      -30765.395144
1200.0000      -30877.737072
1204.0000      -30857.787819
1208.0000      -30937.528880
1212.0000      -30828.108554
1216.0000      -30782.030116
1220.0000      -30985.296589
1224.0000      -30747.907664
1228.0000      -31100.345870
1232.0000      -31015.626947
1236.0000      -31007.993512
1240.0000      -30957.038189
1244.0000      -30657.461045
1248.0000      -30727.236903
1252.0000      -30885.242050
1256.0000      -30835.496289
1260.0000      -30903.643815
1264.0000      -30862.847773
1268.0000      -30966.583506
1272.0000      -30951.005607
1276.0000      -30819.222090
1280.0000      -30867.794258
1284.0000      -30884.514469
1288.0000      -30865.899115
1292.0000      -30975.281205
1296.0000      -30898.293840
1300.0000      -30979.436489
1304.0000      -30828.980716
1308.0000      -30787.731350
1312.0000      -30815.264149
1316.0000      -30911.674534
1320.0000      -30849.073432
1324.0000      -30766.970111
1328.0000      -30796.971205
1332.0000      -30808.808574
1336.0000      -30832.472360
1340.0000      -30853.018537
1344.0000      -30824.096726
1348.0000      -30683.033657
1352.0000      -30932.464230
1356.0000      -30992.178614
1360.0000      -31184.781247
1364.0000      -31038.210557
1368.0000      -31007.845338
1372.0000      -30667.585142
1376.0000      -30989.666151
1380.0000      -30986.561003
1384.0000      -30882.253494
1388.0000      -30882.942579
1392.0000      -30640.370880
1396.0000      -30987.265368
1400.0000      -30932.799319
1404.0000      -30830.386494
1408.0000      -30786.132978
1412.0000      -30789.420865
1416.0000      -30916.587380
1420.0000      -30851.073037
1424.0000      -30703.075213
1428.0000      -31032.510550
1432.0000      -30782.633021
1436.0000      -30838.261641
1440.0000      -30777.030023
1444.0000      -30933.457863
1448.0000      -30923.342000
1452.0000      -31084.118041
1456.0000      -31059.348589
1460.0000      -30958.085848
1464.0000      -30821.440575
1468.0000      -30957.462008
1472.0000      -30919.340320
1476.0000      -30795.727218
1480.0000      -30792.665022
1484.0000      -30940.762323
1488.0000      -30724.442973
1492.0000      -30791.696113
1496.0000      -30787.495895
1500.0000      -30881.856153
1504.0000      -30858.018490
1508.0000      -31043.495286
1512.0000      -30869.054819
1516.0000      -30945.802459
1520.0000      -30951.794526
1524.0000      -30842.003728
1528.0000      -30787.984033
1532.0000      -30908.474802
1536.0000      -30954.285392
1540.0000      -30901.382877
1544.0000      -31045.838692
1548.0000      -30940.101192
1552.0000      -30723.656756
1556.0000      -30839.303777
1560.0000      -30941.989739
1564.0000      -30739.183686
1568.0000      -30834.790084
1572.0000      -30818.915979
1576.0000      -31001.163535
1580.0000      -30970.500939
1584.0000      -30880.638289
1588.0000      -30842.422659
1592.0000      -30981.292562
1596.0000      -30907.640079
1600.0000      -30903.095738
1604.0000      -30894.015060
1608.0000      -31000.768948
1612.0000      -30966.355410
1616.0000      -30945.891755
1620.0000      -30751.108214
1624.0000      -30802.427979
1628.0000      -30870.675544
1632.0000      -31027.494299
1636.0000      -30831.044793
1640.0000      -30882.269251
1644.0000      -31009.711804
1648.0000      -30749.230137
1652.0000      -30824.990688
1656.0000      -30775.103985
1660.0000      -30680.560904
1664.0000      -30929.663476
1668.0000      -31091.324161
1672.0000      -30848.520692
1676.0000      -30797.090811
1680.0000      -30814.371365
1684.0000      -30876.923533
1688.0000      -30888.774996
1692.0000      -30917.008200
1696.0000      -30912.275593
1700.0000      -30832.703737
1704.0000      -30863.281496
1708.0000      -30826.809446
1712.0000      -30661.296466
1716.0000      -30879.166769
1720.0000      -31026.756141
1724.0000      -30758.776896
1728.0000      -30950.516356
1732.0000      -30959.359646
1736.0000      -30911.220240
1740.0000      -31042.823184
1744.0000      -30815.703481
1748.0000      -30796.280373
1752.0000      -30790.726486
1756.0000      -30992.543765
1760.0000      -30814.286530
1764.0000      -30930.578613
1768.0000      -30797.269152
1772.0000      -30715.286544
1776.0000      -30838.313465
1780.0000      -30629.708064
1784.0000      -30760.657523
1788.0000      -30737.304448
1792.0000      -30829.174200
1796.0000      -30858.542413
1800.0000      -30851.164103
1804.0000      -30673.423520
1808.0000      -30812.995621
1812.0000      -30981.465563
1816.0000      -30773.479663
1820.0000      -30740.970739
1824.0000      -30970.472257
1828.0000      -30533.505194
1832.0000      -30838.407043
1836.0000      -30916.017513
1840.0000      -30697.681377
1844.0000      -30871.918330
1848.0000      -30748.257233
1852.0000      -30820.552488
1856.0000      -30797.292161
1860.0000      -30892.775049
1864.0000      -30947.309796
1868.0000      -30813.909097
1872.0000      -30947.586397
1876.0000      -30881.433573
1880.0000      -30758.676377
1884.0000      -30767.179026
1888.0000      -30869.778816
1892.0000      -30890.011367
1896.0000      -30853.274559
1900.0000      -30892.905874
1904.0000      -30861.975081
1908.0000      -30813.056296
1912.0000      -30995.324173
1916.0000      -30771.408613
1920.0000      -30908.257817
1924.0000      -30812.465664
1928.0000      -30846.211969
1932.0000      -30759.432782
1936.0000      -30858.514853
1940.0000      -30740.974984
1944.0000      -30806.900907
1948.0000      -31020.498630
1952.0000      -30992.415457
1956.0000      -30990.485424
1960.0000      -30854.531464
1964.0000      -30899.603089
1968.0000      -30745.985841
1972.0000      -30761.586235
1976.0000      -30840.674417
1980.0000      -30859.613607
1984.0000      -30983.474178
1988.0000      -30928.953070
1992.0000      -30886.936235
1996.0000      -30946.313213
2000.0000      -30793.043233
2004.0000      -30872.593037
2008.0000      -30798.701241
2012.0000      -30947.148990
2016.0000      -31017.483683
2020.0000      -30771.459450
2024.0000      -30732.287494
2028.0000      -30872.668073
2032.0000      -30841.853123
2036.0000      -30853.736279
2040.0000      -30840.154999
2044.0000      -30868.396517
2048.0000      -30806.265319
2052.0000      -30904.630654
2056.0000      -30804.524677
2060.0000      -30921.686207
2064.0000      -31029.064863
2068.0000      -30865.924514
2072.0000      -30820.098220
2076.0000      -30927.519194
2080.0000      -30924.453233
2084.0000      -30972.009805
2088.0000      -30731.824252
2092.0000      -30871.123433
2096.0000      -30954.506366
2100.0000      -30868.099241
2104.0000      -30998.722495
2108.0000      -30805.729980
2112.0000      -30841.531415
2116.0000      -30974.219119
2120.0000      -30867.023690
2124.0000      -30799.136897
2128.0000      -31047.738271
2132.0000      -30790.805878
2136.0000      -30918.753785
2140.0000      -30887.227648
2144.0000      -30780.364375
2148.0000      -30840.556284
2152.0000      -30795.454413
2156.0000      -30791.440146
2160.0000      -30865.059056
2164.0000      -30862.188089
2168.0000      -30855.234013
2172.0000      -30895.648426
2176.0000      -30827.401078
2180.0000      -30843.613191
2184.0000      -30837.946973
2188.0000      -30893.408846
2192.0000      -30820.038037
2196.0000      -30906.311856
2200.0000      -30819.662325
2204.0000      -30651.649940
2208.0000      -30714.841296
2212.0000      -30925.566918
2216.0000      -31108.214663
2220.0000      -30871.352828
2224.0000      -30952.317039
2228.0000      -30828.297143
2232.0000      -30774.885349
2236.0000      -30831.077005
2240.0000      -30906.998965
2244.0000      -30891.177763
2248.0000      -30896.775396
2252.0000      -30872.416292
2256.0000      -30791.581379
2260.0000      -30768.670046
2264.0000      -31029.793233
2268.0000      -30970.096435
2272.0000      -30918.691990
2276.0000      -30895.175504
2280.0000      -30964.684549
2284.0000      -30856.028090
2288.0000      -30657.517852
2292.0000      -30919.448793
2296.0000      -30969.544371
2300.0000      -30936.817479
2304.0000      -30717.927495
2308.0000      -30902.999787
2312.0000      -30810.890335
2316.0000      -30639.924317
2320.0000      -30721.986007
2324.0000      -30893.917592
2328.0000      -30935.118331
2332.0000      -30885.288695
2336.0000      -30922.865089
2340.0000      -30857.002361
2344.0000      -30907.910828
2348.0000      -30951.153419
2352.0000      -30946.861232
2356.0000      -30990.116511
2360.0000      -30799.284845
2364.0000      -30828.539418
2368.0000      -31150.339644
2372.0000      -30875.199795
2376.0000      -30874.210164
2380.0000      -30666.888769
2384.0000      -30975.825236
2388.0000      -30740.358961
2392.0000      -30734.245790
2396.0000      -30837.171054
2400.0000      -30760.815945
2404.0000      -30684.785166
2408.0000      -30857.395414
2412.0000      -30789.776555
2416.0000      -30845.105388
2420.0000      -30846.912804
2424.0000      -30797.633623
2428.0000      -30811.757332
2432.0000      -30885.880169
2436.0000      -30526.751337
2440.0000      -30941.047759
2444.0000      -30705.873713
2448.0000      -30867.943980
2452.0000      -30877.267320
2456.0000      -31072.239350
2460.0000      -30982.100403
2464.0000      -30942.120353
2468.0000      -30945.441307
2472.0000      -30914.560142
2476.0000      -30765.397771
2480.0000      -30657.448048
2484.0000      -30757.956546
2488.0000      -30836.366298
2492.0000      -30849.291358
2496.0000      -30780.105202
2500.0000      -30962.494379
2504.0000      -30958.679143
2508.0000      -30775.830749
2512.0000      -30878.141417
2516.0000      -30902.811004
2520.0000      -30907.215817
2524.0000      -30766.107685
2528.0000      -30980.654178
2532.0000      -30873.894501
2536.0000      -30809.863589
2540.0000      -30865.072278
2544.0000      -30899.753120
2548.0000      -30948.569342
2552.0000      -30929.678806
2556.0000      -30824.578908
2560.0000      -30873.108218
2564.0000      -30850.843434
2568.0000      -30930.283063
2572.0000      -30809.198299
2576.0000      -30946.830397
2580.0000      -30754.262049
2584.0000      -31140.869135
2588.0000      -30878.276866
2592.0000      -30742.201113
2596.0000      -30961.671899
2600.0000      -30887.853958
2604.0000      -30939.229851
2608.0000      -30821.712519
2612.0000      -30985.161359
2616.0000      -30923.396891
2620.0000      -30850.335982
2624.0000      -30739.797556
2628.0000      -30741.629661
2632.0000      -30825.772120
2636.0000      -31020.098059
2640.0000      -30776.857773
2644.0000      -30830.355582
2648.0000      -30748.751323
2652.0000      -30755.377173
2656.0000      -30894.973523
2660.0000      -30863.748046
2664.0000      -30833.302259
2668.0000      -30947.992346
2672.0000      -30899.894744
2676.0000      -30914.737806
2680.0000      -30887.247193
2684.0000      -30955.935967
2688.0000      -30977.108529
2692.0000      -30742.547921
2696.0000      -30821.870424
2700.0000      -30840.945330
2704.0000      -30758.203229
2708.0000      -30787.881987
2712.0000      -30850.644383
2716.0000      -30984.742706
2720.0000      -30966.556308
2724.0000      -30824.573487
2728.0000      -30779.280754
2732.0000      -30736.458932
2736.0000      -30825.083269
2740.0000      -30905.928361
2744.0000      -30949.363939
2748.0000      -30994.162157
2752.0000      -31035.984230
2756.0000      -30874.944098
2760.0000      -30680.020395
2764.0000      -30667.339947
2768.0000      -30805.241326
2772.0000      -30897.884148
2776.0000      -30887.122032
2780.0000      -30823.285789
2784.0000      -30763.275183
2788.0000      -30722.390747
2792.0000      -30735.591551
2796.0000      -30895.611626
2800.0000      -30733.191597
2804.0000      -30708.894549
2808.0000      -30729.392721
2812.0000      -31003.254325
2816.0000      -30821.395892
2820.0000      -30843.813079
2824.0000      -30919.390298
2828.0000      -30846.472993
2832.0000      -30972.026778
2836.0000      -30986.476919
2840.0000      -30862.010907
2844.0000      -30936.152584
2848.0000      -30938.091319
2852.0000      -30865.800676
2856.0000      -30890.930437
2860.0000      -31006.998470
2864.0000      -30860.147224
2868.0000      -30895.604026
2872.0000      -30826.842814
2876.0000      -30693.114636
2880.0000      -30786.504724
2884.0000      -30842.209989
2888.0000      -30771.476455
2892.0000      -30920.423896
2896.0000      -30767.884068
2900.0000      -30880.516990
2904.0000      -30773.337844
2908.0000      -30815.912127
2912.0000      -31041.135001
2916.0000      -30837.444434
2920.0000      -30984.918188
2924.0000      -30880.217580
2928.0000      -30933.078836
2932.0000      -30885.345897
2936.0000      -30825.710046
2940.0000      -31034.645047
2944.0000      -30717.265423
2948.0000      -30880.366218
2952.0000      -30801.995517
2956.0000      -30850.377768
2960.0000      -30839.655409
2964.0000      -30842.782961
2968.0000      -30927.238726
2972.0000      -30901.141348
2976.0000      -30978.782824
2980.0000      -30757.876559
2984.0000      -30760.596308
2988.0000      -30805.493782
2992.0000      -30751.395253
2996.0000      -30926.824880
3000.0000      -30856.547149
3004.0000      -30842.088839
3008.0000      -30912.964580
3012.0000      -30995.354821
3016.0000      -30765.003301
3020.0000      -30756.670611
3024.0000      -30866.740790
3028.0000      -30803.330136
3032.0000      -30892.365894
3036.0000      -30945.983906
3040.0000      -30982.483655
3044.0000      -30919.623568
3048.0000      -30938.894519
3052.0000      -30846.229843
3056.0000      -30721.586580
3060.0000      -30914.244293
3064.0000      -30734.012642
3068.0000      -30732.110151
3072.0000      -30763.175038
3076.0000      -30872.983140
3080.0000      -30881.745510
3084.0000      -30834.045802
3088.0000      -30980.399967
3092.0000      -30774.575999
3096.0000      -30872.468441
3100.0000      -30801.336852
3104.0000      -30902.517479
3108.0000      -30827.034615
3112.0000      -30965.838268
3116.0000      -30912.344910
3120.0000      -30878.117239
3124.0000      -30881.931355
3128.0000      -30798.817201
3132.0000      -30859.956351
3136.0000      -30876.644957
3140.0000      -31017.579170
3144.0000      -30842.528166
3148.0000      -30813.449886
3152.0000      -30909.137013
3156.0000      -30867.605055
3160.0000      -30872.358775
3164.0000      -30849.280674
3168.0000      -30995.596142
3172.0000      -30727.919538
3176.0000      -31031.655585
3180.0000      -30909.953322
3184.0000      -30893.038726
3188.0000      -30769.701729
3192.0000      -30897.844063
3196.0000      -30935.592012
3200.0000      -30933.362692
3204.0000      -30858.722498
3208.0000      -31023.393005
3212.0000      -30996.535198
3216.0000      -30936.289780
3220.0000      -30912.490805
3224.0000      -30783.045228
3228.0000      -30796.515742
3232.0000      -30963.132909
3236.0000      -30818.207829
3240.0000      -30928.269504
3244.0000      -30944.673956
3248.0000      -30946.629649
3252.0000      -30917.896851
3256.0000      -30789.248279
3260.0000      -30884.040289
3264.0000      -30964.895828
3268.0000      -30745.419786
3272.0000      -30879.056119
3276.0000      -30994.685557
3280.0000      -30914.186305
3284.0000      -30997.622498
3288.0000      -30838.404664
3292.0000      -30838.073380
3296.0000      -31172.151275
3300.0000      -30988.963393
3304.0000      -30852.162629
3308.0000      -30769.140313
3312.0000      -30958.075442
3316.0000      -30868.595766
3320.0000      -30902.711107
3324.0000      -30930.710024
3328.0000      -30984.489703
3332.0000      -30976.967328
3336.0000      -30823.053293
3340.0000      -30905.173309
3344.0000      -30857.456248
3348.0000      -30981.520080
3352.0000      -30936.039539
3356.0000      -30928.193265
3360.0000      -30922.098006
3364.0000      -30851.244970
3368.0000      -30995.310529
3372.0000      -30965.768473
3376.0000      -30872.912491
3380.0000      -30843.765341
3384.0000      -30761.851053
3388.0000      -30766.365857
3392.0000      -30779.700121
3396.0000      -30834.785870
3400.0000      -30805.689012
3404.0000      -30977.821508
3408.0000      -30795.370407
3412.0000      -30809.181960
3416.0000      -30825.616902
3420.0000      -30806.618424
3424.0000      -30968.721158
3428.0000      -30901.430533
3432.0000      -30830.001196
3436.0000      -30884.110152
3440.0000      -30904.557551
3444.0000      -30843.301053
3448.0000      -30839.528667
3452.0000      -30961.387908
3456.0000      -30865.192458
3460.0000      -30887.984730
3464.0000      -30995.526628
3468.0000      -30857.879532
3472.0000      -30887.808333
3476.0000      -30895.352261
3480.0000      -30871.011581
3484.0000      -31043.894218
3488.0000      -30795.209338
3492.0000      -30884.699863
3496.0000      -30782.858503
3500.0000      -30764.383400
3504.0000      -30825.903110
3508.0000      -30794.887850
3512.0000      -30757.907640
3516.0000      -30959.438820
3520.0000      -30946.330336
3524.0000      -30879.277280
3528.0000      -30882.560305
3532.0000      -30795.178759
3536.0000      -30907.799383
3540.0000      -31005.501552
3544.0000      -31042.267093
3548.0000      -30733.755042
3552.0000      -30923.256928
3556.0000      -30994.727703
3560.0000      -30920.107314
3564.0000      -30927.017145
3568.0000      -30765.354858
3572.0000      -31035.399693
3576.0000      -30914.498886
3580.0000      -30762.135684
3584.0000      -30830.874085
3588.0000      -30837.911225
3592.0000      -30720.240025
3596.0000      -30987.902095
3600.0000      -30828.751062
3604.0000      -30907.062229
3608.0000      -30900.805564
3612.0000      -30807.484113
3616.0000      -30796.824191
3620.0000      -30939.642921
3624.0000      -30895.951124
3628.0000      -31035.919546
3632.0000      -30989.814025
3636.0000      -30793.393577
3640.0000      -30940.440033
3644.0000      -31062.255217
3648.0000      -30914.100807
3652.0000      -30930.916064
3656.0000      -30737.247701
3660.0000      -30814.298991
3664.0000      -30762.677858
3668.0000      -30861.334700
3672.0000      -30991.251068
3676.0000      -31152.969641
3680.0000      -30758.994964
3684.0000      -30921.357935
3688.0000      -30827.622896
3692.0000      -30860.518117
3696.0000      -30988.923148
3700.0000      -30942.868454
3704.0000      -30729.768484
3708.0000      -31046.885978
3712.0000      -30845.479025
3716.0000      -30795.881912
3720.0000      -30825.667128
3724.0000      -30702.326320
3728.0000      -30884.346342
3732.0000      -31039.999020
3736.0000      -30883.315794
3740.0000      -30990.117505
3744.0000      -30888.871385
3748.0000      -30814.606203
3752.0000      -30852.805650
3756.0000      -30959.614621
3760.0000      -30884.532101
3764.0000      -30678.139630
3768.0000      -30918.618798
3772.0000      -30910.418669
3776.0000      -30607.227456
3780.0000      -30937.240251
3784.0000      -30804.679736
3788.0000      -30917.554385
3792.0000      -30777.754631
3796.0000      -30853.932287
3800.0000      -30833.527897
3804.0000      -30961.109334
3808.0000      -30881.153282
3812.0000      -30877.772486
3816.0000      -30875.102330
3820.0000      -30819.946697
3824.0000      -30878.569325
3828.0000      -30902.615614
3832.0000      -30842.996005
3836.0000      -30815.159037
3840.0000      -30813.392331
3844.0000      -31104.313770
3848.0000      -30947.732912
3852.0000      -30930.866119
3856.0000      -31026.610180
3860.0000      -30565.115903
3864.0000      -30827.143687
3868.0000      -30631.758252
3872.0000      -30700.327437
3876.0000      -30756.984636
3880.0000      -30817.331577
3884.0000      -30830.553281
3888.0000      -30864.939069
3892.0000      -30911.912195
3896.0000      -30840.252618
3900.0000      -30795.869555
3904.0000      -30858.126386
3908.0000      -30932.505430
3912.0000      -30960.421525
3916.0000      -30887.338599
3920.0000      -30955.731051
3924.0000      -31067.905782
3928.0000      -30921.090094
3932.0000      -30822.214369
3936.0000      -30881.215950
3940.0000      -31015.321874
3944.0000      -30925.315806
3948.0000      -30881.435432
3952.0000      -30723.177211
3956.0000      -30744.609465
3960.0000      -30713.891849
3964.0000      -30851.781238
3968.0000      -30912.441214
3972.0000      -31034.351142
3976.0000      -31130.962784
3980.0000      -30834.131894
3984.0000      -30972.951650
3988.0000      -30923.630365
3992.0000      -30844.415332
3996.0000      -30779.473235
4000.0000      -30707.816247
4004.0000      -30707.816247
