4.0000      -30857.019744
8.0000      -30940.643805
12.0000      -30819.535712
16.0000      -30792.079814
20.0000      -30840.046962
24.0000      -30778.238654
28.0000      -30781.328663
32.0000      -30808.471283
36.0000      -30736.277003
40.0000      -30849.519546
44.0000      -30774.689185
48.0000      -30740.639002
52.0000      -30828.882758
56.0000      -30847.061200
60.0000      -30824.510315
64.0000      -30801.561532
68.0000      -30752.062736
72.0000      -30948.835318
76.0000      -30973.913494
80.0000      -30861.295579
84.0000      -30840.663121
88.0000      -30821.663955
92.0000      -30925.362275
96.0000      -30871.094249
100.0000      -30810.836248
104.0000      -30973.570351
108.0000      -30950.338412
112.0000      -30809.408665
116.0000      -30879.619153
120.0000      -31038.104659
124.0000      -30851.011489
128.0000      -30606.228645
132.0000      -30909.535584
136.0000      -30812.382420
140.0000      -30926.309292
144.0000      -30862.088152
148.0000      -30809.512872
152.0000      -30856.990852
156.0000      -30826.603573
160.0000      -30847.862246
164.0000      -30801.564197
168.0000      -30966.483570
172.0000      -30870.114493
176.0000      -31015.259463
180.0000      -30780.194635
184.0000      -30986.912382
188.0000      -30921.497910
192.0000      -30802.070347
196.0000      -30965.012424
200.0000      -30936.027035
204.0000      -30819.009728
208.0000      -30745.544520
212.0000      -30726.083575
216.0000      -30871.616482
220.0000      -30817.405471
224.0000      -30848.322798
228.0000      -30816.616924
232.0000      -30963.934624
236.0000      -30990.016886
240.0000      -30956.654033
244.0000      -30905.756670
248.0000      -31029.701018
252.0000      -30878.135298
256.0000      -30887.247392
260.0000      -30881.281971
264.0000      -30925.152875
268.0000      -30850.605966
272.0000      -30949.884088
276.0000      -31030.246498
280.0000      -31104.198630
284.0000      -30655.981723
288.0000      -30902.584425
292.0000      -30887.178966
296.0000      -30862.372929
300.0000      -30838.322055
304.0000      -30773.577149
308.0000      -30899.158460
312.0000      -30985.697504
316.0000      -30734.940656
320.0000      -30917.216091
324.0000      -30912.873972
328.0000      -30780.219497
332.0000      -30873.470155
336.0000      -30814.018740
340.0000      -30883.716404
344.0000      -30838.691083
348.0000      -30957.707789
352.0000      -30796.638797
356.0000      -30946.051488
360.0000      -30783.794719
364.0000      -30900.866216
368.0000      -30836.132452
372.0000      -30900.397781
376.0000      -30964.140325
380.0000      -30810.023506
384.0000      -30954.798907
388.0000      -30917.528406
392.0000      -31004.941871
396.0000      -30696.208880
400.0000      -30960.475044
404.0000      -30868.381586
408.0000      -30942.315737
412.0000      -30756.206274
416.0000      -30834.810256
420.0000      -30800.128179
424.0000      -30980.983651
428.0000      -30773.772764
432.0000      -30929.802342
436.0000      -30761.518873
440.0000      -30821.193963
444.0000      -30910.218380
448.0000      -30646.848082
452.0000      -30997.953731
456.0000      -30934.058532
460.0000      -30899.692965
464.0000      -30696.811410
468.0000      -30987.691860
472.0000      -31059.131106
476.0000      -30825.855424
480.0000      -30985.538992
484.0000      -31013.521569
488.0000      -30879.808703
492.0000      -30741.115232
496.0000      -30795.805298
500.0000      -30873.389080
504.0000      -30807.033025
508.0000      -30963.111239
512.0000      -30794.971446
516.0000      -30938.042430
520.0000      -30758.586815
524.0000      -30736.933781
528.0000      -31071.724462
532.0000      -30952.539895
536.0000      -30921.445993
540.0000      -30726.318728
544.0000      -30756.771780
548.0000      -30883.036417
552.0000      -30903.879017
556.0000      -30828.218959
560.0000      -30820.794256
564.0000      -30789.481039
568.0000      -30930.141835
572.0000      -30787.725957
576.0000      -30872.408378
580.0000      -30807.595446
584.0000      -30868.593889
588.0000      -30820.217343
592.0000      -30835.638989
596.0000      -30885.605876
600.0000      -30688.270663
604.0000      -30831.566281
608.0000      -30951.312107
612.0000      -30947.196323
616.0000      -30848.970121
620.0000      -30772.911163
624.0000      -30916.373962
628.0000      -30766.204114
632.0000      -30720.834500
636.0000      -31014.853289
640.0000      -30709.281848
644.0000      -30957.848472
648.0000      -30888.358721
652.0000      -30908.441294
656.0000      -30892.365130
660.0000      -30788.492662
664.0000      -30849.407483
668.0000      -30822.882489
672.0000      -30879.174408
676.0000      -30993.535807
680.0000      -30929.933056
684.0000      -30769.219309
688.0000      -30861.144296
692.0000      -30992.376994
696.0000      -31012.574959
700.0000      -30870.572435
704.0000      -30991.272327
708.0000      -30807.172546
712.0000      -31024.667219
716.0000      -30871.769846
720.0000      -30887.230936
724.0000      -30869.613020
728.0000      -30874.132647
732.0000      -30804.914974
736.0000      -30871.297340
740.0000      -30843.350620
744.0000      -30881.759945
748.0000      -30970.549817
752.0000      -30742.337159
756.0000      -30851.015121
760.0000      -30808.179787
764.0000      -30826.913251
768.0000      -30783.745764
772.0000      -30839.720844
776.0000      -30940.109269
780.0000      -30923.543425
784.0000      -30855.324404
788.0000      -30916.270684
792.0000      -31003.974039
796.0000      -30803.700810
800.0000      -30961.259121
804.0000      -30929.420534
808.0000      -30637.173310
812.0000      -31018.983902
816.0000      -30846.837067
820.0000      -30775.222850
824.0000      -30875.936082
828.0000      -30787.189707
832.0000      -30780.669149
836.0000      -30718.084900
840.0000      -30809.034379
844.0000      -30981.665736
848.0000      -30981.261266
852.0000      -30947.944615
856.0000      -30859.885574
860.0000      -31079.630171
864.0000      -30866.305714
868.0000      -30735.053178
872.0000      -30866.032708
876.0000      -30836.397051
880.0000      -30753.445158
884.0000      -30699.638370
888.0000      -30887.120413
892.0000      -30909.616595
896.0000      -30932.553700
900.0000      -30711.964560
904.0000      -30879.604191
908.0000      -30811.211344
912.0000      -30817.939536
916.0000      -30900.155314
920.0000      -30831.929117
924.0000      -30674.271029
928.0000      -30854.652542
932.0000      -30901.195969
936.0000      -30917.118133
940.0000      -30837.385178
944.0000      -30835.336233
948.0000      -30927.315965
952.0000      -30944.885722
956.0000      -30804.154901
960.0000      -30940.261214
964.0000      -30736.002501
968.0000      -31000.463201
972.0000      -30786.238344
976.0000      -30852.222186
980.0000      -30713.007147
984.0000      -30938.337687
988.0000      -31007.501128
992.0000      -30954.335502
996.0000      -30757.548234
1000.0000      -30816.642813
1004.0000      -30750.982008
1008.0000      -31090.676358
1012.0000      -30741.709772
1016.0000      -30677.095897
1020.0000      -30871.112973
1024.0000      -30728.027386
1028.0000      -30788.428515
1032.0000      -30882.449953
1036.0000      -30841.712857
1040.0000      -30827.725377
1044.0000      -30889.817508
1048.0000      -30857.866454
1052.0000      -30926.157430
1056.0000      -30781.783961
1060.0000      -30826.936612
1064.0000      -30944.042183
1068.0000      -30934.974233
1072.0000      -30904.429998
1076.0000      -30986.358890
1080.0000      -30750.903174
1084.0000      -30936.573661
1088.0000      -30841.820379
1092.0000      -31041.524339
1096.0000      -30857.226025
1100.0000      -30907.542105
1104.0000      -30932.521112
1108.0000      -30911.335688
1112.0000      -30908.878044
1116.0000      -30910.098835
1120.0000      -30907.646171
1124.0000      -30953.455488
1128.0000      -30795.426894
1132.0000      -30977.700322
1136.0000      -30942.591277
1140.0000      -30884.161117
1144.0000      -30914.085394
1148.0000      -30845.877347
1152.0000      -30735.415220
1156.0000      -30889.333475
1160.0000      -30855.937521
1164.0000      -30738.993459
1168.0000      -30771.461297
1172.0000      -30835.351787
1176.0000      -30920.545151
1180.0000      -30880.388296
1184.0000      -30880.754237
1188.0000      -30837.470374
1192.0000      -30972.170261
1196.0000      -31027.858204
1200.0000      -30907.916312
1204.0000      -30908.708009
1208.0000      -31000.353406
1212.0000      -30813.721860
1216.0000      -31042.368165
1220.0000      -30905.721641
1224.0000      -30834.274475
1228.0000      -30876.748295
1232.0000      -30931.841971
1236.0000      -30793.792029
1240.0000      -30942.020852
1244.0000      -30818.396729
1248.0000      -30978.856359
1252.0000      -30817.279689
1256.0000      -30906.101726
1260.0000      -30806.186876
1264.0000      -30680.275286
1268.0000      -30679.698904
1272.0000      -30725.411147
1276.0000      -30864.758491
1280.0000      -30868.170080
1284.0000      -30986.501168
1288.0000      -31005.998350
1292.0000      -30926.511588
1296.0000      -30731.351357
1300.0000      -30801.969327
1304.0000      -30880.510033
1308.0000      -30950.184831
1312.0000      -30785.412037
1316.0000      -30910.609760
1320.0000      -30910.518802
1324.0000      -30855.229265
1328.0000      -31011.845491
1332.0000      -30903.990213
1336.0000      -31023.325209
1340.0000      -30746.635659
1344.0000      -30818.764577
1348.0000      -30814.274932
1352.0000      -30892.211879
1356.0000      -30853.281996
1360.0000      -30963.263557
1364.0000      -30974.454005
1368.0000      -30881.174904
1372.0000      -30777.794117
1376.0000      -30934.368506
1380.0000      -30879.217187
1384.0000      -30696.341114
1388.0000      -30994.736101
1392.0000      -30790.298580
1396.0000      -30840.586599
1400.0000      -30955.599031
1404.0000      -30830.067989
1408.0000      -30819.461586
1412.0000      -30924.635576
1416.0000      -30950.934847
1420.0000      -30887.654244
1424.0000      -30866.947673
1428.0000      -30890.754395
1432.0000      -30869.237191
1436.0000      -31011.468655
1440.0000      -30972.173690
1444.0000      -30892.840179
1448.0000      -30819.137555
1452.0000      -30761.074252
1456.0000      -30876.223763
1460.0000      -30754.719791
1464.0000      -30844.521621
1468.0000      -30707.006281
1472.0000      -30747.920888
1476.0000      -30700.420326
1480.0000      -30776.817512
1484.0000      -30916.792183
1488.0000      -30861.216928
1492.0000      -30960.294155
1496.0000      -30659.608932
1500.0000      -30797.981627
1504.0000      -30832.050759
1508.0000      -30818.613918
1512.0000      -30955.541795
1516.0000      -31006.679050
1520.0000      -30889.432549
1524.0000      -30873.765764
1528.0000      -30717.980398
1532.0000      -30830.595391
1536.0000      -30866.360973
1540.0000      -30875.809020
1544.0000      -30974.127998
1548.0000      -30862.681975
1552.0000      -30725.908489
1556.0000      -31024.729639
1560.0000      -30769.582104
1564.0000      -30969.802503
1568.0000      -30773.515858
1572.0000      -30892.668549
1576.0000      -30854.645064
1580.0000      -30712.049624
1584.0000      -30866.039693
1588.0000      -30944.956553
1592.0000      -30888.491396
1596.0000      -30975.145343
1600.0000      -30803.745490
1604.0000      -30976.373289
1608.0000      -30932.567697
1612.0000      -30830.561658
1616.0000      -30953.097818
1620.0000      -30676.019884
1624.0000      -30822.766405
1628.0000      -30862.280852
1632.0000      -30844.860461
1636.0000      -30929.413363
1640.0000      -30857.502970
1644.0000      -30896.412981
1648.0000      -30919.818807
1652.0000      -30862.868907
1656.0000      -30898.395083
1660.0000      -31032.940229
1664.0000      -30926.901446
1668.0000      -30995.734728
1672.0000      -30812.864989
1676.0000      -30954.044029
1680.0000      -30724.611568
1684.0000      -30700.555297
1688.0000      -30833.331251
1692.0000      -30752.759228
1696.0000      -30803.724442
1700.0000      -30817.094345
1704.0000      -30919.380584
1708.0000      -31020.487349
1712.0000      -30624.342052
1716.0000      -30930.798865
1720.0000      -30891.332688
1724.0000      -30863.627623
1728.0000      -30864.314499
1732.0000      -30797.333816
1736.0000      -30926.730291
1740.0000      -30872.095166
1744.0000      -30790.153968
1748.0000      -30830.768322
1752.0000      -30900.967112
1756.0000      -30813.640638
1760.0000      -30960.874558
1764.0000      -30782.135436
1768.0000      -30723.790727
1772.0000      -30819.916686
1776.0000      -30808.258757
1780.0000      -30646.634122
1784.0000      -30810.853951
1788.0000      -30803.526892
1792.0000      -30972.720496
1796.0000      -30923.636387
1800.0000      -30653.207336
1804.0000      -30876.605274
1808.0000      -30739.055142
1812.0000      -30836.205666
1816.0000      -30913.173123
1820.0000      -30829.401768
1824.0000      -31046.091381
1828.0000      -30859.993450
1832.0000      -30920.718697
1836.0000      -30882.729136
1840.0000      -30852.476909
1844.0000      -30953.717941
1848.0000      -30756.440322
1852.0000      -30575.908858
1856.0000      -30901.299227
1860.0000      -30805.775804
1864.0000      -30757.803070
1868.0000      -30730.917345
1872.0000      -30778.752060
1876.0000      -30923.906993
1880.0000      -30822.293396
1884.0000      -30921.089202
1888.0000      -30881.026776
1892.0000      -30832.882605
1896.0000      -30805.653949
1900.0000      -30788.591311
1904.0000      -30726.153734
1908.0000      -30814.728770
1912.0000      -31000.000978
1916.0000      -30784.077485
1920.0000      -30861.478035
1924.0000      -30804.129089
1928.0000      -30837.085951
1932.0000      -30871.032292
1936.0000      -30930.985306
1940.0000      -31028.013641
1944.0000      -30893.849745
1948.0000      -30740.392114
1952.0000      -30876.938134
1956.0000      -30884.738820
1960.0000      -30961.447140
1964.0000      -30876.286787
1968.0000      -30769.747119
1972.0000      -30995.849543
1976.0000      -30801.186650
1980.0000      -30974.865159
1984.0000      -30775.213164
1988.0000      -30907.636432
1992.0000      -31064.693498
1996.0000      -31017.459885
2000.0000      -30950.833183
2004.0000      -30986.957099
2008.0000      -30738.041899
2012.0000      -30831.827158
2016.0000      -30709.158734
2020.0000      -30920.648766
2024.0000      -30894.809583
2028.0000      -30734.515723
2032.0000      -30823.740193
2036.0000      -30913.624586
2040.0000      -30977.084744
2044.0000      -30950.752938
2048.0000      -30809.334388
2052.0000      -30838.275246
2056.0000      -30977.135093
2060.0000      -30864.150493
2064.0000      -30842.212662
2068.0000      -30760.988086
2072.0000      -30740.630456
2076.0000      -30896.135525
2080.0000      -30881.569805
2084.0000      -30786.557218
2088.0000      -30816.627767
2092.0000      -30989.087230
2096.0000      -30858.277811
2100.0000      -30928.831863
2104.0000      -30975.233099
2108.0000      -30778.870209
2112.0000      -30968.979219
2116.0000      -30994.129377
2120.0000      -30882.537165
2124.0000      -30828.873708
2128.0000      -30864.569250
2132.0000      -30940.499668
2136.0000      -30911.008520
2140.0000      -30899.126003
2144.0000      -30818.374127
2148.0000      -30914.759703
2152.0000      -30948.065390
2156.0000      -30967.485839
2160.0000      -30933.903876
2164.0000      -30972.137850
2168.0000      -30940.884267
2172.0000      -30952.599943
2176.0000      -30956.185420
2180.0000      -30805.652683
2184.0000      -30941.689686
2188.0000      -30929.657487
2192.0000      -30784.718298
2196.0000      -30813.672599
2200.0000      -30713.509970
2204.0000      -30820.041301
2208.0000      -30773.785227
2212.0000      -30924.562754
2216.0000      -30865.420486
2220.0000      -30805.616573
2224.0000      -30878.986987
2228.0000      -30674.148254
2232.0000      -30855.511431
2236.0000      -30973.497664
2240.0000      -31049.760321
2244.0000      -30703.613034
2248.0000      -30966.426192
2252.0000      -30771.586074
2256.0000      -30745.446835
2260.0000      -30686.748177
2264.0000      -30836.342944
2268.0000      -30923.753978
2272.0000      -30828.186241
2276.0000      -30757.351053
2280.0000      -30895.140824
2284.0000      -31013.800505
2288.0000      -30827.725044
2292.0000      -30871.888283
2296.0000      -30827.605680
2300.0000      -30764.291892
2304.0000      -30850.572721
2308.0000      -30941.243545
2312.0000      -31018.152947
2316.0000      -30828.674344
2320.0000      -30675.334449
2324.0000      -30743.509568
2328.0000      -30975.623913
2332.0000      -30709.695400
2336.0000      -30808.487461
2340.0000      -31042.239176
2344.0000      -30982.116163
2348.0000      -30866.029774
2352.0000      -30978.877644
2356.0000      -30915.734509
2360.0000      -30813.295353
2364.0000      -30855.435047
2368.0000      -30923.244528
2372.0000      -30813.237889
2376.0000      -30827.896084
2380.0000      -31003.530554
2384.0000      -30882.908591
2388.0000      -30789.819987
2392.0000      -30903.505847
2396.0000      -30956.860271
2400.0000      -30927.351365
2404.0000      -30930.845693
2408.0000      -30784.626436
2412.0000      -30850.600467
2416.0000      -30930.011241
2420.0000      -30963.540241
2424.0000      -30944.250782
2428.0000      -30849.173975
2432.0000      -30911.678512
2436.0000      -30867.394774
2440.0000      -31052.471402
2444.0000      -30927.736099
2448.0000      -30756.180022
2452.0000      -30898.920682
2456.0000      -30871.674162
2460.0000      -30757.805844
2464.0000      -30953.850140
2468.0000      -30902.487033
2472.0000      -30882.000353
2476.0000      -30930.212806
2480.0000      -30842.728815
2484.0000      -30873.410963
2488.0000      -31017.076770
2492.0000      -30837.238015
2496.0000      -30775.720643
2500.0000      -30719.052406
2504.0000      -30842.870215
2508.0000      -30663.297796
2512.0000      -30921.814300
2516.0000      -30864.531787
2520.0000      -30771.651384
2524.0000      -30825.400725
2528.0000      -30987.153419
2532.0000      -30795.410381
2536.0000      -30901.292040
2540.0000      -30883.984439
2544.0000      -30841.245463
2548.0000      -30914.011235
2552.0000      -31031.865756
2556.0000      -30778.552198
2560.0000      -30855.521264
2564.0000      -30803.366781
2568.0000      -30884.751902
2572.0000      -30628.719828
2576.0000      -30832.771129
2580.0000      -30687.972649
2584.0000      -30895.580029
2588.0000      -30742.800087
2592.0000      -30921.099822
2596.0000      -30714.457798
2600.0000      -30914.661332
2604.0000      -30886.925873
2608.0000      -31081.424135
2612.0000      -30678.669516
2616.0000      -30741.422617
2620.0000      -30858.371038
2624.0000      -30957.861501
2628.0000      -30948.971534
2632.0000      -30924.466891
2636.0000      -30911.516778
2640.0000      -30840.817903
2644.0000      -30956.987437
2648.0000      -30742.173338
2652.0000      -30967.513811
2656.0000      -30781.634254
2660.0000      -30901.086027
2664.0000      -31025.475395
2668.0000      -30780.183169
2672.0000      -30814.600233
2676.0000      -30726.036825
2680.0000      -30829.331347
2684.0000      -30942.370983
2688.0000      -30971.068298
2692.0000      -30859.857809
2696.0000      -30913.350078
2700.0000      -30826.919296
2704.0000      -30874.292000
2708.0000      -30870.268277
2712.0000      -30973.532150
2716.0000      -30904.641891
2720.0000      -30888.859496
2724.0000      -30879.704207
2728.0000      -30692.470820
2732.0000      -30791.026808
2736.0000      -30662.918937
2740.0000      -30913.080656
2744.0000      -30788.673257
2748.0000      -30885.319141
2752.0000      -30564.107627
2756.0000      -30757.431391
2760.0000      -30883.400150
2764.0000      -30757.939091
2768.0000      -30883.622674
2772.0000      -30623.042092
2776.0000      -30883.882284
2780.0000      -30807.620635
2784.0000      -30876.769920
2788.0000      -30972.731164
2792.0000      -30845.664491
2796.0000      -30807.624031
2800.0000      -30887.755605
2804.0000      -30792.438924
2808.0000      -30942.112922
2812.0000      -30954.275070
2816.0000      -30865.901031
2820.0000      -30869.881611
2824.0000      -30785.434455
2828.0000      -30767.110368
2832.0000      -30984.351340
2836.0000      -31018.182008
2840.0000      -30763.521987
2844.0000      -31036.245999
2848.0000      -30907.045438
2852.0000      -30930.044960
2856.0000      -30943.788037
2860.0000      -30923.321936
2864.0000      -30700.726712
2868.0000      -30952.834598
2872.0000      -30971.165111
2876.0000      -30781.422003
2880.0000      -30803.355099
2884.0000      -30726.225529
2888.0000      -31017.048258
2892.0000      -30917.200164
2896.0000      -31037.013162
2900.0000      -31083.492621
2904.0000      -30821.196717
2908.0000      -30853.608938
2912.0000      -30849.237072
2916.0000      -31028.980448
2920.0000      -30810.279469
2924.0000      -30762.549284
2928.0000      -30783.531370
2932.0000      -30884.036131
2936.0000      -30915.037544
2940.0000      -30793.424807
2944.0000      -30733.422907
2948.0000      -30667.182324
2952.0000      -30827.791587
2956.0000      -30893.869544
2960.0000      -30839.377842
2964.0000      -30872.669323
2968.0000      -30927.229548
2972.0000      -30877.704345
2976.0000      -30720.782265
2980.0000      -30830.277694
2984.0000      -30792.283584
2988.0000      -30861.855074
2992.0000      -30865.613925
2996.0000      -31102.548955
3000.0000      -30879.715719
3004.0000      -30890.347635
3008.0000      -31111.111329
3012.0000      -30904.041084
3016.0000      -30845.375186
3020.0000      -30767.939945
3024.0000      -30989.298119
3028.0000      -30893.024560
3032.0000      -30762.186009
3036.0000      -30900.791501
3040.0000      -30736.640633
3044.0000      -30825.905712
3048.0000      -30711.532075
3052.0000      -30688.487598
3056.0000      -30842.933828
3060.0000      -30795.578006
3064.0000      -30758.329045
3068.0000      -30842.661495
3072.0000      -30838.231312
3076.0000      -30741.324648
3080.0000      -30915.081264
3084.0000      -30902.043742
3088.0000      -30661.430820
3092.0000      -30848.179277
3096.0000      -30911.819198
3100.0000      -30894.815360
3104.0000      -30722.111860
3108.0000      -30807.733621
3112.0000      -30848.702403
3116.0000      -30846.804257
3120.0000      -30921.565574
3124.0000      -30868.933654
3128.0000      -30966.586036
3132.0000      -30947.074017
3136.0000      -30787.680564
3140.0000      -30868.453277
3144.0000      -30776.988414
3148.0000      -30960.765704
3152.0000      -30933.531019
3156.0000      -30915.606616
3160.0000      -30888.823229
3164.0000      -30982.331408
3168.0000      -30759.223483
3172.0000      -30842.174034
3176.0000      -30887.459131
3180.0000      -30897.235457
3184.0000      -30931.875860
3188.0000      -30960.123261
3192.0000      -30796.095025
3196.0000      -30747.001878
3200.0000      -31016.088580
3204.0000      -31049.571282
3208.0000      -31070.513910
3212.0000      -30996.933247
3216.0000      -30790.559917
3220.0000      -30819.981857
3224.0000      -30762.503856
3228.0000      -30947.343515
3232.0000      -30745.149823
3236.0000      -30905.702637
3240.0000      -30846.204935
3244.0000      -30817.569226
3248.0000      -30803.220565
3252.0000      -30803.006382
3256.0000      -30961.131101
3260.0000      -31060.302165
3264.0000      -30747.980090
3268.0000      -30873.382018
3272.0000      -30900.080617
3276.0000      -30851.608577
3280.0000      -30695.307478
3284.0000      -30838.348366
3288.0000      -30855.000819
3292.0000      -30919.576869
3296.0000      -30935.546786
3300.0000      -30913.336490
3304.0000      -30928.117217
3308.0000      -30923.508711
3312.0000      -30827.719794
3316.0000      -30861.894184
3320.0000      -30797.287285
3324.0000      -30875.123974
3328.0000      -30817.498862
3332.0000      -30895.942032
3336.0000      -30967.169987
3340.0000      -30838.136269
3344.0000      -30823.801329
3348.0000      -30992.469793
3352.0000      -31005.293388
3356.0000      -30991.930368
3360.0000      -30820.797618
3364.0000      -30934.629482
3368.0000      -30752.543891
3372.0000      -30780.488469
3376.0000      -30807.386520
3380.0000      -30874.411216
3384.0000      -31047.806287
3388.0000      -30871.344465
3392.0000      -30836.884436
3396.0000      -30842.356524
3400.0000      -30760.183640
3404.0000      -30922.450630
3408.0000      -30854.714373
3412.0000      -30803.315130
3416.0000      -30861.873096
3420.0000      -30931.823013
3424.0000      -30897.373623
3428.0000      -31019.005612
3432.0000      -30885.270668
3436.0000      -30874.278343
3440.0000      -30737.143736
3444.0000      -30738.044985
3448.0000      -30961.296345
3452.0000      -30834.535128
3456.0000      -30814.559758
3460.0000      -30924.123890
3464.0000      -30765.244860
3468.0000      -30922.988891
3472.0000      -30718.406272
3476.0000      -30773.338343
3480.0000      -30882.705616
3484.0000      -30984.872134
3488.0000      -30987.553706
3492.0000      -30969.775234
3496.0000      -31036.067760
3500.0000      -30740.345292
3504.0000      -30815.283508
3508.0000      -30911.251043
3512.0000      -30842.735579
3516.0000      -31035.628866
3520.0000      -30764.988700
3524.0000      -30770.130940
3528.0000      -30952.113960
3532.0000      -30925.350028
3536.0000      -30862.195008
3540.0000      -30684.355628
3544.0000      -30990.053479
3548.0000      -30873.816585
3552.0000      -30992.952447
3556.0000      -30947.038427
3560.0000      -30839.335786
3564.0000      -30934.407246
3568.0000      -30895.846478
3572.0000      -30809.261982
3576.0000      -30767.953868
3580.0000      -30705.253525
3584.0000      -30843.659515
3588.0000      -30948.247124
3592.0000      -30871.845625
3596.0000      -30972.216456
3600.0000      -30932.551676
3604.0000      -30896.462969
3608.0000      -30897.534667
3612.0000      -30906.024624
3616.0000      -30998.836056
3620.0000      -30947.714556
3624.0000      -31003.853346
3628.0000      -30907.033698
3632.0000      -30881.541131
3636.0000      -30825.632599
3640.0000      -30936.248302
3644.0000      -30804.231109
3648.0000      -30970.710692
3652.0000      -30940.366097
3656.0000      -30858.733877
3660.0000      -30814.408786
3664.0000      -30795.792106
3668.0000      -30622.394448
3672.0000      -30836.126866
3676.0000      -30842.930715
3680.0000      -31046.016248
3684.0000      -31057.808679
3688.0000      -30771.695926
3692.0000      -30919.530330
3696.0000      -31049.385848
3700.0000      -30812.379486
3704.0000      -30891.352576
3708.0000      -30778.898131
3712.0000      -30770.958346
3716.0000      -30844.513332
3720.0000      -30926.932855
3724.0000      -30821.906603
3728.0000      -31030.916753
3732.0000      -30825.375828
3736.0000      -30659.771833
3740.0000      -30866.668602
3744.0000      -30843.487863
3748.0000      -30936.859847
3752.0000      -30910.613284
3756.0000      -31025.346496
3760.0000      -30795.834589
3764.0000      -30820.353748
3768.0000      -30703.247818
3772.0000      -30970.894748
3776.0000      -30758.352795
3780.0000      -30768.678842
3784.0000      -30707.110510
3788.0000      -30794.939553
3792.0000      -30887.594023
3796.0000      -30769.173638
3800.0000      -30900.385023
3804.0000      -30835.851446
3808.0000      -30960.873352
3812.0000      -30992.096721
3816.0000      -31032.325605
3820.0000      -30987.647733
3824.0000      -30747.289268
3828.0000      -30991.945776
3832.0000      -30861.264596
3836.0000      -31053.382702
3840.0000      -30775.211717
3844.0000      -30704.408920
3848.0000      -30785.737059
3852.0000      -30967.352248
3856.0000      -30919.529784
3860.0000      -31090.027529
3864.0000      -30670.625590
3868.0000      -30840.382765
3872.0000      -30873.159544
3876.0000      -30848.677124
3880.0000      -30870.790079
3884.0000      -30972.243290
3888.0000      -31006.975572
3892.0000      -30695.401198
3896.0000      -30874.932594
3900.0000      -31011.134723
3904.0000      -30980.522117
3908.0000      -31037.953525
3912.0000      -30721.821626
3916.0000      -30904.323869
3920.0000      -30952.576162
3924.0000      -30856.021589
3928.0000      -30840.989722
3932.0000      -30864.367218
3936.0000      -30893.371997
3940.0000      -30919.623164
3944.0000      -30676.223897
3948.0000      -30663.794035
3952.0000      -30716.285569
3956.0000      -30842.382116
3960.0000      -30870.445925
3964.0000      -30963.272266
3968.0000      -30935.949241
3972.0000      -30820.733150
3976.0000      -30733.464281
3980.0000      -30684.407973
3984.0000      -30809.670771
3988.0000      -30826.804902
3992.0000      -30864.514303
3996.0000      -30964.597292
4000.0000      -30991.448061
4004.0000      -30991.448061
