4.0000      -30830.493785
8.0000      -30933.998097
12.0000      -30781.445257
16.0000      -30760.840041
20.0000      -30721.353500
24.0000      -30770.081193
28.0000      -30768.178689
32.0000      -30758.616382
36.0000      -30727.989094
40.0000      -30840.752861
44.0000      -30755.471740
48.0000      -30732.262620
52.0000      -30821.311020
56.0000      -30837.708806
60.0000      -30818.188200
64.0000      -30793.905716
68.0000      -30717.141636
72.0000      -30938.393757
76.0000      -30945.191467
80.0000      -30832.138009
84.0000      -30806.633773
88.0000      -30811.466666
92.0000      -30855.240634
96.0000      -30844.884524
100.0000      -30754.711491
104.0000      -30964.634134
108.0000      -30916.932778
112.0000      -30799.436092
116.0000      -30869.648243
120.0000      -31019.424511
124.0000      -30743.565439
128.0000      -30597.485784
132.0000      -30889.956905
136.0000      -30802.113671
140.0000      -30919.725983
144.0000      -30828.885226
148.0000      -30768.343701
152.0000      -30839.074360
156.0000      -30803.796342
160.0000      -30771.585241
164.0000      -30781.821220
168.0000      -30957.488739
172.0000      -30856.626703
176.0000      -30975.788228
180.0000      -30728.858924
184.0000      -30974.376904
188.0000      -30827.431993
192.0000      -30794.408091
196.0000      -30939.784038
200.0000      -30918.714492
204.0000      -30808.908413
208.0000      -30731.729813
212.0000      -30703.369338
216.0000      -30865.847603
220.0000      -30800.702207
224.0000      -30840.397923
228.0000      -30808.632347
232.0000      -30952.578875
236.0000      -30977.384790
240.0000      -30948.563156
244.0000      -30893.644167
248.0000      -31007.809466
252.0000      -30790.108213
256.0000      -30866.927799
260.0000      -30872.209817
264.0000      -30912.291827
268.0000      -30834.652481
272.0000      -30922.030773
276.0000      -31017.255605
280.0000      -31093.370201
284.0000      -30620.731396
288.0000      -30866.803182
292.0000      -30842.781056
296.0000      -30843.760209
300.0000      -30788.772415
304.0000      -30760.167577
308.0000      -30893.248923
312.0000      -30974.786505
316.0000      -30727.850093
320.0000      -30898.090040
324.0000      -30905.267402
328.0000      -30762.756750
332.0000      -30860.342116
336.0000      -30794.717261
340.0000      -30876.620811
344.0000      -30783.309604
348.0000      -30930.312285
352.0000      -30781.999292
356.0000      -30932.097379
360.0000      -30767.109502
364.0000      -30862.393671
368.0000      -30695.099227
372.0000      -30886.430403
376.0000      -30891.277358
380.0000      -30795.299420
384.0000      -30941.344321
388.0000      -30867.631877
392.0000      -30996.137230
396.0000      -30663.837102
400.0000      -30952.256673
404.0000      -30858.555997
408.0000      -30934.600725
412.0000      -30586.859250
416.0000      -30797.033745
420.0000      -30792.450029
424.0000      -30935.142869
428.0000      -30764.799875
432.0000      -30920.674001
436.0000      -30751.324774
440.0000      -30790.410584
444.0000      -30901.137146
448.0000      -30590.092071
452.0000      -30979.903494
456.0000      -30919.663233
460.0000      -30889.271177
464.0000      -30683.040109
468.0000      -30953.512220
472.0000      -31051.868769
476.0000      -30818.920354
480.0000      -30979.341604
484.0000      -31007.097188
488.0000      -30867.373824
492.0000      -30692.725658
496.0000      -30781.838143
500.0000      -30855.759942
504.0000      -30796.650521
508.0000      -30949.856505
512.0000      -30760.197910
516.0000      -30926.008727
520.0000      -30726.007309
524.0000      -30661.734596
528.0000      -31044.413413
532.0000      -30926.422507
536.0000      -30906.774459
540.0000      -30711.222775
544.0000      -30745.024428
548.0000      -30868.004494
552.0000      -30860.030151
556.0000      -30811.804553
560.0000      -30811.661186
564.0000      -30782.049736
568.0000      -30918.785944
572.0000      -30778.992676
576.0000      -30862.761108
580.0000      -30780.759255
584.0000      -30835.066199
588.0000      -30809.427616
592.0000      -30827.654091
596.0000      -30861.734168
600.0000      -30636.637169
604.0000      -30824.017525
608.0000      -30934.719589
612.0000      -30913.526533
616.0000      -30822.494335
620.0000      -30721.494965
624.0000      -30905.566040
628.0000      -30749.368280
632.0000      -30713.417563
636.0000      -30999.371294
640.0000      -30698.799261
644.0000      -30947.637987
648.0000      -30872.853970
652.0000      -30889.185086
656.0000      -30882.370450
660.0000      -30778.560680
664.0000      -30831.610807
668.0000      -30799.266204
672.0000      -30859.374586
676.0000      -30978.350019
680.0000      -30909.853728
684.0000      -30709.997051
688.0000      -30838.967501
692.0000      -30952.120934
696.0000      -31003.494911
700.0000      -30857.383735
704.0000      -30982.114712
708.0000      -30793.381911
712.0000      -31017.812978
716.0000      -30865.132194
720.0000      -30879.556968
724.0000      -30862.160521
728.0000      -30861.150300
732.0000      -30792.848236
736.0000      -30815.716969
740.0000      -30821.101833
744.0000      -30842.644393
748.0000      -30958.974173
752.0000      -30699.700954
756.0000      -30822.254860
760.0000      -30783.713869
764.0000      -30819.989928
768.0000      -30747.009557
772.0000      -30833.853033
776.0000      -30913.308916
780.0000      -30898.081402
784.0000      -30840.299561
788.0000      -30899.811359
792.0000      -30988.673128
796.0000      -30790.745298
800.0000      -30947.000981
804.0000      -30894.441203
808.0000      -30619.436374
812.0000      -31010.465517
816.0000      -30836.399948
820.0000      -30763.461511
824.0000      -30866.941241
828.0000      -30767.410818
832.0000      -30763.145561
836.0000      -30705.251438
840.0000      -30786.453564
844.0000      -30969.310000
848.0000      -30968.422782
852.0000      -30937.619114
856.0000      -30841.072299
860.0000      -31073.041298
864.0000      -30854.466314
868.0000      -30714.676735
872.0000      -30701.143402
876.0000      -30823.916498
880.0000      -30722.832268
884.0000      -30650.302446
888.0000      -30870.783110
892.0000      -30898.387379
896.0000      -30925.133241
900.0000      -30698.209483
904.0000      -30821.572555
908.0000      -30796.806841
912.0000      -30712.479298
916.0000      -30891.125474
920.0000      -30822.690620
924.0000      -30525.619623
928.0000      -30845.803871
932.0000      -30878.050988
936.0000      -30910.808375
940.0000      -30784.234561
944.0000      -30828.367441
948.0000      -30874.124419
952.0000      -30928.199863
956.0000      -30776.319097
960.0000      -30931.496876
964.0000      -30724.302125
968.0000      -30993.660639
972.0000      -30764.182743
976.0000      -30828.059077
980.0000      -30698.104988
984.0000      -30906.171408
988.0000      -31001.164076
992.0000      -30946.131494
996.0000      -30738.571504
1000.0000      -30794.842298
1004.0000      -30440.622370
1008.0000      -31039.806875
1012.0000      -30702.685532
1016.0000      -30502.343214
1020.0000      -30849.349734
1024.0000      -30722.159673
1028.0000      -30765.903270
1032.0000      -30870.660673
1036.0000      -30832.556719
1040.0000      -30818.219295
1044.0000      -30874.680700
1048.0000      -30835.140098
1052.0000      -30895.782413
1056.0000      -30756.375556
1060.0000      -30817.336163
1064.0000      -30933.705717
1068.0000      -30927.347741
1072.0000      -30883.338836
1076.0000      -30957.304289
1080.0000      -30739.310207
1084.0000      -30927.172069
1088.0000      -30797.070575
1092.0000      -31023.736670
1096.0000      -30850.800894
1100.0000      -30883.061831
1104.0000      -30909.165261
1108.0000      -30892.667232
1112.0000      -30842.174471
1116.0000      -30900.419475
1120.0000      -30861.178636
1124.0000      -30943.335608
1128.0000      -30775.709882
1132.0000      -30956.740822
1136.0000      -30935.994445
1140.0000      -30865.549223
1144.0000      -30902.176430
1148.0000      -30828.648873
1152.0000      -30727.999850
1156.0000      -30876.348901
1160.0000      -30845.863127
1164.0000      -30731.715714
1168.0000      -30755.747425
1172.0000      -30824.822314
1176.0000      -30912.521317
1180.0000      -30860.912746
1184.0000      -30868.612239
1188.0000      -30822.737353
1192.0000      -30956.518064
1196.0000      -31020.220244
1200.0000      -30899.777194
1204.0000      -30897.700165
1208.0000      -30980.854736
1212.0000      -30803.770653
1216.0000      -31029.660899
1220.0000      -30897.264754
1224.0000      -30818.652021
1228.0000      -30866.726718
1232.0000      -30888.131235
1236.0000      -30780.291917
1240.0000      -30927.275382
1244.0000      -30780.942900
1248.0000      -30964.288276
1252.0000      -30805.719687
1256.0000      -30895.693233
1260.0000      -30758.045591
1264.0000      -30670.397063
1268.0000      -30672.612137
1272.0000      -30712.128108
1276.0000      -30857.601383
1280.0000      -30858.861640
1284.0000      -30966.084897
1288.0000      -30994.657170
1292.0000      -30895.737664
1296.0000      -30682.115760
1300.0000      -30760.987750
1304.0000      -30839.934563
1308.0000      -30943.359420
1312.0000      -30778.651977
1316.0000      -30900.966783
1320.0000      -30898.657401
1324.0000      -30845.818340
1328.0000      -31002.487800
1332.0000      -30886.504502
1336.0000      -31016.666349
1340.0000      -30739.475901
1344.0000      -30803.032848
1348.0000      -30800.956064
1352.0000      -30884.030155
1356.0000      -30826.795935
1360.0000      -30941.111698
1364.0000      -30965.148692
1368.0000      -30861.595289
1372.0000      -30766.977870
1376.0000      -30914.521567
1380.0000      -30800.385366
1384.0000      -30655.947705
1388.0000      -30988.915839
1392.0000      -30783.588089
1396.0000      -30819.288469
1400.0000      -30937.518598
1404.0000      -30748.101931
1408.0000      -30655.128486
1412.0000      -30916.853139
1416.0000      -30935.874300
1420.0000      -30873.017965
1424.0000      -30828.444562
1428.0000      -30849.834261
1432.0000      -30858.861003
1436.0000      -30967.459371
1440.0000      -30962.609510
1444.0000      -30885.167089
1448.0000      -30810.393310
1452.0000      -30737.601628
1456.0000      -30862.338396
1460.0000      -30747.431260
1464.0000      -30771.432519
1468.0000      -30698.878238
1472.0000      -30740.071193
1476.0000      -30691.452814
1480.0000      -30768.224513
1484.0000      -30904.244316
1488.0000      -30854.520274
1492.0000      -30940.703596
1496.0000      -30651.090899
1500.0000      -30787.175306
1504.0000      -30823.382218
1508.0000      -30810.757611
1512.0000      -30916.827294
1516.0000      -30975.971776
1520.0000      -30869.629072
1524.0000      -30853.285483
1528.0000      -30708.866600
1532.0000      -30813.891107
1536.0000      -30849.649415
1540.0000      -30842.762519
1544.0000      -30960.368965
1548.0000      -30856.698101
1552.0000      -30708.680660
1556.0000      -31013.440799
1560.0000      -30732.201272
1564.0000      -30934.728336
1568.0000      -30711.810242
1572.0000      -30882.767258
1576.0000      -30838.776472
1580.0000      -30691.554703
1584.0000      -30848.128514
1588.0000      -30929.693031
1592.0000      -30881.972956
1596.0000      -30961.695423
1600.0000      -30771.196489
1604.0000      -30968.784027
1608.0000      -30923.915947
1612.0000      -30728.443941
1616.0000      -30941.939264
1620.0000      -30646.122770
1624.0000      -30790.970237
1628.0000      -30832.261305
1632.0000      -30817.466031
1636.0000      -30920.209744
1640.0000      -30842.375605
1644.0000      -30880.344155
1648.0000      -30881.426539
1652.0000      -30852.624053
1656.0000      -30858.668286
1660.0000      -31026.856252
1664.0000      -30918.304793
1668.0000      -30988.757557
1672.0000      -30798.348268
1676.0000      -30938.367278
1680.0000      -30694.396773
1684.0000      -30666.716041
1688.0000      -30820.772690
1692.0000      -30719.499133
1696.0000      -30796.162875
1700.0000      -30794.655603
1704.0000      -30913.207604
1708.0000      -31010.912735
1712.0000      -30592.328953
1716.0000      -30815.063156
1720.0000      -30880.694945
1724.0000      -30847.812798
1728.0000      -30805.190476
1732.0000      -30773.523613
1736.0000      -30900.151551
1740.0000      -30861.541130
1744.0000      -30754.542249
1748.0000      -30823.658633
1752.0000      -30888.255478
1756.0000      -30782.459314
1760.0000      -30952.926548
1764.0000      -30737.334220
1768.0000      -30711.173623
1772.0000      -30784.994730
1776.0000      -30782.102879
1780.0000      -30635.963343
1784.0000      -30799.385635
1788.0000      -30795.485085
1792.0000      -30950.426584
1796.0000      -30906.660763
1800.0000      -30638.428142
1804.0000      -30868.204823
1808.0000      -30611.200704
1812.0000      -30825.985401
1816.0000      -30902.471034
1820.0000      -30818.030248
1824.0000      -31007.610298
1828.0000      -30852.299741
1832.0000      -30901.637764
1836.0000      -30876.452722
1840.0000      -30839.291235
1844.0000      -30932.147370
1848.0000      -30747.986291
1852.0000      -30568.739060
1856.0000      -30889.766108
1860.0000      -30726.692407
1864.0000      -30733.760935
1868.0000      -30688.413963
1872.0000      -30770.366851
1876.0000      -30915.718185
1880.0000      -30804.296859
1884.0000      -30915.724012
1888.0000      -30838.450810
1892.0000      -30823.888411
1896.0000      -30776.753438
1900.0000      -30776.482341
1904.0000      -30701.634047
1908.0000      -30778.424526
1912.0000      -30989.322528
1916.0000      -30768.730073
1920.0000      -30848.882196
1924.0000      -30791.017752
1928.0000      -30823.599469
1932.0000      -30863.226419
1936.0000      -30924.466265
1940.0000      -31021.467281
1944.0000      -30886.333734
1948.0000      -30731.791576
1952.0000      -30856.255328
1956.0000      -30861.462667
1960.0000      -30944.716446
1964.0000      -30856.657589
1968.0000      -30759.042094
1972.0000      -30986.620064
1976.0000      -30774.566200
1980.0000      -30965.328552
1984.0000      -30708.939262
1988.0000      -30888.939746
1992.0000      -31053.835719
1996.0000      -31006.986149
2000.0000      -30917.034444
2004.0000      -30976.245848
2008.0000      -30585.953191
2012.0000      -30811.452835
2016.0000      -30695.332900
2020.0000      -30912.471570
2024.0000      -30872.107229
2028.0000      -30726.813428
2032.0000      -30814.652854
2036.0000      -30905.768322
2040.0000      -30956.820252
2044.0000      -30941.267359
2048.0000      -30787.280149
2052.0000      -30821.731166
2056.0000      -30970.239922
2060.0000      -30851.666659
2064.0000      -30835.778005
2068.0000      -30753.722420
2072.0000      -30725.661635
2076.0000      -30866.568443
2080.0000      -30853.523734
2084.0000      -30765.538415
2088.0000      -30785.926775
2092.0000      -30974.158255
2096.0000      -30837.795752
2100.0000      -30917.685083
2104.0000      -30956.824870
2108.0000      -30765.062305
2112.0000      -30958.829700
2116.0000      -30972.595995
2120.0000      -30864.473824
2124.0000      -30816.114635
2128.0000      -30807.014061
2132.0000      -30927.691269
2136.0000      -30896.936031
2140.0000      -30860.704925
2144.0000      -30780.510949
2148.0000      -30855.052760
2152.0000      -30887.599491
2156.0000      -30955.700252
2160.0000      -30927.425356
2164.0000      -30954.935151
2168.0000      -30934.243373
2172.0000      -30917.855518
2176.0000      -30899.999828
2180.0000      -30775.910652
2184.0000      -30933.064192
2188.0000      -30915.095712
2192.0000      -30661.655708
2196.0000      -30798.784636
2200.0000      -30704.071351
2204.0000      -30809.169723
2208.0000      -30689.737185
2212.0000      -30900.886121
2216.0000      -30844.672583
2220.0000      -30798.632815
2224.0000      -30868.052029
2228.0000      -30599.667120
2232.0000      -30847.935036
2236.0000      -30964.317465
2240.0000      -31036.878702
2244.0000      -30691.271724
2248.0000      -30959.565346
2252.0000      -30754.523741
2256.0000      -30736.224387
2260.0000      -30626.959058
2264.0000      -30792.783118
2268.0000      -30914.961489
2272.0000      -30822.215681
2276.0000      -30741.059457
2280.0000      -30888.334318
2284.0000      -30958.844814
2288.0000      -30805.803557
2292.0000      -30857.606447
2296.0000      -30801.322624
2300.0000      -30737.499944
2304.0000      -30831.276438
2308.0000      -30929.871481
2312.0000      -31009.806651
2316.0000      -30811.597308
2320.0000      -30661.082193
2324.0000      -30727.958748
2328.0000      -30969.088683
2332.0000      -30699.734005
2336.0000      -30798.843845
2340.0000      -31028.461860
2344.0000      -30975.342877
2348.0000      -30835.712880
2352.0000      -30970.123258
2356.0000      -30882.888971
2360.0000      -30753.591711
2364.0000      -30762.315001
2368.0000      -30912.456787
2372.0000      -30803.711366
2376.0000      -30816.487431
2380.0000      -30981.354393
2384.0000      -30876.759960
2388.0000      -30763.673368
2392.0000      -30888.150274
2396.0000      -30939.805305
2400.0000      -30890.507785
2404.0000      -30921.007321
2408.0000      -30614.699860
2412.0000      -30840.339879
2416.0000      -30918.240331
2420.0000      -30891.265533
2424.0000      -30915.328915
2428.0000      -30806.966688
2432.0000      -30905.155695
2436.0000      -30851.301339
2440.0000      -31025.888342
2444.0000      -30914.683085
2448.0000      -30735.937073
2452.0000      -30778.291693
2456.0000      -30864.281545
2460.0000      -30707.932601
2464.0000      -30930.473174
2468.0000      -30896.154205
2472.0000      -30871.493528
2476.0000      -30914.068496
2480.0000      -30795.652013
2484.0000      -30863.951812
2488.0000      -31008.971960
2492.0000      -30798.392051
2496.0000      -30736.176908
2500.0000      -30642.414900
2504.0000      -30835.877806
2508.0000      -30570.215217
2512.0000      -30894.978548
2516.0000      -30856.480218
2520.0000      -30765.283739
2524.0000      -30818.960757
2528.0000      -30981.208199
2532.0000      -30774.658469
2536.0000      -30886.262989
2540.0000      -30759.928501
2544.0000      -30831.395392
2548.0000      -30900.044892
2552.0000      -31021.783472
2556.0000      -30765.027383
2560.0000      -30842.685104
2564.0000      -30795.535828
2568.0000      -30870.928521
2572.0000      -30583.885615
2576.0000      -30813.935365
2580.0000      -30680.467485
2584.0000      -30851.504389
2588.0000      -30732.215472
2592.0000      -30893.516099
2596.0000      -30663.783093
2600.0000      -30907.234459
2604.0000      -30879.336170
2608.0000      -31028.935653
2612.0000      -30634.118830
2616.0000      -30720.246651
2620.0000      -30847.461184
2624.0000      -30941.489698
2628.0000      -30937.044437
2632.0000      -30906.005805
2636.0000      -30902.449757
2640.0000      -30834.022551
2644.0000      -30946.717150
2648.0000      -30718.458643
2652.0000      -30960.551510
2656.0000      -30771.720133
2660.0000      -30876.874424
2664.0000      -31013.139615
2668.0000      -30748.427945
2672.0000      -30805.298009
2676.0000      -30700.921855
2680.0000      -30802.667027
2684.0000      -30913.109358
2688.0000      -30942.533135
2692.0000      -30848.933621
2696.0000      -30906.279847
2700.0000      -30787.012252
2704.0000      -30864.863833
2708.0000      -30850.186191
2712.0000      -30958.124206
2716.0000      -30840.189787
2720.0000      -30860.531053
2724.0000      -30864.941740
2728.0000      -30679.431912
2732.0000      -30769.595195
2736.0000      -30650.119347
2740.0000      -30903.774750
2744.0000      -30777.934461
2748.0000      -30877.963215
2752.0000      -30543.979786
2756.0000      -30747.219269
2760.0000      -30858.108667
2764.0000      -30686.865544
2768.0000      -30870.642646
2772.0000      -30617.737527
2776.0000      -30874.801682
2780.0000      -30780.701028
2784.0000      -30866.632373
2788.0000      -30964.780164
2792.0000      -30828.339391
2796.0000      -30791.906035
2800.0000      -30857.714775
2804.0000      -30763.026034
2808.0000      -30931.332265
2812.0000      -30945.799886
2816.0000      -30855.673382
2820.0000      -30822.183327
2824.0000      -30769.332176
2828.0000      -30760.787732
2832.0000      -30971.685444
2836.0000      -31011.502629
2840.0000      -30730.473869
2844.0000      -31027.081257
2848.0000      -30878.416798
2852.0000      -30909.416451
2856.0000      -30920.304369
2860.0000      -30906.799213
2864.0000      -30666.598675
2868.0000      -30944.375392
2872.0000      -30957.040413
2876.0000      -30766.659690
2880.0000      -30793.883774
2884.0000      -30711.792947
2888.0000      -31000.756964
2892.0000      -30910.907978
2896.0000      -31028.872456
2900.0000      -31067.982648
2904.0000      -30808.105078
2908.0000      -30845.502051
2912.0000      -30828.910260
2916.0000      -31012.676039
2920.0000      -30774.366939
2924.0000      -30752.438149
2928.0000      -30763.039709
2932.0000      -30875.048274
2936.0000      -30902.067929
2940.0000      -30779.786585
2944.0000      -30716.918904
2948.0000      -30571.758260
2952.0000      -30814.889232
2956.0000      -30881.767639
2960.0000      -30830.456789
2964.0000      -30866.307620
2968.0000      -30918.656817
2972.0000      -30825.363277
2976.0000      -30702.752986
2980.0000      -30810.943336
2984.0000      -30767.742366
2988.0000      -30851.253643
2992.0000      -30799.462464
2996.0000      -31089.771116
3000.0000      -30840.472511
3004.0000      -30880.043448
3008.0000      -31104.358319
3012.0000      -30891.388259
3016.0000      -30835.996012
3020.0000      -30756.264477
3024.0000      -30980.714776
3028.0000      -30878.786785
3032.0000      -30753.976183
3036.0000      -30890.277629
3040.0000      -30656.459213
3044.0000      -30805.792706
3048.0000      -30694.926847
3052.0000      -30681.159005
3056.0000      -30831.149473
3060.0000      -30779.677606
3064.0000      -30628.166758
3068.0000      -30830.668576
3072.0000      -30805.617305
3076.0000      -30709.509314
3080.0000      -30904.462545
3084.0000      -30895.945820
3088.0000      -30609.503164
3092.0000      -30817.521300
3096.0000      -30888.689239
3100.0000      -30874.663312
3104.0000      -30714.905338
3108.0000      -30801.149904
3112.0000      -30841.365854
3116.0000      -30822.304940
3120.0000      -30911.738698
3124.0000      -30859.526088
3128.0000      -30941.401100
3132.0000      -30903.872610
3136.0000      -30734.565950
3140.0000      -30855.515546
3144.0000      -30716.392671
3148.0000      -30945.297704
3152.0000      -30869.987935
3156.0000      -30850.488847
3160.0000      -30879.514243
3164.0000      -30969.316983
3168.0000      -30744.648083
3172.0000      -30831.663414
3176.0000      -30876.564098
3180.0000      -30889.996907
3184.0000      -30922.525329
3188.0000      -30952.793651
3192.0000      -30777.846830
3196.0000      -30717.374538
3200.0000      -31008.737129
3204.0000      -31041.277051
3208.0000      -31044.878291
3212.0000      -30978.234009
3216.0000      -30761.676486
3220.0000      -30809.385921
3224.0000      -30754.854973
3228.0000      -30935.180526
3232.0000      -30718.369204
3236.0000      -30877.395125
3240.0000      -30825.920829
3244.0000      -30810.272787
3248.0000      -30790.512166
3252.0000      -30780.875095
3256.0000      -30935.408001
3260.0000      -31046.676935
3264.0000      -30721.287401
3268.0000      -30865.737152
3272.0000      -30888.606500
3276.0000      -30812.861951
3280.0000      -30606.281904
3284.0000      -30822.105926
3288.0000      -30847.274944
3292.0000      -30909.358808
3296.0000      -30915.100913
3300.0000      -30886.769776
3304.0000      -30920.695423
3308.0000      -30902.310849
3312.0000      -30807.036455
3316.0000      -30851.181446
3320.0000      -30789.201529
3324.0000      -30863.396090
3328.0000      -30791.976761
3332.0000      -30882.508305
3336.0000      -30951.638494
3340.0000      -30831.253265
3344.0000      -30802.539885
3348.0000      -30985.349839
3352.0000      -30997.855372
3356.0000      -30984.762592
3360.0000      -30732.036186
3364.0000      -30910.847975
3368.0000      -30721.826629
3372.0000      -30770.891469
3376.0000      -30788.189166
3380.0000      -30838.575258
3384.0000      -31040.405965
3388.0000      -30859.651500
3392.0000      -30825.784393
3396.0000      -30803.896101
3400.0000      -30736.353039
3404.0000      -30908.766857
3408.0000      -30841.900178
3412.0000      -30787.265999
3416.0000      -30854.684640
3420.0000      -30921.295815
3424.0000      -30882.034848
3428.0000      -31005.490781
3432.0000      -30873.452860
3436.0000      -30856.885773
3440.0000      -30727.947687
3444.0000      -30720.699111
3448.0000      -30925.622395
3452.0000      -30824.741201
3456.0000      -30805.100613
3460.0000      -30915.531492
3464.0000      -30746.527526
3468.0000      -30915.962152
3472.0000      -30695.950269
3476.0000      -30701.071325
3480.0000      -30856.087483
3484.0000      -30974.420201
3488.0000      -30908.512668
3492.0000      -30958.139410
3496.0000      -31022.633379
3500.0000      -30729.541541
3504.0000      -30797.151500
3508.0000      -30898.094639
3512.0000      -30824.723002
3516.0000      -30990.335488
3520.0000      -30750.041056
3524.0000      -30753.594055
3528.0000      -30939.081079
3532.0000      -30917.260019
3536.0000      -30765.514359
3540.0000      -30675.694479
3544.0000      -30920.094500
3548.0000      -30852.915726
3552.0000      -30983.335919
3556.0000      -30881.064395
3560.0000      -30832.157151
3564.0000      -30922.871349
3568.0000      -30884.628281
3572.0000      -30799.514174
3576.0000      -30733.975589
3580.0000      -30666.570646
3584.0000      -30801.281785
3588.0000      -30934.182654
3592.0000      -30834.732927
3596.0000      -30956.744400
3600.0000      -30921.068745
3604.0000      -30888.919435
3608.0000      -30889.215060
3612.0000      -30897.598697
3616.0000      -30989.663410
3620.0000      -30939.405571
3624.0000      -30994.778824
3628.0000      -30889.925714
3632.0000      -30869.435529
3636.0000      -30757.218406
3640.0000      -30914.048381
3644.0000      -30791.023072
3648.0000      -30948.875042
3652.0000      -30927.400680
3656.0000      -30848.014141
3660.0000      -30808.608546
3664.0000      -30759.200719
3668.0000      -30601.359689
3672.0000      -30815.759359
3676.0000      -30815.996163
3680.0000      -31037.741983
3684.0000      -31049.674677
3688.0000      -30667.287118
3692.0000      -30906.589940
3696.0000      -31039.267448
3700.0000      -30805.325119
3704.0000      -30864.662368
3708.0000      -30763.068602
3712.0000      -30738.538705
3716.0000      -30834.725134
3720.0000      -30902.225633
3724.0000      -30814.874049
3728.0000      -31013.649046
3732.0000      -30803.852379
3736.0000      -30633.372715
3740.0000      -30789.311328
3744.0000      -30822.720182
3748.0000      -30915.851482
3752.0000      -30823.966281
3756.0000      -31013.525217
3760.0000      -30583.269987
3764.0000      -30812.741593
3768.0000      -30622.622983
3772.0000      -30959.628278
3776.0000      -30744.003560
3780.0000      -30753.493211
3784.0000      -30699.898526
3788.0000      -30787.401373
3792.0000      -30882.152623
3796.0000      -30757.932036
3800.0000      -30883.283005
3804.0000      -30822.994181
3808.0000      -30914.477423
3812.0000      -30955.245761
3816.0000      -31022.708435
3820.0000      -30977.036811
3824.0000      -30675.491701
3828.0000      -30967.012249
3832.0000      -30848.552264
3836.0000      -31032.096113
3840.0000      -30701.713137
3844.0000      -30689.561776
3848.0000      -30766.513411
3852.0000      -30954.389742
3856.0000      -30911.743592
3860.0000      -31079.945077
3864.0000      -30656.589130
3868.0000      -30776.456890
3872.0000      -30858.300193
3876.0000      -30842.280319
3880.0000      -30849.494591
3884.0000      -30956.608237
3888.0000      -31000.467968
3892.0000      -30658.942199
3896.0000      -30865.364556
3900.0000      -31004.331682
3904.0000      -30953.994157
3908.0000      -31030.227243
3912.0000      -30712.408623
3916.0000      -30893.986689
3920.0000      -30947.219044
3924.0000      -30833.761401
3928.0000      -30830.795584
3932.0000      -30845.377774
3936.0000      -30774.705661
3940.0000      -30895.401016
3944.0000      -30664.324956
3948.0000      -30628.436674
3952.0000      -30703.337735
3956.0000      -30834.593629
3960.0000      -30862.790043
3964.0000      -30953.039304
3968.0000      -30909.781633
3972.0000      -30814.313791
3976.0000      -30713.344267
3980.0000      -30664.243126
3984.0000      -30801.856470
3988.0000      -30815.689901
3992.0000      -30847.001416
3996.0000      -30956.261544
4000.0000      -30977.709393
4004.0000      -30977.709393
