4.0000      -30745.255194
8.0000      -30837.009964
12.0000      -30733.117636
16.0000      -30426.366275
20.0000      -30921.795455
24.0000      -30715.023849
28.0000      -30896.302964
32.0000      -30895.216931
36.0000      -30791.130516
40.0000      -30746.171979
44.0000      -31002.104597
48.0000      -30693.212736
52.0000      -30903.336648
56.0000      -30595.826970
60.0000      -30925.511605
64.0000      -31042.609896
68.0000      -30922.971079
72.0000      -30717.165947
76.0000      -30986.063733
80.0000      -30725.790915
84.0000      -30797.986328
88.0000      -30508.516977
92.0000      -30678.835321
96.0000      -30781.403909
100.0000      -31057.936975
104.0000      -31031.893135
108.0000      -30789.966830
112.0000      -30729.869239
116.0000      -30797.587244
120.0000      -30780.505708
124.0000      -30729.047460
128.0000      -30477.485357
132.0000      -30572.122010
136.0000      -30845.386794
140.0000      -30852.999741
144.0000      -30809.622612
148.0000      -30929.702488
152.0000      -30870.871775
156.0000      -30813.452568
160.0000      -30851.359923
164.0000      -30914.788184
168.0000      -30916.113814
172.0000      -30846.859310
176.0000      -30932.842715
180.0000      -30818.413426
184.0000      -30699.867450
188.0000      -30751.158258
192.0000      -30817.128714
196.0000      -30830.087210
200.0000      -30857.973159
204.0000      -30790.967815
208.0000      -30945.662838
212.0000      -30967.708691
216.0000      -31042.797871
220.0000      -30815.995575
224.0000      -30742.329269
228.0000      -30800.177345
232.0000      -30752.779203
236.0000      -30785.983228
240.0000      -30736.100346
244.0000      -30709.431345
248.0000      -30949.944626
252.0000      -31107.426497
256.0000      -30808.269017
260.0000      -30455.807682
264.0000      -30886.408927
268.0000      -30833.919741
272.0000      -30630.419601
276.0000      -30756.175137
280.0000      -30933.794292
284.0000      -30827.572253
288.0000      -30700.488876
292.0000      -30787.742749
296.0000      -30808.075886
300.0000      -30662.372405
304.0000      -30822.638815
308.0000      -30805.012099
312.0000      -30898.282821
316.0000      -31124.695875
320.0000      -30894.685296
324.0000      -30641.601560
328.0000      -30413.091745
332.0000      -30723.157809
336.0000      -30768.262143
340.0000      -30793.174245
344.0000      -30887.389391
348.0000      -30842.030673
352.0000      -30601.754849
356.0000      -30845.035115
360.0000      -30871.288967
364.0000      -30849.324274
368.0000      -30860.021550
372.0000      -30772.450084
376.0000      -30989.674645
380.0000      -30648.899120
384.0000      -30703.896228
388.0000      -30836.796353
392.0000      -30884.008798
396.0000      -30977.781261
400.0000      -30839.500380
404.0000      -30903.455769
408.0000      -30098.733275
412.0000      -30849.853503
416.0000      -30402.424428
420.0000      -30807.749936
424.0000      -30849.243072
428.0000      -30935.608922
432.0000      -30230.924213
436.0000      -30778.026962
440.0000      -30725.049877
444.0000      -30747.668993
448.0000      -30792.899276
452.0000      -30752.636674
456.0000      -30910.064081
460.0000      -30954.875593
464.0000      -30838.774838
468.0000      -30794.754905
472.0000      -30754.597162
476.0000      -30859.640890
480.0000      -31031.672747
484.0000      -30690.395337
488.0000      -30749.043007
492.0000      -30767.736648
496.0000      -30858.701083
500.0000      -30687.752922
504.0000      -30828.014735
508.0000      -30717.032158
512.0000      -30947.796466
516.0000      -30762.144059
520.0000      -30741.553449
524.0000      -30402.073470
528.0000      -30776.586122
532.0000      -30926.618265
536.0000      -30598.619111
540.0000      -30843.121928
544.0000      -30799.044636
548.0000      -30860.410895
552.0000      -30790.663339
556.0000      -30722.373472
560.0000      -30872.340875
564.0000      -30912.534924
568.0000      -30794.393799
572.0000      -30832.638469
576.0000      -30555.709984
580.0000      -30891.191662
584.0000      -30375.277161
588.0000      -30867.739460
592.0000      -30697.123489
596.0000      -30801.142481
600.0000      -30880.621907
604.0000      -30889.727610
608.0000      -30805.478837
612.0000      -30883.369205
616.0000      -30905.306870
620.0000      -30779.672081
624.0000      -30781.197096
628.0000      -30024.115089
632.0000      -30890.325368
636.0000      -31048.167834
640.0000      -30741.968385
644.0000      -30795.188712
648.0000      -30672.367493
652.0000      -30842.193632
656.0000      -30863.607559
660.0000      -30833.201821
664.0000      -30743.617226
668.0000      -30877.920047
672.0000      -30505.150523
676.0000      -30681.707738
680.0000      -30910.988858
684.0000      -29434.285107
688.0000      -30882.475550
692.0000      -30788.886679
696.0000      -30823.228819
700.0000      -29885.708430
704.0000      -30839.138520
708.0000      -30684.453447
712.0000      -30947.684261
716.0000      -30810.370119
720.0000      -30912.746055
724.0000      -30673.637330
728.0000      -30880.877871
732.0000      -30846.293191
736.0000      -30948.394565
740.0000      -30791.492173
744.0000      -30756.920906
748.0000      -30859.595917
752.0000      -30697.451040
756.0000      -30945.035537
760.0000      -30963.978563
764.0000      -30630.493960
768.0000      -30920.292157
772.0000      -30743.990253
776.0000      -30855.280221
780.0000      -30752.979412
784.0000      -30772.419375
788.0000      -31058.072877
792.0000      -30944.948647
796.0000      -30462.546720
800.0000      -30967.227770
804.0000      -30998.702412
808.0000      -30923.326203
812.0000      -30832.431859
816.0000      -30579.768098
820.0000      -30937.932957
824.0000      -30916.368514
828.0000      -30907.917794
832.0000      -30869.226008
836.0000      -30818.491021
840.0000      -30913.345431
844.0000      -30813.811735
848.0000      -30859.666667
852.0000      -30715.688087
856.0000      -30785.182245
860.0000      -30721.188467
864.0000      -30978.985556
868.0000      -30964.967783
872.0000      -30775.976054
876.0000      -30903.715542
880.0000      -30958.350699
884.0000      -30641.926465
888.0000      -30310.605936
892.0000      -30906.616346
896.0000      -30814.659368
900.0000      -31043.005275
904.0000      -30752.562323
908.0000      -30963.484900
912.0000      -30743.335426
916.0000      -30889.237377
920.0000      -30903.755721
924.0000      -30812.971570
928.0000      -30900.105173
932.0000      -30853.270739
936.0000      -30654.382203
940.0000      -30783.844267
944.0000      -30886.964606
948.0000      -30784.317113
952.0000      -30803.544226
956.0000      -30863.826557
960.0000      -30973.853186
964.0000      -30821.804726
968.0000      -30893.468442
972.0000      -30961.605404
976.0000      -30865.127880
980.0000      -30903.964094
984.0000      -30888.669892
988.0000      -30778.354606
992.0000      -30746.547831
996.0000      -30820.930059
1000.0000      -30738.917743
1004.0000      -30873.121224
1008.0000      -30974.112849
1012.0000      -30792.691557
1016.0000      -30700.648008
1020.0000      -30960.941111
1024.0000      -30805.396125
1028.0000      -30906.748849
1032.0000      -30945.839726
1036.0000      -30872.477472
1040.0000      -30796.731606
1044.0000      -30875.370979
1048.0000      -30917.541801
1052.0000      -30798.118241
1056.0000      -31050.552118
1060.0000      -30846.432668
1064.0000      -31074.759173
1068.0000      -30882.836522
1072.0000      -30789.373026
1076.0000      -29253.541700
1080.0000      -31045.984426
1084.0000      -30918.326517
1088.0000      -30852.776266
1092.0000      -30170.312865
1096.0000      -29334.975501
1100.0000      -31000.125416
1104.0000      -30900.549883
1108.0000      -30842.585529
1112.0000      -30694.883618
1116.0000      -30821.023084
1120.0000      -30833.614081
1124.0000      -30839.753927
1128.0000      -30861.560008
1132.0000      -30747.604364
1136.0000      -30972.651109
1140.0000      -30989.632750
1144.0000      -30759.676759
1148.0000      -30958.643309
1152.0000      -30827.199234
1156.0000      -30937.436800
1160.0000      -30879.949336
1164.0000      -30753.997043
1168.0000      -30668.406910
1172.0000      -30996.544484
1176.0000      -30949.725305
1180.0000      -30768.515334
1184.0000      -30927.180816
1188.0000      -30842.784599
1192.0000      -30859.686210
1196.0000      -30747.676856
1200.0000      -30848.497937
1204.0000      -30855.521699
1208.0000      -30711.179435
1212.0000      -30925.600264
1216.0000      -30745.253397
1220.0000      -30870.297448
1224.0000      -30703.552206
1228.0000      -30574.509430
1232.0000      -30702.687143
1236.0000      -30768.793581
1240.0000      -30864.533681
1244.0000      -30771.618385
1248.0000      -30969.592162
1252.0000      -30808.051880
1256.0000      -30605.311858
1260.0000      -30932.854766
1264.0000      -30895.854150
1268.0000      -29978.762484
1272.0000      -30942.618107
1276.0000      -30894.594709
1280.0000      -30986.101398
1284.0000      -30924.151756
1288.0000      -31028.403878
1292.0000      -31069.251142
1296.0000      -30588.530481
1300.0000      -30831.608026
1304.0000      -30809.784998
1308.0000      -30755.058099
1312.0000      -30822.515489
1316.0000      -30792.245852
1320.0000      -30727.323657
1324.0000      -30835.001707
1328.0000      -31007.393360
1332.0000      -30886.701172
1336.0000      -31129.947761
1340.0000      -30956.534982
1344.0000      -31043.632448
1348.0000      -30909.794109
1352.0000      -30881.782013
1356.0000      -30803.019835
1360.0000      -30808.460900
1364.0000      -30702.821052
1368.0000      -30931.715447
1372.0000      -30872.497149
1376.0000      -31081.994892
1380.0000      -31050.762743
1384.0000      -30922.493929
1388.0000      -30860.942027
1392.0000      -31044.487973
1396.0000      -30792.808268
1400.0000      -30722.566800
1404.0000      -30842.789167
1408.0000      -30946.278375
1412.0000      -30879.237841
1416.0000      -30909.096813
1420.0000      -30829.491482
1424.0000      -30914.438283
1428.0000      -30678.700384
1432.0000      -30625.202972
1436.0000      -30755.807475
1440.0000      -30964.211126
1444.0000      -30785.986122
1448.0000      -30843.957518
1452.0000      -30745.385313
1456.0000      -30853.854573
1460.0000      -30787.328286
1464.0000      -30830.947024
1468.0000      -30996.890444
1472.0000      -30712.641335
1476.0000      -30810.112387
1480.0000      -30319.122181
1484.0000      -30892.711909
1488.0000      -30808.873509
1492.0000      -30652.391479
1496.0000      -30970.855319
1500.0000      -30887.018549
1504.0000      -30719.562504
1508.0000      -30941.368353
1512.0000      -30744.499292
1516.0000      -30789.090421
1520.0000      -30700.132622
1524.0000      -31126.174253
1528.0000      -30951.404938
1532.0000      -30744.978723
1536.0000      -30775.363720
1540.0000      -28575.486403
1544.0000      -30975.937784
1548.0000      -30720.547671
1552.0000      -30925.590487
1556.0000      -30933.584101
1560.0000      -30707.876001
1564.0000      -30081.426439
1568.0000      -31012.618051
1572.0000      -30720.898961
1576.0000      -30804.481550
1580.0000      -30654.391678
1584.0000      -30842.008331
1588.0000      -30747.379834
1592.0000      -30826.269160
1596.0000      -30835.806749
1600.0000      -30790.064449
1604.0000      -30813.801914
1608.0000      -30758.489828
1612.0000      -30690.254495
1616.0000      -30697.967402
1620.0000      -30632.507548
1624.0000      -30625.199795
1628.0000      -30804.176449
1632.0000      -30852.675244
1636.0000      -30759.967000
1640.0000      -30884.249936
1644.0000      -30901.981510
1648.0000      -30948.676577
1652.0000      -30812.015256
1656.0000      -31098.919377
1660.0000      -30811.015145
1664.0000      -26596.390239
1668.0000      -30944.266168
1672.0000      -30947.324963
1676.0000      -30923.714426
1680.0000      -30985.393585
1684.0000      -30935.850535
1688.0000      -30731.854116
1692.0000      -30821.804534
1696.0000      -30927.476983
1700.0000      -30866.525117
1704.0000      -30911.824423
1708.0000      -30057.108924
1712.0000      -30949.469752
1716.0000      -30831.771444
1720.0000      -30787.534153
1724.0000      -30953.796668
1728.0000      -30774.273152
1732.0000      -30925.556068
1736.0000      -30949.049745
1740.0000      -30971.978842
1744.0000      -30901.206525
1748.0000      -31104.231950
1752.0000      -30940.261792
1756.0000      -30691.862074
1760.0000      -30842.970055
1764.0000      -30927.739885
1768.0000      -30844.719458
1772.0000      -30840.176018
1776.0000      -30709.872363
1780.0000      -30737.050701
1784.0000      -30833.269422
1788.0000      -30886.727673
1792.0000      -30769.377651
1796.0000      -30855.838577
1800.0000      -30067.002676
1804.0000      -30822.049690
1808.0000      -30898.804718
1812.0000      -30877.361098
1816.0000      -30765.459219
1820.0000      -30602.052235
1824.0000      -30201.798759
1828.0000      -30864.966225
1832.0000      -30912.847303
1836.0000      -30868.426476
1840.0000      -30742.227449
1844.0000      -30697.567486
1848.0000      -30780.594191
1852.0000      -30896.616634
1856.0000      -30791.363293
1860.0000      -30807.398674
1864.0000      -30592.411557
1868.0000      -30643.637652
1872.0000      -30891.382533
1876.0000      -30733.043114
1880.0000      -30827.363468
1884.0000      -30930.206047
1888.0000      -30991.065405
1892.0000      -30833.604136
1896.0000      -30997.148485
1900.0000      -30865.652310
1904.0000      -30705.402339
1908.0000      -30796.650118
1912.0000        -647.388882
1916.0000      -30962.185959
1920.0000      -30851.865126
1924.0000      -30741.932745
1928.0000      -30910.606724
1932.0000      -30847.264930
1936.0000      -30854.201031
1940.0000      -30670.779770
1944.0000      -30786.995583
1948.0000      -30804.829840
1952.0000      -30723.225908
1956.0000      -30930.311201
1960.0000      -30859.526796
1964.0000      -30490.080281
1968.0000      -30817.237483
1972.0000      -30912.953450
1976.0000      -30817.179625
1980.0000      -29174.332004
1984.0000      -30828.236668
1988.0000      -30792.859443
1992.0000      -30804.522684
1996.0000      -30752.775225
2000.0000      -27021.580450
2004.0000      -30778.561413
2008.0000      -30812.833869
2012.0000      -30757.462623
2016.0000      -30853.117074
2020.0000      -30805.579411
2024.0000      -30885.306299
2028.0000      -30980.799861
2032.0000      -30788.153148
2036.0000      -30864.921263
2040.0000      -30807.111460
2044.0000      -30858.416967
2048.0000      -30834.431078
2052.0000      -30655.806703
2056.0000      -30748.231648
2060.0000      -30819.009083
2064.0000      -30689.545260
2068.0000      -30863.049491
2072.0000      -30690.369259
2076.0000      -30965.268801
2080.0000      -30618.079908
2084.0000      -30870.871004
2088.0000      -30928.994399
2092.0000      -30729.956989
2096.0000      -30865.867425
2100.0000      -30908.958108
2104.0000      -30857.750383
2108.0000      -30690.470888
2112.0000      -30721.184432
2116.0000      -30948.733534
2120.0000      -30671.472668
2124.0000      -31123.514801
2128.0000      -30808.661026
2132.0000      -30822.915769
2136.0000      -30711.900555
2140.0000      -30751.324806
2144.0000      -30679.755619
2148.0000      -30680.550464
2152.0000      -30982.034157
2156.0000      -30809.355532
2160.0000      -30722.662858
2164.0000      -30818.312600
2168.0000      -30849.353023
2172.0000      -30772.733922
2176.0000      -30886.482234
2180.0000      -30950.526573
2184.0000      -30898.453433
2188.0000      -30883.632840
2192.0000      -30834.743493
2196.0000      -30896.727959
2200.0000      -30889.786333
2204.0000      -30888.724967
2208.0000      -30830.216236
2212.0000      -30770.027755
2216.0000      -30678.234242
2220.0000      -31034.823063
2224.0000      -30806.151729
2228.0000      -30940.150109
2232.0000      -30814.038918
2236.0000      -30918.867245
2240.0000      -30897.471721
2244.0000      -30835.830267
2248.0000      -30889.029118
2252.0000      -30910.265382
2256.0000      -30718.252731
2260.0000      -30747.033762
2264.0000      -30955.830869
2268.0000      -30787.125462
2272.0000      -30845.636714
2276.0000      -30763.465724
2280.0000      -30898.880295
2284.0000      -30893.200485
2288.0000      -30884.084587
2292.0000      -30740.968743
2296.0000      -30847.311603
2300.0000      -30890.750969
2304.0000      -30903.224516
2308.0000      -31021.617243
2312.0000      -30809.049638
2316.0000      -30988.542184
2320.0000      -30645.596287
2324.0000      -30739.796967
2328.0000      -30780.608847
2332.0000      -30811.454691
2336.0000      -30924.153990
2340.0000      -30735.182939
2344.0000      -30526.713588
2348.0000      -30638.217987
2352.0000      -30674.272358
2356.0000      -30841.653568
2360.0000      -30849.510000
2364.0000      -30860.775009
2368.0000      -30859.331856
2372.0000      -30798.258773
2376.0000      -30849.020931
2380.0000      -30746.959002
2384.0000      -30984.381345
2388.0000      -30974.829185
2392.0000      -30977.101637
2396.0000      -30888.048778
2400.0000      -30787.050468
2404.0000      -31050.901466
2408.0000      -30688.653474
2412.0000      -30891.887319
2416.0000      -30975.959071
2420.0000      -30796.270879
2424.0000      -30826.664308
2428.0000      -30017.686012
2432.0000      -30975.055458
2436.0000      -30892.960278
2440.0000      -30872.456145
2444.0000      -29865.353027
2448.0000      -30930.653209
2452.0000      -31070.398380
2456.0000      -30624.663694
2460.0000      -30829.491831
2464.0000      -30919.205801
2468.0000      -30926.283939
2472.0000      -31016.673604
2476.0000      -30843.275493
2480.0000      -30681.286296
2484.0000      -30826.176475
2488.0000      -30869.428704
2492.0000      -30746.761362
2496.0000      -30852.088844
2500.0000      -30875.998194
2504.0000      -30617.574766
2508.0000      -30878.240054
2512.0000      -30919.865214
2516.0000      -30916.651467
2520.0000      -30743.215338
2524.0000      -30760.839011
2528.0000      -30904.816159
2532.0000      -30794.259576
2536.0000      -30833.454239
2540.0000      -30886.180643
2544.0000      -30939.755326
2548.0000      -30845.086740
2552.0000      -30725.567588
2556.0000      -30843.668284
2560.0000      -30813.646133
2564.0000      -30918.430922
2568.0000      -30968.011991
2572.0000      -30866.259155
2576.0000      -30795.853478
2580.0000      -30847.765436
2584.0000      -30993.986089
2588.0000      -30708.600775
2592.0000      -30699.574313
2596.0000      -30909.539270
2600.0000      -30852.749200
2604.0000      -30962.703300
2608.0000      -30818.159836
2612.0000      -30715.172075
2616.0000      -30958.304908
2620.0000      -30627.828446
2624.0000      -30869.104990
2628.0000      -30917.829215
2632.0000      -30762.845424
2636.0000      -30661.976000
2640.0000      -30726.692838
2644.0000      -30706.006496
2648.0000      -30689.732625
2652.0000      -30960.627494
2656.0000      -30783.499720
2660.0000      -31025.950548
2664.0000      -29941.651568
2668.0000      -30720.177864
2672.0000      -30722.799133
2676.0000      -30861.608018
2680.0000      -29935.045126
2684.0000      -30793.023017
2688.0000      -30780.896157
2692.0000      -30841.049014
2696.0000      -30889.873068
2700.0000      -30874.365951
2704.0000      -30757.602147
2708.0000      -30863.995275
2712.0000      -30780.392741
2716.0000      -31012.863063
2720.0000      -30775.824614
2724.0000      -30806.800422
2728.0000      -30854.530205
2732.0000      -30668.682946
2736.0000      -30783.495857
2740.0000      -30805.359728
2744.0000      -30670.816270
2748.0000      -30893.921569
2752.0000      -30899.757423
2756.0000      -30805.373956
2760.0000      -30864.003133
2764.0000      -30867.686289
2768.0000      -30866.732966
2772.0000      -30818.551226
2776.0000      -30966.430470
2780.0000      -30883.245303
2784.0000      -30897.506086
2788.0000      -30832.185967
2792.0000      -30857.060651
2796.0000      -30685.937916
2800.0000      -30644.854435
2804.0000      -30706.758270
2808.0000      -30840.778998
2812.0000      -30704.799466
2816.0000      -30801.185002
2820.0000      -30663.106997
2824.0000      -30852.460583
2828.0000      -30301.879276
2832.0000      -30834.105706
2836.0000      -30923.297310
2840.0000      -30870.987191
2844.0000      -30927.881661
2848.0000      -30720.633561
2852.0000      -30767.961686
2856.0000      -30877.284366
2860.0000      -30732.945004
2864.0000      -30827.422916
2868.0000      -30880.781640
2872.0000      -30956.262035
2876.0000      -30833.674730
2880.0000      -30809.671468
2884.0000      -30881.221124
2888.0000      -30877.623799
2892.0000      -30907.561449
2896.0000      -30816.458850
2900.0000      -30740.582465
2904.0000      -30787.845764
2908.0000      -30706.222908
2912.0000      -30838.087456
2916.0000      -30869.916742
2920.0000      -30938.311931
2924.0000      -30744.822275
2928.0000      -30568.421549
2932.0000      -30619.977372
2936.0000      -30661.033046
2940.0000      -30773.178864
2944.0000      -30916.624443
2948.0000      -30695.607104
2952.0000      -30856.422666
2956.0000      -30785.692702
2960.0000      -30741.900187
2964.0000      -30900.017768
2968.0000      -30915.950807
2972.0000      -30713.223949
2976.0000      -30527.639891
2980.0000      -30877.583264
2984.0000      -30825.844402
2988.0000      -30733.185367
2992.0000      -30920.835460
2996.0000      -30970.129022
3000.0000      -30851.403000
3004.0000      -30758.743293
3008.0000      -30885.124872
3012.0000      -30973.067212
3016.0000      -30729.172826
3020.0000      -30819.939198
3024.0000      -30692.203062
3028.0000      -30753.614677
3032.0000      -30754.252256
3036.0000      -30767.692349
3040.0000      -30784.395281
3044.0000      -30690.526461
3048.0000      -30765.613084
3052.0000      -30905.458318
3056.0000      -30950.616353
3060.0000      -30743.768185
3064.0000      -30938.636901
3068.0000      -30811.971766
3072.0000      -30785.331764
3076.0000      -30773.508420
3080.0000      -30858.825980
3084.0000      -30800.456029
3088.0000      -30851.212145
3092.0000      -30820.416412
3096.0000      -30834.728982
3100.0000      -31027.802692
3104.0000      -30921.232723
3108.0000      -30709.113246
3112.0000      -31010.568855
3116.0000      -30790.868637
3120.0000      -30687.395158
3124.0000      -30599.146094
3128.0000      -30791.137378
3132.0000      -30903.985378
3136.0000      -30510.439004
3140.0000      -30832.618419
3144.0000      -30832.807383
3148.0000      -30847.661887
3152.0000      -31021.832312
3156.0000      -30858.952455
3160.0000      -30711.531144
3164.0000      -30670.236489
3168.0000      -30881.787062
3172.0000      -30785.834693
3176.0000      -30759.319924
3180.0000      -30849.165628
3184.0000      -30964.761946
3188.0000      -30749.962216
3192.0000      -30773.700439
3196.0000      -30845.923764
3200.0000      -30827.051964
3204.0000      -30820.928001
3208.0000      -30518.906122
3212.0000      -30867.539464
3216.0000      -30881.630099
3220.0000      -30896.081767
3224.0000      -30760.878691
3228.0000      -30921.375418
3232.0000      -30826.346848
3236.0000      -30848.797586
3240.0000      -30850.351257
3244.0000      -30891.832116
3248.0000      -30819.505534
3252.0000      -30883.370215
3256.0000      -30514.169682
3260.0000      -30536.550450
3264.0000      -30715.439748
3268.0000      -30864.402501
3272.0000      -30809.209751
3276.0000      -30793.306218
3280.0000      -30881.578984
3284.0000      -30682.852221
3288.0000      -30907.425834
3292.0000      -30880.365023
3296.0000      -31019.881534
3300.0000      -30702.154050
3304.0000      -30833.913182
3308.0000      -30812.137653
3312.0000      -31013.462852
3316.0000      -31033.349902
3320.0000      -25722.678251
3324.0000      -30553.937057
3328.0000      -30641.635267
3332.0000      -30761.315812
3336.0000      -30744.377855
3340.0000      -30432.765662
3344.0000      -30952.037795
3348.0000      -30872.004713
3352.0000      -30856.154595
3356.0000      -30804.419317
3360.0000      -30838.989573
3364.0000      -30740.810416
3368.0000      -30873.285416
3372.0000      -30819.582007
3376.0000      -30920.747372
3380.0000      -30692.084052
3384.0000      -30900.186031
3388.0000      -30796.590263
3392.0000      -30683.505901
3396.0000      -30867.452883
3400.0000      -30740.960522
3404.0000      -30777.557787
3408.0000      -30605.284320
3412.0000      -30756.071245
3416.0000      -30903.203682
3420.0000      -30848.769548
3424.0000      -30907.608928
3428.0000      -30859.527110
3432.0000      -30794.292226
3436.0000      -30802.128986
3440.0000      -30710.278114
3444.0000      -30903.648346
3448.0000      -30642.697650
3452.0000      -27405.535230
3456.0000      -30775.127557
3460.0000      -30756.348695
3464.0000      -30869.857670
3468.0000      -30868.551654
3472.0000      -30755.235482
3476.0000      -31019.562723
3480.0000      -30862.721697
3484.0000      -30680.924862
3488.0000      -30835.164711
3492.0000      -30737.028620
3496.0000      -30891.283558
3500.0000      -30858.200955
3504.0000      -30913.775208
3508.0000      -30841.181249
3512.0000      -30623.793239
3516.0000      -30857.538513
3520.0000      -30869.874171
3524.0000      -30914.739558
3528.0000      -30809.239688
3532.0000      -30835.302368
3536.0000      -30715.675346
3540.0000      -30522.132530
3544.0000      -30806.672222
3548.0000      -30818.886312
3552.0000      -30893.758613
3556.0000      -30777.660031
3560.0000      -30913.533434
3564.0000      -30169.540170
3568.0000      -30802.831167
3572.0000      -30814.928689
3576.0000      -30815.618308
3580.0000      -30677.748244
3584.0000      -29943.917173
3588.0000      -30927.964449
3592.0000      -30771.958280
3596.0000      -30747.927159
3600.0000      -30880.013745
3604.0000      -30854.983957
3608.0000      -30911.557081
3612.0000      -30542.308499
3616.0000      -30760.890023
3620.0000      -30712.288252
3624.0000      -30860.773737
3628.0000      -30850.918220
3632.0000      -30796.695851
3636.0000      -30919.049487
3640.0000      -30824.421923
3644.0000      -30987.261379
3648.0000      -30729.610891
3652.0000      -30814.656758
3656.0000      -30742.962195
3660.0000      -30897.103146
3664.0000       46368.773345
3668.0000      -30837.401948
3672.0000      -30933.999636
3676.0000      -30659.019673
3680.0000      -30859.743591
3684.0000      -30762.126479
3688.0000      -30818.183937
3692.0000      -30964.923769
3696.0000      -30746.404445
3700.0000      -30732.715107
3704.0000      -30829.305238
3708.0000      -30868.665301
3712.0000      -31011.329240
3716.0000      -30776.908584
3720.0000      -30771.203502
3724.0000      -30791.146744
3728.0000      -30842.145554
3732.0000      -30749.362189
3736.0000      -30833.297534
3740.0000      -30863.036904
3744.0000      -30791.402636
3748.0000      -30879.113826
3752.0000      -30860.888854
3756.0000      -30892.187315
3760.0000      -31045.060266
3764.0000      -30749.849193
3768.0000      -30818.002340
3772.0000      -30806.787629
3776.0000      -30884.656854
3780.0000      -30713.193567
3784.0000      -30913.274446
3788.0000      -30802.017605
3792.0000      -30892.362768
3796.0000      -30941.883086
3800.0000      -30887.546885
3804.0000      -30899.135922
3808.0000      -30418.540724
3812.0000      -30874.508812
3816.0000      -30681.163698
3820.0000      -30966.791603
3824.0000      -30708.267932
3828.0000      -30793.095808
3832.0000      -30961.642647
3836.0000      -30859.888217
3840.0000      -30909.457729
3844.0000      -30906.753703
3848.0000      -30852.767348
3852.0000      -30778.368026
3856.0000      -30693.012895
3860.0000      -30826.804662
3864.0000      -30876.862380
3868.0000      -30875.852630
3872.0000      -30794.757086
3876.0000      -30591.323234
3880.0000      -30930.472794
3884.0000      -30940.517164
3888.0000      -30962.435635
3892.0000      -30631.910988
3896.0000      -30606.138743
3900.0000      -30737.053543
3904.0000      -30932.586600
3908.0000      -30822.977512
3912.0000      -30916.746211
3916.0000      -30856.292857
3920.0000      -30854.909192
3924.0000      -30986.841746
3928.0000      -30733.642544
3932.0000      -31010.582808
3936.0000      -30725.235237
3940.0000      -30844.266869
3944.0000      -30918.758081
3948.0000      -30854.943966
3952.0000      -30892.251854
3956.0000      -30865.523736
3960.0000      -30698.794266
3964.0000      -30985.527445
3968.0000      -30719.194706
3972.0000      -30892.585486
3976.0000      -31022.414643
3980.0000      -30806.583362
3984.0000      -30776.996337
3988.0000      -30925.036596
3992.0000      -30799.619167
3996.0000      -30827.392024
4000.0000      -30970.919526
4004.0000      -30970.919526
