4.0000      -30963.137930
8.0000      -30959.659295
12.0000      -30938.510512
16.0000      -30928.780135
20.0000      -30985.851668
24.0000      -31033.102061
28.0000      -31071.556307
32.0000      -31065.740236
36.0000      -31047.868773
40.0000      -30926.187039
44.0000      -31022.632205
48.0000      -30980.368308
52.0000      -30992.473555
56.0000      -30867.298321
60.0000      -30828.563762
64.0000      -30900.089599
68.0000      -30983.150546
72.0000      -30698.948108
76.0000      -30787.630660
80.0000      -30987.837988
84.0000      -30894.078563
88.0000      -30727.751090
92.0000      -30863.510102
96.0000      -30997.820709
100.0000      -30815.565315
104.0000      -31003.850200
108.0000      -30744.204690
112.0000      -30708.731518
116.0000      -30950.586929
120.0000      -30715.662226
124.0000      -30842.876448
128.0000      -30754.478393
132.0000      -30954.156142
136.0000      -30897.154528
140.0000      -30814.235446
144.0000      -30952.755063
148.0000      -30867.008166
152.0000      -30813.503408
156.0000      -30912.236865
160.0000      -30943.088948
164.0000      -31096.106512
168.0000      -31027.259660
172.0000      -30967.624900
176.0000      -30856.295820
180.0000      -30927.580713
184.0000      -30855.241956
188.0000      -30868.282510
192.0000      -30983.872954
196.0000      -30978.471218
200.0000      -30937.619275
204.0000      -31092.334497
208.0000      -30886.583820
212.0000      -30923.727446
216.0000      -30872.492205
220.0000      -30840.280473
224.0000      -30788.844514
228.0000      -30921.459667
232.0000      -30927.332199
236.0000      -31053.425278
240.0000      -30799.953835
244.0000      -30885.419440
248.0000      -30926.797426
252.0000      -30840.916219
256.0000      -31134.886557
260.0000      -30849.932094
264.0000      -30870.773364
268.0000      -30848.507280
272.0000      -30876.041424
276.0000      -30946.156187
280.0000      -31077.558909
284.0000      -30896.780706
288.0000      -30958.836040
292.0000      -30822.454124
296.0000      -30923.489749
300.0000      -30736.497638
304.0000      -30914.903246
308.0000      -30990.216789
312.0000      -31018.153338
316.0000      -30988.515114
320.0000      -30906.331288
324.0000      -30945.189758
328.0000      -31054.766795
332.0000      -30890.768613
336.0000      -30837.933447
340.0000      -30953.027552
344.0000      -30785.421285
348.0000      -30921.681236
352.0000      -30880.871491
356.0000      -30946.940724
360.0000      -30947.453707
364.0000      -30972.446588
368.0000      -30884.208653
372.0000      -30994.843654
376.0000      -30846.482787
380.0000      -30861.079688
384.0000      -30880.601342
388.0000      -30985.032426
392.0000      -30894.324911
396.0000      -31043.696390
400.0000      -30926.625092
404.0000      -30969.052521
408.0000      -31077.958895
412.0000      -30912.644103
416.0000      -30903.213705
420.0000      -30776.150774
424.0000      -30848.976315
428.0000      -30931.054569
432.0000      -30989.294753
436.0000      -30886.741488
440.0000      -30805.851532
444.0000      -30850.169083
448.0000      -30999.350120
452.0000      -30893.866443
456.0000      -30991.950699
460.0000      -30958.601806
464.0000      -30854.203644
468.0000      -30831.116058
472.0000      -30796.474906
476.0000      -30866.452699
480.0000      -30892.922811
484.0000      -30993.327600
488.0000      -30798.560691
492.0000      -30930.035426
496.0000      -31054.510460
500.0000      -30676.166937
504.0000      -30794.790572
508.0000      -30747.350738
512.0000      -30939.385776
516.0000      -30852.181089
520.0000      -30900.627511
524.0000      -30850.369813
528.0000      -30836.532838
532.0000      -30808.195370
536.0000      -30970.433840
540.0000      -30904.026407
544.0000      -30801.369897
548.0000      -30850.858588
552.0000      -30939.571546
556.0000      -30910.584534
560.0000      -30898.738472
564.0000      -30897.813319
568.0000      -30967.213265
572.0000      -30981.971995
576.0000      -30983.986403
580.0000      -30993.493462
584.0000      -30827.866861
588.0000      -30858.178813
592.0000      -30822.525814
596.0000      -30842.567042
600.0000      -30918.275064
604.0000      -30745.451126
608.0000      -31064.795030
612.0000      -30892.452684
616.0000      -30836.803676
620.0000      -30970.677641
624.0000      -30793.889551
628.0000      -31003.102612
632.0000      -30943.185716
636.0000      -30806.338589
640.0000      -30856.953368
644.0000      -31045.372455
648.0000      -30829.243914
652.0000      -31041.042397
656.0000      -30843.526750
660.0000      -30830.821736
664.0000      -30968.592044
668.0000      -31044.188306
672.0000      -30923.541213
676.0000      -30770.261039
680.0000      -30850.283661
684.0000      -30870.616511
688.0000      -30762.828288
692.0000      -30885.229082
696.0000      -30883.715771
700.0000      -30968.703699
704.0000      -31228.211442
708.0000      -31129.313089
712.0000      -30869.820460
716.0000      -30854.207742
720.0000      -30932.861941
724.0000      -30881.873341
728.0000      -30866.383364
732.0000      -30854.670687
736.0000      -30912.714240
740.0000      -31032.838173
744.0000      -30907.989394
748.0000      -30953.658063
752.0000      -30872.363480
756.0000      -30998.882949
760.0000      -30913.974364
764.0000      -30933.398259
768.0000      -30900.217259
772.0000      -30928.387396
776.0000      -30800.036418
780.0000      -30858.175974
784.0000      -30816.814056
788.0000      -30946.145118
792.0000      -30914.649283
796.0000      -31017.623908
800.0000      -30928.564805
804.0000      -30853.110873
808.0000      -30875.991405
812.0000      -30755.701926
816.0000      -30873.468264
820.0000      -30779.905053
824.0000      -30848.308862
828.0000      -30926.927590
832.0000      -30976.303657
836.0000      -30936.660630
840.0000      -30977.361490
844.0000      -31141.186296
848.0000      -30812.319278
852.0000      -30989.436419
856.0000      -30788.059986
860.0000      -30884.344757
864.0000      -30806.697843
868.0000      -30958.558171
872.0000      -30802.864378
876.0000      -31090.771658
880.0000      -30971.692733
884.0000      -30978.861955
888.0000      -30883.859858
892.0000      -30895.206063
896.0000      -30934.916640
900.0000      -30895.596590
904.0000      -31004.299802
908.0000      -30881.402963
912.0000      -30982.238645
916.0000      -30897.743267
920.0000      -30896.603396
924.0000      -30977.677322
928.0000      -31011.313860
932.0000      -30878.142728
936.0000      -30897.270371
940.0000      -30962.638676
944.0000      -30954.564995
948.0000      -30899.921544
952.0000      -30889.693512
956.0000      -30951.590017
960.0000      -30877.876770
964.0000      -30764.032397
968.0000      -31098.368644
972.0000      -31008.615447
976.0000      -31038.686126
980.0000      -30832.269041
984.0000      -30897.745009
988.0000      -30777.192536
992.0000      -30725.119953
996.0000      -30934.242299
1000.0000      -30817.219972
1004.0000      -30969.029814
1008.0000      -30862.138776
1012.0000      -30922.978045
1016.0000      -30863.732425
1020.0000      -30960.466252
1024.0000      -30878.114158
1028.0000      -31073.368083
1032.0000      -30952.871152
1036.0000      -30758.694806
1040.0000      -30802.319686
1044.0000      -30904.638061
1048.0000      -30882.775141
1052.0000      -31015.527607
1056.0000      -30996.476486
1060.0000      -30913.988528
1064.0000      -30994.448913
1068.0000      -30739.190766
1072.0000      -30938.998011
1076.0000      -30913.956869
1080.0000      -30867.775692
1084.0000      -30870.694477
1088.0000      -30972.126107
1092.0000      -30847.213994
1096.0000      -30861.670057
1100.0000      -30771.791249
1104.0000      -30840.247148
1108.0000      -30856.108516
1112.0000      -30954.757475
1116.0000      -30838.010436
1120.0000      -31027.017027
1124.0000      -30806.572229
1128.0000      -31006.975451
1132.0000      -30849.735150
1136.0000      -30857.853882
1140.0000      -31026.787847
1144.0000      -30852.186571
1148.0000      -30898.837170
1152.0000      -30814.304909
1156.0000      -30914.243809
1160.0000      -30928.218582
1164.0000      -30853.218074
1168.0000      -30909.792503
1172.0000      -30860.921850
1176.0000      -30743.330765
1180.0000      -31033.914457
1184.0000      -30811.286652
1188.0000      -30974.528300
1192.0000      -30926.556541
1196.0000      -30821.733627
1200.0000      -30803.923494
1204.0000      -30880.438804
1208.0000      -30927.738206
1212.0000      -31091.654374
1216.0000      -31013.149820
1220.0000      -31006.421400
1224.0000      -30923.009959
1228.0000      -30850.989701
1232.0000      -30907.962841
1236.0000      -30987.511174
1240.0000      -30908.060954
1244.0000      -30842.050722
1248.0000      -30905.560444
1252.0000      -30934.727310
1256.0000      -30912.570003
1260.0000      -30965.733347
1264.0000      -30935.445935
1268.0000      -30916.265983
1272.0000      -30742.806889
1276.0000      -31047.513471
1280.0000      -30736.377960
1284.0000      -30936.562769
1288.0000      -30995.825830
1292.0000      -30860.085675
1296.0000      -30762.331457
1300.0000      -30886.899882
1304.0000      -30900.296713
1308.0000      -31101.423736
1312.0000      -30994.670181
1316.0000      -30940.289334
1320.0000      -31036.122664
1324.0000      -30872.486916
1328.0000      -30865.686494
1332.0000      -31107.580360
1336.0000      -31112.588814
1340.0000      -30950.554613
1344.0000      -30876.564206
1348.0000      -31012.806301
1352.0000      -30921.904343
1356.0000      -30978.746571
1360.0000      -30696.513995
1364.0000      -30926.046409
1368.0000      -30901.465686
1372.0000      -30851.899030
1376.0000      -30937.094682
1380.0000      -30882.097804
1384.0000      -30912.523309
1388.0000      -30877.884994
1392.0000      -30967.064745
1396.0000      -31030.507216
1400.0000      -30770.020267
1404.0000      -30872.447939
1408.0000      -30757.251215
1412.0000      -30798.021582
1416.0000      -30959.062253
1420.0000      -30976.974714
1424.0000      -30994.687273
1428.0000      -31005.912726
1432.0000      -30898.330786
1436.0000      -30854.576342
1440.0000      -31075.008235
1444.0000      -30705.853422
1448.0000      -30943.514536
1452.0000      -30894.474578
1456.0000      -30844.046460
1460.0000      -31136.179550
1464.0000      -30773.131310
1468.0000      -30851.989214
1472.0000      -30795.024397
1476.0000      -30826.834952
1480.0000      -30922.440820
1484.0000      -30830.105916
1488.0000      -30837.198773
1492.0000      -30896.113459
1496.0000      -30909.714755
1500.0000      -30852.470966
1504.0000      -30828.219107
1508.0000      -31057.163046
1512.0000      -30883.089109
1516.0000      -30927.582244
1520.0000      -30948.441650
1524.0000      -30806.251502
1528.0000      -31000.548768
1532.0000      -31018.624925
1536.0000      -30994.691284
1540.0000      -30827.649861
1544.0000      -31013.941435
1548.0000      -30837.696882
1552.0000      -30829.472396
1556.0000      -30810.119955
1560.0000      -30732.477592
1564.0000      -30853.956608
1568.0000      -30987.839723
1572.0000      -30882.735900
1576.0000      -30914.818980
1580.0000      -30954.452505
1584.0000      -30912.125643
1588.0000      -30919.044490
1592.0000      -30916.209779
1596.0000      -30875.174952
1600.0000      -30885.871930
1604.0000      -30782.704239
1608.0000      -30998.492331
1612.0000      -30852.264505
1616.0000      -30940.810146
1620.0000      -31020.698392
1624.0000      -31002.893417
1628.0000      -31028.425344
1632.0000      -30851.813242
1636.0000      -30910.752767
1640.0000      -30884.375772
1644.0000      -31082.744379
1648.0000      -30825.522474
1652.0000      -30803.260786
1656.0000      -30965.830759
1660.0000      -30997.068876
1664.0000      -30963.461308
1668.0000      -30964.578122
1672.0000      -30973.425339
1676.0000      -30845.256272
1680.0000      -30755.442843
1684.0000      -30902.057301
1688.0000      -31012.155834
1692.0000      -30774.354251
1696.0000      -30996.981756
1700.0000      -30850.344763
1704.0000      -30930.612930
1708.0000      -30800.502645
1712.0000      -31003.141992
1716.0000      -31113.777628
1720.0000      -31062.870296
1724.0000      -30681.076380
1728.0000      -31013.301127
1732.0000      -30999.525215
1736.0000      -30925.274845
1740.0000      -30933.626125
1744.0000      -30983.369352
1748.0000      -30858.800844
1752.0000      -30918.591191
1756.0000      -30943.250519
1760.0000      -30950.743580
1764.0000      -30741.913708
1768.0000      -30915.231385
1772.0000      -30755.236261
1776.0000      -31014.444747
1780.0000      -30921.673032
1784.0000      -30902.223357
1788.0000      -31039.217736
1792.0000      -31208.629611
1796.0000      -30919.312635
1800.0000      -31039.590250
1804.0000      -30775.508584
1808.0000      -30920.015616
1812.0000      -30821.777005
1816.0000      -30963.279293
1820.0000      -30932.476473
1824.0000      -30997.521250
1828.0000      -30783.245574
1832.0000      -30957.690947
1836.0000      -30786.866063
1840.0000      -30864.134760
1844.0000      -30926.230303
1848.0000      -30808.881510
1852.0000      -30778.976529
1856.0000      -30929.149082
1860.0000      -31117.922064
1864.0000      -30906.352191
1868.0000      -30768.755741
1872.0000      -30892.572752
1876.0000      -30768.477661
1880.0000      -30953.644525
1884.0000      -30823.162888
1888.0000      -30913.388690
1892.0000      -30996.231060
1896.0000      -31123.763168
1900.0000      -31081.531542
1904.0000      -30935.072840
1908.0000      -30860.632029
1912.0000      -31114.900288
1916.0000      -30919.710618
1920.0000      -31038.952847
1924.0000      -30933.144146
1928.0000      -30885.807122
1932.0000      -30714.826220
1936.0000      -30729.444115
1940.0000      -30936.249269
1944.0000      -30866.242081
1948.0000      -30877.034681
1952.0000      -30805.501378
1956.0000      -30948.617569
1960.0000      -30816.875432
1964.0000      -30991.692882
1968.0000      -30945.449085
1972.0000      -30961.675388
1976.0000      -30849.784415
1980.0000      -30982.820523
1984.0000      -30982.190016
1988.0000      -30895.580826
1992.0000      -31050.756697
1996.0000      -30951.889340
2000.0000      -30760.481805
2004.0000      -30900.636345
2008.0000      -30820.819681
2012.0000      -31159.790326
2016.0000      -31009.336712
2020.0000      -30987.036097
2024.0000      -30898.788206
2028.0000      -30925.192348
2032.0000      -30971.283820
2036.0000      -30976.404113
2040.0000      -30844.951758
2044.0000      -30877.222814
2048.0000      -30978.063026
2052.0000      -31035.867966
2056.0000      -31087.200783
2060.0000      -30741.071557
2064.0000      -30929.716695
2068.0000      -30713.367181
2072.0000      -30900.762823
2076.0000      -30761.105743
2080.0000      -30775.933934
2084.0000      -30815.470896
2088.0000      -30864.780999
2092.0000      -30948.096087
2096.0000      -30841.476965
2100.0000      -31002.212536
2104.0000      -30963.139742
2108.0000      -30837.559902
2112.0000      -31063.666282
2116.0000      -30823.417045
2120.0000      -30839.041383
2124.0000      -30764.466506
2128.0000      -30984.017546
2132.0000      -30996.647706
2136.0000      -30798.354681
2140.0000      -30767.142945
2144.0000      -30767.003654
2148.0000      -30925.911644
2152.0000      -30992.869780
2156.0000      -30946.926925
2160.0000      -30870.022682
2164.0000      -30749.880143
2168.0000      -31000.819188
2172.0000      -30809.920114
2176.0000      -30779.988508
2180.0000      -30909.249701
2184.0000      -30737.558417
2188.0000      -30910.314517
2192.0000      -30950.582736
2196.0000      -30896.911153
2200.0000      -30943.406101
2204.0000      -30956.436546
2208.0000      -31018.648773
2212.0000      -30777.218823
2216.0000      -30873.148346
2220.0000      -30907.842607
2224.0000      -31217.721289
2228.0000      -30899.230840
2232.0000      -30834.756578
2236.0000      -30711.690770
2240.0000      -30938.438793
2244.0000      -30984.612609
2248.0000      -30924.892735
2252.0000      -31040.883952
2256.0000      -31057.595694
2260.0000      -30951.536159
2264.0000      -30863.153515
2268.0000      -30826.967384
2272.0000      -30866.798086
2276.0000      -30942.725975
2280.0000      -30977.757858
2284.0000      -30904.260919
2288.0000      -30927.505235
2292.0000      -30727.305226
2296.0000      -30891.534649
2300.0000      -31002.610758
2304.0000      -30941.310094
2308.0000      -30957.191525
2312.0000      -30914.259730
2316.0000      -31009.990267
2320.0000      -30956.126409
2324.0000      -31056.001769
2328.0000      -30930.187348
2332.0000      -30802.351007
2336.0000      -30852.410723
2340.0000      -30960.065435
2344.0000      -31054.953692
2348.0000      -30895.618996
2352.0000      -31004.726732
2356.0000      -30884.477772
2360.0000      -30916.049597
2364.0000      -31030.875717
2368.0000      -30856.355111
2372.0000      -30858.542625
2376.0000      -31064.992142
2380.0000      -30904.191637
2384.0000      -30864.879344
2388.0000      -30933.991730
2392.0000      -30981.698455
2396.0000      -31057.154259
2400.0000      -31046.753043
2404.0000      -30885.701130
2408.0000      -30965.739089
2412.0000      -30965.102621
2416.0000      -30754.927696
2420.0000      -30940.004531
2424.0000      -30952.349571
2428.0000      -30854.891362
2432.0000      -30962.669969
2436.0000      -30884.801191
2440.0000      -30842.258993
2444.0000      -31018.766168
2448.0000      -30891.852657
2452.0000      -30709.312362
2456.0000      -30952.001751
2460.0000      -30752.154107
2464.0000      -30928.159369
2468.0000      -31025.029960
2472.0000      -30831.047732
2476.0000      -30858.947762
2480.0000      -30825.451276
2484.0000      -30912.440596
2488.0000      -30941.941187
2492.0000      -30915.344796
2496.0000      -30967.495604
2500.0000      -30989.489004
2504.0000      -30942.769761
2508.0000      -30831.780509
2512.0000      -30859.626026
2516.0000      -30836.630056
2520.0000      -30955.098139
2524.0000      -30931.036499
2528.0000      -30791.319472
2532.0000      -30889.254493
2536.0000      -30824.183086
2540.0000      -30850.341137
2544.0000      -30697.502732
2548.0000      -30916.126735
2552.0000      -31040.587484
2556.0000      -30674.957003
2560.0000      -30955.015787
2564.0000      -30979.851690
2568.0000      -31057.660865
2572.0000      -30907.237156
2576.0000      -30656.238037
2580.0000      -30971.761717
2584.0000      -30865.378936
2588.0000      -30827.959612
2592.0000      -30954.337078
2596.0000      -30973.233097
2600.0000      -30864.253731
2604.0000      -30873.795626
2608.0000      -30935.641455
2612.0000      -30768.207487
2616.0000      -30899.307069
2620.0000      -30796.482903
2624.0000      -31090.466013
2628.0000      -31030.241665
2632.0000      -30854.254607
2636.0000      -30996.739617
2640.0000      -30905.240771
2644.0000      -31036.962093
2648.0000      -30859.056483
2652.0000      -30700.991516
2656.0000      -30982.918624
2660.0000      -31044.679673
2664.0000      -30719.302512
2668.0000      -30789.916696
2672.0000      -30892.418384
2676.0000      -30949.203177
2680.0000      -30706.856361
2684.0000      -30906.393147
2688.0000      -30926.943867
2692.0000      -30946.379278
2696.0000      -30838.257253
2700.0000      -30867.326358
2704.0000      -30999.148373
2708.0000      -30914.501670
2712.0000      -30815.265537
2716.0000      -31063.007028
2720.0000      -30949.049920
2724.0000      -30866.845386
2728.0000      -30935.819744
2732.0000      -30986.225401
2736.0000      -30726.324705
2740.0000      -30881.266293
2744.0000      -30941.385965
2748.0000      -30761.824307
2752.0000      -31064.095452
2756.0000      -31089.759368
2760.0000      -31034.496252
2764.0000      -30987.108843
2768.0000      -30857.885808
2772.0000      -30894.536082
2776.0000      -30771.030435
2780.0000      -30809.328290
2784.0000      -30920.455559
2788.0000      -30987.587404
2792.0000      -30820.642281
2796.0000      -30917.804223
2800.0000      -31183.590737
2804.0000      -30946.845623
2808.0000      -30988.071648
2812.0000      -31018.969044
2816.0000      -30963.606005
2820.0000      -30904.204201
2824.0000      -30928.817403
2828.0000      -30761.167268
2832.0000      -30925.978490
2836.0000      -30807.227425
2840.0000      -30842.654744
2844.0000      -31024.845312
2848.0000      -30922.845034
2852.0000      -31028.625480
2856.0000      -30859.841072
2860.0000      -30878.262965
2864.0000      -30973.608147
2868.0000      -31004.241439
2872.0000      -30981.593395
2876.0000      -30895.004776
2880.0000      -31003.439305
2884.0000      -30920.271505
2888.0000      -30975.131168
2892.0000      -30983.495236
2896.0000      -30847.688364
2900.0000      -31038.151148
2904.0000      -31057.275693
2908.0000      -30769.940587
2912.0000      -30991.015164
2916.0000      -30848.106413
2920.0000      -30973.855061
2924.0000      -30905.155782
2928.0000      -30916.935951
2932.0000      -30774.078862
2936.0000      -30971.979307
2940.0000      -30946.892396
2944.0000      -30887.792685
2948.0000      -30792.072963
2952.0000      -30959.833381
2956.0000      -30961.120152
2960.0000      -30926.307733
2964.0000      -31070.640041
2968.0000      -30868.828984
2972.0000      -30865.270362
2976.0000      -30875.486435
2980.0000      -30926.607732
2984.0000      -30941.969145
2988.0000      -30900.686041
2992.0000      -30836.172030
2996.0000      -30751.781559
3000.0000      -31025.481801
3004.0000      -31021.782413
3008.0000      -31045.034013
3012.0000      -30991.687219
3016.0000      -30978.235982
3020.0000      -30808.560685
3024.0000      -30950.083302
3028.0000      -30850.435109
3032.0000      -30894.639407
3036.0000      -30888.200778
3040.0000      -30853.513041
3044.0000      -31100.686518
3048.0000      -30956.979459
3052.0000      -30946.038170
3056.0000      -30773.306141
3060.0000      -30894.549843
3064.0000      -30810.446107
3068.0000      -30790.940921
3072.0000      -30934.314129
3076.0000      -30814.352366
3080.0000      -31023.995714
3084.0000      -30957.017869
3088.0000      -31081.132982
3092.0000      -30950.077283
3096.0000      -31081.515367
3100.0000      -30813.385874
3104.0000      -31005.721220
3108.0000      -30822.502404
3112.0000      -30829.879637
3116.0000      -30840.350588
3120.0000      -30970.015078
3124.0000      -30860.975976
3128.0000      -30879.733152
3132.0000      -30987.620472
3136.0000      -30919.215299
3140.0000      -30891.009745
3144.0000      -30708.812889
3148.0000      -30863.298246
3152.0000      -30894.878472
3156.0000      -31076.985110
3160.0000      -30854.359350
3164.0000      -30887.953093
3168.0000      -30864.425562
3172.0000      -30830.026947
3176.0000      -30960.415997
3180.0000      -31028.864922
3184.0000      -30993.864888
3188.0000      -30938.241926
3192.0000      -30835.090051
3196.0000      -30973.744474
3200.0000      -30796.986618
3204.0000      -30928.361375
3208.0000      -30843.133108
3212.0000      -30806.417728
3216.0000      -30957.015344
3220.0000      -30920.720100
3224.0000      -30945.288467
3228.0000      -31031.777632
3232.0000      -31042.155447
3236.0000      -30791.580642
3240.0000      -30832.823319
3244.0000      -30855.732568
3248.0000      -30904.131112
3252.0000      -30956.275242
3256.0000      -30731.730167
3260.0000      -30971.976432
3264.0000      -30886.541259
3268.0000      -31080.889566
3272.0000      -30972.249292
3276.0000      -30888.568376
3280.0000      -30930.627574
3284.0000      -30917.755218
3288.0000      -30892.570640
3292.0000      -30975.295408
3296.0000      -30915.812123
3300.0000      -30915.926329
3304.0000      -31012.899855
3308.0000      -31025.256656
3312.0000      -30868.649082
3316.0000      -30752.815867
3320.0000      -30843.640756
3324.0000      -31009.331545
3328.0000      -30929.019120
3332.0000      -30918.665412
3336.0000      -30976.064140
3340.0000      -30738.526042
3344.0000      -30928.227174
3348.0000      -30849.451753
3352.0000      -30966.756522
3356.0000      -30933.012921
3360.0000      -30976.046124
3364.0000      -30967.116233
3368.0000      -31033.608054
3372.0000      -31070.249951
3376.0000      -30726.702760
3380.0000      -31024.576395
3384.0000      -30715.154154
3388.0000      -31191.552157
3392.0000      -31068.619880
3396.0000      -30777.703270
3400.0000      -30826.850946
3404.0000      -30878.034004
3408.0000      -31067.932814
3412.0000      -30944.580638
3416.0000      -30888.930404
3420.0000      -30981.601999
3424.0000      -30799.658785
3428.0000      -30932.676616
3432.0000      -31013.050047
3436.0000      -30964.936601
3440.0000      -30953.776536
3444.0000      -30801.163288
3448.0000      -30833.131177
3452.0000      -31010.065921
3456.0000      -30789.348488
3460.0000      -30794.586148
3464.0000      -30825.127604
3468.0000      -30804.946867
3472.0000      -30818.333592
3476.0000      -30927.524064
3480.0000      -30941.038674
3484.0000      -30944.010985
3488.0000      -31000.550398
3492.0000      -30835.593753
3496.0000      -30891.090449
3500.0000      -30918.718301
3504.0000      -30930.325488
3508.0000      -30894.510421
3512.0000      -30948.999018
3516.0000      -30929.146497
3520.0000      -30969.299847
3524.0000      -30947.440085
3528.0000      -31073.990852
3532.0000      -31082.770159
3536.0000      -30862.574843
3540.0000      -30998.308867
3544.0000      -30757.342941
3548.0000      -30865.842384
3552.0000      -30904.404475
3556.0000      -30844.078936
3560.0000      -30810.544955
3564.0000      -30795.054262
3568.0000      -30695.426989
3572.0000      -30889.690905
3576.0000      -30805.910398
3580.0000      -30974.516715
3584.0000      -30903.731719
3588.0000      -30969.479729
3592.0000      -30872.429879
3596.0000      -30801.041420
3600.0000      -30836.433289
3604.0000      -30862.864028
3608.0000      -30895.413503
3612.0000      -30979.476900
3616.0000      -30911.436662
3620.0000      -30919.737260
3624.0000      -30849.630297
3628.0000      -31057.546916
3632.0000      -30840.183013
3636.0000      -31080.729752
3640.0000      -30909.290829
3644.0000      -30886.105807
3648.0000      -30726.832950
3652.0000      -30881.560941
3656.0000      -30896.884073
3660.0000      -30961.327706
3664.0000      -30991.461327
3668.0000      -30941.366321
3672.0000      -30853.222240
3676.0000      -30875.733510
3680.0000      -30890.700638
3684.0000      -31152.568029
3688.0000      -30869.142765
3692.0000      -31040.910085
3696.0000      -31006.866467
3700.0000      -30966.372322
3704.0000      -30909.359334
3708.0000      -30909.205860
3712.0000      -30743.892154
3716.0000      -30736.590097
3720.0000      -30944.319233
3724.0000      -30922.122356
3728.0000      -30875.212471
3732.0000      -31018.431953
3736.0000      -30848.854026
3740.0000      -31029.821486
3744.0000      -31038.306739
3748.0000      -30931.901302
3752.0000      -30890.006570
3756.0000      -30842.248366
3760.0000      -30834.951158
3764.0000      -31047.102686
3768.0000      -30913.606008
3772.0000      -30931.037238
3776.0000      -30898.847817
3780.0000      -30751.726724
3784.0000      -30907.604429
3788.0000      -30674.004425
3792.0000      -30846.556303
3796.0000      -30951.904131
3800.0000      -30839.819143
3804.0000      -30836.793882
3808.0000      -30803.824541
3812.0000      -30702.399250
3816.0000      -30927.118166
3820.0000      -31012.746659
3824.0000      -30951.691989
3828.0000      -30913.306897
3832.0000      -31010.370473
3836.0000      -30890.495867
3840.0000      -30770.385825
3844.0000      -30844.910817
3848.0000      -30888.880274
3852.0000      -30905.236243
3856.0000      -31034.798439
3860.0000      -30923.085270
3864.0000      -30888.362814
3868.0000      -30960.952126
3872.0000      -30825.854395
3876.0000      -31057.367300
3880.0000      -30940.602745
3884.0000      -30987.828228
3888.0000      -30759.177557
3892.0000      -30785.979126
3896.0000      -30865.558863
3900.0000      -30868.663409
3904.0000      -30916.324902
3908.0000      -30891.779154
3912.0000      -30725.862304
3916.0000      -30768.463417
3920.0000      -31030.462132
3924.0000      -30941.480753
3928.0000      -30924.727731
3932.0000      -30972.637402
3936.0000      -30951.062187
3940.0000      -31038.897668
3944.0000      -30899.470456
3948.0000      -31068.338137
3952.0000      -30982.946869
3956.0000      -31093.549057
3960.0000      -30902.328258
3964.0000      -30811.666501
3968.0000      -30863.880802
3972.0000      -30821.908495
3976.0000      -30757.552893
3980.0000      -30821.082991
3984.0000      -30925.405470
3988.0000      -30826.652160
3992.0000      -31003.375792
3996.0000      -30831.325751
4000.0000      -31077.767457
4004.0000      -31077.767457
