4.0000           0.000000
8.0000         -52.274500
12.0000         -60.110900
16.0000         -56.055400
20.0000         -54.559300
24.0000         -68.777300
28.0000         -54.966300
32.0000         -58.259400
36.0000         -65.754400
40.0000         -53.160600
44.0000         -59.283600
48.0000         -57.858500
52.0000         -65.319500
56.0000         -60.052900
60.0000         -53.650600
64.0000         -64.904800
68.0000         -60.330200
72.0000         -66.621300
76.0000         -63.714100
80.0000         -59.290900
84.0000         -60.113900
88.0000         -59.662200
92.0000         -61.569000
96.0000         -60.570100
100.0000         -61.580100
104.0000         -40.276600
108.0000         -60.442200
112.0000         -65.500200
116.0000         -58.874700
120.0000         -60.948700
124.0000         -59.453600
128.0000         -65.808200
132.0000         -58.328200
136.0000         -61.352500
140.0000         -56.816800
144.0000         -62.301500
148.0000         -75.191700
152.0000         -61.475700
156.0000         -62.968400
160.0000         -63.051200
164.0000         -60.591100
168.0000         -66.241400
172.0000         -70.416500
176.0000         -61.960300
180.0000         -62.517600
184.0000         -69.504400
188.0000         -65.973500
192.0000         -46.087400
196.0000         -69.312400
200.0000         -64.181200
204.0000         -61.023300
208.0000         -59.853400
212.0000         -59.782800
216.0000         -62.272000
220.0000         -56.845900
224.0000         -55.701800
228.0000         -60.701600
232.0000         -60.454500
236.0000         -62.509900
240.0000         -60.337500
244.0000         -59.907100
248.0000         -51.772700
252.0000         -59.252100
256.0000         -54.202700
260.0000         -55.047300
264.0000         -58.534000
268.0000         -58.587300
272.0000         -66.663200
276.0000         -60.034900
280.0000         -59.012100
284.0000         -62.706900
288.0000         -55.287500
292.0000         -57.458500
296.0000         -52.460600
300.0000         -62.531400
304.0000         -53.006900
308.0000         -58.004500
312.0000         -60.486500
316.0000         -60.544700
320.0000         -58.770700
324.0000         -60.744200
328.0000         -57.072400
332.0000         -67.017600
336.0000         -60.196800
340.0000         -67.217500
344.0000         -68.044900
348.0000         -69.312600
352.0000         -56.416500
356.0000         -60.797300
360.0000         -59.292700
364.0000         -53.841800
368.0000         -60.493800
372.0000         -61.396700
376.0000         -69.310100
380.0000         -63.263400
384.0000         -70.397200
388.0000         -51.304800
392.0000         -58.363200
396.0000         -60.347700
400.0000         -62.049100
404.0000         -66.319000
408.0000         -61.566500
412.0000         -62.923400
416.0000         -57.411600
420.0000         -55.506000
424.0000         -63.967500
428.0000         -64.930200
432.0000         -58.642500
436.0000         -63.177100
440.0000         -67.173200
444.0000         -60.861600
448.0000         -63.547000
452.0000         -61.121000
456.0000         -51.659000
460.0000         -57.451200
464.0000         -60.119200
468.0000         -62.411500
472.0000         -60.186700
476.0000         -66.009300
480.0000         -56.548000
484.0000         -54.826800
488.0000         -63.646400
492.0000         -58.529500
496.0000         -57.810500
500.0000         -63.684100
504.0000         -60.295600
508.0000         -57.080300
512.0000         -58.095500
516.0000         -57.307400
520.0000         -62.104500
524.0000         -61.350700
528.0000         -66.190100
532.0000         -64.632800
536.0000         -60.527300
540.0000         -61.069200
544.0000         -57.449600
548.0000         -65.517300
552.0000         -63.904400
556.0000         -59.343500
560.0000         -65.109400
564.0000         -66.404500
568.0000         -59.438100
572.0000         -56.301400
576.0000         -56.943600
580.0000         -52.487000
584.0000         -57.537700
588.0000         -71.243500
592.0000         -67.075000
596.0000         -52.550200
600.0000         -61.091500
604.0000         -61.454000
608.0000         -64.695900
612.0000         -66.670500
616.0000         -63.601900
620.0000         -65.617700
624.0000         -60.304700
628.0000         -56.819500
632.0000         -69.563500
636.0000         -58.847500
640.0000         -65.278300
644.0000         -68.414800
648.0000         -64.091900
652.0000         -62.504900
656.0000         -69.270900
660.0000         -55.479300
664.0000         -61.142400
668.0000         -66.056800
672.0000         -62.506500
676.0000         -65.066600
680.0000         -55.416600
684.0000         -56.326200
688.0000         -61.033300
692.0000         -65.271400
696.0000         -59.348600
700.0000         -63.796700
704.0000         -62.615700
708.0000         -55.566700
712.0000         -63.607700
716.0000         -49.915200
720.0000         -58.381500
724.0000         -51.179600
728.0000         -62.789700
732.0000         -65.203500
736.0000         -48.342100
740.0000         -57.730000
744.0000         -56.807000
748.0000         -70.158500
752.0000         -60.689200
756.0000         -64.788900
760.0000         -56.443400
764.0000         -61.966500
768.0000         -63.762100
772.0000         -62.552000
776.0000         -58.077800
780.0000         -59.203200
784.0000         -62.500700
788.0000         -60.308900
792.0000         -55.908300
796.0000         -65.353000
800.0000         -67.445900
804.0000         -52.615300
808.0000         -62.327200
812.0000         -63.283500
816.0000         -46.467300
820.0000         -41.311800
824.0000         -65.478000
828.0000         -58.187600
832.0000         -66.770900
836.0000         -66.216000
840.0000         -67.980900
844.0000         -59.885500
848.0000         -62.792700
852.0000         -61.617300
856.0000         -61.062900
860.0000         -60.055900
864.0000         -55.699000
868.0000         -65.848200
872.0000         -65.373700
876.0000         -53.452300
880.0000         -64.700600
884.0000         -63.450300
888.0000         -59.624800
892.0000         -55.223300
896.0000         -57.854200
900.0000         -58.956600
904.0000         -68.943900
908.0000         -58.140300
912.0000         -58.488600
916.0000         -56.423800
920.0000         -49.327900
924.0000         -66.140400
928.0000         -58.741200
932.0000         -53.446800
936.0000         -57.830300
940.0000         -63.045500
944.0000         -56.231800
948.0000         -63.585200
952.0000         -61.671000
956.0000         -66.060400
960.0000         -59.747800
964.0000         -49.372300
968.0000         -46.561300
972.0000         -57.707100
976.0000         -56.985600
980.0000         -62.192700
984.0000         -68.217100
988.0000         -58.441000
992.0000         -49.905800
996.0000         -58.233700
1000.0000         -65.135500
1004.0000         -52.418300
1008.0000         -52.832600
1012.0000         -47.359400
1016.0000         -49.820200
1020.0000         -52.676100
1024.0000         -61.045000
1028.0000         -52.289500
1032.0000         -55.693000
1036.0000         -50.739500
1040.0000         -54.586800
1044.0000         -60.748900
1048.0000         -60.131600
1052.0000         -54.778500
1056.0000         -56.026800
1060.0000         -42.690500
1064.0000         -59.920800
1068.0000         -59.761100
1072.0000         -54.754100
1076.0000         -50.438500
1080.0000         -55.762900
1084.0000         -61.268500
1088.0000         -53.038500
1092.0000         -52.128300
1096.0000         -63.494200
1100.0000         -44.132200
1104.0000         -56.936900
1108.0000         -61.594100
1112.0000         -65.051300
1116.0000         -62.072300
1120.0000         -54.924100
1124.0000         -53.497600
1128.0000         -48.095200
1132.0000         -56.310900
1136.0000         -57.687800
1140.0000         -55.855200
1144.0000         -53.328100
1148.0000         -48.404900
1152.0000         -43.222000
1156.0000         -47.832700
1160.0000         -47.893900
1164.0000         -47.581900
1168.0000         -47.237500
1172.0000         -53.777000
1176.0000         -60.635300
1180.0000         -66.033800
1184.0000         -60.111100
1188.0000         -49.238800
1192.0000         -52.070900
1196.0000         -52.942900
1200.0000         -61.418300
1204.0000         -55.010100
1208.0000         -50.052200
1212.0000         -47.381600
1216.0000         -52.718000
1220.0000         -55.440600
1224.0000         -58.074800
1228.0000         -46.947900
1232.0000         -46.998200
1236.0000         -63.837300
1240.0000         -47.051100
1244.0000         -59.246500
1248.0000         -59.004400
1252.0000         -61.262600
1256.0000         -57.133400
1260.0000         -54.926600
1264.0000         -48.235600
1268.0000         -60.986400
1272.0000         -55.858300
1276.0000         -49.721400
1280.0000         -55.232100
1284.0000         -50.234600
1288.0000         -60.704700
1292.0000         -55.853000
1296.0000         -52.520700
1300.0000         -49.033900
1304.0000         -53.449800
1308.0000         -53.524800
1312.0000         -57.336000
1316.0000         -59.869900
1320.0000         -59.333100
1324.0000         -56.843100
1328.0000         -57.253600
1332.0000         -51.051200
1336.0000         -61.470700
1340.0000         -49.415900
1344.0000         -61.872700
1348.0000         -51.315200
1352.0000         -62.424000
1356.0000         -54.370200
1360.0000         -56.050200
1364.0000         -46.608600
1368.0000         -56.975500
1372.0000         -57.889600
1376.0000         -64.540700
1380.0000         -61.732100
1384.0000         -44.914500
1388.0000         -56.043200
1392.0000         -72.092300
1396.0000         -53.085200
1400.0000         -51.093800
1404.0000         -56.948800
1408.0000         -62.832100
1412.0000         -66.553500
1416.0000         -57.038300
1420.0000         -59.663400
1424.0000         -59.703400
1428.0000         -61.985800
1432.0000         -63.313100
1436.0000         -64.878900
1440.0000         -58.139900
1444.0000         -56.966700
1448.0000         -51.305600
1452.0000         -58.991300
1456.0000         -56.272400
1460.0000         -47.756100
1464.0000         -52.321800
1468.0000         -50.540300
1472.0000         -50.832100
1476.0000         -58.877900
1480.0000         -53.365700
1484.0000         -55.259100
1488.0000         -50.585800
1492.0000         -54.214200
1496.0000         -56.217300
1500.0000         -46.598500
1504.0000         -47.056400
1508.0000         -54.924500
1512.0000         -61.050700
1516.0000         -57.524200
1520.0000         -53.607000
1524.0000         -55.678700
1528.0000         -51.284700
1532.0000         -40.165100
1536.0000         -55.555700
1540.0000         -44.591100
1544.0000         -54.082200
1548.0000         -60.612000
1552.0000         -56.090300
1556.0000         -52.317200
1560.0000         -54.757000
1564.0000         -50.325700
1568.0000         -50.969700
1572.0000         -54.435900
1576.0000         -54.634900
1580.0000         -58.433100
1584.0000         -52.752900
1588.0000         -52.028500
1592.0000         -54.899100
1596.0000         -50.358000
1600.0000         -51.610600
1604.0000         -62.369900
1608.0000         -56.326100
1612.0000         -57.012300
1616.0000         -51.984800
1620.0000         -61.231500
1624.0000         -46.134200
1628.0000         -52.610000
1632.0000         -48.497300
1636.0000         -55.156400
1640.0000         -55.291400
1644.0000         -52.320700
1648.0000         -49.617900
1652.0000         -43.016200
1656.0000         -54.727300
1660.0000         -53.242900
1664.0000         -40.833000
1668.0000         -56.278300
1672.0000         -55.373200
1676.0000         -52.181900
1680.0000         -51.203200
1684.0000         -49.441200
1688.0000         -56.347000
1692.0000         -58.652800
1696.0000         -57.031200
1700.0000         -47.547900
1704.0000         -47.171300
1708.0000         -52.156700
1712.0000         -56.076900
1716.0000         -58.132200
1720.0000         -60.872600
1724.0000         -57.187200
1728.0000         -53.647600
1732.0000         -51.348300
1736.0000         -55.497700
1740.0000         -60.545900
1744.0000         -57.787600
1748.0000         -55.686000
1752.0000         -56.420300
1756.0000         -55.770900
1760.0000         -53.551700
1764.0000         -53.245800
1768.0000         -52.779500
1772.0000         -56.366100
1776.0000         -59.586000
1780.0000         -51.294100
1784.0000         -59.919400
1788.0000         -50.335900
1792.0000         -58.990400
1796.0000         -46.630800
1800.0000         -49.548400
1804.0000         -56.247100
1808.0000         -55.950100
1812.0000         -60.917200
1816.0000         -60.148600
1820.0000         -52.857400
1824.0000         -53.635000
1828.0000         -56.809500
1832.0000         -54.311700
1836.0000         -53.559000
1840.0000         -57.728900
1844.0000         -54.794800
1848.0000         -55.226300
1852.0000         -54.167000
1856.0000         -61.570100
1860.0000         -50.773800
1864.0000         -62.778300
1868.0000         -55.780900
1872.0000         -51.920600
1876.0000         -63.242900
1880.0000         -66.009600
1884.0000         -55.021100
1888.0000         -61.265600
1892.0000         -54.990800
1896.0000         -57.113100
1900.0000         -55.180800
1904.0000         -59.881500
1908.0000         -55.795200
1912.0000         -55.667100
1916.0000         -43.145800
1920.0000         -64.328100
1924.0000         -56.895100
1928.0000         -58.895100
1932.0000         -57.802800
1936.0000         -53.137200
1940.0000         -57.445900
1944.0000         -47.124700
1948.0000         -56.948700
1952.0000         -52.804400
1956.0000         -54.806900
1960.0000         -57.847100
1964.0000         -50.712200
1968.0000         -47.317700
1972.0000         -48.852100
1976.0000         -51.279900
1980.0000         -57.266500
1984.0000         -59.907600
1988.0000         -54.025700
1992.0000         -64.858200
1996.0000         -55.857700
2000.0000         -56.005300
2004.0000         -52.076800
2008.0000         -46.038300
2012.0000         -54.833000
2016.0000         -49.227700
2020.0000         -57.832500
2024.0000         -52.921800
2028.0000         -55.690100
2032.0000         -57.658200
2036.0000         -54.466000
2040.0000         -63.129000
2044.0000         -53.663800
2048.0000         -53.854600
2052.0000         -57.066700
2056.0000         -54.702600
2060.0000         -57.005600
2064.0000         -55.947200
2068.0000         -63.188200
2072.0000         -57.173700
2076.0000         -56.779300
2080.0000         -56.126900
2084.0000         -63.746300
2088.0000         -50.019900
2092.0000         -60.244700
2096.0000         -58.010000
2100.0000         -41.073700
2104.0000         -50.850800
2108.0000         -61.220800
2112.0000         -57.938000
2116.0000         -58.450000
2120.0000         -55.451800
2124.0000         -64.802200
2128.0000         -61.968600
2132.0000         -49.623100
2136.0000         -57.669800
2140.0000         -58.221800
2144.0000         -65.427500
2148.0000         -55.292800
2152.0000         -48.915000
2156.0000         -54.667700
2160.0000         -58.202700
2164.0000         -53.892400
2168.0000         -42.359200
2172.0000         -55.246600
2176.0000         -48.465900
2180.0000         -56.054200
2184.0000         -60.425600
2188.0000         -57.284300
2192.0000         -54.847600
2196.0000         -57.566200
2200.0000         -50.694800
2204.0000         -66.507000
2208.0000         -59.689200
2212.0000         -56.948200
2216.0000         -59.156300
2220.0000         -40.653800
2224.0000         -54.495200
2228.0000         -54.189800
2232.0000         -48.017700
2236.0000         -60.307100
2240.0000         -53.064400
2244.0000         -36.886100
2248.0000         -56.168900
2252.0000         -58.483800
2256.0000         -59.144500
2260.0000         -59.119100
2264.0000         -57.897000
2268.0000         -50.178100
2272.0000         -50.065300
2276.0000         -56.079100
2280.0000         -32.064400
2284.0000         -54.578600
2288.0000         -54.432500
2292.0000         -53.357900
2296.0000         -72.589900
2300.0000         -45.329200
2304.0000         -44.632500
2308.0000         -53.656900
2312.0000         -39.479400
2316.0000         -50.443300
2320.0000         -41.711200
2324.0000         -47.503600
2328.0000         -55.058700
2332.0000         -47.057300
2336.0000         -56.372200
2340.0000         -53.920200
2344.0000         -54.622900
2348.0000         -50.301600
2352.0000         -58.299000
2356.0000         -51.753400
2360.0000         -47.171800
2364.0000         -58.573900
2368.0000         -48.171000
2372.0000         -50.819800
2376.0000         -48.292400
2380.0000         -51.797300
2384.0000         -55.197600
2388.0000         -55.198600
2392.0000         -59.232800
2396.0000         -53.805200
2400.0000         -58.700800
2404.0000         -52.001500
2408.0000         -56.867700
2412.0000         -51.753100
2416.0000         -57.420600
2420.0000         -57.899900
2424.0000         -53.508100
2428.0000         -50.579300
2432.0000         -61.794500
2436.0000         -60.965600
2440.0000         -61.495200
2444.0000         -50.650200
2448.0000         -54.081400
2452.0000         -44.851500
2456.0000         -56.224300
2460.0000         -42.752500
2464.0000         -44.749100
2468.0000         -51.538000
2472.0000         -45.824000
2476.0000         -55.036800
2480.0000         -53.045700
2484.0000         -62.175900
2488.0000         -57.036900
2492.0000         -58.416600
2496.0000         -52.138300
2500.0000         -59.251100
2504.0000         -56.468700
2508.0000         -50.847000
2512.0000         -58.445400
2516.0000         -62.490400
2520.0000         -43.670100
2524.0000         -48.289300
2528.0000         -60.593600
2532.0000         -46.768700
2536.0000         -58.574000
2540.0000         -53.011500
2544.0000         -54.685400
2548.0000         -49.626700
2552.0000         -49.934900
2556.0000         -58.010100
2560.0000         -57.248000
2564.0000         -58.124500
2568.0000         -53.194000
2572.0000         -52.484300
2576.0000         -62.278300
2580.0000         -56.997100
2584.0000         -47.622000
2588.0000         -56.028100
2592.0000         -52.100000
2596.0000         -49.416000
2600.0000         -53.607300
2604.0000         -56.657100
2608.0000         -48.927000
2612.0000         -51.415100
2616.0000         -46.814700
2620.0000         -47.293000
2624.0000         -50.352800
2628.0000         -61.509900
2632.0000         -48.962000
2636.0000         -50.793800
2640.0000         -46.982900
2644.0000         -51.502200
2648.0000         -57.061100
2652.0000         -54.976100
2656.0000         -46.051900
2660.0000         -52.499100
2664.0000         -58.326600
2668.0000         -53.638300
2672.0000         -43.349100
2676.0000         -53.870000
2680.0000         -57.643600
2684.0000         -44.851400
2688.0000         -52.709500
2692.0000         -55.411400
2696.0000         -54.788500
2700.0000         -47.549000
2704.0000         -44.492000
2708.0000         -53.229500
2712.0000         -56.915000
2716.0000         -52.561100
2720.0000         -57.011600
2724.0000         -52.915800
2728.0000         -50.499800
2732.0000         -62.394800
2736.0000         -57.001700
2740.0000         -55.493400
2744.0000         -56.777800
2748.0000         -56.541700
2752.0000         -60.017200
2756.0000         -61.034500
2760.0000         -69.198700
2764.0000         -51.144900
2768.0000         -66.014800
2772.0000         -66.083600
2776.0000         -57.332900
2780.0000         -53.798300
2784.0000         -62.665800
2788.0000         -59.323200
2792.0000         -63.397800
2796.0000         -57.690800
2800.0000         -62.375100
2804.0000         -58.940400
2808.0000         -52.297900
2812.0000         -56.012000
2816.0000         -64.441800
2820.0000         -58.116000
2824.0000         -64.915800
2828.0000         -70.561800
2832.0000         -65.981500
2836.0000         -59.669700
2840.0000         -59.166000
2844.0000         -69.215600
2848.0000         -59.135600
2852.0000         -68.005400
2856.0000         -62.478800
2860.0000         -67.159900
2864.0000         -57.128100
2868.0000         -66.030500
2872.0000         -66.666600
2876.0000         -56.305400
2880.0000         -60.866000
2884.0000         -52.598000
2888.0000         -58.039600
2892.0000         -62.540300
2896.0000         -68.523500
2900.0000         -60.633100
2904.0000         -66.949700
2908.0000         -54.709200
2912.0000         -62.737500
2916.0000         -63.498100
2920.0000         -63.064700
2924.0000         -61.601500
2928.0000         -67.566300
2932.0000         -71.431800
2936.0000         -76.756500
2940.0000         -55.195900
2944.0000         -66.235100
2948.0000         -62.893100
2952.0000         -62.372500
2956.0000         -58.705900
2960.0000         -62.829400
2964.0000         -58.982700
2968.0000         -60.838200
2972.0000         -55.971800
2976.0000         -69.806400
2980.0000         -54.011200
2984.0000         -69.973000
2988.0000         -61.664800
2992.0000         -52.688400
2996.0000         -65.992100
3000.0000         -70.178400
3004.0000         -61.566100
3008.0000         -62.360800
3012.0000         -52.284200
3016.0000         -68.160900
3020.0000         -62.493000
3024.0000         -62.240400
3028.0000         -64.237400
3032.0000         -64.718200
3036.0000         -63.856000
3040.0000         -68.294600
3044.0000         -68.918400
3048.0000         -67.602300
3052.0000         -75.032400
3056.0000         -68.498800
3060.0000         -55.827400
3064.0000         -59.496800
3068.0000         -54.911500
3072.0000         -52.973600
3076.0000         -62.466800
3080.0000         -62.945500
3084.0000         -53.993900
3088.0000         -64.491100
3092.0000         -64.184500
3096.0000         -61.745900
3100.0000         -66.786700
3104.0000         -65.870900
3108.0000         -60.414600
3112.0000         -66.721800
3116.0000         -65.667000
3120.0000         -64.650500
3124.0000         -56.104800
3128.0000         -51.618100
3132.0000         -56.832000
3136.0000         -56.718100
3140.0000         -55.346400
3144.0000         -60.893200
3148.0000         -68.212300
3152.0000         -67.308800
3156.0000         -56.230500
3160.0000         -62.296400
3164.0000         -65.619300
3168.0000         -63.221000
3172.0000         -67.244200
3176.0000         -61.435700
3180.0000         -67.209800
3184.0000         -57.242400
3188.0000         -64.140600
3192.0000         -61.190200
3196.0000         -65.422400
3200.0000         -65.287100
3204.0000         -62.949200
3208.0000         -63.218700
3212.0000         -63.771500
3216.0000         -74.257300
3220.0000         -65.818300
3224.0000         -63.771600
3228.0000         -66.933900
3232.0000         -67.648600
3236.0000         -63.657300
3240.0000         -55.465000
3244.0000         -70.545500
3248.0000         -64.128600
3252.0000         -55.029800
3256.0000         -67.431600
3260.0000         -77.702700
3264.0000         -71.241900
3268.0000         -62.927600
3272.0000         -61.005600
3276.0000         -65.261000
3280.0000         -47.754700
3284.0000         -52.209100
3288.0000         -55.276200
3292.0000         -74.899100
3296.0000         -56.841200
3300.0000         -58.950100
3304.0000         -60.428400
3308.0000         -59.430400
3312.0000         -59.408800
3316.0000         -52.823100
3320.0000         -56.619000
3324.0000         -66.348200
3328.0000         -60.166700
3332.0000         -62.279300
3336.0000         -76.278600
3340.0000         -61.460100
3344.0000         -64.935000
3348.0000         -56.129400
3352.0000         -49.263600
3356.0000         -56.426200
3360.0000         -56.537900
3364.0000         -60.852400
3368.0000         -68.461400
3372.0000         -63.934300
3376.0000         -55.437900
3380.0000         -62.123400
3384.0000         -59.587800
3388.0000         -49.480200
3392.0000         -63.724900
3396.0000         -63.852700
3400.0000         -55.399000
3404.0000         -61.350300
3408.0000         -63.559600
3412.0000         -65.242000
3416.0000         -63.726600
3420.0000         -71.130000
3424.0000         -59.398100
3428.0000         -63.857600
3432.0000         -52.582800
3436.0000         -57.767500
3440.0000         -59.357500
3444.0000         -56.626500
3448.0000         -60.036600
3452.0000         -63.273200
3456.0000         -70.177000
3460.0000         -66.647600
3464.0000         -57.105500
3468.0000         -61.093400
3472.0000         -60.037300
3476.0000         -60.806500
3480.0000         -64.409800
3484.0000         -58.534300
3488.0000         -59.431400
3492.0000         -56.536700
3496.0000         -67.030600
3500.0000         -59.225900
3504.0000         -60.371900
3508.0000         -61.275700
3512.0000         -60.392900
3516.0000         -57.650400
3520.0000         -64.991200
3524.0000         -64.628700
3528.0000         -62.411000
3532.0000         -67.558000
3536.0000         -65.259600
3540.0000         -61.486500
3544.0000         -53.078700
3548.0000         -54.567300
3552.0000         -64.737400
3556.0000         -64.064700
3560.0000         -60.160800
3564.0000         -60.196600
3568.0000         -59.806000
3572.0000         -63.121100
3576.0000         -63.586700
3580.0000         -62.588800
3584.0000         -61.380700
3588.0000         -61.860800
3592.0000         -54.968000
3596.0000         -68.913300
3600.0000         -55.875900
3604.0000         -56.135900
3608.0000         -59.181700
3612.0000         -62.525600
3616.0000         -59.940200
3620.0000         -58.870300
3624.0000         -62.410600
3628.0000         -56.910700
3632.0000         -68.183100
3636.0000         -62.455800
3640.0000         -60.684100
3644.0000         -61.166800
3648.0000         -67.988700
3652.0000         -51.496400
3656.0000         -45.844000
3660.0000         -52.202900
3664.0000         -58.958600
3668.0000         -71.022100
3672.0000         -59.861500
3676.0000         -51.459400
3680.0000         -60.424700
3684.0000         -59.112700
3688.0000         -50.220100
3692.0000         -56.131700
3696.0000         -62.967900
3700.0000         -60.065900
3704.0000         -73.846900
3708.0000         -62.095200
3712.0000         -57.062800
3716.0000         -61.760300
3720.0000         -55.808300
3724.0000         -55.775000
3728.0000         -62.192900
3732.0000         -60.464500
3736.0000         -63.976800
3740.0000         -58.844500
3744.0000         -62.932100
3748.0000         -58.800600
3752.0000         -64.711800
3756.0000         -57.920400
3760.0000         -60.697700
3764.0000         -57.042400
3768.0000         -58.066400
3772.0000         -63.307100
3776.0000         -67.366200
3780.0000         -64.666300
3784.0000         -59.092500
3788.0000         -57.436900
3792.0000         -63.537200
3796.0000         -57.388200
3800.0000         -56.713500
3804.0000         -63.648700
3808.0000         -63.532600
3812.0000         -50.903400
3816.0000         -63.805200
3820.0000         -64.034600
3824.0000         -72.491200
3828.0000         -66.476100
3832.0000         -63.182400
3836.0000         -58.159900
3840.0000         -57.407900
3844.0000         -58.389000
3848.0000         -62.035900
3852.0000         -42.468800
3856.0000         -57.947700
3860.0000         -65.619100
3864.0000         -60.915900
3868.0000         -56.230300
3872.0000         -56.864400
3876.0000         -56.059600
3880.0000         -59.933100
3884.0000         -65.221700
3888.0000         -53.975700
3892.0000         -59.294000
3896.0000         -56.895500
3900.0000         -63.515800
3904.0000         -67.820400
3908.0000         -63.390900
3912.0000         -61.109700
3916.0000         -48.184000
3920.0000         -68.909800
3924.0000         -81.083400
3928.0000         -63.763300
3932.0000         -64.661200
3936.0000         -60.639000
3940.0000         -63.311600
3944.0000         -61.667800
3948.0000         -62.266800
3952.0000         -61.595200
3956.0000         -59.877100
3960.0000         -59.273200
3964.0000         -62.405900
3968.0000         -53.190700
3972.0000         -49.222200
3976.0000         -63.204900
3980.0000         -60.908500
3984.0000         -66.363600
3988.0000         -61.954600
3992.0000         -60.079600
3996.0000         -60.120200
4000.0000         -59.923300
4004.0000         -58.412300
