4.0000     -732596.828778
8.0000     -732872.428335
12.0000     -733400.766711
16.0000     -733093.887374
20.0000     -732372.064411
24.0000     -732571.677948
28.0000     -732632.259829
32.0000     -732849.278441
36.0000     -732607.310089
40.0000     -732783.551761
44.0000     -733284.567625
48.0000     -732523.583987
52.0000     -732287.307394
56.0000     -716451.421220
60.0000     -732982.407496
64.0000     -733063.310392
68.0000     -732801.372907
72.0000     -732412.095539
76.0000     -732895.613333
80.0000     -732688.117642
84.0000     -733013.502355
88.0000     -733680.077180
92.0000     -733588.151626
96.0000     -733003.255259
100.0000     -732385.877217
104.0000     -733619.054823
108.0000     -731866.563767
112.0000     -733466.671244
116.0000     -733115.208775
120.0000     -733843.041483
124.0000     -733369.140627
128.0000     -733230.471102
132.0000     -732704.026142
136.0000     -733049.730119
140.0000     -733064.850746
144.0000     -732784.456733
148.0000     -733136.451565
152.0000     -733970.717966
156.0000     -733492.775879
160.0000     -732609.542844
164.0000     -732591.297231
168.0000     -733250.996919
172.0000     -733315.400137
176.0000     -733295.561333
180.0000     -733462.399367
184.0000     -732113.632604
188.0000     -733099.160063
192.0000     -733452.141380
196.0000     -732010.881017
200.0000     -732725.765422
204.0000     -733153.873083
208.0000     -732744.128136
212.0000     -733113.630252
216.0000     -733030.106553
220.0000     -732054.146405
224.0000     -733203.525678
228.0000     -733208.199531
232.0000     -733082.083642
236.0000     -734103.512791
240.0000     -733151.440853
244.0000     -731087.863122
248.0000     -733453.382111
252.0000     -733070.104896
256.0000     -734056.267205
260.0000     -732307.495367
264.0000     -733782.785617
268.0000     -732611.905966
272.0000     -711490.938685
276.0000     -733728.311772
280.0000     -733183.031284
284.0000     -732765.497415
288.0000     -732422.813203
292.0000     -732196.798191
296.0000     -732578.894418
300.0000     -732518.781352
304.0000     -733967.776357
308.0000     -733119.044743
312.0000     -733014.412715
316.0000     -732700.470404
320.0000     -732801.334603
324.0000     -733136.439352
328.0000     -732626.659059
332.0000     -732257.048216
336.0000     -729132.218733
340.0000     -728942.854187
344.0000     -732591.743282
348.0000     -733267.700382
352.0000     -733894.432195
356.0000     -733888.219834
360.0000     -733369.345426
364.0000     -733544.209957
368.0000     -732992.436594
372.0000     -732767.939915
376.0000     -723029.753649
380.0000     -730906.440602
384.0000     -733082.552171
388.0000     -733488.509208
392.0000     -732984.463659
396.0000     -732902.620509
400.0000     -732618.743039
404.0000     -732545.112894
408.0000     -732911.093221
412.0000     -733096.799831
416.0000     -732835.966735
420.0000     -732974.547715
424.0000     -732839.549682
428.0000     -733081.900208
432.0000     -733256.337710
436.0000     -732827.530741
440.0000     -733227.211379
444.0000     -732996.232637
448.0000     -733079.508417
452.0000     -733376.804773
456.0000     -733369.219071
460.0000     -732441.300990
464.0000     -732951.945529
468.0000     -733628.653933
472.0000     -732647.892394
476.0000     -732479.681646
480.0000     -732873.712519
484.0000     -732906.395106
488.0000     -733169.755042
492.0000     -733565.265338
496.0000     -733083.234907
500.0000     -733088.695144
504.0000     -731720.443013
508.0000     -733351.292942
512.0000     -733334.589672
516.0000     -732811.053798
520.0000     -732250.348723
524.0000     -731600.883665
528.0000     -733069.704089
532.0000     -733220.084332
536.0000     -733332.354292
540.0000     -729366.831284
544.0000     -732994.695298
548.0000     -732385.962764
552.0000     -733145.615412
556.0000     -733454.149400
560.0000     -732726.295288
564.0000     -733274.260978
568.0000     -733103.810450
572.0000     -727550.764359
576.0000     -733103.440888
580.0000     -733245.614073
584.0000     -733322.354474
588.0000     -733772.420122
592.0000     -732979.468734
596.0000     -733110.098127
600.0000     -733459.906468
604.0000     -733147.212650
608.0000     -733022.066044
612.0000     -732187.322631
616.0000     -733591.120585
620.0000     -733132.079459
624.0000     -733310.730746
628.0000     -733164.007154
632.0000     -733296.384263
636.0000     -733477.312148
640.0000     -733406.537958
644.0000     -732779.257694
648.0000     -732871.051394
652.0000     -733171.965631
656.0000     -731981.505896
660.0000     -733967.864566
664.0000     -733368.792856
668.0000     -733041.818944
672.0000     -733646.425759
676.0000     -732648.539055
680.0000     -730737.898935
684.0000     -733277.772010
688.0000     -732579.794533
692.0000     -732881.826814
696.0000     -733348.876237
700.0000     -733187.834790
704.0000     -732873.321744
708.0000     -733061.749777
712.0000     -733247.824005
716.0000     -733926.523023
720.0000     -732173.920770
724.0000     -729419.120180
728.0000     -732554.882923
732.0000     -733763.944855
736.0000     -732722.459097
740.0000     -733126.630623
744.0000     -733375.116220
748.0000     -732846.054783
752.0000     -733652.069907
756.0000     -732842.907783
760.0000     -732996.435995
764.0000     -733866.340298
768.0000     -733378.932037
772.0000     -733276.863365
776.0000     -733093.651611
780.0000     -732608.200930
784.0000     -732828.292210
788.0000     -732329.682965
792.0000     -733650.173758
796.0000     -732600.828038
800.0000     -733062.550425
804.0000     -733983.420672
808.0000     -733782.306958
812.0000     -732839.387330
816.0000     -732479.554772
820.0000     -733516.593342
824.0000     -733309.925837
828.0000     -732965.015515
832.0000     -731836.404148
836.0000     -732175.367727
840.0000     -732787.389584
844.0000     -733412.027466
848.0000     -733022.518499
852.0000     -732524.477288
856.0000     -732712.249254
860.0000     -732941.940751
864.0000     -732624.637558
868.0000     -732861.515975
872.0000     -733557.887450
876.0000     -733062.539929
880.0000     -733170.781804
884.0000     -732872.061398
888.0000     -732863.809949
892.0000     -733651.241638
896.0000     -733371.811458
900.0000     -734589.087786
904.0000     -732873.756153
908.0000     -732525.289835
912.0000     -732531.837798
916.0000     -733619.698809
920.0000     -732816.219316
924.0000     -733224.118881
928.0000     -733031.337224
932.0000     -733108.379064
936.0000     -733227.584213
940.0000     -734052.255924
944.0000     -733433.320222
948.0000     -732943.582049
952.0000     -733078.534322
956.0000     -731486.926148
960.0000     -732527.033028
964.0000     -733353.882464
968.0000     -733142.122232
972.0000     -733347.532006
976.0000     -733142.037404
980.0000     -732674.811126
984.0000     -732755.995929
988.0000     -733794.441802
992.0000     -733437.132293
996.0000     -733463.118415
1000.0000     -733196.042398
1004.0000     -733118.383208
1008.0000     -732657.040616
1012.0000     -732852.718981
1016.0000     -733097.494479
1020.0000     -734153.229903
1024.0000     -733327.162841
1028.0000     -733760.468156
1032.0000     -729499.417266
1036.0000     -733251.180500
1040.0000     -732578.731878
1044.0000     -733023.698999
1048.0000     -733305.582775
1052.0000     -733087.458438
1056.0000     -732544.297099
1060.0000     -733754.169404
1064.0000     -731834.716092
1068.0000     -732920.850765
1072.0000     -733655.452616
1076.0000     -733465.047844
1080.0000     -732969.148773
1084.0000     -728920.453366
1088.0000     -733158.303188
1092.0000     -732787.880126
1096.0000     -733363.073240
1100.0000     -733484.482699
1104.0000     -733052.904526
1108.0000     -733333.951172
1112.0000     -733084.304888
1116.0000     -733490.318796
1120.0000     -732632.634368
1124.0000     -733297.506500
1128.0000     -732818.030383
1132.0000     -732781.505633
1136.0000     -733252.096675
1140.0000     -733738.797815
1144.0000     -732704.104453
1148.0000     -732535.082657
1152.0000     -733691.212274
1156.0000     -733621.951881
1160.0000     -733614.756530
1164.0000     -733694.063433
1168.0000     -733553.916804
1172.0000     -733625.199526
1176.0000     -732988.840732
1180.0000     -732749.431478
1184.0000     -733380.432054
1188.0000     -734605.847360
1192.0000     -732908.562675
1196.0000     -733516.399755
1200.0000     -734101.028023
1204.0000     -733605.607110
1208.0000     -730266.867938
1212.0000     -733389.416336
1216.0000     -732903.441634
1220.0000     -732686.958091
1224.0000     -732810.541080
1228.0000     -733348.490389
1232.0000     -733038.716030
1236.0000     -732542.617724
1240.0000     -733382.077692
1244.0000     -733150.008172
1248.0000     -733331.989718
1252.0000     -732412.130640
1256.0000     -729652.643124
1260.0000     -733022.210571
1264.0000     -733298.906083
1268.0000     -733684.553536
1272.0000     -733299.324086
1276.0000     -733177.844001
1280.0000     -732654.801337
1284.0000     -733390.322644
1288.0000     -732839.130726
1292.0000     -732815.043081
1296.0000     -733043.550409
1300.0000     -732388.548868
1304.0000     -732418.291246
1308.0000     -732590.246284
1312.0000     -727072.346657
1316.0000     -733108.383329
1320.0000     -732455.216599
1324.0000     -732605.658080
1328.0000      306309.341538
1332.0000     -733912.495451
1336.0000     -733164.173076
1340.0000     -732187.075142
1344.0000     -730048.385560
1348.0000     -733541.774270
1352.0000     -733088.673918
1356.0000     -732681.767911
1360.0000     -732238.458870
1364.0000     -732930.198245
1368.0000     -732632.592086
1372.0000     -733654.471927
1376.0000     -733532.731819
1380.0000     -732505.469520
1384.0000     -733734.888587
1388.0000     -733129.580089
1392.0000     -733175.342801
1396.0000     -734130.628287
1400.0000     -733210.470730
1404.0000     -732859.469091
1408.0000     -732569.261453
1412.0000     -732834.002579
1416.0000     -721229.857750
1420.0000     -732723.015312
1424.0000     -732763.030543
1428.0000     1488685.256766
1432.0000     -731996.875630
1436.0000     -732297.810440
1440.0000     -733395.460084
1444.0000     -733248.225915
1448.0000     -733316.920394
1452.0000     -732517.646775
1456.0000     -731831.356492
1460.0000     -732756.642667
1464.0000     -732837.555321
1468.0000     -732949.311112
1472.0000     -733722.503228
1476.0000     -732856.491006
1480.0000     -732750.161780
1484.0000     -733201.428498
1488.0000     -732299.819479
1492.0000     -733264.802429
1496.0000     -733247.002017
1500.0000     -732814.442887
1504.0000     -723521.316843
1508.0000     -733070.162372
1512.0000     -732994.978279
1516.0000     -733235.527825
1520.0000     -732788.903052
1524.0000     -733552.626733
1528.0000     -733148.792170
1532.0000     -732843.588482
1536.0000     -732444.022169
1540.0000     -731597.978104
1544.0000     -732236.800088
1548.0000     -732970.662420
1552.0000     -732274.755184
1556.0000     -733080.592856
1560.0000     -732618.529986
1564.0000     -731736.683605
1568.0000     -733161.528635
1572.0000     -731431.184779
1576.0000     -732682.123480
1580.0000     -733138.896797
1584.0000     -733416.837870
1588.0000     -732908.703724
1592.0000     -733120.182611
1596.0000     -732618.079098
1600.0000     -732898.501545
1604.0000     -732809.056017
1608.0000     -732494.576392
1612.0000     -733794.413895
1616.0000     -733584.940973
1620.0000     -733193.537270
1624.0000     -733109.032130
1628.0000     -733309.222908
1632.0000     -733213.198283
1636.0000     -733005.130294
1640.0000     -733746.267582
1644.0000     -732502.068582
1648.0000     -728633.536411
1652.0000     -734006.354241
1656.0000     -733066.839741
1660.0000     -731860.790365
1664.0000     -732581.082240
1668.0000     -732112.612362
1672.0000     -732879.519536
1676.0000     -625370.228396
1680.0000     -732872.502047
1684.0000     -733491.822915
1688.0000     -733235.470297
1692.0000     -732726.451943
1696.0000     -732676.160246
1700.0000     -733179.448707
1704.0000     -733185.793121
1708.0000     -732375.063774
1712.0000     -733084.222635
1716.0000     -718442.872504
1720.0000     -733584.618025
1724.0000     -732934.001254
1728.0000     -733337.391310
1732.0000     -732396.324140
1736.0000     -732189.493958
1740.0000     -732844.552626
1744.0000     -733009.869814
1748.0000     -733312.137853
1752.0000     -733099.719958
1756.0000     -733164.078738
1760.0000     -734075.170184
1764.0000     -733421.521911
1768.0000     -733709.595593
1772.0000     -733297.060689
1776.0000     -732587.703971
1780.0000     -733311.132623
1784.0000     -733372.003824
1788.0000     -732906.671252
1792.0000     -733158.650701
1796.0000     -733518.099710
1800.0000     -732439.058493
1804.0000     -733729.787197
1808.0000     -733284.670031
1812.0000     -732425.511044
1816.0000     -733206.142446
1820.0000     -732950.276529
1824.0000     -733725.325708
1828.0000     -732886.964460
1832.0000     -732919.930056
1836.0000     -733326.483175
1840.0000     -731584.590327
1844.0000     -733337.389110
1848.0000     -733168.531070
1852.0000     -723632.740687
1856.0000     -732850.254679
1860.0000     -733454.866383
1864.0000     -733626.155190
1868.0000     -732979.145869
1872.0000     -727694.650090
1876.0000     -733604.594033
1880.0000     -733028.713724
1884.0000     -733421.401872
1888.0000     -733347.077055
1892.0000     -734003.312255
1896.0000     -733377.835944
1900.0000     -732547.781687
1904.0000     -733521.218413
1908.0000     -733257.825669
1912.0000     -733453.267227
1916.0000     -733455.652333
1920.0000     -733565.195420
1924.0000     -733423.979332
1928.0000     -733565.918782
1932.0000     -733339.998628
1936.0000     -732764.685256
1940.0000     -734055.775496
1944.0000     -732993.651882
1948.0000     -732546.104884
1952.0000     -733225.477570
1956.0000     -732301.963953
1960.0000     -733702.660685
1964.0000     -733455.506028
1968.0000     -733599.623895
1972.0000     -732987.101622
1976.0000     -733383.946941
1980.0000     -732698.071664
1984.0000     -733039.568345
1988.0000     -732925.462302
1992.0000     -732590.565267
1996.0000     -732965.638144
2000.0000     -732787.602811
2004.0000     -732986.581755
2008.0000     -732681.161884
2012.0000     -733357.415338
2016.0000     -728900.764016
2020.0000     -733012.629015
2024.0000     -732775.431870
2028.0000     -733354.364830
2032.0000     -733445.186043
2036.0000     -733179.273088
2040.0000     -733531.856673
2044.0000     -733721.730708
2048.0000     -732762.464253
2052.0000     -733362.075471
2056.0000     -733375.095581
2060.0000     -733763.862719
2064.0000     -733728.130411
2068.0000     -733304.515913
2072.0000     -732605.516613
2076.0000     -732332.840156
2080.0000     -732282.010768
2084.0000     -733657.134014
2088.0000     -733604.950180
2092.0000     -732697.921497
2096.0000     -732649.122266
2100.0000     -733891.943221
2104.0000     -733122.398770
2108.0000     -733464.113734
2112.0000     -733581.790789
2116.0000     -732621.281079
2120.0000     -733550.576464
2124.0000     -733002.865342
2128.0000     -733684.423222
2132.0000     -732871.698558
2136.0000     -733626.378548
2140.0000     -732750.533990
2144.0000     -732549.351738
2148.0000     -733743.111318
2152.0000     -732648.128499
2156.0000     -732561.061054
2160.0000     -733039.523542
2164.0000     -733643.398680
2168.0000     -733714.644351
2172.0000     -733371.064230
2176.0000     -732510.575915
2180.0000     -734005.937148
2184.0000     -733414.253659
2188.0000     -733673.754690
2192.0000     -733181.198008
2196.0000     -732945.099874
2200.0000     -732156.992667
2204.0000     -733537.728552
2208.0000     -732454.430724
2212.0000     -733378.421623
2216.0000     -733713.460378
2220.0000     -733378.306422
2224.0000     -733302.469011
2228.0000     -733167.705053
2232.0000     -733442.708730
2236.0000     -733792.217088
2240.0000     -733355.618671
2244.0000     -733950.812019
2248.0000     -733653.348912
2252.0000     -733892.590970
2256.0000     -732287.789807
2260.0000     -733835.179033
2264.0000     -734139.138853
2268.0000     -733345.579929
2272.0000     -733480.218818
2276.0000     -733545.816017
2280.0000     -708268.827159
2284.0000     -734024.806054
2288.0000     -733870.592593
2292.0000     -724575.483285
2296.0000     -732966.276592
2300.0000     -733584.535116
2304.0000     -732717.637584
2308.0000     -733403.461581
2312.0000     -732950.606839
2316.0000     -732153.864504
2320.0000     -733337.934022
2324.0000     -733063.439888
2328.0000     -733079.800748
2332.0000     -734365.159577
2336.0000     -733682.335962
2340.0000     -733737.097316
2344.0000     -733040.047737
2348.0000     -733812.168951
2352.0000     -733228.103582
2356.0000     -733724.787071
2360.0000     -733431.651830
2364.0000     -733285.027083
2368.0000     -734307.242725
2372.0000     -733060.299914
2376.0000     -733134.177271
2380.0000     -732997.325946
2384.0000     -732068.648080
2388.0000     -729091.035313
2392.0000     -733155.307884
2396.0000     -732127.187403
2400.0000     -733734.022336
2404.0000     -733671.994543
2408.0000     -733136.598618
2412.0000     -733822.325910
2416.0000     -733474.922952
2420.0000     -734031.002132
2424.0000     -733837.346456
2428.0000     -734508.823420
2432.0000     -733543.779900
2436.0000     -733024.303392
2440.0000     -733230.700177
2444.0000     -727864.315305
2448.0000     -733305.207742
2452.0000     -733159.238041
2456.0000     -733040.232902
2460.0000     -733310.749678
2464.0000     -733199.250926
2468.0000     -733074.792724
2472.0000     -733950.527844
2476.0000     -732810.760786
2480.0000     -734423.267644
2484.0000     -733549.003905
2488.0000     -733137.760748
2492.0000     -733881.927527
2496.0000     -732862.479549
2500.0000     -733951.849839
2504.0000     -733360.010120
2508.0000     -733802.908613
2512.0000     -733994.943931
2516.0000     -733454.365462
2520.0000     -734167.068778
2524.0000     -734303.619698
2528.0000     -732786.220890
2532.0000     -733392.342829
2536.0000     -733061.330832
2540.0000     -733053.300922
2544.0000     -733846.566153
2548.0000     -733297.248657
2552.0000     -734560.235672
2556.0000     -734099.054889
2560.0000     -733469.394833
2564.0000     -733624.572449
2568.0000     -732532.625209
2572.0000     -733439.745827
2576.0000     -733805.213409
2580.0000     -732894.507433
2584.0000     -732385.650884
2588.0000     -733670.831667
2592.0000     -733209.869538
2596.0000     -732732.431060
2600.0000     -733213.965521
2604.0000     -733546.003652
2608.0000     -733633.479321
2612.0000     -732911.980468
2616.0000     -733416.620163
2620.0000     -733082.138172
2624.0000     -733343.471913
2628.0000     -733122.542511
2632.0000     -733600.570095
2636.0000     -733017.397541
2640.0000     -733252.535786
2644.0000     -733087.548067
2648.0000     -732588.029144
2652.0000     -733682.678730
2656.0000     -732960.973547
2660.0000     -733696.918473
2664.0000     -733925.071361
2668.0000     -732965.650838
2672.0000     -732881.687370
2676.0000     -732898.542570
2680.0000     -733689.763853
2684.0000     -732270.126837
2688.0000     -732772.955428
2692.0000     -733310.782180
2696.0000     -733109.993376
2700.0000     -729400.940706
2704.0000     -733697.758810
2708.0000     -733573.253675
2712.0000     -733345.306189
2716.0000     -733852.323739
2720.0000     -733715.073990
2724.0000     -733562.846455
2728.0000     -733718.649174
2732.0000     -733500.517078
2736.0000     -733662.980830
2740.0000     -733723.291912
2744.0000     -733897.596172
2748.0000     -732924.890218
2752.0000     -733375.896283
2756.0000     -733484.397619
2760.0000     -733366.157783
2764.0000     -733265.976803
2768.0000     -733193.455826
2772.0000     -733735.775591
2776.0000     -733601.897599
2780.0000     -734006.295746
2784.0000     -733585.404713
2788.0000     -733421.126103
2792.0000     -714981.638646
2796.0000     -732899.569387
2800.0000     -733780.672691
2804.0000     -733912.771841
2808.0000     -732456.187604
2812.0000     -733494.446580
2816.0000     -733005.479838
2820.0000     -733707.980631
2824.0000     -733205.298906
2828.0000     -734173.965840
2832.0000     -734218.399262
2836.0000     -733237.639746
2840.0000     -733014.851972
2844.0000     -732908.184685
2848.0000     -732900.754870
2852.0000     -732488.105440
2856.0000     -732926.098482
2860.0000     -734100.591994
2864.0000     -733384.433384
2868.0000     -732872.675157
2872.0000     -732906.977189
2876.0000     -733471.601198
2880.0000     -733082.716038
2884.0000     -723187.329217
2888.0000     -730262.359686
2892.0000     -731206.010653
2896.0000     -733219.830372
2900.0000     -733576.509523
2904.0000     -733466.620008
2908.0000     -734232.970613
2912.0000     -734577.602413
2916.0000     -733514.357566
2920.0000     -733542.004890
2924.0000     -733399.326033
2928.0000     -733196.803654
2932.0000     -733165.362446
2936.0000     -732852.413063
2940.0000     -733627.626278
2944.0000     -732836.056334
2948.0000     -733581.114758
2952.0000     -733782.277709
2956.0000     -733826.552055
2960.0000     -732794.723758
2964.0000     -724870.016001
2968.0000     -733839.643885
2972.0000     -732318.990931
2976.0000     -733275.644695
2980.0000     -733855.968451
2984.0000     -733721.424742
2988.0000     -734240.408795
2992.0000     -733731.580205
2996.0000     -733640.135522
3000.0000     -734183.534007
3004.0000     -734412.896505
3008.0000     -733530.310914
3012.0000     -733656.660947
3016.0000     -733147.481927
3020.0000     -733905.489931
3024.0000     -732997.745639
3028.0000     -733922.062994
3032.0000     -732778.509427
3036.0000     -732778.532503
3040.0000     -732942.346107
3044.0000     -733722.834724
3048.0000     -733347.104312
3052.0000     -733088.270824
3056.0000     -733867.078090
3060.0000     -732689.066463
3064.0000     -733481.181023
3068.0000     -733411.490206
3072.0000     -733131.870096
3076.0000     -733783.515179
3080.0000     -734529.415770
3084.0000     -733718.871495
3088.0000     -732742.701808
3092.0000     -733671.682980
3096.0000     -733806.665118
3100.0000     -733402.750806
3104.0000     -734140.855225
3108.0000     -733831.171498
3112.0000     -734048.839891
3116.0000     -733602.485703
3120.0000     -726397.989825
3124.0000     -733125.828976
3128.0000     -733633.289987
3132.0000     -733101.063897
3136.0000     -733806.737367
3140.0000     -733739.248748
3144.0000     -733928.452070
3148.0000     -732686.858202
3152.0000     -733330.686992
3156.0000     -733880.571997
3160.0000     -733361.415446
3164.0000     -733226.025079
3168.0000     -733339.794963
3172.0000     -734262.863620
3176.0000     -733518.338394
3180.0000     -733262.342221
3184.0000     -733282.589161
3188.0000     -732576.614519
3192.0000     -733604.492143
3196.0000     -733073.075712
3200.0000     -733220.848005
3204.0000     -733449.542961
3208.0000     -732982.076070
3212.0000     -733544.275989
3216.0000     -733476.386516
3220.0000     -733248.110933
3224.0000     -732844.309509
3228.0000     -733707.875464
3232.0000     -733650.807565
3236.0000     -733719.790337
3240.0000     -733423.465645
3244.0000     -734701.695993
3248.0000     -733474.042448
3252.0000     -733825.037295
3256.0000     -731280.153136
3260.0000     -733290.214373
3264.0000     -733016.986006
3268.0000     -733474.087134
3272.0000     -732698.754829
3276.0000     -733942.778685
3280.0000     -734007.755410
3284.0000     -733362.414724
3288.0000     -732754.682294
3292.0000     -732775.977311
3296.0000     -733870.446992
3300.0000     -733404.086292
3304.0000     -733321.009161
3308.0000     -733665.921184
3312.0000     -733255.032683
3316.0000     -733457.619333
3320.0000     -731883.468483
3324.0000     -733726.949328
3328.0000     -733191.150098
3332.0000     -732696.186569
3336.0000     -733451.912377
3340.0000     -733600.633634
3344.0000     -732117.094273
3348.0000     -733845.163353
3352.0000     -731266.549898
3356.0000     -733701.684881
3360.0000     -733298.594241
3364.0000     -734127.418127
3368.0000     -734788.532597
3372.0000     -733679.551710
3376.0000     -733513.324534
3380.0000     -733176.377468
3384.0000     -733304.257670
3388.0000     -733212.273829
3392.0000     -733968.807935
3396.0000     -733959.561175
3400.0000     -733107.047948
3404.0000     -733055.075431
3408.0000     -733597.454964
3412.0000     -733499.729551
3416.0000     -733229.524262
3420.0000     -733609.585499
3424.0000     -733015.867170
3428.0000     -733208.035667
3432.0000     -733586.922900
3436.0000     -733315.273536
3440.0000     -733242.390845
3444.0000     -733096.936069
3448.0000     -733327.751707
3452.0000     -733229.017529
3456.0000     -734219.726239
3460.0000     -733187.684456
3464.0000     -733861.458693
3468.0000     -733269.401071
3472.0000     -733595.438538
3476.0000     -732577.146070
3480.0000     -733321.485727
3484.0000     -733286.665888
3488.0000     -733709.354643
3492.0000     -733421.863787
3496.0000     -732572.478289
3500.0000     -733319.936167
3504.0000     -733886.577713
3508.0000     -733624.433412
3512.0000     -733795.180012
3516.0000     -733663.895519
3520.0000     -733457.082024
3524.0000     -733413.120487
3528.0000     -733838.019196
3532.0000     -732992.453777
3536.0000     -733706.775571
3540.0000     -733156.589420
3544.0000     -725457.291282
3548.0000     -733374.991682
3552.0000     -732194.541422
3556.0000     -732549.323316
3560.0000     -732991.351459
3564.0000     -733340.723809
3568.0000     -728915.765109
3572.0000     -733563.485396
3576.0000     -733466.560175
3580.0000     -733357.706641
3584.0000     -733073.615633
3588.0000     -733190.791702
3592.0000     -733743.096351
3596.0000     -732598.187975
3600.0000     -732672.625531
3604.0000     -732663.502153
3608.0000     -733296.073283
3612.0000     -733183.936578
3616.0000     -733195.033159
3620.0000     -733612.628480
3624.0000     -731497.988979
3628.0000     -734195.785928
3632.0000     -733174.404678
3636.0000     -733346.843579
3640.0000     -733610.398402
3644.0000     -733632.845429
3648.0000     -732646.509980
3652.0000     -732612.263041
3656.0000     -733350.168586
3660.0000     -733336.162067
3664.0000     -732870.680982
3668.0000     -733407.526128
3672.0000     -733501.670588
3676.0000     -732990.244741
3680.0000     -733077.246726
3684.0000       85616.243351
3688.0000     -733765.006360
3692.0000     -733228.689597
3696.0000     -733957.613855
3700.0000     -733377.326710
3704.0000     -730838.199757
3708.0000     -733310.852254
3712.0000     -733507.118229
3716.0000     -732245.570180
3720.0000     -733375.147622
3724.0000     -733055.629253
3728.0000     -728649.939082
3732.0000     -733672.225224
3736.0000     -732020.633467
3740.0000     -732776.229540
3744.0000     -733209.462762
3748.0000     -734035.801054
3752.0000     -733737.230068
3756.0000     -733484.281483
3760.0000     -732818.355901
3764.0000     -732993.631943
3768.0000     -733448.740997
3772.0000     -732773.706193
3776.0000     -732162.582209
3780.0000     -733801.475273
3784.0000     -732404.878590
3788.0000     -732808.735638
3792.0000     -734165.787629
3796.0000     -731640.225975
3800.0000     -733009.785607
3804.0000     -732767.699051
3808.0000     -732819.349675
3812.0000     -732620.787693
3816.0000     -732886.659712
3820.0000     -732812.737011
3824.0000     -732987.882455
3828.0000     -733163.923167
3832.0000     -734045.287009
3836.0000     -734426.985294
3840.0000     -734024.657150
3844.0000     -733134.814410
3848.0000     -733090.842338
3852.0000     -733719.005445
3856.0000     -733424.244048
3860.0000     -733773.314605
3864.0000     -733356.372587
3868.0000     -733504.289791
3872.0000     -734122.488734
3876.0000     -733924.542400
3880.0000     -733745.421543
3884.0000     -733738.416452
3888.0000     -732990.672265
3892.0000     -733340.213428
3896.0000     -733423.092467
3900.0000     -732948.608684
3904.0000     -733486.604922
3908.0000     -734215.837932
3912.0000     -733908.675152
3916.0000     -733400.138677
3920.0000     -732360.333660
3924.0000     -734015.173341
3928.0000     -734391.864066
3932.0000     -733195.059839
3936.0000     -734197.150286
3940.0000     -734000.641457
3944.0000     -733589.898192
3948.0000     -733979.443518
3952.0000     -732511.325568
3956.0000     -732454.912768
3960.0000     -733042.688474
3964.0000     -732784.308384
3968.0000     -730019.072193
3972.0000     -733436.586070
3976.0000     -733939.185352
3980.0000     -733560.383775
3984.0000     -732821.069153
3988.0000     -734098.948790
3992.0000     -733799.496335
3996.0000     -733633.562474
4000.0000     -734160.373396
4004.0000     -734160.373396
