4.0000     -733274.028483
8.0000     -732864.931375
12.0000     -732908.851144
16.0000     -732551.289784
20.0000     -732869.901427
24.0000     -732918.546306
28.0000     -733088.132702
32.0000     -733276.562214
36.0000     -732627.450935
40.0000     -732992.465801
44.0000     -733178.316852
48.0000     -733182.196171
52.0000     -733788.722083
56.0000     -733244.995821
60.0000     -733449.380638
64.0000     -733765.735058
68.0000     -734276.618270
72.0000     -733577.649599
76.0000     -733756.670701
80.0000     -733648.941994
84.0000     -733826.511331
88.0000     -733919.864448
92.0000     -733550.108095
96.0000     -733632.010096
100.0000     -734524.734006
104.0000     -733891.804306
108.0000     -733283.086572
112.0000     -732881.710227
116.0000     -733854.620289
120.0000     -732966.609227
124.0000     -733384.053281
128.0000     -732923.754258
132.0000     -733733.169782
136.0000     -733818.927902
140.0000     -733525.169716
144.0000     -733540.426045
148.0000     -733055.434473
152.0000     -733332.763419
156.0000     -733626.366817
160.0000     -732598.465729
164.0000     -733520.762793
168.0000     -732686.017513
172.0000     -733108.321816
176.0000     -733016.475393
180.0000     -733894.889768
184.0000     -732679.636097
188.0000     -733475.898809
192.0000     -733391.669260
196.0000     -733331.502558
200.0000     -732982.975641
204.0000     -733132.983314
208.0000     -733081.778002
212.0000     -732852.405924
216.0000     -734006.357629
220.0000     -733802.101550
224.0000     -733251.004297
228.0000     -732933.851771
232.0000     -733107.781657
236.0000     -733525.226398
240.0000     -734574.104720
244.0000     -733745.272292
248.0000     -733661.479852
252.0000     -733077.268813
256.0000     -732643.663880
260.0000     -732946.276201
264.0000     -733534.965002
268.0000     -733672.318797
272.0000     -732822.096653
276.0000     -732529.131752
280.0000     -733531.865340
284.0000     -733102.150949
288.0000     -734032.301190
292.0000     -732790.407514
296.0000     -733434.906973
300.0000     -732472.667588
304.0000     -733729.972230
308.0000     -733094.470983
312.0000     -732900.476682
316.0000     -733647.980051
320.0000     -733891.075435
324.0000     -733176.134162
328.0000     -732944.041888
332.0000     -733205.153567
336.0000     -733992.801152
340.0000     -733388.200653
344.0000     -733845.148713
348.0000     -733302.699529
352.0000     -734028.225776
356.0000     -733601.474816
360.0000     -733924.465440
364.0000     -734531.135401
368.0000     -734107.723259
372.0000     -733673.820458
376.0000     -734019.383198
380.0000     -733733.693820
384.0000     -734195.410572
388.0000     -733100.088458
392.0000     -733267.179679
396.0000     -733285.036407
400.0000     -733019.440626
404.0000     -733891.603290
408.0000     -733966.784216
412.0000     -734332.548640
416.0000     -732985.163325
420.0000     -733410.918394
424.0000     -733377.886839
428.0000     -733377.053678
432.0000     -733685.672894
436.0000     -733404.595830
440.0000     -733743.105855
444.0000     -733453.378421
448.0000     -733978.311431
452.0000     -733315.645959
456.0000     -732488.276536
460.0000     -733623.390806
464.0000     -734088.527900
468.0000     -733596.224453
472.0000     -732195.706407
476.0000     -732918.878448
480.0000     -732708.188557
484.0000     -733057.257769
488.0000     -732911.876877
492.0000     -733362.024877
496.0000     -733278.631780
500.0000     -733170.501592
504.0000     -732998.707284
508.0000     -733599.569179
512.0000     -733328.225868
516.0000     -734062.513546
520.0000     -733045.664886
524.0000     -734151.780340
528.0000     -734132.751258
532.0000     -733607.813807
536.0000     -733922.975259
540.0000     -734008.154363
544.0000     -733622.795122
548.0000     -733131.278571
552.0000     -734657.112776
556.0000     -732867.134626
560.0000     -732509.712628
564.0000     -733419.657041
568.0000     -733676.591099
572.0000     -733598.520162
576.0000     -733727.686692
580.0000     -733765.313056
584.0000     -732580.997530
588.0000     -733506.292145
592.0000     -732476.049157
596.0000     -732353.174876
600.0000     -733646.685063
604.0000     -733136.274835
608.0000     -733915.365306
612.0000     -733041.111974
616.0000     -733066.149062
620.0000     -732853.603527
624.0000     -733618.163999
628.0000     -732877.151018
632.0000     -732778.096503
636.0000     -732904.080630
640.0000     -732063.705222
644.0000     -733262.423691
648.0000     -732738.196995
652.0000     -733108.350191
656.0000     -733370.813015
660.0000     -733727.348609
664.0000     -733694.915753
668.0000     -732778.123577
672.0000     -733191.722713
676.0000     -733749.648049
680.0000     -733527.946955
684.0000     -733072.586006
688.0000     -733708.551911
692.0000     -733160.452285
696.0000     -734079.833233
700.0000     -732994.584121
704.0000     -733657.688570
708.0000     -733063.299937
712.0000     -733791.953342
716.0000     -732899.825898
720.0000     -733706.196617
724.0000     -732820.847436
728.0000     -732968.934973
732.0000     -733028.068966
736.0000     -732343.979439
740.0000     -732814.669559
744.0000     -733279.599936
748.0000     -733201.814147
752.0000     -733026.879081
756.0000     -732958.235737
760.0000     -732262.566996
764.0000     -733621.594369
768.0000     -732637.445732
772.0000     -733193.208769
776.0000     -733446.237343
780.0000     -732793.031354
784.0000     -733559.047164
788.0000     -732987.943006
792.0000     -733261.283129
796.0000     -733149.788875
800.0000     -733717.706984
804.0000     -733772.617822
808.0000     -733005.335390
812.0000     -733692.538862
816.0000     -733135.893457
820.0000     -733169.056463
824.0000     -733657.188416
828.0000     -732678.547852
832.0000     -733763.427630
836.0000     -733456.568674
840.0000     -733379.544585
844.0000     -732439.921565
848.0000     -733077.789655
852.0000     -732809.303299
856.0000     -733173.221306
860.0000     -733077.041993
864.0000     -732991.959923
868.0000     -733159.749620
872.0000     -733114.736707
876.0000     -733088.576731
880.0000     -733324.024388
884.0000     -732629.443173
888.0000     -733583.689849
892.0000     -733475.893247
896.0000     -733320.514275
900.0000     -733700.954315
904.0000     -733448.521492
908.0000     -733278.992271
912.0000     -732842.705211
916.0000     -733870.933917
920.0000     -733008.308483
924.0000     -733405.887658
928.0000     -733762.651088
932.0000     -733857.389274
936.0000     -733240.337777
940.0000     -732918.697198
944.0000     -733528.983297
948.0000     -734191.511767
952.0000     -733545.618115
956.0000     -734403.516248
960.0000     -734400.055459
964.0000     -734722.875233
968.0000     -733045.721984
972.0000     -733830.912836
976.0000     -732841.866230
980.0000     -732477.464704
984.0000     -733622.118263
988.0000     -734100.987643
992.0000     -734047.492544
996.0000     -734261.449329
1000.0000     -733572.275017
1004.0000     -732978.285725
1008.0000     -734156.976578
1012.0000     -733673.120976
1016.0000     -733926.270361
1020.0000     -734176.414658
1024.0000     -733525.014306
1028.0000     -733968.891344
1032.0000     -734218.219005
1036.0000     -733725.601842
1040.0000     -734208.943852
1044.0000     -733856.230602
1048.0000     -733505.515801
1052.0000     -733297.548164
1056.0000     -733628.788118
1060.0000     -733220.438053
1064.0000     -734306.788826
1068.0000     -733810.303055
1072.0000     -733561.648383
1076.0000     -734204.505689
1080.0000     -733773.220131
1084.0000     -733283.536749
1088.0000     -733227.879889
1092.0000     -733589.378648
1096.0000     -733708.656485
1100.0000     -733232.992701
1104.0000     -733685.227538
1108.0000     -733719.431029
1112.0000     -734097.441908
1116.0000     -734062.767449
1120.0000     -733873.304566
1124.0000     -733566.988255
1128.0000     -734164.745131
1132.0000     -733490.821723
1136.0000     -733769.665168
1140.0000     -734136.617274
1144.0000     -733809.681142
1148.0000     -733941.957288
1152.0000     -733622.796197
1156.0000     -733580.613512
1160.0000     -733567.612277
1164.0000     -732787.756481
1168.0000     -733476.321784
1172.0000     -734537.929442
1176.0000     -733479.890499
1180.0000     -733430.392267
1184.0000     -733696.981326
1188.0000     -733961.522915
1192.0000     -733465.897097
1196.0000     -734013.732351
1200.0000     -734364.744536
1204.0000     -733331.367120
1208.0000     -733847.721042
1212.0000     -734034.624309
1216.0000     -733645.299566
1220.0000     -734350.914608
1224.0000     -732768.307206
1228.0000     -733058.898453
1232.0000     -733713.688660
1236.0000     -733163.034865
1240.0000     -733434.722615
1244.0000     -733548.457866
1248.0000     -734127.987903
1252.0000     -733869.295770
1256.0000     -734475.498932
1260.0000     -734196.648842
1264.0000     -733609.348848
1268.0000     -733760.842953
1272.0000     -734424.841471
1276.0000     -733742.111122
1280.0000     -734358.048227
1284.0000     -734490.470600
1288.0000     -733342.235842
1292.0000     -734422.033281
1296.0000     -734021.892071
1300.0000     -734012.793146
1304.0000     -733717.578528
1308.0000     -734163.623641
1312.0000     -734208.248119
1316.0000     -733993.857012
1320.0000     -733269.122336
1324.0000     -734446.980357
1328.0000     -734493.964278
1332.0000     -733754.973585
1336.0000     -733744.200677
1340.0000     -734142.132113
1344.0000     -733677.453834
1348.0000     -733914.110926
1352.0000     -734093.369735
1356.0000     -733370.050101
1360.0000     -734347.395865
1364.0000     -733278.408943
1368.0000     -733286.700921
1372.0000     -733806.385997
1376.0000     -733557.271030
1380.0000     -733253.892727
1384.0000     -733533.393105
1388.0000     -733218.762274
1392.0000     -733576.866919
1396.0000     -733492.524715
1400.0000     -733081.121621
1404.0000     -732711.910353
1408.0000     -733651.961326
1412.0000     -733718.879495
1416.0000     -733729.048250
1420.0000     -734334.034695
1424.0000     -733306.656354
1428.0000     -733968.380283
1432.0000     -733616.930907
1436.0000     -732864.143000
1440.0000     -734040.778398
1444.0000     -732778.207580
1448.0000     -733244.254856
1452.0000     -734212.930011
1456.0000     -733946.164528
1460.0000     -733028.972997
1464.0000     -733683.688179
1468.0000     -733708.688963
1472.0000     -734927.667673
1476.0000     -733403.903605
1480.0000     -734295.259976
1484.0000     -734206.012390
1488.0000     -733773.162851
1492.0000     -734160.094354
1496.0000     -734025.823519
1500.0000     -733775.343502
1504.0000     -733715.354958
1508.0000     -734089.220993
1512.0000     -733928.426874
1516.0000     -733702.257475
1520.0000     -733075.306500
1524.0000     -733385.718123
1528.0000     -733170.890280
1532.0000     -732979.675234
1536.0000     -734008.635048
1540.0000     -733868.637381
1544.0000     -733030.676352
1548.0000     -734326.099320
1552.0000     -733340.866437
1556.0000     -733167.091386
1560.0000     -733657.832095
1564.0000     -733256.442366
1568.0000     -733477.383632
1572.0000     -733762.459482
1576.0000     -733525.285980
1580.0000     -733421.962140
1584.0000     -733761.437280
1588.0000     -733352.099937
1592.0000     -732985.700704
1596.0000     -733859.748711
1600.0000     -732796.169237
1604.0000     -733636.196807
1608.0000     -733613.347855
1612.0000     -733609.390308
1616.0000     -734043.278745
1620.0000     -734369.275005
1624.0000     -733211.918597
1628.0000     -733252.522295
1632.0000     -732835.063713
1636.0000     -733931.326304
1640.0000     -733184.527322
1644.0000     -734073.415139
1648.0000     -733844.539517
1652.0000     -733810.288268
1656.0000     -733764.433816
1660.0000     -732972.131233
1664.0000     -734123.750923
1668.0000     -733152.746189
1672.0000     -733637.897657
1676.0000     -734661.603629
1680.0000     -733948.943713
1684.0000     -734455.339401
1688.0000     -733687.717591
1692.0000     -733110.852717
1696.0000     -733698.727375
1700.0000     -734333.453844
1704.0000     -733876.917207
1708.0000     -733309.629178
1712.0000     -733739.110003
1716.0000     -732850.664897
1720.0000     -734112.355018
1724.0000     -734461.754054
1728.0000     -733643.112443
1732.0000     -733039.941812
1736.0000     -733380.207965
1740.0000     -733785.080002
1744.0000     -734275.307514
1748.0000     -733910.029723
1752.0000     -734138.182793
1756.0000     -732896.411050
1760.0000     -732684.916546
1764.0000     -733848.042068
1768.0000     -733671.302285
1772.0000     -734508.479398
1776.0000     -734378.939606
1780.0000     -732871.138737
1784.0000     -733522.835862
1788.0000     -734358.997704
1792.0000     -734505.697510
1796.0000     -734269.636658
1800.0000     -733265.637731
1804.0000     -734429.413747
1808.0000     -734144.850706
1812.0000     -734103.965635
1816.0000     -733121.830099
1820.0000     -732955.825202
1824.0000     -732960.896611
1828.0000     -733817.375310
1832.0000     -733730.583936
1836.0000     -733945.094865
1840.0000     -733556.068854
1844.0000     -734066.104192
1848.0000     -733803.649124
1852.0000     -734209.637438
1856.0000     -733405.879732
1860.0000     -733840.335561
1864.0000     -733484.376619
1868.0000     -733690.491427
1872.0000     -733750.306864
1876.0000     -733762.509759
1880.0000     -733986.285093
1884.0000     -733449.351086
1888.0000     -733557.532482
1892.0000     -733820.130686
1896.0000     -733912.881087
1900.0000     -734494.154909
1904.0000     -733609.471184
1908.0000     -733993.132924
1912.0000     -734115.072845
1916.0000     -733529.402695
1920.0000     -733304.256999
1924.0000     -733851.315614
1928.0000     -732930.153594
1932.0000     -733950.550210
1936.0000     -733731.621462
1940.0000     -733517.135427
1944.0000     -733642.494522
1948.0000     -732996.943697
1952.0000     -732806.642728
1956.0000     -733725.191995
1960.0000     -733821.399984
1964.0000     -733997.788155
1968.0000     -733745.162678
1972.0000     -732106.733764
1976.0000     -733831.847081
1980.0000     -733752.836838
1984.0000     -733581.635765
1988.0000     -733656.857750
1992.0000     -734207.250669
1996.0000     -733818.328603
2000.0000     -734672.035180
2004.0000     -734257.604566
2008.0000     -734351.911761
2012.0000     -733270.793810
2016.0000     -733699.734676
2020.0000     -733937.290890
2024.0000     -732944.193080
2028.0000     -733702.008551
2032.0000     -733695.338096
2036.0000     -733741.442042
2040.0000     -734289.369539
2044.0000     -734800.437847
2048.0000     -733517.998607
2052.0000     -733787.833252
2056.0000     -734781.445103
2060.0000     -734264.813666
2064.0000     -734330.111869
2068.0000     -734511.456917
2072.0000     -734357.792303
2076.0000     -733682.375311
2080.0000     -733506.547223
2084.0000     -734292.735172
2088.0000     -734240.930204
2092.0000     -733901.679231
2096.0000     -734254.011898
2100.0000     -734288.999600
2104.0000     -734234.655511
2108.0000     -734600.496930
2112.0000     -733674.079891
2116.0000     -733456.256044
2120.0000     -733629.165330
2124.0000     -733846.444504
2128.0000     -733775.939127
2132.0000     -733964.374895
2136.0000     -733493.989804
2140.0000     -734113.870296
2144.0000     -733521.997056
2148.0000     -732749.930685
2152.0000     -733391.063383
2156.0000     -732708.705631
2160.0000     -733620.669249
2164.0000     -733532.405535
2168.0000     -733846.477858
2172.0000     -733405.001042
2176.0000     -733669.231610
2180.0000     -733468.307575
2184.0000     -733413.135612
2188.0000     -733178.249634
2192.0000     -734050.254141
2196.0000     -733972.895416
2200.0000     -733476.763540
2204.0000     -733655.461375
2208.0000     -733335.977115
2212.0000     -733471.271346
2216.0000     -733718.737108
2220.0000     -734069.803714
2224.0000     -733717.986082
2228.0000     -733507.865658
2232.0000     -734613.699511
2236.0000     -734425.945051
2240.0000     -734007.682149
2244.0000     -734036.218755
2248.0000     -733822.802374
2252.0000     -733781.593732
2256.0000     -733646.437091
2260.0000     -733010.485850
2264.0000     -733143.790886
2268.0000     -733180.709551
2272.0000     -733658.741465
2276.0000     -732980.135131
2280.0000     -734677.798152
2284.0000     -733882.782434
2288.0000     -733374.445242
2292.0000     -734595.496336
2296.0000     -732957.982863
2300.0000     -733406.727219
2304.0000     -732871.340910
2308.0000     -733268.548843
2312.0000     -733552.687907
2316.0000     -732928.023076
2320.0000     -733671.276144
2324.0000     -733530.721735
2328.0000     -733450.025705
2332.0000     -733096.225923
2336.0000     -733073.183010
2340.0000     -733835.747575
2344.0000     -733412.386691
2348.0000     -733882.320614
2352.0000     -734186.975888
2356.0000     -734246.105416
2360.0000     -733669.307451
2364.0000     -733604.378968
2368.0000     -734358.108684
2372.0000     -734162.847100
2376.0000     -733964.267619
2380.0000     -733853.116169
2384.0000     -734577.837384
2388.0000     -733601.817209
2392.0000     -733885.628158
2396.0000     -733856.277897
2400.0000     -733637.456760
2404.0000     -733101.659861
2408.0000     -733718.925787
2412.0000     -733645.156900
2416.0000     -732768.632328
2420.0000     -733181.040382
2424.0000     -733755.924592
2428.0000     -733468.743342
2432.0000     -733669.600725
2436.0000     -733876.123110
2440.0000     -733284.126561
2444.0000     -733731.041682
2448.0000     -732990.875094
2452.0000     -733863.173515
2456.0000     -733544.781205
2460.0000     -733689.940607
2464.0000     -733735.797554
2468.0000     -733865.764404
2472.0000     -733526.293765
2476.0000     -733573.421321
2480.0000     -734278.738406
2484.0000     -733635.749599
2488.0000     -732661.671443
2492.0000     -733082.331289
2496.0000     -733762.748051
2500.0000     -733890.670856
2504.0000     -733954.690533
2508.0000     -734314.866562
2512.0000     -733740.859093
2516.0000     -732975.000042
2520.0000     -733325.229975
2524.0000     -734142.065829
2528.0000     -733618.994587
2532.0000     -732929.662301
2536.0000     -733608.700014
2540.0000     -733209.432119
2544.0000     -733894.855793
2548.0000     -734114.067873
2552.0000     -733775.668095
2556.0000     -733782.937456
2560.0000     -734189.018540
2564.0000     -733471.742590
2568.0000     -732940.182208
2572.0000     -733365.182450
2576.0000     -733288.709708
2580.0000     -733393.815140
2584.0000     -733446.093039
2588.0000     -733051.972803
2592.0000     -733670.578740
2596.0000     -733389.014572
2600.0000     -732898.311079
2604.0000     -733234.323530
2608.0000     -732889.761996
2612.0000     -733874.569669
2616.0000     -732902.681512
2620.0000     -732998.827243
2624.0000     -733823.121345
2628.0000     -732560.734853
2632.0000     -732878.654119
2636.0000     -733515.191553
2640.0000     -733244.214811
2644.0000     -734029.594517
2648.0000     -733314.170464
2652.0000     -733848.453658
2656.0000     -733539.170825
2660.0000     -733127.287422
2664.0000     -733468.321583
2668.0000     -733037.232707
2672.0000     -733206.822072
2676.0000     -733465.915595
2680.0000     -733196.660453
2684.0000     -734562.894302
2688.0000     -733870.323511
2692.0000     -734199.574175
2696.0000     -733531.878656
2700.0000     -733457.303193
2704.0000     -733043.074485
2708.0000     -733478.620118
2712.0000     -732928.900131
2716.0000     -733144.169800
2720.0000     -733661.641593
2724.0000     -733667.387950
2728.0000     -733498.248603
2732.0000     -733510.698787
2736.0000     -733932.634093
2740.0000     -733686.538661
2744.0000     -733692.562979
2748.0000     -734253.547066
2752.0000     -733111.224671
2756.0000     -733536.946027
2760.0000     -733651.397296
2764.0000     -733028.312601
2768.0000     -733948.915046
2772.0000     -733893.093461
2776.0000     -733236.769098
2780.0000     -733396.185039
2784.0000     -734216.876521
2788.0000     -734116.646873
2792.0000     -734299.541610
2796.0000     -733773.934561
2800.0000     -734770.351831
2804.0000     -734818.771059
2808.0000     -733618.585869
2812.0000     -731877.454786
2816.0000     -733512.837365
2820.0000     -733836.225069
2824.0000     -733736.260135
2828.0000     -733500.701504
2832.0000     -734209.153376
2836.0000     -734283.110900
2840.0000     -733818.357089
2844.0000     -734237.104116
2848.0000     -733963.660877
2852.0000     -733983.801173
2856.0000     -733592.864296
2860.0000     -734065.329882
2864.0000     -733037.755050
2868.0000     -733604.562787
2872.0000     -733939.273655
2876.0000     -734386.090296
2880.0000     -732654.568639
2884.0000     -733381.638579
2888.0000     -733535.808927
2892.0000     -733808.648749
2896.0000     -733682.507781
2900.0000     -733629.899019
2904.0000     -733217.779975
2908.0000     -733169.775814
2912.0000     -733408.246097
2916.0000     -733301.070481
2920.0000     -733490.276570
2924.0000     -733576.118153
2928.0000     -733757.358631
2932.0000     -733746.434136
2936.0000     -733137.504107
2940.0000     -733095.839384
2944.0000     -734008.463854
2948.0000     -733595.252369
2952.0000     -733736.143237
2956.0000     -734058.608063
2960.0000     -733499.103778
2964.0000     -733674.308903
2968.0000     -734545.144991
2972.0000     -732991.292902
2976.0000     -733296.821509
2980.0000     -734147.728813
2984.0000     -732816.931164
2988.0000     -733088.105409
2992.0000     -733480.512074
2996.0000     -733782.063078
3000.0000     -734533.974051
3004.0000     -734487.634154
3008.0000     -734941.335004
3012.0000     -733873.805328
3016.0000     -733840.141905
3020.0000     -733662.067261
3024.0000     -733967.677651
3028.0000     -733681.446021
3032.0000     -734097.080979
3036.0000     -733765.425242
3040.0000     -733695.304097
3044.0000     -733008.903351
3048.0000     -733994.441395
3052.0000     -733082.849979
3056.0000     -734379.781480
3060.0000     -733537.947561
3064.0000     -733968.921530
3068.0000     -733502.476359
3072.0000     -733299.096227
3076.0000     -733575.335973
3080.0000     -733795.665541
3084.0000     -733975.812346
3088.0000     -733664.980153
3092.0000     -733681.060219
3096.0000     -733354.072793
3100.0000     -733579.524663
3104.0000     -733483.901648
3108.0000     -733441.859321
3112.0000     -733952.028882
3116.0000     -733386.556313
3120.0000     -733194.363543
3124.0000     -732968.733243
3128.0000     -733860.021272
3132.0000     -733411.867304
3136.0000     -734193.830032
3140.0000     -733872.390095
3144.0000     -733459.403022
3148.0000     -733020.509586
3152.0000     -733244.248943
3156.0000     -733186.596563
3160.0000     -732926.932423
3164.0000     -733221.434665
3168.0000     -733671.284844
3172.0000     -734195.239621
3176.0000     -732649.857567
3180.0000     -733470.862344
3184.0000     -733977.824302
3188.0000     -733635.088386
3192.0000     -734260.712862
3196.0000     -733477.718786
3200.0000     -733781.382135
3204.0000     -733394.078987
3208.0000     -733964.416629
3212.0000     -734138.594918
3216.0000     -733497.174637
3220.0000     -733486.539497
3224.0000     -733733.197870
3228.0000     -733654.331067
3232.0000     -733224.772588
3236.0000     -733624.599630
3240.0000     -733310.687057
3244.0000     -733319.647102
3248.0000     -733400.796616
3252.0000     -733007.186515
3256.0000     -733190.674359
3260.0000     -733764.774966
3264.0000     -733709.392680
3268.0000     -733646.297816
3272.0000     -734748.832557
3276.0000     -733854.977118
3280.0000     -734161.585918
3284.0000     -733926.894777
3288.0000     -734651.713237
3292.0000     -733352.296579
3296.0000     -733602.317873
3300.0000     -734431.025330
3304.0000     -733912.058511
3308.0000     -734108.686848
3312.0000     -733555.870426
3316.0000     -733426.853421
3320.0000     -733696.142641
3324.0000     -733361.881812
3328.0000     -733144.301446
3332.0000     -733947.343213
3336.0000     -733537.347696
3340.0000     -734608.143287
3344.0000     -733681.254397
3348.0000     -733750.363691
3352.0000     -734333.861830
3356.0000     -733645.402324
3360.0000     -733922.287787
3364.0000     -734311.687447
3368.0000     -734730.922887
3372.0000     -733214.475606
3376.0000     -733626.972579
3380.0000     -733557.703876
3384.0000     -733248.276382
3388.0000     -732956.176951
3392.0000     -733511.684763
3396.0000     -733470.058539
3400.0000     -733929.880099
3404.0000     -733717.302676
3408.0000     -734730.426772
3412.0000     -733972.489242
3416.0000     -733849.157176
3420.0000     -734176.022566
3424.0000     -734584.226580
3428.0000     -734112.287925
3432.0000     -733818.608374
3436.0000     -733804.041235
3440.0000     -734201.713257
3444.0000     -733798.515601
3448.0000     -733784.706781
3452.0000     -734660.209979
3456.0000     -734111.159428
3460.0000     -733977.672195
3464.0000     -734570.660526
3468.0000     -733303.917957
3472.0000     -733489.879663
3476.0000     -733289.491297
3480.0000     -733311.171452
3484.0000     -733222.742652
3488.0000     -734531.099493
3492.0000     -734165.416678
3496.0000     -734190.415790
3500.0000     -734103.946496
3504.0000     -733480.711585
3508.0000     -733849.366239
3512.0000     -733062.567859
3516.0000     -734505.663450
3520.0000     -734125.160664
3524.0000     -733342.144775
3528.0000     -733438.227875
3532.0000     -732754.394562
3536.0000     -733692.832217
3540.0000     -734697.101089
3544.0000     -733774.971987
3548.0000     -734721.237136
3552.0000     -735275.636576
3556.0000     -734404.086827
3560.0000     -734519.308422
3564.0000     -733832.180716
3568.0000     -733889.750657
3572.0000     -734360.478774
3576.0000     -733934.091516
3580.0000     -733901.475482
3584.0000     -734263.129732
3588.0000     -734137.299900
3592.0000     -734695.046566
3596.0000     -733861.001773
3600.0000     -733656.636317
3604.0000     -734066.715958
3608.0000     -734279.830996
3612.0000     -734025.139594
3616.0000     -734167.245368
3620.0000     -734242.158454
3624.0000     -734034.658683
3628.0000     -734183.590388
3632.0000     -734475.802234
3636.0000     -733773.799479
3640.0000     -734186.611931
3644.0000     -734006.987231
3648.0000     -733297.634471
3652.0000     -733700.515510
3656.0000     -734382.169947
3660.0000     -733896.996666
3664.0000     -733506.511519
3668.0000     -734073.795220
3672.0000     -733847.496515
3676.0000     -733505.797705
3680.0000     -733940.376275
3684.0000     -734312.589544
3688.0000     -734296.570764
3692.0000     -734312.636721
3696.0000     -734302.149874
3700.0000     -734085.547108
3704.0000     -735271.727619
3708.0000     -733876.068787
3712.0000     -734420.662890
3716.0000     -733621.136510
3720.0000     -733528.532358
3724.0000     -733623.736591
3728.0000     -733322.291464
3732.0000     -733892.723824
3736.0000     -733558.954820
3740.0000     -734585.370799
3744.0000     -733225.703913
3748.0000     -734234.832308
3752.0000     -734358.013016
3756.0000     -733923.090251
3760.0000     -733744.450197
3764.0000     -734186.834687
3768.0000     -733867.369361
3772.0000     -733421.640174
3776.0000     -733925.997096
3780.0000     -733816.115042
3784.0000     -734120.482900
3788.0000     -733735.994574
3792.0000     -733644.750583
3796.0000     -733564.975327
3800.0000     -733649.683879
3804.0000     -734066.029311
3808.0000     -733544.103247
3812.0000     -733396.033534
3816.0000     -733939.026900
3820.0000     -734301.421455
3824.0000     -733830.487313
3828.0000     -733890.776812
3832.0000     -734323.714729
3836.0000     -734381.580047
3840.0000     -734342.506854
3844.0000     -734047.359522
3848.0000     -734028.235949
3852.0000     -733705.742432
3856.0000     -734254.589955
3860.0000     -734149.898599
3864.0000     -733599.375092
3868.0000     -733711.614132
3872.0000     -733001.282169
3876.0000     -733473.630269
3880.0000     -733720.526113
3884.0000     -733475.871678
3888.0000     -733686.467126
3892.0000     -733480.053909
3896.0000     -733500.959365
3900.0000     -733749.805877
3904.0000     -733990.832065
3908.0000     -734262.670270
3912.0000     -733262.522519
3916.0000     -733550.248766
3920.0000     -733175.318115
3924.0000     -733141.259285
3928.0000     -733470.378677
3932.0000     -733961.774925
3936.0000     -733797.569549
3940.0000     -734372.331679
3944.0000     -734534.274759
3948.0000     -734118.375331
3952.0000     -733699.994969
3956.0000     -733228.869469
3960.0000     -733311.169232
3964.0000     -734377.976375
3968.0000     -734602.041863
3972.0000     -733412.321127
3976.0000     -733458.027595
3980.0000     -733340.799509
3984.0000     -734028.594476
3988.0000     -734039.302893
3992.0000     -734202.316083
3996.0000     -733816.166881
4000.0000     -733658.200329
4004.0000     -733658.200329
