4.0000     -733297.304342
8.0000     -733122.459810
12.0000     -733168.261803
16.0000     -733305.205068
20.0000     -732578.571691
24.0000     -732578.768267
28.0000     -732636.789328
32.0000     -732255.176572
36.0000     -732558.656283
40.0000     -732575.278241
44.0000     -732460.848382
48.0000     -733230.625179
52.0000     -732630.882218
56.0000     -732665.955561
60.0000     -733165.292447
64.0000     -732863.892060
68.0000     -732771.946099
72.0000     -732907.702256
76.0000     -732690.327899
80.0000     -732985.373345
84.0000     -733138.780446
88.0000     -732408.233981
92.0000     -733144.541986
96.0000     -732860.324119
100.0000     -733627.511175
104.0000     -732277.110828
108.0000     -733210.735377
112.0000     -733264.904118
116.0000     -733307.661785
120.0000     -733011.504610
124.0000     -733271.839354
128.0000     -732820.224541
132.0000     -732416.656443
136.0000     -733238.069667
140.0000     -733402.238054
144.0000     -732737.666083
148.0000     -733110.931186
152.0000     -733651.649510
156.0000     -732541.216775
160.0000     -732378.510346
164.0000     -733063.104667
168.0000     -732551.960181
172.0000     -732794.680483
176.0000     -733139.597581
180.0000     -734067.768268
184.0000     -732873.003884
188.0000     -732772.487354
192.0000     -733482.249695
196.0000     -733112.222461
200.0000     -733752.098747
204.0000     -733058.857883
208.0000     -732586.574806
212.0000     -733206.381623
216.0000     -732989.204493
220.0000     -732433.781042
224.0000     -732938.061847
228.0000     -733186.357129
232.0000     -733218.331229
236.0000     -733320.700194
240.0000     -733793.816768
244.0000     -733386.001957
248.0000     -733676.131813
252.0000     -733488.540900
256.0000     -733380.656530
260.0000     -732897.450836
264.0000     -733752.415128
268.0000     -733227.913375
272.0000     -732316.791713
276.0000     -732662.576805
280.0000     -732451.036498
284.0000     -732505.052086
288.0000     -732713.199000
292.0000     -732942.612471
296.0000     -732981.907437
300.0000     -733755.627067
304.0000     -733426.203560
308.0000     -733526.820905
312.0000     -733278.848055
316.0000     -733104.207673
320.0000     -733592.813388
324.0000     -733078.929251
328.0000     -733544.329786
332.0000     -732435.412598
336.0000     -732431.147085
340.0000     -733303.467759
344.0000     -733011.245980
348.0000     -733479.300014
352.0000     -733042.779990
356.0000     -733029.385202
360.0000     -733226.080214
364.0000     -733221.446188
368.0000     -733590.537198
372.0000     -732678.188544
376.0000     -732842.872770
380.0000     -733037.228413
384.0000     -733085.927705
388.0000     -733419.442803
392.0000     -733341.763124
396.0000     -733530.215978
400.0000     -733042.409582
404.0000     -732517.597832
408.0000     -732311.501505
412.0000     -733617.664733
416.0000     -733201.474012
420.0000     -733062.039494
424.0000     -733171.850108
428.0000     -733024.993437
432.0000     -734344.432013
436.0000     -733677.681304
440.0000     -733639.173307
444.0000     -734290.686662
448.0000     -733539.456315
452.0000     -732861.632824
456.0000     -734072.159630
460.0000     -732859.582341
464.0000     -732863.273894
468.0000     -732995.634000
472.0000     -733559.780371
476.0000     -732679.072398
480.0000     -733025.732779
484.0000     -732239.374152
488.0000     -733056.747547
492.0000     -732443.403976
496.0000     -733444.718243
500.0000     -733656.306557
504.0000     -732726.017330
508.0000     -732505.720106
512.0000     -732792.881045
516.0000     -732409.700491
520.0000     -733474.792711
524.0000     -732908.473318
528.0000     -732804.974862
532.0000     -733992.235730
536.0000     -732694.864089
540.0000     -733322.710441
544.0000     -732974.883350
548.0000     -732968.633994
552.0000     -732921.440224
556.0000     -733230.001080
560.0000     -733348.777508
564.0000     -733235.163000
568.0000     -733820.837096
572.0000     -734108.985323
576.0000     -733197.990175
580.0000     -733269.113266
584.0000     -733180.963309
588.0000     -733535.120486
592.0000     -732900.669216
596.0000     -732994.583176
600.0000     -733507.257810
604.0000     -732822.581957
608.0000     -734058.923199
612.0000     -733478.975355
616.0000     -734011.958805
620.0000     -733491.475776
624.0000     -733062.482128
628.0000     -732447.160417
632.0000     -732637.215845
636.0000     -733164.268792
640.0000     -733141.519651
644.0000     -731661.899166
648.0000     -732999.364586
652.0000     -733620.782713
656.0000     -733302.538528
660.0000     -733510.475032
664.0000     -733403.264071
668.0000     -732642.340667
672.0000     -733294.183887
676.0000     -733352.036904
680.0000     -733422.808638
684.0000     -733834.960692
688.0000     -732844.717642
692.0000     -732732.487503
696.0000     -732548.641361
700.0000     -732689.842468
704.0000     -732736.996780
708.0000     -733666.889199
712.0000     -732729.951465
716.0000     -734062.795299
720.0000     -734216.545895
724.0000     -732923.801989
728.0000     -733118.322862
732.0000     -732252.156964
736.0000     -733362.642783
740.0000     -731946.071358
744.0000     -733016.703816
748.0000     -732321.152112
752.0000     -732664.694128
756.0000     -733302.952998
760.0000     -733697.239729
764.0000     -732920.214794
768.0000     -732193.820708
772.0000     -733259.414899
776.0000     -732760.283263
780.0000     -733209.580695
784.0000     -733100.414273
788.0000     -733156.374461
792.0000     -733884.417969
796.0000     -732868.776644
800.0000     -733938.468341
804.0000     -732945.949816
808.0000     -732749.590763
812.0000     -732341.151302
816.0000     -733595.717007
820.0000     -733140.048649
824.0000     -733440.716959
828.0000     -733701.387855
832.0000     -734069.485631
836.0000     -733399.817103
840.0000     -733425.911157
844.0000     -732892.020351
848.0000     -732501.175622
852.0000     -733146.557463
856.0000     -732422.272784
860.0000     -733551.939389
864.0000     -733387.757787
868.0000     -732745.273331
872.0000     -733172.620925
876.0000     -732806.945282
880.0000     -732672.032369
884.0000     -733145.687029
888.0000     -732455.678656
892.0000     -733353.760424
896.0000     -732050.143224
900.0000     -732645.328088
904.0000     -732775.319084
908.0000     -732185.559193
912.0000     -732882.328797
916.0000     -732032.387083
920.0000     -733165.575956
924.0000     -732589.953598
928.0000     -733046.917649
932.0000     -733084.746747
936.0000     -732770.116747
940.0000     -733332.350974
944.0000     -733366.682044
948.0000     -733253.295300
952.0000     -733376.078676
956.0000     -732678.854197
960.0000     -733327.692225
964.0000     -733398.362728
968.0000     -732966.336139
972.0000     -733854.773985
976.0000     -733420.830267
980.0000     -733274.029645
984.0000     -732958.446576
988.0000     -733731.188954
992.0000     -733643.059492
996.0000     -732838.715881
1000.0000     -731778.873060
1004.0000     -734706.236334
1008.0000     -733347.915558
1012.0000     -733614.689613
1016.0000     -732558.857316
1020.0000     -732998.993957
1024.0000     -732687.542911
1028.0000     -732398.990509
1032.0000     -733045.720581
1036.0000     -733018.929162
1040.0000     -732415.269409
1044.0000     -734189.253481
1048.0000     -732854.014615
1052.0000     -733161.746541
1056.0000     -733703.701095
1060.0000     -733026.382911
1064.0000     -733719.751251
1068.0000     -734256.898824
1072.0000     -732741.933554
1076.0000     -733026.683294
1080.0000     -732341.136245
1084.0000     -733056.709114
1088.0000     -733594.432140
1092.0000     -732988.764678
1096.0000     -733684.991234
1100.0000     -733259.157453
1104.0000     -733283.783073
1108.0000     -733027.004860
1112.0000     -732692.976638
1116.0000     -733300.421804
1120.0000     -733719.339403
1124.0000     -733314.492066
1128.0000     -733133.577050
1132.0000     -734018.091383
1136.0000     -733731.779801
1140.0000     -733394.669642
1144.0000     -733542.093439
1148.0000     -733054.068828
1152.0000     -733480.597723
1156.0000     -733622.583732
1160.0000     -733153.338625
1164.0000     -734163.010408
1168.0000     -734027.814434
1172.0000     -733904.561425
1176.0000     -733675.751217
1180.0000     -733622.203745
1184.0000     -733386.122964
1188.0000     -733091.182697
1192.0000     -733304.978106
1196.0000     -733429.366270
1200.0000     -733693.070887
1204.0000     -733604.739570
1208.0000     -733024.539767
1212.0000     -733794.611277
1216.0000     -733030.988499
1220.0000     -733803.177731
1224.0000     -733760.546383
1228.0000     -733338.155737
1232.0000     -733675.310581
1236.0000     -733401.514462
1240.0000     -732710.255183
1244.0000     -733110.892013
1248.0000     -732915.329322
1252.0000     -732440.414394
1256.0000     -733496.383817
1260.0000     -733769.203882
1264.0000     -733966.480359
1268.0000     -733542.453094
1272.0000     -733825.526453
1276.0000     -732743.968432
1280.0000     -733563.155313
1284.0000     -733828.233732
1288.0000     -733805.872421
1292.0000     -733526.158350
1296.0000     -733809.003115
1300.0000     -733596.648087
1304.0000     -732489.645449
1308.0000     -732965.179075
1312.0000     -732729.197100
1316.0000     -733378.660673
1320.0000     -733274.648521
1324.0000     -732894.843256
1328.0000     -732936.621903
1332.0000     -733937.222578
1336.0000     -733473.318996
1340.0000     -733142.099724
1344.0000     -733983.250276
1348.0000     -733740.112537
1352.0000     -733277.294742
1356.0000     -733483.086391
1360.0000     -734569.197087
1364.0000     -732903.750564
1368.0000     -733521.097637
1372.0000     -734327.592974
1376.0000     -733368.256405
1380.0000     -733782.496954
1384.0000     -733605.982440
1388.0000     -732832.346869
1392.0000     -734229.460008
1396.0000     -733336.107443
1400.0000     -734265.194502
1404.0000     -734029.569137
1408.0000     -733408.675502
1412.0000     -733257.099361
1416.0000     -733331.185102
1420.0000     -733746.719251
1424.0000     -733302.178779
1428.0000     -734109.236462
1432.0000     -734152.962954
1436.0000     -732826.207667
1440.0000     -733680.019772
1444.0000     -733590.234461
1448.0000     -733673.860335
1452.0000     -733428.181600
1456.0000     -734032.010394
1460.0000     -733998.580165
1464.0000     -734075.760139
1468.0000     -733408.418100
1472.0000     -733724.797248
1476.0000     -733729.488428
1480.0000     -734174.234989
1484.0000     -733428.762692
1488.0000     -733989.269072
1492.0000     -733847.656879
1496.0000     -732725.524065
1500.0000     -732247.578130
1504.0000     -733407.581015
1508.0000     -732472.629317
1512.0000     -733239.759972
1516.0000     -733626.917884
1520.0000     -734311.350234
1524.0000     -733066.083027
1528.0000     -732750.843349
1532.0000     -734012.005660
1536.0000     -733497.533111
1540.0000     -733574.213178
1544.0000     -732940.421646
1548.0000     -733077.773275
1552.0000     -733584.088101
1556.0000     -733882.575362
1560.0000     -733230.788141
1564.0000     -733147.542961
1568.0000     -733135.356601
1572.0000     -733225.522171
1576.0000     -733876.217859
1580.0000     -733934.368430
1584.0000     -733328.571297
1588.0000     -732704.969031
1592.0000     -733243.674884
1596.0000     -733552.496060
1600.0000     -733252.597549
1604.0000     -732764.539938
1608.0000     -733092.143625
1612.0000     -732202.628308
1616.0000     -733030.759944
1620.0000     -733717.603252
1624.0000     -733678.561139
1628.0000     -733371.599146
1632.0000     -733096.643499
1636.0000     -733690.135454
1640.0000     -734354.040248
1644.0000     -734330.313735
1648.0000     -733487.376675
1652.0000     -733767.027308
1656.0000     -733421.943913
1660.0000     -733236.254252
1664.0000     -733142.020020
1668.0000     -734334.197537
1672.0000     -732560.690346
1676.0000     -733709.366649
1680.0000     -733277.996611
1684.0000     -733076.503884
1688.0000     -733894.532558
1692.0000     -732997.910074
1696.0000     -733487.714846
1700.0000     -732751.840686
1704.0000     -732696.315627
1708.0000     -733293.420702
1712.0000     -733190.297219
1716.0000     -733280.253451
1720.0000     -731934.068656
1724.0000     -733556.828677
1728.0000     -732586.045762
1732.0000     -732676.678289
1736.0000     -733003.631019
1740.0000     -732649.781962
1744.0000     -732887.334539
1748.0000     -733529.962961
1752.0000     -733166.271977
1756.0000     -732703.159425
1760.0000     -733042.010472
1764.0000     -733117.880911
1768.0000     -732658.925266
1772.0000     -733201.351667
1776.0000     -732899.949823
1780.0000     -732941.317328
1784.0000     -733321.185463
1788.0000     -732536.008170
1792.0000     -733001.941800
1796.0000     -732971.918357
1800.0000     -732970.246713
1804.0000     -732883.019649
1808.0000     -733223.886161
1812.0000     -733107.492330
1816.0000     -732433.286469
1820.0000     -734090.711332
1824.0000     -734028.007874
1828.0000     -733847.511861
1832.0000     -734013.737631
1836.0000     -733405.382566
1840.0000     -732964.856393
1844.0000     -733234.238476
1848.0000     -733069.186843
1852.0000     -733546.657286
1856.0000     -732581.068315
1860.0000     -733086.866086
1864.0000     -732438.284634
1868.0000     -732776.657290
1872.0000     -733587.707860
1876.0000     -733500.679948
1880.0000     -732769.989049
1884.0000     -733379.569813
1888.0000     -734143.346331
1892.0000     -733922.754259
1896.0000     -733334.335631
1900.0000     -732721.119635
1904.0000     -733239.839729
1908.0000     -732368.164970
1912.0000     -733676.531480
1916.0000     -732863.259263
1920.0000     -732808.022248
1924.0000     -733206.621633
1928.0000     -733336.576296
1932.0000     -732495.610114
1936.0000     -733371.975062
1940.0000     -732507.177851
1944.0000     -733474.174185
1948.0000     -733537.559686
1952.0000     -734117.999536
1956.0000     -733710.124506
1960.0000     -732983.892458
1964.0000     -733794.652205
1968.0000     -733098.823357
1972.0000     -733637.315164
1976.0000     -733455.947576
1980.0000     -734059.748567
1984.0000     -733154.102163
1988.0000     -734054.909093
1992.0000     -733905.142056
1996.0000     -733521.325504
2000.0000     -734548.315127
2004.0000     -733047.547890
2008.0000     -733046.745618
2012.0000     -733330.031343
2016.0000     -732592.055941
2020.0000     -733224.723709
2024.0000     -732987.486730
2028.0000     -733297.721509
2032.0000     -733588.988072
2036.0000     -733201.620148
2040.0000     -733197.602287
2044.0000     -732832.776925
2048.0000     -733320.472327
2052.0000     -734523.693142
2056.0000     -733626.396102
2060.0000     -733261.282237
2064.0000     -733591.954240
2068.0000     -733445.185804
2072.0000     -733121.723572
2076.0000     -733804.974529
2080.0000     -734272.498386
2084.0000     -733467.955563
2088.0000     -733520.540065
2092.0000     -733257.566517
2096.0000     -732760.237337
2100.0000     -734053.797395
2104.0000     -733818.276501
2108.0000     -733655.398261
2112.0000     -733325.649826
2116.0000     -733440.903833
2120.0000     -733752.546613
2124.0000     -733895.121735
2128.0000     -733812.939044
2132.0000     -734027.713066
2136.0000     -733617.334201
2140.0000     -734094.894211
2144.0000     -732760.532691
2148.0000     -733084.529356
2152.0000     -734105.594199
2156.0000     -733369.912355
2160.0000     -733404.667931
2164.0000     -733051.232624
2168.0000     -733557.976499
2172.0000     -733878.550201
2176.0000     -732896.382815
2180.0000     -733025.522261
2184.0000     -733861.522220
2188.0000     -734029.679776
2192.0000     -733296.490576
2196.0000     -733212.032693
2200.0000     -733553.180926
2204.0000     -733147.453196
2208.0000     -734276.933022
2212.0000     -733110.993998
2216.0000     -733616.896408
2220.0000     -733006.780216
2224.0000     -733326.888285
2228.0000     -732725.597388
2232.0000     -733049.951648
2236.0000     -732626.058579
2240.0000     -732929.055958
2244.0000     -733140.399657
2248.0000     -734204.809082
2252.0000     -733635.721340
2256.0000     -733271.010119
2260.0000     -733491.649692
2264.0000     -734210.220433
2268.0000     -732957.483647
2272.0000     -733456.012373
2276.0000     -733273.199883
2280.0000     -733052.621823
2284.0000     -733862.980664
2288.0000     -733486.021204
2292.0000     -732934.032005
2296.0000     -733448.679765
2300.0000     -733768.055608
2304.0000     -733471.066037
2308.0000     -733855.213809
2312.0000     -732675.898429
2316.0000     -732910.304679
2320.0000     -733354.404099
2324.0000     -732766.422232
2328.0000     -733708.673776
2332.0000     -733622.094578
2336.0000     -733982.129501
2340.0000     -733031.516770
2344.0000     -734096.216188
2348.0000     -733483.053923
2352.0000     -734458.793241
2356.0000     -733276.981628
2360.0000     -734204.537520
2364.0000     -733902.126924
2368.0000     -733235.207293
2372.0000     -733332.082978
2376.0000     -734224.587834
2380.0000     -733629.573852
2384.0000     -733473.668347
2388.0000     -733264.288193
2392.0000     -733298.888121
2396.0000     -733370.675187
2400.0000     -733706.165836
2404.0000     -732871.615860
2408.0000     -733391.146442
2412.0000     -733093.516579
2416.0000     -734250.748543
2420.0000     -733292.080941
2424.0000     -733065.732608
2428.0000     -732944.037228
2432.0000     -733801.801448
2436.0000     -733731.864383
2440.0000     -733573.636562
2444.0000     -734076.293296
2448.0000     -733146.302686
2452.0000     -733922.491516
2456.0000     -733138.109430
2460.0000     -734321.272028
2464.0000     -733320.384930
2468.0000     -733682.414764
2472.0000     -733494.114728
2476.0000     -733703.182757
2480.0000     -733071.517045
2484.0000     -733761.916072
2488.0000     -732953.747445
2492.0000     -733302.267204
2496.0000     -734181.581615
2500.0000     -733152.292027
2504.0000     -732935.302233
2508.0000     -733612.514353
2512.0000     -733451.180178
2516.0000     -733701.237001
2520.0000     -734082.820198
2524.0000     -733738.404578
2528.0000     -732983.501107
2532.0000     -733396.377424
2536.0000     -732636.800720
2540.0000     -733787.031575
2544.0000     -733912.320122
2548.0000     -733922.717203
2552.0000     -733513.652579
2556.0000     -733629.434722
2560.0000     -733742.799483
2564.0000     -733626.577529
2568.0000     -733724.832887
2572.0000     -734025.282340
2576.0000     -734289.795682
2580.0000     -733632.233230
2584.0000     -733548.987006
2588.0000     -732910.941161
2592.0000     -733141.517330
2596.0000     -732957.260199
2600.0000     -733799.447435
2604.0000     -733618.814445
2608.0000     -733251.987312
2612.0000     -733656.757993
2616.0000     -733523.442402
2620.0000     -732412.648525
2624.0000     -733157.548992
2628.0000     -733531.488671
2632.0000     -733359.469348
2636.0000     -733462.284289
2640.0000     -732939.515069
2644.0000     -733442.315801
2648.0000     -733798.721967
2652.0000     -733303.735490
2656.0000     -732485.659460
2660.0000     -732974.049948
2664.0000     -734427.898869
2668.0000     -733136.324285
2672.0000     -732977.602899
2676.0000     -733661.384441
2680.0000     -733260.688281
2684.0000     -733676.691100
2688.0000     -732684.055326
2692.0000     -733083.997394
2696.0000     -733195.639671
2700.0000     -733743.074238
2704.0000     -733149.557043
2708.0000     -733674.402323
2712.0000     -733446.438130
2716.0000     -733356.054750
2720.0000     -732840.203704
2724.0000     -733775.100654
2728.0000     -733469.795551
2732.0000     -733545.639499
2736.0000     -733810.873127
2740.0000     -733041.429257
2744.0000     -734024.506710
2748.0000     -733900.931824
2752.0000     -734046.649242
2756.0000     -733093.544971
2760.0000     -732985.698916
2764.0000     -733480.514550
2768.0000     -733855.379284
2772.0000     -734009.464141
2776.0000     -733948.336602
2780.0000     -733896.041240
2784.0000     -733631.104982
2788.0000     -733670.697350
2792.0000     -733151.515274
2796.0000     -734389.474984
2800.0000     -733386.775934
2804.0000     -734557.997006
2808.0000     -733924.308838
2812.0000     -733026.246136
2816.0000     -733480.939905
2820.0000     -734004.356888
2824.0000     -733782.520894
2828.0000     -734319.870106
2832.0000     -734085.866491
2836.0000     -733797.476134
2840.0000     -733922.123605
2844.0000     -733537.172782
2848.0000     -734244.933577
2852.0000     -733970.859421
2856.0000     -733252.984383
2860.0000     -732736.839195
2864.0000     -733849.209034
2868.0000     -733529.401237
2872.0000     -733443.813799
2876.0000     -733362.122674
2880.0000     -733571.391030
2884.0000     -732886.870985
2888.0000     -732948.235258
2892.0000     -733480.182546
2896.0000     -733919.972827
2900.0000     -733478.128123
2904.0000     -734120.423844
2908.0000     -733218.712591
2912.0000     -733557.523498
2916.0000     -733630.982341
2920.0000     -733844.073921
2924.0000     -733475.088108
2928.0000     -732829.832642
2932.0000     -733752.400773
2936.0000     -733555.983726
2940.0000     -732888.981552
2944.0000     -733466.092161
2948.0000     -733907.624174
2952.0000     -733517.581992
2956.0000     -733107.177032
2960.0000     -734016.870163
2964.0000     -733581.381914
2968.0000     -732995.351719
2972.0000     -733800.928224
2976.0000     -733257.372425
2980.0000     -733142.855720
2984.0000     -733985.955908
2988.0000     -732730.960229
2992.0000     -733144.971406
2996.0000     -732550.736715
3000.0000     -733576.820023
3004.0000     -733339.958427
3008.0000     -734216.334501
3012.0000     -734133.228074
3016.0000     -733118.522478
3020.0000     -733406.624535
3024.0000     -734011.895819
3028.0000     -733083.173059
3032.0000     -733124.494346
3036.0000     -733308.738136
3040.0000     -733519.687199
3044.0000     -734170.322473
3048.0000     -733741.394041
3052.0000     -733724.981110
3056.0000     -734691.773141
3060.0000     -733386.089707
3064.0000     -733211.547416
3068.0000     -734741.769175
3072.0000     -733885.986792
3076.0000     -734313.207217
3080.0000     -733733.212981
3084.0000     -732890.991802
3088.0000     -734075.871056
3092.0000     -733683.556743
3096.0000     -733817.774756
3100.0000     -732916.997620
3104.0000     -733554.567690
3108.0000     -732863.828300
3112.0000     -733867.262205
3116.0000     -732698.671550
3120.0000     -732793.917557
3124.0000     -733198.989067
3128.0000     -732574.233209
3132.0000     -733618.152357
3136.0000     -733969.622665
3140.0000     -733890.554733
3144.0000     -733788.480558
3148.0000     -732546.863724
3152.0000     -733565.422971
3156.0000     -733387.072471
3160.0000     -733427.761343
3164.0000     -732624.433121
3168.0000     -733925.218625
3172.0000     -733320.176605
3176.0000     -733323.949116
3180.0000     -734450.152812
3184.0000     -732599.789170
3188.0000     -733624.521528
3192.0000     -732956.460058
3196.0000     -734591.427638
3200.0000     -733172.887573
3204.0000     -733650.843956
3208.0000     -732971.597745
3212.0000     -733546.438132
3216.0000     -733978.269950
3220.0000     -734115.134421
3224.0000     -733114.302357
3228.0000     -734069.760907
3232.0000     -733978.834749
3236.0000     -733534.114770
3240.0000     -732886.947683
3244.0000     -733475.435938
3248.0000     -733415.045451
3252.0000     -733574.225181
3256.0000     -733178.063747
3260.0000     -733392.429257
3264.0000     -733959.857742
3268.0000     -733732.730544
3272.0000     -733173.791960
3276.0000     -733770.936542
3280.0000     -733971.724957
3284.0000     -733693.098511
3288.0000     -733635.215990
3292.0000     -733778.013924
3296.0000     -734114.350834
3300.0000     -733651.526290
3304.0000     -733691.564096
3308.0000     -732508.490434
3312.0000     -733996.058765
3316.0000     -734287.323645
3320.0000     -733999.749974
3324.0000     -733071.631361
3328.0000     -733545.132738
3332.0000     -733782.745764
3336.0000     -733455.609212
3340.0000     -733950.423326
3344.0000     -734412.120743
3348.0000     -733964.837385
3352.0000     -734017.043304
3356.0000     -734118.569336
3360.0000     -733883.249719
3364.0000     -733302.813295
3368.0000     -733673.387164
3372.0000     -732143.441213
3376.0000     -733230.172831
3380.0000     -733373.309648
3384.0000     -734039.859830
3388.0000     -732972.058263
3392.0000     -733764.854987
3396.0000     -733619.438046
3400.0000     -733355.978569
3404.0000     -732581.903616
3408.0000     -733377.292786
3412.0000     -733674.387890
3416.0000     -733860.015769
3420.0000     -734343.072919
3424.0000     -733328.894472
3428.0000     -732606.472440
3432.0000     -733228.397183
3436.0000     -732745.927401
3440.0000     -733209.081253
3444.0000     -733349.395263
3448.0000     -733750.217285
3452.0000     -733587.365128
3456.0000     -733194.939793
3460.0000     -733347.453215
3464.0000     -733837.300910
3468.0000     -734146.955336
3472.0000     -733326.357007
3476.0000     -733428.439993
3480.0000     -733663.114887
3484.0000     -734495.997708
3488.0000     -733664.243822
3492.0000     -733374.092155
3496.0000     -733276.908327
3500.0000     -734475.226129
3504.0000     -733534.817040
3508.0000     -733952.396588
3512.0000     -734589.697868
3516.0000     -733492.173507
3520.0000     -733611.585991
3524.0000     -733208.529085
3528.0000     -734153.820548
3532.0000     -733515.294643
3536.0000     -733608.074485
3540.0000     -733358.189750
3544.0000     -733796.807857
3548.0000     -733539.548387
3552.0000     -732798.492129
3556.0000     -733712.719517
3560.0000     -733302.736542
3564.0000     -732932.174027
3568.0000     -732939.527566
3572.0000     -734421.817835
3576.0000     -733068.052299
3580.0000     -733524.069925
3584.0000     -733612.003546
3588.0000     -733968.758382
3592.0000     -733613.553670
3596.0000     -733459.284001
3600.0000     -734036.358278
3604.0000     -734350.655512
3608.0000     -733608.911697
3612.0000     -734453.330899
3616.0000     -733740.413094
3620.0000     -733567.420592
3624.0000     -733318.100453
3628.0000     -733363.810213
3632.0000     -733556.306455
3636.0000     -734051.974752
3640.0000     -734055.002794
3644.0000     -733744.869759
3648.0000     -733919.298676
3652.0000     -733237.299654
3656.0000     -733796.099033
3660.0000     -733320.670146
3664.0000     -733968.952469
3668.0000     -733775.959401
3672.0000     -734038.658522
3676.0000     -733405.842589
3680.0000     -733988.324993
3684.0000     -734338.895380
3688.0000     -732884.160276
3692.0000     -733994.631972
3696.0000     -733408.576103
3700.0000     -733550.032324
3704.0000     -734202.089557
3708.0000     -735241.425987
3712.0000     -733542.113398
3716.0000     -733757.000727
3720.0000     -733842.705668
3724.0000     -733368.488423
3728.0000     -733389.218893
3732.0000     -733141.376687
3736.0000     -733503.293597
3740.0000     -733915.985883
3744.0000     -733764.655359
3748.0000     -732901.283050
3752.0000     -733881.482473
3756.0000     -734945.011874
3760.0000     -734152.496983
3764.0000     -734292.835001
3768.0000     -733656.583499
3772.0000     -733662.902570
3776.0000     -733308.260330
3780.0000     -733132.364913
3784.0000     -733251.459022
3788.0000     -732735.958751
3792.0000     -733509.088855
3796.0000     -733345.532118
3800.0000     -733497.582941
3804.0000     -734222.189327
3808.0000     -733780.463035
3812.0000     -733811.986024
3816.0000     -733677.296662
3820.0000     -732878.051568
3824.0000     -733587.311277
3828.0000     -734363.563325
3832.0000     -733480.160481
3836.0000     -733043.167720
3840.0000     -733677.152642
3844.0000     -733078.792154
3848.0000     -732681.200302
3852.0000     -733606.703385
3856.0000     -733681.863198
3860.0000     -734082.767179
3864.0000     -733648.108118
3868.0000     -734733.128142
3872.0000     -733353.512862
3876.0000     -733263.782479
3880.0000     -734060.783650
3884.0000     -733111.489627
3888.0000     -733968.148814
3892.0000     -733561.145992
3896.0000     -734088.363739
3900.0000     -732888.674998
3904.0000     -733343.023341
3908.0000     -732781.250672
3912.0000     -734356.125769
3916.0000     -732999.970844
3920.0000     -732985.195357
3924.0000     -733640.607387
3928.0000     -733580.768580
3932.0000     -733903.687543
3936.0000     -733451.802854
3940.0000     -733837.577859
3944.0000     -733262.256631
3948.0000     -733392.880754
3952.0000     -733245.114649
3956.0000     -733794.779242
3960.0000     -733151.941914
3964.0000     -733956.836740
3968.0000     -733862.704881
3972.0000     -733117.125489
3976.0000     -733965.515928
3980.0000     -733235.712234
3984.0000     -733622.239219
3988.0000     -733645.296761
3992.0000     -733806.784125
3996.0000     -733104.154226
4000.0000     -733241.032832
4004.0000     -733241.032832
