4.0000     -733225.337357
8.0000     -732811.056334
12.0000     -732848.435836
16.0000     -732496.281732
20.0000     -732485.530819
24.0000     -732724.879239
28.0000     -733030.693662
32.0000     -733203.071194
36.0000     -732554.341781
40.0000     -732910.102049
44.0000     -733006.455237
48.0000     -732954.660317
52.0000     -733711.137931
56.0000     -733188.191024
60.0000     -733289.132740
64.0000     -733655.017344
68.0000     -734216.804678
72.0000     -733377.557993
76.0000     -733675.201295
80.0000     -733508.962944
84.0000     -733773.387688
88.0000     -733835.657037
92.0000     -733433.871665
96.0000     -733155.768523
100.0000     -734465.289167
104.0000     -733843.371353
108.0000     -733154.730765
112.0000     -732327.071754
116.0000     -733785.551039
120.0000     -732200.444469
124.0000     -733326.556181
128.0000     -732860.400996
132.0000     -733624.233148
136.0000     -733721.738776
140.0000     -733448.735502
144.0000     -732400.631427
148.0000     -730829.650530
152.0000     -733248.818773
156.0000     -733576.244448
160.0000     -732474.397000
164.0000     -733381.338332
168.0000     -732620.358635
172.0000     -733001.604745
176.0000     -732947.161183
180.0000     -733827.463107
184.0000     -732464.413985
188.0000     -733077.544686
192.0000     -733272.388653
196.0000     -733220.892004
200.0000     -732876.199599
204.0000     -733068.324637
208.0000     -733033.759125
212.0000     -732705.673860
216.0000     -733937.728670
220.0000     -733745.347373
224.0000     -733187.909737
228.0000     -732869.243201
232.0000     -732571.689430
236.0000     -732965.288556
240.0000     -734266.644243
244.0000     -733689.945904
248.0000     -733531.845952
252.0000     -733012.051849
256.0000     -732568.984325
260.0000     -732719.194904
264.0000     -733481.057421
268.0000     -733584.792535
272.0000     -732771.045771
276.0000     -732431.303774
280.0000     -733079.897038
284.0000     -733005.068486
288.0000     -733972.037719
292.0000     -732733.309678
296.0000     -733288.952541
300.0000     -732409.445619
304.0000     -733498.870288
308.0000     -732965.023787
312.0000     -732815.240053
316.0000     -733554.735774
320.0000     -733496.159951
324.0000     -733098.958415
328.0000     -732883.465735
332.0000     -732577.196047
336.0000     -733943.174645
340.0000     -733331.206779
344.0000     -733778.003767
348.0000     -733249.267097
352.0000     -733880.288777
356.0000     -733461.899571
360.0000     -733842.749152
364.0000     -733428.278918
368.0000     -734052.782315
372.0000     -733553.014988
376.0000     -733768.888496
380.0000     -733623.247076
384.0000     -734139.052642
388.0000     -732987.000834
392.0000     -733022.208256
396.0000     -733182.333017
400.0000     -732669.755458
404.0000     -733706.057523
408.0000     -733906.125143
412.0000     -734274.458609
416.0000     -732911.297566
420.0000     -733237.072880
424.0000     -733319.369652
428.0000     -733051.832510
432.0000     -733597.032695
436.0000     -733288.959048
440.0000     -733655.870171
444.0000     -733403.864258
448.0000     -733814.344898
452.0000     -733192.260111
456.0000     -732417.959937
460.0000     -732729.684942
464.0000     -733749.219364
468.0000     -733477.828821
472.0000     -732126.095308
476.0000     -732723.012903
480.0000     -732604.067473
484.0000     -732725.207331
488.0000     -732781.038233
492.0000     -733020.657379
496.0000     -733217.257792
500.0000     -733032.789980
504.0000     -732666.967030
508.0000     -733505.779408
512.0000     -732087.396366
516.0000     -733985.778529
520.0000     -732822.155305
524.0000     -734001.348179
528.0000     -734076.821694
532.0000     -733522.273901
536.0000     -733800.798761
540.0000     -733914.229732
544.0000     -733540.367209
548.0000     -732943.596687
552.0000     -734476.817141
556.0000     -732732.251998
560.0000     -731823.115690
564.0000     -733333.390807
568.0000     -733601.741853
572.0000     -733357.330043
576.0000     -733294.191538
580.0000     -733669.819265
584.0000     -732137.490831
588.0000     -733446.790264
592.0000     -732380.545308
596.0000     -732264.851006
600.0000     -733588.221321
604.0000     -732988.250274
608.0000     -733817.782671
612.0000     -732975.210564
616.0000     -733008.562135
620.0000     -732802.314937
624.0000     -733405.816594
628.0000     -732485.457575
632.0000     -732727.534418
636.0000     -732640.770976
640.0000     -731997.563424
644.0000     -733064.187370
648.0000     -732543.786161
652.0000     -732901.025374
656.0000     -733296.715132
660.0000     -733661.185875
664.0000     -733534.458597
668.0000     -732712.917460
672.0000     -732964.134291
676.0000     -733607.409459
680.0000     -733456.729643
684.0000     -732799.829631
688.0000     -733612.873899
692.0000     -733081.901449
696.0000     -734003.116654
700.0000     -732737.263114
704.0000     -733572.493356
708.0000     -732981.914263
712.0000     -733392.969898
716.0000     -730869.063797
720.0000     -733624.469549
724.0000     -732758.419221
728.0000     -732909.544465
732.0000     -732877.446689
736.0000     -732273.459002
740.0000     -732710.428042
744.0000     -733169.272329
748.0000     -733131.906510
752.0000     -732955.971940
756.0000     -732810.716714
760.0000     -731958.224850
764.0000     -733563.040216
768.0000     -732540.148185
772.0000     -733010.236759
776.0000     -733282.980108
780.0000     -732718.240027
784.0000     -733414.203809
788.0000     -732919.526577
792.0000     -732393.545723
796.0000     -733035.490604
800.0000     -733667.184984
804.0000     -733663.573489
808.0000     -732370.893538
812.0000     -733574.497601
816.0000     -733020.304337
820.0000     -733103.688958
824.0000     -733589.968412
828.0000     -732373.068871
832.0000     -733651.942021
836.0000     -733374.260473
840.0000     -732823.957716
844.0000     -732368.785508
848.0000     -732990.219542
852.0000     -732752.069349
856.0000     -732651.367834
860.0000     -732710.288450
864.0000     -732946.440697
868.0000     -733097.887494
872.0000     -733043.974557
876.0000     -733039.741124
880.0000     -733253.377963
884.0000     -732551.178497
888.0000     -733499.018606
892.0000     -733421.578914
896.0000     -733255.656925
900.0000     -733634.023772
904.0000     -733099.971319
908.0000     -733222.292494
912.0000     -732652.546490
916.0000     -733600.202881
920.0000     -732955.617924
924.0000     -733325.832787
928.0000     -733701.821122
932.0000     -733694.057385
936.0000     -733114.126605
940.0000     -732651.000226
944.0000     -733439.450005
948.0000     -733619.695969
952.0000     -733091.449093
956.0000     -734235.477090
960.0000     -734339.408662
964.0000     -734315.867004
968.0000     -732963.804517
972.0000     -733745.139823
976.0000     -732784.084890
980.0000     -732423.714839
984.0000     -733517.885774
988.0000     -734046.541982
992.0000     -733899.390098
996.0000     -734064.914403
1000.0000     -733508.991204
1004.0000     -732496.752972
1008.0000     -734095.714558
1012.0000     -733605.295140
1016.0000     -733786.226626
1020.0000     -734046.626110
1024.0000     -733467.258646
1028.0000     -733902.175661
1032.0000     -734145.875559
1036.0000     -733627.810290
1040.0000     -734150.221487
1044.0000     -733802.754223
1048.0000     -733392.857597
1052.0000     -733201.305954
1056.0000     -733570.053565
1060.0000     -733164.845717
1064.0000     -734220.603812
1068.0000     -733763.956767
1072.0000     -733511.840190
1076.0000     -734143.420455
1080.0000     -733724.608704
1084.0000     -733202.042596
1088.0000     -732952.567877
1092.0000     -733459.556589
1096.0000     -733632.697364
1100.0000     -733090.377989
1104.0000     -733437.352633
1108.0000     -733249.692448
1112.0000     -734047.243067
1116.0000     -733993.856886
1120.0000     -733499.279627
1124.0000     -733515.487930
1128.0000     -734090.422525
1132.0000     -733405.738498
1136.0000     -733613.883411
1140.0000     -733811.459311
1144.0000     -733618.839028
1148.0000     -733781.199048
1152.0000     -733527.623576
1156.0000     -733497.980520
1160.0000     -733468.279879
1164.0000     -732149.276072
1168.0000     -733344.224076
1172.0000     -734320.144078
1176.0000     -733281.899299
1180.0000     -733336.245043
1184.0000     -733633.744993
1188.0000     -733873.054185
1192.0000     -733417.075084
1196.0000     -733958.030865
1200.0000     -734265.539965
1204.0000     -733258.631079
1208.0000     -733787.582052
1212.0000     -733828.830663
1216.0000     -733546.419861
1220.0000     -734261.955639
1224.0000     -732676.023805
1228.0000     -732769.745656
1232.0000     -733410.259918
1236.0000     -733077.323268
1240.0000     -732960.621731
1244.0000     -733451.412740
1248.0000     -734074.215729
1252.0000     -733675.692732
1256.0000     -734413.755388
1260.0000     -733733.820786
1264.0000     -733467.057052
1268.0000     -733008.704947
1272.0000     -734373.071789
1276.0000     -733658.961063
1280.0000     -734271.988242
1284.0000     -734432.393284
1288.0000     -733286.629759
1292.0000     -734369.566828
1296.0000     -733966.164515
1300.0000     -733625.203923
1304.0000     -733554.561071
1308.0000     -734112.075978
1312.0000     -734026.859850
1316.0000     -733935.451183
1320.0000     -733190.234811
1324.0000     -734372.991503
1328.0000     -734201.366666
1332.0000     -733515.006446
1336.0000     -733388.448451
1340.0000     -734078.263038
1344.0000     -733626.000682
1348.0000     -733858.518154
1352.0000     -733985.143395
1356.0000     -733087.043278
1360.0000     -734296.260494
1364.0000     -733097.436419
1368.0000     -733225.455343
1372.0000     -733719.498665
1376.0000     -733406.135943
1380.0000     -733154.143473
1384.0000     -733466.192027
1388.0000     -733092.324159
1392.0000     -733496.637667
1396.0000     -733323.783418
1400.0000     -731694.875185
1404.0000     -732637.323600
1408.0000     -733559.302466
1412.0000     -733608.528656
1416.0000     -733650.250838
1420.0000     -734263.495735
1424.0000     -733193.911639
1428.0000     -733620.813578
1432.0000     -733557.536611
1436.0000     -732789.823684
1440.0000     -733957.814771
1444.0000     -732512.874659
1448.0000     -733177.376131
1452.0000     -733981.005265
1456.0000     -733876.925477
1460.0000     -732952.097469
1464.0000     -733610.260206
1468.0000     -733542.573641
1472.0000     -734781.719997
1476.0000     -732388.782161
1480.0000     -734090.464984
1484.0000     -734154.237630
1488.0000     -733286.708747
1492.0000     -734070.171840
1496.0000     -733746.232388
1500.0000     -733726.429020
1504.0000     -732933.294697
1508.0000     -734039.470944
1512.0000     -733865.330344
1516.0000     -733319.866587
1520.0000     -732884.319718
1524.0000     -733066.700967
1528.0000     -733112.490297
1532.0000     -732888.276982
1536.0000     -733935.080457
1540.0000     -733358.511051
1544.0000     -732957.692282
1548.0000     -734056.660024
1552.0000     -733278.987315
1556.0000     -733101.345824
1560.0000     -733538.746912
1564.0000     -732995.559484
1568.0000     -733422.683013
1572.0000     -733520.559279
1576.0000     -733440.087373
1580.0000     -733330.434256
1584.0000     -733138.374912
1588.0000     -733200.916831
1592.0000     -732926.085716
1596.0000     -733786.277599
1600.0000     -732703.272277
1604.0000     -733576.926347
1608.0000     -733557.342769
1612.0000     -733533.961455
1616.0000     -733622.515107
1620.0000     -734300.586463
1624.0000     -733002.586561
1628.0000     -733130.434650
1632.0000     -732502.748658
1636.0000     -733750.337984
1640.0000     -732830.910224
1644.0000     -733908.931190
1648.0000     -733590.030068
1652.0000     -733741.142557
1656.0000     -732725.233309
1660.0000     -732367.773763
1664.0000     -734007.963470
1668.0000     -733103.052734
1672.0000     -733196.320863
1676.0000     -734481.839355
1680.0000     -733826.166309
1684.0000     -734185.062983
1688.0000     -733619.883853
1692.0000     -733007.022261
1696.0000     -733649.189007
1700.0000     -734207.716416
1704.0000     -733751.333500
1708.0000     -733238.829198
1712.0000     -733640.136685
1716.0000     -732775.425856
1720.0000     -734048.330167
1724.0000     -734138.609680
1728.0000     -733487.853690
1732.0000     -732959.367422
1736.0000     -733324.666563
1740.0000     -733729.289468
1744.0000     -734190.079986
1748.0000     -733747.577891
1752.0000     -733183.709945
1756.0000     -732594.904427
1760.0000     -732599.685719
1764.0000     -733788.520194
1768.0000     -733594.269098
1772.0000     -734381.063868
1776.0000     -734304.330724
1780.0000     -732810.379782
1784.0000     -733423.869306
1788.0000     -734218.871937
1792.0000     -734400.580055
1796.0000     -734187.261177
1800.0000     -732996.139644
1804.0000     -734341.016928
1808.0000     -734093.819444
1812.0000     -733990.415277
1816.0000     -733069.930305
1820.0000     -732871.597865
1824.0000     -732837.139819
1828.0000     -733747.037178
1832.0000     -733671.118584
1836.0000     -733655.058807
1840.0000     -733505.353815
1844.0000     -733787.074901
1848.0000     -733734.852432
1852.0000     -734161.730075
1856.0000     -733152.560044
1860.0000     -733748.085010
1864.0000     -733420.414949
1868.0000     -733493.305202
1872.0000     -733365.504967
1876.0000     -733651.724668
1880.0000     -733920.534684
1884.0000     -733317.623925
1888.0000     -733449.913035
1892.0000     -733599.521925
1896.0000     -733347.466690
1900.0000     -734389.102158
1904.0000     -733540.700630
1908.0000     -733692.238191
1912.0000     -734056.263779
1916.0000     -733325.197998
1920.0000     -733222.874462
1924.0000     -733768.631702
1928.0000     -732867.677526
1932.0000     -733864.374039
1936.0000     -733685.304715
1940.0000     -733139.454152
1944.0000     -733446.207195
1948.0000     -732860.710520
1952.0000     -732067.988984
1956.0000     -733227.934392
1960.0000     -733737.362469
1964.0000     -733858.645015
1968.0000     -732268.974468
1972.0000     -731943.221426
1976.0000     -733759.900115
1980.0000     -733689.565247
1984.0000     -733423.093957
1988.0000     -733574.499567
1992.0000     -733602.570566
1996.0000     -733722.951762
2000.0000     -734594.283587
2004.0000     -734195.054049
2008.0000     -734141.109214
2012.0000     -733080.800820
2016.0000     -733643.671981
2020.0000     -733855.798103
2024.0000     -732707.238309
2028.0000     -733606.636807
2032.0000     -733641.930291
2036.0000     -733680.721046
2040.0000     -734232.620866
2044.0000     -734735.277515
2048.0000     -733455.823860
2052.0000     -733735.709300
2056.0000     -734727.003471
2060.0000     -734218.829313
2064.0000     -734275.340506
2068.0000     -734349.102267
2072.0000     -734271.878643
2076.0000     -733534.975739
2080.0000     -733329.595885
2084.0000     -734225.160978
2088.0000     -732757.917046
2092.0000     -733840.179965
2096.0000     -734188.939576
2100.0000     -734224.883819
2104.0000     -734161.059478
2108.0000     -734550.355560
2112.0000     -733572.243556
2116.0000     -733291.039298
2120.0000     -733524.017936
2124.0000     -733783.261369
2128.0000     -733718.394310
2132.0000     -733820.707487
2136.0000     -733361.623068
2140.0000     -734053.777851
2144.0000     -733333.066244
2148.0000     -732274.209440
2152.0000     -733204.891690
2156.0000     -732441.668275
2160.0000     -733543.215554
2164.0000     -733473.756521
2168.0000     -733680.408985
2172.0000     -733291.447232
2176.0000     -733548.646590
2180.0000     -733404.675540
2184.0000     -733265.721442
2188.0000     -733119.416716
2192.0000     -733877.119597
2196.0000     -733917.025889
2200.0000     -733418.556209
2204.0000     -733596.711119
2208.0000     -733264.392784
2212.0000     -733383.505932
2216.0000     -733547.717039
2220.0000     -733934.492944
2224.0000     -733520.489162
2228.0000     -733445.736970
2232.0000     -734550.441420
2236.0000     -734056.580645
2240.0000     -733901.181485
2244.0000     -733887.579599
2248.0000     -733773.945031
2252.0000     -733733.624998
2256.0000     -733509.293852
2260.0000     -732816.565285
2264.0000     -732855.458207
2268.0000     -733118.750557
2272.0000     -733555.663830
2276.0000     -732289.775560
2280.0000     -734497.210769
2284.0000     -733790.273826
2288.0000     -733173.863225
2292.0000     -734444.409164
2296.0000     -732906.260620
2300.0000     -733322.481481
2304.0000     -732775.474138
2308.0000     -733182.526490
2312.0000     -733494.973856
2316.0000     -732828.987653
2320.0000     -733542.417161
2324.0000     -733464.103905
2328.0000     -733400.894498
2332.0000     -733020.261840
2336.0000     -732983.122349
2340.0000     -733600.250926
2344.0000     -733357.832960
2348.0000     -733798.657012
2352.0000     -733451.770178
2356.0000     -734140.434303
2360.0000     -733580.804669
2364.0000     -733560.593588
2368.0000     -734208.821626
2372.0000     -734097.175536
2376.0000     -733911.512909
2380.0000     -733626.371124
2384.0000     -734463.233399
2388.0000     -733519.893927
2392.0000     -733836.448915
2396.0000     -733811.325902
2400.0000     -733585.923890
2404.0000     -732949.732590
2408.0000     -733559.308587
2412.0000     -733566.304043
2416.0000     -732623.476125
2420.0000     -733115.709241
2424.0000     -733704.680486
2428.0000     -733422.913433
2432.0000     -733542.425125
2436.0000     -733822.681763
2440.0000     -732892.991762
2444.0000     -732478.488677
2448.0000     -732941.801033
2452.0000     -733801.994088
2456.0000     -733457.959715
2460.0000     -733414.156819
2464.0000     -733582.410569
2468.0000     -733815.741999
2472.0000     -733465.441570
2476.0000     -733518.404048
2480.0000     -734181.697407
2484.0000     -733404.926650
2488.0000     -732546.720794
2492.0000     -732612.490745
2496.0000     -733583.373279
2500.0000     -733779.568812
2504.0000     -733901.951125
2508.0000     -734184.533187
2512.0000     -733632.142738
2516.0000     -732919.446390
2520.0000     -733231.831938
2524.0000     -733740.472686
2528.0000     -733571.906413
2532.0000     -732593.839765
2536.0000     -733508.615935
2540.0000     -733151.062817
2544.0000     -733820.709890
2548.0000     -734022.572316
2552.0000     -733704.947728
2556.0000     -733701.699928
2560.0000     -734135.165155
2564.0000     -733408.412002
2568.0000     -732841.635076
2572.0000     -733311.535333
2576.0000     -732480.586831
2580.0000     -733324.799544
2584.0000     -733290.323065
2588.0000     -732787.825678
2592.0000     -733489.407405
2596.0000     -733274.677569
2600.0000     -732823.948128
2604.0000     -733152.955428
2608.0000     -732829.422615
2612.0000     -733819.167936
2616.0000     -732591.281046
2620.0000     -732951.611811
2624.0000     -733742.631614
2628.0000     -732477.207128
2632.0000     -732820.600900
2636.0000     -733178.704647
2640.0000     -733181.936221
2644.0000     -733815.780379
2648.0000     -731958.894445
2652.0000     -733765.208250
2656.0000     -733480.773578
2660.0000     -732939.363247
2664.0000     -733414.048575
2668.0000     -732932.274132
2672.0000     -733144.557931
2676.0000     -733374.556702
2680.0000     -733152.262415
2684.0000     -734453.568891
2688.0000     -733771.385924
2692.0000     -734124.189259
2696.0000     -733476.705990
2700.0000     -733369.762838
2704.0000     -732921.454926
2708.0000     -733327.227254
2712.0000     -732870.750237
2716.0000     -733075.158535
2720.0000     -733565.110478
2724.0000     -733618.337820
2728.0000     -733430.831325
2732.0000     -733455.054821
2736.0000     -733856.785831
2740.0000     -733628.703949
2744.0000     -733646.228926
2748.0000     -734138.647857
2752.0000     -731927.293343
2756.0000     -733477.561484
2760.0000     -733576.381636
2764.0000     -732951.700905
2768.0000     -733894.710744
2772.0000     -733834.460936
2776.0000     -733028.884787
2780.0000     -733094.669976
2784.0000     -734074.403164
2788.0000     -734013.446827
2792.0000     -734248.573305
2796.0000     -733696.998223
2800.0000     -734701.194452
2804.0000     -734760.914849
2808.0000     -733242.158972
2812.0000     -731831.361599
2816.0000     -733420.789289
2820.0000     -733736.789356
2824.0000     -733636.747628
2828.0000     -733443.762289
2832.0000     -734106.650275
2836.0000     -734221.793451
2840.0000     -733750.085650
2844.0000     -734184.563435
2848.0000     -733882.061964
2852.0000     -733914.377126
2856.0000     -733456.924551
2860.0000     -733831.007849
2864.0000     -732957.902140
2868.0000     -733542.623422
2872.0000     -733876.070622
2876.0000     -734244.605550
2880.0000     -732469.205961
2884.0000     -733306.904878
2888.0000     -733470.020836
2892.0000     -733603.135608
2896.0000     -732326.806639
2900.0000     -733563.995696
2904.0000     -733136.792555
2908.0000     -732932.135208
2912.0000     -733337.017408
2916.0000     -733214.737516
2920.0000     -733401.148656
2924.0000     -733477.072554
2928.0000     -733466.141860
2932.0000     -733671.454032
2936.0000     -733010.706717
2940.0000     -733028.060430
2944.0000     -733907.216366
2948.0000     -733503.745963
2952.0000     -733044.950200
2956.0000     -733952.101836
2960.0000     -733414.007060
2964.0000     -733242.238418
2968.0000     -734490.507869
2972.0000     -732601.345699
2976.0000     -733242.545071
2980.0000     -734089.922329
2984.0000     -732764.209629
2988.0000     -732935.904674
2992.0000     -733419.849726
2996.0000     -733707.707159
3000.0000     -734490.728537
3004.0000     -734399.632522
3008.0000     -734847.731699
3012.0000     -733790.758031
3016.0000     -733780.409323
3020.0000     -732673.935852
3024.0000     -733428.111587
3028.0000     -733457.264057
3032.0000     -734011.921274
3036.0000     -733702.621670
3040.0000     -733608.997661
3044.0000     -732938.826994
3048.0000     -733736.206593
3052.0000     -733015.922147
3056.0000     -734307.389382
3060.0000     -733485.202913
3064.0000     -733807.218658
3068.0000     -733450.760152
3072.0000     -733168.102948
3076.0000     -733441.062523
3080.0000     -733706.469886
3084.0000     -733852.471230
3088.0000     -733476.050268
3092.0000     -733307.050836
3096.0000     -733271.852051
3100.0000     -733520.288642
3104.0000     -733406.032674
3108.0000     -733383.923479
3112.0000     -733785.722213
3116.0000     -733322.616728
3120.0000     -733088.619660
3124.0000     -732820.556526
3128.0000     -733794.180568
3132.0000     -733101.148272
3136.0000     -734115.223631
3140.0000     -733775.370671
3144.0000     -733379.552501
3148.0000     -732923.507381
3152.0000     -733192.495435
3156.0000     -733057.390763
3160.0000     -732878.953915
3164.0000     -733124.691170
3168.0000     -733596.004248
3172.0000     -734139.979802
3176.0000     -732574.721172
3180.0000     -733347.085653
3184.0000     -733812.501618
3188.0000     -733564.934824
3192.0000     -734170.538694
3196.0000     -733418.880616
3200.0000     -733678.792683
3204.0000     -733341.639506
3208.0000     -733914.710951
3212.0000     -733686.724696
3216.0000     -733431.642267
3220.0000     -733123.084073
3224.0000     -733560.124835
3228.0000     -733599.261877
3232.0000     -733173.948387
3236.0000     -733469.487648
3240.0000     -733213.968309
3244.0000     -733272.047442
3248.0000     -733319.548845
3252.0000     -732960.078678
3256.0000     -733098.229503
3260.0000     -733315.128064
3264.0000     -733600.088493
3268.0000     -733388.600947
3272.0000     -734675.004142
3276.0000     -733710.280720
3280.0000     -734116.385640
3284.0000     -733859.578587
3288.0000     -734606.470053
3292.0000     -733275.885534
3296.0000     -733493.039268
3300.0000     -734031.527429
3304.0000     -733805.248755
3308.0000     -733978.107386
3312.0000     -733508.538348
3316.0000     -732936.393951
3320.0000     -733564.422791
3324.0000     -733204.536467
3328.0000     -733037.512816
3332.0000     -733718.848581
3336.0000     -733462.995946
3340.0000     -734561.682957
3344.0000     -733608.849310
3348.0000     -733706.819177
3352.0000     -734207.346503
3356.0000     -733329.248442
3360.0000     -733871.211458
3364.0000     -734263.003807
3368.0000     -734680.381150
3372.0000     -733164.516317
3376.0000     -733300.696493
3380.0000     -733474.331331
3384.0000     -733188.682953
3388.0000     -732605.438574
3392.0000     -733330.956039
3396.0000     -733346.038859
3400.0000     -733810.984063
3404.0000     -733653.339399
3408.0000     -734676.117385
3412.0000     -733919.941782
3416.0000     -730887.750950
3420.0000     -734078.346626
3424.0000     -734489.090686
3428.0000     -734060.745603
3432.0000     -733724.523403
3436.0000     -733757.352298
3440.0000     -734149.248257
3444.0000     -733739.401990
3448.0000     -733560.507411
3452.0000     -734601.594097
3456.0000     -734043.178621
3460.0000     -733107.750296
3464.0000     -734441.492633
3468.0000     -733188.776990
3472.0000     -733361.600225
3476.0000     -733243.912506
3480.0000     -733258.968307
3484.0000     -733083.589985
3488.0000     -734476.441003
3492.0000     -734119.368435
3496.0000     -734105.137063
3500.0000     -734051.293143
3504.0000     -733403.874296
3508.0000     -733783.898996
3512.0000     -733004.924799
3516.0000     -734450.534447
3520.0000     -733914.790986
3524.0000     -733247.947757
3528.0000     -733312.400992
3532.0000     -732313.586365
3536.0000     -733623.544079
3540.0000     -734600.083103
3544.0000     -733691.631678
3548.0000     -734611.011478
3552.0000     -734975.829813
3556.0000     -733795.883609
3560.0000     -734456.181515
3564.0000     -733743.216619
3568.0000     -733714.625296
3572.0000     -734280.532512
3576.0000     -733832.419932
3580.0000     -733806.699307
3584.0000     -734207.585892
3588.0000     -733997.890424
3592.0000     -734450.824800
3596.0000     -733813.593028
3600.0000     -733603.690489
3604.0000     -734015.785726
3608.0000     -734214.181652
3612.0000     -733781.910108
3616.0000     -734078.830780
3620.0000     -733935.934568
3624.0000     -733963.897283
3628.0000     -734134.172522
3632.0000     -734399.266741
3636.0000     -733001.641242
3640.0000     -734067.574251
3644.0000     -733890.386603
3648.0000     -733215.766145
3652.0000     -733600.582461
3656.0000     -734185.886910
3660.0000     -733444.745328
3664.0000     -733449.430339
3668.0000     -734019.030380
3672.0000     -733622.550535
3676.0000     -733391.228082
3680.0000     -733709.449424
3684.0000     -734131.746214
3688.0000     -733883.331159
3692.0000     -734118.724411
3696.0000     -734156.224934
3700.0000     -734028.177969
3704.0000     -734438.128815
3708.0000     -733821.205327
3712.0000     -734356.092919
3716.0000     -733474.983049
3720.0000     -733481.614097
3724.0000     -733572.895242
3728.0000     -733269.335279
3732.0000     -733836.206170
3736.0000     -733487.065124
3740.0000     -734510.467205
3744.0000     -732997.942903
3748.0000     -734030.093831
3752.0000     -734306.602091
3756.0000     -733848.483991
3760.0000     -733632.261442
3764.0000     -734054.911961
3768.0000     -733685.171779
3772.0000     -733372.780057
3776.0000     -733867.591860
3780.0000     -733752.909355
3784.0000     -734026.096285
3788.0000     -733477.914646
3792.0000     -733163.760502
3796.0000     -733508.051168
3800.0000     -733583.385172
3804.0000     -733975.883352
3808.0000     -733235.708394
3812.0000     -733245.960556
3816.0000     -733877.823512
3820.0000     -734163.443564
3824.0000     -733724.961036
3828.0000     -733810.494444
3832.0000     -734198.813734
3836.0000     -734215.793099
3840.0000     -734212.790961
3844.0000     -733918.803532
3848.0000     -733816.209010
3852.0000     -733645.328774
3856.0000     -734127.709156
3860.0000     -734064.163838
3864.0000     -733546.138438
3868.0000     -733612.770853
3872.0000     -732954.411309
3876.0000     -733331.550481
3880.0000     -733636.976430
3884.0000     -733145.427807
3888.0000     -733600.813190
3892.0000     -733409.464892
3896.0000     -733411.520736
3900.0000     -733141.090187
3904.0000     -733869.827058
3908.0000     -733938.869308
3912.0000     -732805.990868
3916.0000     -733471.268003
3920.0000     -733096.206248
3924.0000     -732170.513114
3928.0000     -733412.516612
3932.0000     -733885.721891
3936.0000     -733726.632865
3940.0000     -734317.502173
3944.0000     -734462.200218
3948.0000     -734053.931233
3952.0000     -733623.678497
3956.0000     -733132.144239
3960.0000     -733217.953461
3964.0000     -733897.139601
3968.0000     -734521.462394
3972.0000     -731842.219306
3976.0000     -733378.144542
3980.0000     -733286.248891
3984.0000     -733950.372575
3988.0000     -733891.879078
3992.0000     -734083.848355
3996.0000     -733700.592042
4000.0000     -733589.637530
4004.0000     -733589.637530
