4.0000     -733252.033548
8.0000     -732843.390954
12.0000     -732886.326687
16.0000     -732528.242475
20.0000     -732837.562136
24.0000     -732894.076362
28.0000     -733064.830458
32.0000     -733251.464744
36.0000     -732604.156550
40.0000     -732970.115621
44.0000     -733149.745894
48.0000     -733154.877099
52.0000     -733762.509310
56.0000     -733222.112063
60.0000     -733420.889527
64.0000     -733739.038686
68.0000     -734254.014924
72.0000     -733552.172449
76.0000     -733732.665909
80.0000     -733625.195191
84.0000     -733803.568086
88.0000     -733894.588740
92.0000     -733524.252464
96.0000     -733599.705187
100.0000     -734500.379651
104.0000     -733870.052757
108.0000     -733254.098244
112.0000     -732849.719241
116.0000     -733831.129840
120.0000     -732922.305245
124.0000     -733361.378743
128.0000     -732899.098778
132.0000     -733702.987692
136.0000     -733791.995339
140.0000     -733501.027318
144.0000     -733500.256916
148.0000     -733008.196627
152.0000     -733309.631034
156.0000     -733605.672086
160.0000     -732572.280094
164.0000     -733490.925998
168.0000     -732663.414727
172.0000     -733082.746346
176.0000     -732993.526533
180.0000     -733868.966957
184.0000     -732648.909387
188.0000     -733441.770908
192.0000     -733365.602511
196.0000     -733306.091511
200.0000     -732957.320999
204.0000     -733110.274284
208.0000     -733059.939962
212.0000     -732827.587565
216.0000     -733983.053367
220.0000     -733779.014195
224.0000     -733227.341648
228.0000     -732911.649025
232.0000     -733077.322592
236.0000     -733494.585909
240.0000     -734539.347962
244.0000     -733721.635248
248.0000     -733634.005047
252.0000     -733052.644158
256.0000     -732617.242440
260.0000     -732912.405386
264.0000     -733512.399076
268.0000     -733647.240448
272.0000     -732798.730274
276.0000     -732502.417977
280.0000     -733498.489099
284.0000     -733076.933183
288.0000     -734011.102164
292.0000     -732768.084746
296.0000     -733411.672615
300.0000     -732450.106910
304.0000     -733697.553875
308.0000     -733067.272917
312.0000     -732876.959821
316.0000     -733620.736706
320.0000     -733857.032423
324.0000     -733152.063797
328.0000     -732922.405949
332.0000     -733171.463676
336.0000     -733971.414373
340.0000     -733365.768057
344.0000     -733820.674780
348.0000     -733280.005096
352.0000     -733999.180589
356.0000     -733576.467990
360.0000     -733900.092172
364.0000     -734489.739236
368.0000     -734086.555041
372.0000     -733647.521207
376.0000     -733994.305090
380.0000     -733709.038462
384.0000     -734174.022776
388.0000     -733073.498215
392.0000     -733241.978813
396.0000     -733260.341461
400.0000     -732987.144039
404.0000     -733863.678726
408.0000     -733943.720042
412.0000     -734311.201646
416.0000     -732958.780991
420.0000     -733384.527900
424.0000     -733354.750559
428.0000     -733348.734510
432.0000     -733661.210436
436.0000     -733379.847107
440.0000     -733718.109262
444.0000     -733431.080953
448.0000     -733949.552756
452.0000     -733286.788702
456.0000     -732463.987317
460.0000     -733585.077206
464.0000     -734060.014102
468.0000     -733569.885878
472.0000     -732170.823271
476.0000     -732890.571833
480.0000     -732683.535716
484.0000     -733024.221575
488.0000     -732887.399930
492.0000     -733330.772520
496.0000     -733254.272987
500.0000     -733137.987206
504.0000     -732967.762513
508.0000     -733573.804678
512.0000     -733284.631219
516.0000     -734037.535678
520.0000     -733014.512722
524.0000     -734121.573213
528.0000     -734109.980100
532.0000     -733581.129208
536.0000     -733892.792344
540.0000     -733980.371826
544.0000     -733597.033411
548.0000     -733100.844798
552.0000     -734630.825748
556.0000     -732842.101665
560.0000     -732466.058662
564.0000     -733393.143504
568.0000     -733651.500460
572.0000     -733569.992203
576.0000     -733696.282209
580.0000     -733741.569887
584.0000     -732543.642190
588.0000     -733482.276967
592.0000     -732448.783799
596.0000     -732327.387203
600.0000     -733622.006597
604.0000     -733112.000635
608.0000     -733891.374630
612.0000     -733015.614320
616.0000     -733041.177275
620.0000     -732831.156436
624.0000     -733589.825089
628.0000     -732842.882249
632.0000     -732755.473726
636.0000     -732872.612506
640.0000     -732039.315853
644.0000     -733233.969143
648.0000     -732707.971568
652.0000     -733071.440041
656.0000     -733345.524013
660.0000     -733702.082661
664.0000     -733663.504924
668.0000     -732754.841353
672.0000     -733161.547573
676.0000     -733724.007758
680.0000     -733504.130937
684.0000     -733040.394069
688.0000     -733681.461641
692.0000     -733137.518048
696.0000     -734054.736243
700.0000     -732959.942933
704.0000     -733630.850963
708.0000     -733039.640675
712.0000     -733760.062502
716.0000     -732844.711504
720.0000     -733678.348311
724.0000     -732796.052395
728.0000     -732943.208264
732.0000     -733004.563740
736.0000     -732320.420476
740.0000     -732787.633321
744.0000     -733252.910945
748.0000     -733176.194339
752.0000     -733001.930316
756.0000     -732930.199951
760.0000     -732231.542987
764.0000     -733596.990960
768.0000     -732611.229056
772.0000     -733162.327385
776.0000     -733420.496572
780.0000     -732767.971120
784.0000     -733530.288853
788.0000     -732963.538010
792.0000     -733227.138218
796.0000     -733121.484048
800.0000     -733695.593818
804.0000     -733746.534451
808.0000     -732972.251305
812.0000     -733664.437561
816.0000     -733108.128918
820.0000     -733144.706308
824.0000     -733634.152083
828.0000     -732648.719507
832.0000     -733735.779812
836.0000     -733431.493591
840.0000     -733341.993738
844.0000     -732416.187442
848.0000     -733050.058189
852.0000     -732786.420715
856.0000     -733143.086552
860.0000     -733049.696843
864.0000     -732971.210281
868.0000     -733136.704257
872.0000     -733090.714414
876.0000     -733066.479953
880.0000     -733299.289176
884.0000     -732605.720632
888.0000     -733559.880215
892.0000     -733454.346519
896.0000     -733297.046741
900.0000     -733677.441244
904.0000     -733418.108817
908.0000     -733254.793930
912.0000     -732813.861097
916.0000     -733840.282447
920.0000     -732985.929730
924.0000     -733380.797535
928.0000     -733737.351841
932.0000     -733828.040863
936.0000     -733212.927881
940.0000     -732887.859493
944.0000     -733501.757751
948.0000     -734159.518244
952.0000     -733517.406410
956.0000     -734372.624330
960.0000     -734374.582550
964.0000     -734685.122498
968.0000     -733018.579082
972.0000     -733805.886688
976.0000     -732815.905873
980.0000     -732453.340577
984.0000     -733596.388312
988.0000     -734075.650791
992.0000     -734018.547661
996.0000     -734234.574182
1000.0000     -733549.120566
1004.0000     -732945.042410
1008.0000     -734133.194780
1012.0000     -733646.789967
1016.0000     -733899.084474
1020.0000     -734150.813400
1024.0000     -733499.718104
1028.0000     -733943.000452
1032.0000     -734191.895048
1036.0000     -733702.835692
1040.0000     -734183.484835
1044.0000     -733833.426780
1048.0000     -733478.982168
1052.0000     -733270.581960
1056.0000     -733606.061717
1060.0000     -733196.471870
1064.0000     -734281.442706
1068.0000     -733789.201560
1072.0000     -733539.399455
1076.0000     -734179.806063
1080.0000     -733751.301316
1084.0000     -733256.624795
1088.0000     -733198.545325
1092.0000     -733564.503715
1096.0000     -733685.243098
1100.0000     -733204.759454
1104.0000     -733650.701752
1108.0000     -733682.690129
1112.0000     -734076.117968
1116.0000     -734038.234693
1120.0000     -733846.652353
1124.0000     -733545.698548
1128.0000     -734140.750128
1132.0000     -733466.535473
1136.0000     -733743.241759
1140.0000     -734107.285140
1144.0000     -733781.632667
1148.0000     -733913.997320
1152.0000     -733596.298544
1156.0000     -733556.540906
1160.0000     -733541.419568
1164.0000     -732755.137276
1168.0000     -733447.457187
1172.0000     -734508.641663
1176.0000     -733453.119184
1180.0000     -733404.661736
1184.0000     -733673.063301
1188.0000     -733936.320887
1192.0000     -733443.680517
1196.0000     -733989.152106
1200.0000     -734338.627272
1204.0000     -733306.229501
1208.0000     -733823.883070
1212.0000     -734005.867972
1216.0000     -733619.962634
1220.0000     -734323.717136
1224.0000     -732738.605523
1228.0000     -733027.830362
1232.0000     -733680.353598
1236.0000     -733137.111401
1240.0000     -733397.686031
1244.0000     -733520.161088
1248.0000     -734103.811214
1252.0000     -733840.206641
1256.0000     -734450.219748
1260.0000     -734161.177745
1264.0000     -733579.982161
1268.0000     -733726.835288
1272.0000     -734402.095804
1276.0000     -733717.156542
1280.0000     -734333.180964
1284.0000     -734467.157149
1288.0000     -733319.960240
1292.0000     -734397.887265
1296.0000     -733997.937638
1300.0000     -733984.790626
1304.0000     -733692.306709
1308.0000     -734142.182986
1312.0000     -734180.258687
1316.0000     -733970.676805
1320.0000     -733246.192332
1324.0000     -734426.420071
1328.0000     -734461.142436
1332.0000     -733726.925952
1336.0000     -733710.496822
1340.0000     -734121.349600
1344.0000     -733656.120148
1348.0000     -733892.310473
1352.0000     -734071.660468
1356.0000     -733339.381152
1360.0000     -734325.276600
1364.0000     -733251.847621
1368.0000     -733265.062773
1372.0000     -733783.289408
1376.0000     -733530.537013
1380.0000     -733226.435346
1384.0000     -733508.974370
1388.0000     -733192.783230
1392.0000     -733551.956706
1396.0000     -733466.318909
1400.0000     -733031.825035
1404.0000     -732688.195844
1408.0000     -733627.184472
1412.0000     -733694.260652
1416.0000     -733703.984330
1420.0000     -734310.195766
1424.0000     -733281.971790
1428.0000     -733938.875615
1432.0000     -733595.059505
1436.0000     -732841.304236
1440.0000     -734017.186997
1444.0000     -732748.434531
1448.0000     -733220.099514
1452.0000     -734180.062058
1456.0000     -733923.020978
1460.0000     -733004.211918
1464.0000     -733660.779465
1468.0000     -733683.183186
1472.0000     -734901.536065
1476.0000     -733367.038952
1480.0000     -734267.696791
1484.0000     -734184.866871
1488.0000     -733742.322157
1492.0000     -734137.584886
1496.0000     -733995.114031
1500.0000     -733754.257914
1504.0000     -733671.493721
1508.0000     -734068.798869
1512.0000     -733905.781941
1516.0000     -733669.197671
1520.0000     -733047.191427
1524.0000     -733359.147576
1528.0000     -733147.234773
1532.0000     -732957.862285
1536.0000     -733982.195414
1540.0000     -733827.405370
1544.0000     -733005.301759
1548.0000     -734295.702590
1552.0000     -733316.782204
1556.0000     -733142.227244
1560.0000     -733632.979662
1564.0000     -733228.117265
1568.0000     -733452.974669
1572.0000     -733734.752900
1576.0000     -733499.010810
1580.0000     -733395.876060
1584.0000     -733723.380427
1588.0000     -733326.930067
1592.0000     -732960.541216
1596.0000     -733835.062339
1600.0000     -732771.243750
1604.0000     -733611.118360
1608.0000     -733590.158139
1612.0000     -733583.323757
1616.0000     -734010.806256
1620.0000     -734343.759582
1624.0000     -733181.496546
1628.0000     -733226.049456
1632.0000     -732798.384496
1636.0000     -733898.357806
1640.0000     -733146.387086
1644.0000     -734047.174389
1648.0000     -733812.372622
1652.0000     -733785.979719
1656.0000     -733725.641407
1660.0000     -732934.308436
1664.0000     -734097.341995
1668.0000     -733129.048699
1672.0000     -733605.692881
1676.0000     -734637.026438
1680.0000     -733921.877632
1684.0000     -734427.109990
1688.0000     -733662.636318
1692.0000     -733084.156805
1696.0000     -733675.954648
1700.0000     -734306.572950
1704.0000     -733849.709135
1708.0000     -733286.703453
1712.0000     -733709.342674
1716.0000     -732827.292784
1720.0000     -734087.194140
1724.0000     -734429.712608
1728.0000     -733613.985245
1732.0000     -733014.306793
1736.0000     -733356.212347
1740.0000     -733761.885751
1744.0000     -734248.576808
1748.0000     -733882.221494
1752.0000     -734095.347640
1756.0000     -732864.058393
1760.0000     -732659.601205
1764.0000     -733823.161181
1768.0000     -733643.528673
1772.0000     -734478.346026
1776.0000     -734352.543418
1780.0000     -732846.888715
1784.0000     -733497.041558
1788.0000     -734330.990978
1792.0000     -734480.245316
1796.0000     -734242.700318
1800.0000     -733233.727484
1804.0000     -734402.436313
1808.0000     -734122.054980
1812.0000     -734076.316075
1816.0000     -733099.532624
1820.0000     -732928.881166
1824.0000     -732932.194289
1828.0000     -733794.171798
1832.0000     -733706.887174
1836.0000     -733912.623057
1840.0000     -733532.684700
1844.0000     -734032.490125
1848.0000     -733780.058502
1852.0000     -734187.051358
1856.0000     -733376.673627
1860.0000     -733814.147910
1864.0000     -733460.148425
1868.0000     -733663.269216
1872.0000     -733719.058101
1876.0000     -733733.489343
1880.0000     -733960.439846
1884.0000     -733420.707595
1888.0000     -733529.523596
1892.0000     -733789.479617
1896.0000     -733881.231868
1900.0000     -734466.100791
1904.0000     -733584.061824
1908.0000     -733959.618686
1912.0000     -734089.853803
1916.0000     -733502.729347
1920.0000     -733279.408738
1924.0000     -733827.187907
1928.0000     -732906.574890
1932.0000     -733925.115971
1936.0000     -733709.537740
1940.0000     -733487.490553
1944.0000     -733611.095623
1948.0000     -732969.950028
1952.0000     -732765.476589
1956.0000     -733692.331896
1960.0000     -733795.889062
1964.0000     -733972.684342
1968.0000     -733687.437557
1972.0000     -732076.851171
1976.0000     -733807.287694
1980.0000     -733728.868136
1984.0000     -733556.934014
1988.0000     -733631.671936
1992.0000     -734169.936207
1996.0000     -733792.416147
2000.0000     -734647.523769
2004.0000     -734233.498683
2008.0000     -734320.168445
2012.0000     -733241.776222
2016.0000     -733676.930236
2020.0000     -733913.125063
2024.0000     -732909.304636
2028.0000     -733678.017802
2032.0000     -733672.158977
2036.0000     -733718.229421
2040.0000     -734266.203570
2044.0000     -734775.744846
2048.0000     -733494.899848
2052.0000     -733764.860087
2056.0000     -734758.702989
2060.0000     -734243.380436
2064.0000     -734307.855193
2068.0000     -734486.052038
2072.0000     -734334.624660
2076.0000     -733654.298897
2080.0000     -733481.679030
2084.0000     -734269.138680
2088.0000     -734194.444749
2092.0000     -733878.652621
2096.0000     -734231.521795
2100.0000     -734265.924196
2104.0000     -734210.882631
2108.0000     -734577.230216
2112.0000     -733650.106625
2116.0000     -733428.639559
2120.0000     -733604.755991
2124.0000     -733822.341677
2128.0000     -733753.891472
2132.0000     -733941.055916
2136.0000     -733471.753064
2140.0000     -734089.804920
2144.0000     -733492.367903
2148.0000     -732714.642224
2152.0000     -733362.888780
2156.0000     -732677.022112
2160.0000     -733594.751494
2164.0000     -733508.672692
2168.0000     -733816.865964
2172.0000     -733375.320930
2176.0000     -733641.360084
2180.0000     -733443.981711
2184.0000     -733386.157871
2188.0000     -733155.451104
2192.0000     -734026.552980
2196.0000     -733950.176553
2200.0000     -733452.808738
2204.0000     -733631.356878
2208.0000     -733311.319619
2212.0000     -733445.231079
2216.0000     -733688.595486
2220.0000     -734041.641550
2224.0000     -733689.719169
2228.0000     -733482.332904
2232.0000     -734587.312532
2236.0000     -734396.325447
2240.0000     -733980.672545
2244.0000     -734009.899761
2248.0000     -733799.809647
2252.0000     -733759.406980
2256.0000     -733616.947123
2260.0000     -732980.939572
2264.0000     -733114.879997
2268.0000     -733157.269892
2272.0000     -733631.603808
2276.0000     -732941.548433
2280.0000     -734645.136578
2284.0000     -733857.560494
2288.0000     -733343.041674
2292.0000     -734569.330539
2296.0000     -732936.344142
2300.0000     -733382.065476
2304.0000     -732845.740449
2308.0000     -733242.843773
2312.0000     -733530.345017
2316.0000     -732901.202576
2320.0000     -733644.752999
2324.0000     -733506.836944
2328.0000     -733428.337789
2332.0000     -733073.058849
2336.0000     -733047.643540
2340.0000     -733808.872319
2344.0000     -733388.746165
2348.0000     -733857.572060
2352.0000     -734154.188486
2356.0000     -734219.154941
2360.0000     -733644.310180
2364.0000     -733583.631384
2368.0000     -734331.113728
2372.0000     -734139.836601
2376.0000     -733942.508512
2380.0000     -733824.855504
2384.0000     -734553.605538
2388.0000     -733575.787500
2392.0000     -733864.326781
2396.0000     -733835.772056
2400.0000     -733615.996096
2404.0000     -733073.997794
2408.0000     -733689.699449
2412.0000     -733619.304867
2416.0000     -732743.414933
2420.0000     -733159.903212
2424.0000     -733733.706300
2428.0000     -733447.698692
2432.0000     -733644.322309
2436.0000     -733853.854770
2440.0000     -733251.704530
2444.0000     -733689.976672
2448.0000     -732969.655463
2452.0000     -733841.174699
2456.0000     -733521.459613
2460.0000     -733660.659525
2464.0000     -733708.494279
2468.0000     -733844.263418
2472.0000     -733503.815589
2476.0000     -733550.992932
2480.0000     -734253.964880
2484.0000     -733606.152238
2488.0000     -732634.086461
2492.0000     -733051.484035
2496.0000     -733734.421063
2500.0000     -733865.989136
2504.0000     -733933.186003
2508.0000     -734289.367570
2512.0000     -733713.186847
2516.0000     -732953.447565
2520.0000     -733301.364520
2524.0000     -734108.778447
2528.0000     -733598.021384
2532.0000     -732902.111557
2536.0000     -733585.617315
2540.0000     -733187.511483
2544.0000     -733870.560074
2548.0000     -734090.364900
2552.0000     -733750.894540
2556.0000     -733758.665591
2560.0000     -734166.375196
2564.0000     -733447.126500
2568.0000     -732913.981441
2572.0000     -733343.430798
2576.0000     -733258.015497
2580.0000     -733371.185309
2584.0000     -733418.931740
2588.0000     -733018.491867
2592.0000     -733645.403836
2596.0000     -733364.297613
2600.0000     -732873.342199
2604.0000     -733210.793762
2608.0000     -732867.571610
2612.0000     -733852.951781
2616.0000     -732873.521724
2620.0000     -732978.564515
2624.0000     -733798.125477
2628.0000     -732537.695280
2632.0000     -732854.617847
2636.0000     -733485.514565
2640.0000     -733222.167964
2644.0000     -734000.414136
2648.0000     -733270.222284
2652.0000     -733825.557279
2656.0000     -733517.669461
2660.0000     -733099.829162
2664.0000     -733447.468055
2668.0000     -733012.081227
2672.0000     -733184.878706
2676.0000     -733440.884295
2680.0000     -733175.449162
2684.0000     -734536.875971
2688.0000     -733844.136643
2692.0000     -734174.973982
2696.0000     -733510.153319
2700.0000     -733434.330254
2704.0000     -733016.615586
2708.0000     -733455.968046
2712.0000     -732907.552262
2716.0000     -733120.287621
2720.0000     -733637.472103
2724.0000     -733646.403155
2728.0000     -733476.555842
2732.0000     -733490.541904
2736.0000     -733909.215959
2740.0000     -733665.033555
2744.0000     -733673.057354
2748.0000     -734228.223698
2752.0000     -733073.402791
2756.0000     -733512.732927
2760.0000     -733627.824703
2764.0000     -733006.737569
2768.0000     -733927.269253
2772.0000     -733868.961657
2776.0000     -733209.257911
2780.0000     -733362.724656
2784.0000     -734191.390829
2788.0000     -734090.536822
2792.0000     -734277.459008
2796.0000     -733750.595865
2800.0000     -734746.519886
2804.0000     -734794.100522
2808.0000     -733588.237149
2812.0000     -731856.010767
2816.0000     -733487.595133
2820.0000     -733813.362503
2824.0000     -733714.483136
2828.0000     -733478.210830
2832.0000     -734182.299837
2836.0000     -734260.263389
2840.0000     -733796.933511
2844.0000     -734214.179203
2848.0000     -733938.416911
2852.0000     -733959.427760
2856.0000     -733564.239441
2860.0000     -734032.822884
2864.0000     -733012.795935
2868.0000     -733581.596523
2872.0000     -733915.346341
2876.0000     -734360.031452
2880.0000     -732626.590746
2884.0000     -733358.121472
2888.0000     -733511.977739
2892.0000     -733775.522673
2896.0000     -733642.777375
2900.0000     -733606.461930
2904.0000     -733191.922809
2908.0000     -733142.500846
2912.0000     -733383.160068
2916.0000     -733274.710967
2920.0000     -733466.512371
2924.0000     -733547.875101
2928.0000     -733725.902715
2932.0000     -733721.313420
2936.0000     -733112.121050
2940.0000     -733069.960658
2944.0000     -733984.833821
2948.0000     -733569.222448
2952.0000     -733700.207841
2956.0000     -734031.169218
2960.0000     -733472.346080
2964.0000     -733640.926039
2968.0000     -734522.635291
2972.0000     -732956.568660
2976.0000     -733273.263578
2980.0000     -734125.332574
2984.0000     -732795.877485
2988.0000     -733065.676716
2992.0000     -733458.642460
2996.0000     -733760.499288
3000.0000     -734514.835642
3004.0000     -734463.927618
3008.0000     -734916.841643
3012.0000     -733848.588265
3016.0000     -733816.612204
3020.0000     -733626.225884
3024.0000     -733929.824258
3028.0000     -733654.678828
3032.0000     -734071.258979
3036.0000     -733741.572345
3040.0000     -733670.238128
3044.0000     -732982.735565
3048.0000     -733960.498887
3052.0000     -733058.857921
3056.0000     -734354.477095
3060.0000     -733516.452911
3064.0000     -733940.572940
3068.0000     -733479.866372
3072.0000     -733270.863709
3076.0000     -733549.433350
3080.0000     -733769.763920
3084.0000     -733948.935543
3088.0000     -733635.361124
3092.0000     -733649.318808
3096.0000     -733330.260616
3100.0000     -733555.632627
3104.0000     -733460.315555
3108.0000     -733417.924342
3112.0000     -733925.116164
3116.0000     -733361.960691
3120.0000     -733165.444563
3124.0000     -732944.293944
3128.0000     -733835.444940
3132.0000     -733378.089158
3136.0000     -734165.875813
3140.0000     -733845.553189
3144.0000     -733432.455065
3148.0000     -732993.667158
3152.0000     -733221.875657
3156.0000     -733155.889024
3160.0000     -732905.104273
3164.0000     -733195.606310
3168.0000     -733645.760279
3172.0000     -734172.484443
3176.0000     -732624.945915
3180.0000     -733446.979865
3184.0000     -733946.862087
3188.0000     -733610.521050
3192.0000     -734237.136098
3196.0000     -733455.136959
3200.0000     -733753.857647
3204.0000     -733372.362208
3208.0000     -733943.481738
3212.0000     -734107.181306
3216.0000     -733472.827302
3220.0000     -733451.783047
3224.0000     -733707.577662
3228.0000     -733631.681095
3232.0000     -733201.378339
3236.0000     -733594.930812
3240.0000     -733287.863465
3244.0000     -733299.444391
3248.0000     -733377.031469
3252.0000     -732986.644845
3256.0000     -733162.893777
3260.0000     -733735.897542
3264.0000     -733682.131658
3268.0000     -733619.926191
3272.0000     -734727.887904
3276.0000     -733830.689432
3280.0000     -734141.108293
3284.0000     -733904.165301
3288.0000     -734631.259678
3292.0000     -733330.761040
3296.0000     -733577.209981
3300.0000     -734404.942510
3304.0000     -733888.947429
3308.0000     -734082.042687
3312.0000     -733535.289698
3316.0000     -733394.459261
3320.0000     -733672.538482
3324.0000     -733335.344054
3328.0000     -733121.590897
3332.0000     -733914.058037
3336.0000     -733516.140558
3340.0000     -734587.003717
3344.0000     -733658.644853
3348.0000     -733731.078849
3352.0000     -734307.746618
3356.0000     -733614.641686
3360.0000     -733900.301535
3364.0000     -734289.947056
3368.0000     -734709.617463
3372.0000     -733192.071121
3376.0000     -733598.830100
3380.0000     -733532.898538
3384.0000     -733226.948864
3388.0000     -732924.253743
3392.0000     -733482.657160
3396.0000     -733444.905553
3400.0000     -733902.355173
3404.0000     -733696.077590
3408.0000     -734709.546500
3412.0000     -733951.611489
3416.0000     -733784.974900
3420.0000     -734152.562601
3424.0000     -734558.989036
3428.0000     -734090.962813
3432.0000     -733793.235357
3436.0000     -733783.993374
3440.0000     -734179.899148
3444.0000     -733777.197263
3448.0000     -733754.972943
3452.0000     -734638.004426
3456.0000     -734086.991009
3460.0000     -733946.083225
3464.0000     -734548.495379
3468.0000     -733282.077564
3472.0000     -733464.225886
3476.0000     -733269.435676
3480.0000     -733288.991696
3484.0000     -733195.475099
3488.0000     -734508.812965
3492.0000     -734143.991661
3496.0000     -734165.855463
3500.0000     -734082.795524
3504.0000     -733458.596823
3508.0000     -733824.562232
3512.0000     -733039.837499
3516.0000     -734483.662075
3520.0000     -734098.319582
3524.0000     -733314.254292
3528.0000     -733412.057392
3532.0000     -732721.909075
3536.0000     -733666.739376
3540.0000     -734671.228929
3544.0000     -733750.021440
3548.0000     -734695.865272
3552.0000     -735245.526403
3556.0000     -734367.542845
3560.0000     -734497.085531
3564.0000     -733807.069288
3568.0000     -733863.094078
3572.0000     -734335.180215
3576.0000     -733911.490844
3580.0000     -733876.413373
3584.0000     -734239.737848
3588.0000     -734110.985976
3592.0000     -734662.019904
3596.0000     -733839.167007
3600.0000     -733633.766358
3604.0000     -734043.451382
3608.0000     -734256.457850
3612.0000     -733994.224443
3616.0000     -734143.077739
3620.0000     -734217.424044
3624.0000     -734011.657875
3628.0000     -734159.919844
3632.0000     -734451.987657
3636.0000     -733735.600747
3640.0000     -734162.784242
3644.0000     -733982.504622
3648.0000     -733269.068671
3652.0000     -733673.454157
3656.0000     -734353.272150
3660.0000     -733866.815274
3664.0000     -733484.450439
3668.0000     -734049.854882
3672.0000     -733818.544747
3676.0000     -733479.724769
3680.0000     -733911.788041
3684.0000     -734286.741831
3688.0000     -734264.061059
3692.0000     -734287.579069
3696.0000     -734273.925320
3700.0000     -734061.207236
3704.0000     -735236.861087
3708.0000     -733853.790793
3712.0000     -734396.787661
3716.0000     -733597.306948
3720.0000     -733506.588215
3724.0000     -733600.957453
3728.0000     -733299.812429
3732.0000     -733869.116362
3736.0000     -733534.431534
3740.0000     -734560.984911
3744.0000     -733197.223890
3748.0000     -734209.874104
3752.0000     -734336.122867
3756.0000     -733899.118562
3760.0000     -733718.320066
3764.0000     -734158.772200
3768.0000     -733839.563906
3772.0000     -733400.154309
3776.0000     -733902.275772
3780.0000     -733791.674652
3784.0000     -734095.058708
3788.0000     -733709.889734
3792.0000     -733615.261981
3796.0000     -733542.956069
3800.0000     -733626.216092
3804.0000     -734041.024241
3808.0000     -733516.490153
3812.0000     -733371.027601
3816.0000     -733916.650546
3820.0000     -734271.442613
3824.0000     -733802.095252
3828.0000     -733864.471450
3832.0000     -734296.073848
3836.0000     -734353.985300
3840.0000     -734315.976141
3844.0000     -734020.454706
3848.0000     -734000.397848
3852.0000     -733682.788789
3856.0000     -734228.386463
3860.0000     -734125.844479
3864.0000     -733575.625130
3868.0000     -733685.950392
3872.0000     -732979.872649
3876.0000     -733449.695527
3880.0000     -733693.763404
3884.0000     -733439.695348
3888.0000     -733660.202415
3892.0000     -733455.717259
3896.0000     -733475.104845
3900.0000     -733717.015738
3904.0000     -733962.738084
3908.0000     -734230.093338
3912.0000     -733222.557849
3916.0000     -733523.459915
3920.0000     -733150.971123
3924.0000     -733102.028363
3928.0000     -733446.286222
3932.0000     -733935.795743
3936.0000     -733770.106163
3940.0000     -734348.061914
3944.0000     -734509.655192
3948.0000     -734095.690655
3952.0000     -733675.495634
3956.0000     -733203.327076
3960.0000     -733283.897490
3964.0000     -734342.766859
3968.0000     -734577.463294
3972.0000     -733363.447157
3976.0000     -733432.646467
3980.0000     -733317.244238
3984.0000     -734003.463523
3988.0000     -734011.317191
3992.0000     -734174.929011
3996.0000     -733788.206685
4000.0000     -733635.118404
4004.0000     -733635.118404
