4.0000     -733343.618053
8.0000     -733492.509531
12.0000     -733177.050264
16.0000     -732641.807989
20.0000     -733262.603254
24.0000     -733409.735460
28.0000     -733192.742081
32.0000     -733127.627624
36.0000     -732660.126762
40.0000     -732663.320778
44.0000     -732991.430768
48.0000     -733776.872835
52.0000     -732535.995952
56.0000     -732113.003622
60.0000     -733273.045925
64.0000     -732521.524695
68.0000     -732747.607061
72.0000     -733169.914062
76.0000     -732804.436234
80.0000     -732680.852581
84.0000     -733885.119743
88.0000     -734258.955859
92.0000     -732658.131414
96.0000     -733286.937794
100.0000     -733309.661763
104.0000     -732703.761154
108.0000     -731882.729177
112.0000     -732819.284211
116.0000     -732327.920787
120.0000     -732901.052774
124.0000     -733843.765048
128.0000     -732914.360835
132.0000     -732459.379135
136.0000     -733083.187600
140.0000     -732624.735199
144.0000     -732908.754671
148.0000     -733007.866109
152.0000     -732785.599073
156.0000     -733831.163390
160.0000     -733016.125846
164.0000     -733118.522547
168.0000     -732940.218059
172.0000     -732986.304946
176.0000     -732499.610154
180.0000     -733108.690108
184.0000     -733444.115473
188.0000     -732968.838558
192.0000     -732432.149957
196.0000     -733139.447857
200.0000     -732740.529553
204.0000     -732791.266359
208.0000     -733071.504653
212.0000     -733253.247387
216.0000     -732771.213886
220.0000     -733273.781484
224.0000     -733076.583593
228.0000     -733106.373144
232.0000     -732544.882681
236.0000     -733455.253863
240.0000     -732888.506355
244.0000     -733541.258446
248.0000     -733222.074749
252.0000     -733402.556971
256.0000     -732796.997521
260.0000     -733647.566378
264.0000     -732438.581287
268.0000     -732726.468432
272.0000     -732448.062574
276.0000     -732744.124186
280.0000     -733429.528394
284.0000     -732914.006159
288.0000     -732464.069279
292.0000     -732160.729785
296.0000     -732736.945918
300.0000     -733713.450618
304.0000     -733429.488213
308.0000     -725867.497832
312.0000     -733639.178319
316.0000     -733215.424601
320.0000     -733875.788320
324.0000     -733289.966565
328.0000     -733150.376192
332.0000     -733693.471174
336.0000     -733034.242103
340.0000     -732981.970316
344.0000     -733431.118469
348.0000     -733333.445389
352.0000     -732529.200559
356.0000     -733496.079426
360.0000     -733277.116852
364.0000     -733356.907065
368.0000     -732130.920587
372.0000     -732503.008888
376.0000     -647724.744048
380.0000     -732171.187932
384.0000     -529142.919053
388.0000     -733678.291291
392.0000     -734242.083923
396.0000     -732673.299159
400.0000     -733018.480370
404.0000     -733863.088573
408.0000     -732860.643045
412.0000     -732623.615892
416.0000     -733142.750085
420.0000     -733444.722894
424.0000     -733286.884133
428.0000     -733281.318162
432.0000     -732859.559505
436.0000     -733764.254301
440.0000     -733473.657692
444.0000     -733029.259476
448.0000     -731917.790576
452.0000     -733175.869182
456.0000     -733632.895513
460.0000     -732932.432713
464.0000     -730441.010425
468.0000     -732928.483699
472.0000     -733737.223834
476.0000     -734145.911649
480.0000     -733519.589371
484.0000     -733341.955210
488.0000     -733728.466311
492.0000     -733586.670564
496.0000     -733533.280356
500.0000     -734461.310180
504.0000     -733751.744308
508.0000     -734248.587995
512.0000     -733735.997574
516.0000     -733441.231184
520.0000     -733349.466442
524.0000     -733673.874090
528.0000     -733059.448231
532.0000     -732787.204614
536.0000     -732857.270735
540.0000     -733740.133048
544.0000     -733622.256465
548.0000     -733974.610008
552.0000     -732256.692025
556.0000     -733588.381643
560.0000     -733074.403756
564.0000     -732264.136711
568.0000     -732703.268961
572.0000     -733479.205928
576.0000     -733669.710965
580.0000     -733457.027929
584.0000     -733832.961352
588.0000     -732877.654921
592.0000     1494109.214212
596.0000     -733263.226125
600.0000     -733250.192064
604.0000     -733996.075838
608.0000     -733064.330756
612.0000     -733730.620388
616.0000     -733479.708150
620.0000     -733436.315255
624.0000     -730479.571568
628.0000     -731350.387111
632.0000     -732503.377123
636.0000     -732715.861621
640.0000     -733244.686079
644.0000     -733355.801796
648.0000     -733076.762111
652.0000     -733490.493961
656.0000     -732526.336051
660.0000     -733436.243716
664.0000     -733618.501868
668.0000     -732994.975324
672.0000     -733680.256354
676.0000     -733868.566447
680.0000     -732685.498762
684.0000     -732973.565233
688.0000     -732602.133351
692.0000     -732718.450072
696.0000     -732705.966930
700.0000     -732769.345324
704.0000     -733359.801199
708.0000     -731973.233142
712.0000     -732839.974715
716.0000     -732718.656197
720.0000     -733614.419909
724.0000     -732418.039807
728.0000     -733940.109486
732.0000     -732993.761923
736.0000     -733228.096756
740.0000     -733017.596809
744.0000     -734194.177508
748.0000     -733275.786755
752.0000     -734627.100616
756.0000     -733059.657664
760.0000      677531.214382
764.0000     -732855.462975
768.0000     -733588.902002
772.0000     -733136.232154
776.0000     -733564.478382
780.0000     -733715.324685
784.0000     -732849.212810
788.0000     -733674.380151
792.0000     -733128.229028
796.0000     -732864.968029
800.0000     -732788.066110
804.0000     -733199.722573
808.0000     -733422.790028
812.0000     -732500.527136
816.0000     -733812.189100
820.0000     -733397.594615
824.0000     -733643.071822
828.0000     -734492.072021
832.0000     -733694.270809
836.0000     -733924.262634
840.0000     -733864.973998
844.0000     -734110.342112
848.0000     -734323.156422
852.0000     -733297.072765
856.0000     -733619.923054
860.0000     -732652.526224
864.0000     -734103.707540
868.0000     -733672.119313
872.0000     -733236.063639
876.0000     -733717.065296
880.0000     -733065.611050
884.0000     -733400.891070
888.0000     -732890.689722
892.0000     -733569.433249
896.0000     -732159.483112
900.0000     -733150.628327
904.0000     -733623.406573
908.0000     -732682.459350
912.0000     -733073.597547
916.0000     -732600.546661
920.0000     -732398.703111
924.0000     -733147.334909
928.0000     -733100.534537
932.0000     -734026.784801
936.0000     -732368.301904
940.0000     -703853.901295
944.0000     -733452.082955
948.0000     -733460.452441
952.0000     -732840.967399
956.0000     -733192.431730
960.0000     -733659.293818
964.0000     -733284.936401
968.0000     -733238.920300
972.0000     -734125.428877
976.0000     -733229.020118
980.0000     -733643.413151
984.0000     -733300.736406
988.0000     -734081.656947
992.0000     -732663.424148
996.0000     -733257.067857
1000.0000     -732527.241265
1004.0000     -733282.820725
1008.0000     -732875.217452
1012.0000     -733889.349964
1016.0000     -733233.193409
1020.0000     -733352.606918
1024.0000     -733086.972225
1028.0000     -732594.418056
1032.0000     -733855.292262
1036.0000     -732563.208589
1040.0000     -732544.562074
1044.0000     -732630.483083
1048.0000     -733535.229130
1052.0000     -732553.528779
1056.0000     -733235.510871
1060.0000     -733378.155618
1064.0000     -733237.522290
1068.0000     -732890.991457
1072.0000     -733360.279693
1076.0000     -733048.011852
1080.0000     -733235.226666
1084.0000     -733203.808930
1088.0000     -722722.815656
1092.0000     -733537.629855
1096.0000     -732127.684502
1100.0000     -733139.480844
1104.0000     -733656.693941
1108.0000     -732731.798424
1112.0000     4356312.165366
1116.0000     -732925.518847
1120.0000     -733321.140295
1124.0000     -732977.941453
1128.0000     -731037.259123
1132.0000     -733748.880618
1136.0000     -733414.182546
1140.0000     -733064.999291
1144.0000     -733243.452840
1148.0000     -733257.520384
1152.0000     -733975.205009
1156.0000     -727813.218039
1160.0000     -733839.789207
1164.0000     -733752.756830
1168.0000     -733741.064144
1172.0000     -733233.029707
1176.0000     -732975.600278
1180.0000     -733365.733565
1184.0000     -733232.714919
1188.0000     -733555.007378
1192.0000     -732954.247096
1196.0000     -729097.585918
1200.0000     -733273.518136
1204.0000     -734077.217697
1208.0000     -663706.097503
1212.0000     -733597.615056
1216.0000     -733347.195458
1220.0000     -733184.720907
1224.0000     -733989.442759
1228.0000     -733769.675101
1232.0000     -733945.452420
1236.0000     -733430.251913
1240.0000     -733718.366504
1244.0000     -733438.216014
1248.0000     -734183.874471
1252.0000     -733421.603669
1256.0000     -734462.188592
1260.0000     -733867.526574
1264.0000    12219109.597557
1268.0000     -733601.103432
1272.0000     -733221.390314
1276.0000     -733390.335139
1280.0000     -733134.527834
1284.0000     -733305.953754
1288.0000     -729858.214724
1292.0000     -733322.574352
1296.0000     -733842.922877
1300.0000     -734170.310887
1304.0000     -734349.540199
1308.0000     -733274.098755
1312.0000     -733453.029911
1316.0000     -733344.727153
1320.0000     -733533.280751
1324.0000     -733522.635845
1328.0000     -733775.372285
1332.0000     -733351.724400
1336.0000     -720961.171970
1340.0000       10000.000000
1344.0000     -733635.305033
1348.0000     -732867.974861
1352.0000     -733223.287228
1356.0000     -733170.441270
1360.0000     -733542.279935
1364.0000     -733617.806016
1368.0000     -733008.456466
1372.0000     -733715.850846
1376.0000     -733119.038904
1380.0000     -734019.339307
1384.0000     -734002.151731
1388.0000     -733216.282397
1392.0000     -733140.482104
1396.0000     -733449.158323
1400.0000     -732875.457335
1404.0000     -733359.624507
1408.0000     -733222.664133
1412.0000     -733379.033151
1416.0000     -733467.139833
1420.0000     -733556.540535
1424.0000     -734000.619807
1428.0000     -732976.815579
1432.0000     -734002.846825
1436.0000     -732893.939751
1440.0000     -733151.677427
1444.0000     -734059.322549
1448.0000     -734698.832485
1452.0000     -733174.718839
1456.0000     -733005.713455
1460.0000     -733676.669201
1464.0000     -733092.313457
1468.0000     -733380.484934
1472.0000     -733710.731497
1476.0000     -733575.598967
1480.0000     -732264.494090
1484.0000     -733663.024587
1488.0000     -732963.450008
1492.0000     -733371.787242
1496.0000     -733853.202624
1500.0000     -733667.599332
1504.0000     -733608.791775
1508.0000     -733076.395153
1512.0000     -733160.280580
1516.0000     -733510.637932
1520.0000     -733139.678404
1524.0000     -733752.003280
1528.0000     -733410.639061
1532.0000     -733745.310954
1536.0000     -732918.434714
1540.0000     -733457.399228
1544.0000     -731899.679627
1548.0000     -734030.139185
1552.0000     -733490.982052
1556.0000     -733470.885861
1560.0000     -734033.840351
1564.0000     -733021.870378
1568.0000     -734173.426520
1572.0000     -733470.045155
1576.0000     -733920.277528
1580.0000     -733606.986489
1584.0000     -733225.841885
1588.0000     -732861.919777
1592.0000     -733269.743639
1596.0000     -733840.880019
1600.0000     -734303.044592
1604.0000     -733616.445396
1608.0000     -732926.296583
1612.0000     -733565.288339
1616.0000     -733502.663951
1620.0000     -733964.012740
1624.0000     -734267.930848
1628.0000     -733855.452217
1632.0000     -732978.618837
1636.0000     -733183.244109
1640.0000     -733569.252616
1644.0000     -734558.323980
1648.0000     -733358.990871
1652.0000     -733768.062114
1656.0000     -733325.919964
1660.0000     -732894.142798
1664.0000     -733959.889040
1668.0000     -733811.770226
1672.0000     -733974.798114
1676.0000     -731230.326703
1680.0000     -733693.986116
1684.0000     -733647.825687
1688.0000     -733570.777918
1692.0000     -733180.385071
1696.0000     -733299.985707
1700.0000     -732888.149870
1704.0000     -733179.617508
1708.0000     -733465.445627
1712.0000     -733563.719165
1716.0000     -733523.755690
1720.0000     -733004.790087
1724.0000     -734479.418943
1728.0000     -733122.996932
1732.0000     -733007.473009
1736.0000     -733308.953537
1740.0000     -733231.146264
1744.0000     -732719.088199
1748.0000     -733560.495722
1752.0000     -734467.202423
1756.0000     -733072.429653
1760.0000     -733639.197675
1764.0000     -733638.773899
1768.0000     -734051.015015
1772.0000     -733887.759199
1776.0000     -733133.100398
1780.0000     -734507.226891
1784.0000     -734551.659423
1788.0000     -730080.505388
1792.0000     -734376.552360
1796.0000     -734458.043065
1800.0000     -734094.506024
1804.0000     -734706.529897
1808.0000     -734269.395626
1812.0000     -733630.027321
1816.0000     -733935.739062
1820.0000     -733774.167961
1824.0000     -733372.087583
1828.0000     -733772.905636
1832.0000     -733193.320124
1836.0000     -731654.280222
1840.0000     -732941.967923
1844.0000     -733960.330004
1848.0000     -732893.193215
1852.0000     -733163.729998
1856.0000     -734514.320690
1860.0000     -734374.079516
1864.0000     -734141.155381
1868.0000     -733692.374878
1872.0000     -734125.405049
1876.0000     -733347.244742
1880.0000     -733988.170766
1884.0000     -733321.348987
1888.0000     -727636.291170
1892.0000     -733986.990973
1896.0000     -733386.948852
1900.0000     -734298.696446
1904.0000     -734518.991477
1908.0000     -734145.717379
1912.0000     -733253.262052
1916.0000     -733686.060848
1920.0000     -733352.888494
1924.0000     -733697.509827
1928.0000     -734003.346669
1932.0000     -733747.215582
1936.0000     -732227.196652
1940.0000     -733972.466092
1944.0000     -734055.451545
1948.0000     -733337.096148
1952.0000     -733293.662479
1956.0000     -734063.289865
1960.0000     -734358.403683
1964.0000     -733842.228488
1968.0000     -733460.391056
1972.0000     -732962.060339
1976.0000     -733465.726983
1980.0000     -733964.093172
1984.0000     -734078.152977
1988.0000     -733946.935714
1992.0000     -733331.898915
1996.0000     -732965.547492
2000.0000     -733710.578183
2004.0000     -732489.223370
2008.0000     -733172.374991
2012.0000     -733227.805237
2016.0000     -734038.992662
2020.0000     -732793.668477
2024.0000     -733410.097307
2028.0000     -733400.421374
2032.0000     -733344.611287
2036.0000     -734111.952039
2040.0000     -733626.026271
2044.0000     -733838.867149
2048.0000     -734047.517645
2052.0000     -733207.426589
2056.0000     -733504.027842
2060.0000     -734092.073876
2064.0000     -733620.812646
2068.0000     -733798.769852
2072.0000     -734841.909333
2076.0000     -731472.614453
2080.0000     -733685.019990
2084.0000     -733889.315203
2088.0000     -733078.799759
2092.0000     -734022.235807
2096.0000     -732831.884812
2100.0000     -732963.379031
2104.0000     -733933.487885
2108.0000     -732952.331921
2112.0000     -733683.407960
2116.0000     -733612.028000
2120.0000     -733830.686158
2124.0000     -734157.375549
2128.0000     -733009.612771
2132.0000     -733184.615550
2136.0000     -732975.218086
2140.0000     -733530.818973
2144.0000     -732946.106733
2148.0000     -733964.535374
2152.0000     -734355.507093
2156.0000     -733816.979533
2160.0000     -733879.336635
2164.0000     -733997.611994
2168.0000     -734337.220976
2172.0000     -734434.186151
2176.0000     -734358.402795
2180.0000     -734587.422099
2184.0000     -733801.086433
2188.0000     -734315.462861
2192.0000     -734385.984970
2196.0000     -732949.782876
2200.0000     -685781.320892
2204.0000     -733460.384855
2208.0000     -733486.468287
2212.0000     -734896.221101
2216.0000     -733388.408011
2220.0000     -732931.614522
2224.0000     -733413.725848
2228.0000     -733677.793471
2232.0000     -733528.568968
2236.0000     -733493.061096
2240.0000     -725647.386373
2244.0000     -734032.215698
2248.0000     -733533.955631
2252.0000     -733443.843074
2256.0000     -733384.998220
2260.0000     -701166.886363
2264.0000     -734576.438015
2268.0000     -733551.449837
2272.0000     -733089.988690
2276.0000     -733654.959540
2280.0000     -733724.991215
2284.0000     -734202.558393
2288.0000     -733304.343054
2292.0000     -733684.453631
2296.0000     -733869.160329
2300.0000     -733198.576936
2304.0000     -733890.679916
2308.0000     -733052.285032
2312.0000     -734017.740848
2316.0000     -733680.862418
2320.0000     -732985.454816
2324.0000     -733675.199237
2328.0000     -733128.865444
2332.0000     -733846.387633
2336.0000     -733253.990606
2340.0000     -732873.722910
2344.0000     -733041.602407
2348.0000     -733097.838096
2352.0000     -733056.105215
2356.0000     -733199.706371
2360.0000     -732884.402287
2364.0000     -733481.359343
2368.0000     -734086.463128
2372.0000     -733674.940525
2376.0000     -733491.999034
2380.0000     -733952.472310
2384.0000     -732237.085840
2388.0000     -732651.023353
2392.0000     -733797.338283
2396.0000     -734584.798947
2400.0000     -733829.097806
2404.0000     -733724.634216
2408.0000     -733946.084684
2412.0000     -733686.539115
2416.0000     -732491.446113
2420.0000     -733768.046070
2424.0000     -732778.500754
2428.0000     -733345.285254
2432.0000     -733360.171292
2436.0000     -733444.338433
2440.0000     -733773.396085
2444.0000     -732740.553646
2448.0000     -733256.943128
2452.0000     -733077.321554
2456.0000     -734203.003086
2460.0000     -734023.225089
2464.0000     -734179.307815
2468.0000     -734024.286972
2472.0000     -733269.065145
2476.0000     -733232.117070
2480.0000     -733461.307155
2484.0000     -729959.791813
2488.0000     -733011.938264
2492.0000     -733179.428834
2496.0000     -733188.606252
2500.0000     -733817.046349
2504.0000     -733538.332493
2508.0000     -733777.007270
2512.0000     -734221.092065
2516.0000     -733656.154526
2520.0000     -733421.361754
2524.0000     -733814.284773
2528.0000     -733430.688161
2532.0000     -734534.120897
2536.0000     -732846.357972
2540.0000     -732909.747737
2544.0000     -733354.767648
2548.0000     -734127.063041
2552.0000     -734628.388129
2556.0000     -733530.391873
2560.0000     -734186.797440
2564.0000     -734117.487589
2568.0000     -733319.143424
2572.0000     -734057.817347
2576.0000     -732939.340107
2580.0000     -734134.717806
2584.0000     -733615.320370
2588.0000     -732207.654336
2592.0000     -733420.814869
2596.0000     -733220.864373
2600.0000     -733661.263748
2604.0000     -733229.364939
2608.0000     -733509.521290
2612.0000     -733677.057531
2616.0000     -733772.827956
2620.0000     -734580.828652
2624.0000     -733901.873963
2628.0000     -732830.645893
2632.0000     -733374.253984
2636.0000     -733140.430330
2640.0000     -731844.769858
2644.0000     -733918.075252
2648.0000     -734075.677436
2652.0000     -732853.044565
2656.0000     -733957.990740
2660.0000     -732945.687333
2664.0000     -733357.169254
2668.0000     -733886.773887
2672.0000     -734843.505189
2676.0000     -733382.939392
2680.0000     -733751.881030
2684.0000     -733152.499082
2688.0000     -734679.048051
2692.0000     -734576.907230
2696.0000     -734484.300520
2700.0000     -734632.319449
2704.0000     -733950.869583
2708.0000     -734175.283157
2712.0000     -734164.872796
2716.0000     -733271.371941
2720.0000     -733967.705965
2724.0000     -734252.413749
2728.0000     -734077.119463
2732.0000     -734066.695114
2736.0000     -733915.910547
2740.0000     -734184.157864
2744.0000     -733433.244951
2748.0000     -733212.196009
2752.0000     -733626.626143
2756.0000     -732634.478687
2760.0000     -733828.836745
2764.0000     -733885.942483
2768.0000     -733348.295132
2772.0000     -733118.592924
2776.0000     -718146.411548
2780.0000     -733795.249052
2784.0000     -732886.352426
2788.0000     -733696.637004
2792.0000     -732424.128619
2796.0000     -733890.467449
2800.0000     -733538.657612
2804.0000     -725371.770330
2808.0000     -734149.638706
2812.0000     -733672.368032
2816.0000     -733955.729103
2820.0000     -733887.880227
2824.0000     -733076.367586
2828.0000     -733517.500016
2832.0000     -733705.335251
2836.0000     -733581.060413
2840.0000     -734325.957624
2844.0000     -732436.256296
2848.0000     -731738.032202
2852.0000     -732711.999868
2856.0000     -733312.181760
2860.0000     -734735.173817
2864.0000     -733551.335502
2868.0000     -732587.876219
2872.0000     -733679.631255
2876.0000     -733894.610089
2880.0000     -733016.107805
2884.0000     -733883.418379
2888.0000     -734893.652761
2892.0000     -733996.952702
2896.0000     -733141.483353
2900.0000     -734354.770727
2904.0000     -734359.977643
2908.0000     -733437.743107
2912.0000     -733984.720849
2916.0000     -732490.361849
2920.0000     -733200.386100
2924.0000     -733207.835102
2928.0000     -733871.703176
2932.0000     -733484.133014
2936.0000     -733291.869077
2940.0000     -733263.534167
2944.0000    37045914.804646
2948.0000     -734065.755180
2952.0000     -733897.584390
2956.0000     -732948.913309
2960.0000     -733532.805895
2964.0000     -733130.498877
2968.0000     -733670.788208
2972.0000     -733719.272017
2976.0000     -734167.412209
2980.0000     -733748.017581
2984.0000     -733736.939053
2988.0000     -733230.665947
2992.0000     -733903.987079
2996.0000     -733326.448386
3000.0000     -723533.189368
3004.0000     -733622.285681
3008.0000     -733485.446204
3012.0000     -733677.751354
3016.0000     -733947.692077
3020.0000     -733412.648819
3024.0000     -733688.568438
3028.0000     -733817.562725
3032.0000     -732880.320246
3036.0000     -733408.759880
3040.0000     -733359.211171
3044.0000     -733255.873691
3048.0000     -733971.999349
3052.0000     -733569.758170
3056.0000     -733547.627169
3060.0000     -732623.668003
3064.0000     -734285.794182
3068.0000     -733919.722282
3072.0000     -734361.636564
3076.0000     -733357.756617
3080.0000     -734021.317615
3084.0000     -734153.308363
3088.0000     -733597.882845
3092.0000     -733862.257430
3096.0000     -733698.391784
3100.0000     -734096.180113
3104.0000     -733899.620024
3108.0000     -733233.769226
3112.0000     -734038.112525
3116.0000     -732885.933068
3120.0000     -733611.362435
3124.0000     -733633.217706
3128.0000     -733669.513758
3132.0000     -734338.100678
3136.0000     -734005.054790
3140.0000     -733474.844091
3144.0000     -734062.153148
3148.0000     -734152.990810
3152.0000     -734081.781606
3156.0000     -734327.881776
3160.0000     -733633.688066
3164.0000     -733322.723336
3168.0000     -733230.789730
3172.0000     -732929.401320
3176.0000     -733668.239629
3180.0000     -733813.180890
3184.0000     -734197.945278
3188.0000     -732913.898192
3192.0000     -728341.404013
3196.0000     -733809.873361
3200.0000     -733294.952157
3204.0000     -732537.741074
3208.0000     -722096.943344
3212.0000     -732866.836264
3216.0000     -733213.110631
3220.0000     -734580.151546
3224.0000     -735270.077402
3228.0000     -733468.702540
3232.0000     -734739.964553
3236.0000     -733781.358469
3240.0000     -733320.753168
3244.0000     -733870.641862
3248.0000     -733795.153951
3252.0000     -732469.086836
3256.0000     -734563.313914
3260.0000     -732522.475533
3264.0000     -733952.778622
3268.0000     -733150.347455
3272.0000     -732387.926284
3276.0000     -733581.341913
3280.0000      179995.745373
3284.0000     -734110.088378
3288.0000     -734295.735833
3292.0000     -733874.622520
3296.0000     -733441.331179
3300.0000     -732640.844569
3304.0000     -733631.461571
3308.0000     -733185.839245
3312.0000     -734752.057205
3316.0000     -732925.309756
3320.0000     -732841.342229
3324.0000     -733599.395215
3328.0000     -731448.443316
3332.0000     -733505.356421
3336.0000     -732398.628299
3340.0000     -734026.417799
3344.0000     -734138.195515
3348.0000     -733943.627753
3352.0000     -733733.573499
3356.0000     -733837.408632
3360.0000     -733495.411758
3364.0000     -734045.992944
3368.0000     -733488.631014
3372.0000     -733682.774392
3376.0000     -733914.576412
3380.0000     -733912.120308
3384.0000     -733432.060245
3388.0000     -734244.792444
3392.0000     -734345.788960
3396.0000     -733304.370183
3400.0000     -733199.403113
3404.0000     -733222.556280
3408.0000     -734452.923747
3412.0000     -733440.603276
3416.0000     -733841.688249
3420.0000     -733850.101424
3424.0000     -733212.075988
3428.0000     -733418.535177
3432.0000     -733054.904532
3436.0000     -733630.049103
3440.0000     -733360.210122
3444.0000     -732963.954442
3448.0000     -732443.025695
3452.0000     -733941.279821
3456.0000     -733264.449077
3460.0000     -733225.752684
3464.0000     -733619.431358
3468.0000     -733511.642144
3472.0000     -733613.915108
3476.0000     -733865.217460
3480.0000     -732866.477568
3484.0000     -733798.095684
3488.0000     -733759.683088
3492.0000     -733836.054949
3496.0000     -733367.567422
3500.0000     -734088.243258
3504.0000     -732967.691698
3508.0000     -733485.072880
3512.0000     -733917.479261
3516.0000     -734061.702873
3520.0000     -733538.455743
3524.0000     -733969.883999
3528.0000     -733137.568173
3532.0000     -733018.075888
3536.0000     -732464.939240
3540.0000     -733548.122820
3544.0000     -732463.326433
3548.0000     -733572.643952
3552.0000     -733818.043859
3556.0000     -734036.899909
3560.0000     -733850.235298
3564.0000     -733026.899736
3568.0000     -715102.730261
3572.0000     -733353.417572
3576.0000     -733497.028864
3580.0000     -733441.564659
3584.0000     -732318.140955
3588.0000     -733258.107682
3592.0000     -733716.695509
3596.0000     -733324.084265
3600.0000     -733838.812208
3604.0000     -733783.317434
3608.0000     -732911.454337
3612.0000     -732667.803563
3616.0000     -734122.186272
3620.0000     -733831.312987
3624.0000     -733690.526666
3628.0000     -733856.947032
3632.0000     -734085.535658
3636.0000     -733349.453276
3640.0000     -734013.007340
3644.0000     -733395.834812
3648.0000     -732642.640520
3652.0000     -734381.733409
3656.0000     -734182.950609
3660.0000     -734180.209113
3664.0000     -734396.165837
3668.0000     -733881.743411
3672.0000     -734032.406473
3676.0000     -733959.655730
3680.0000     -733902.117399
3684.0000     -734163.173628
3688.0000     -734215.090403
3692.0000     -733625.962076
3696.0000     -733406.726201
3700.0000     -733984.195578
3704.0000     -733858.189833
3708.0000     -733367.169413
3712.0000     -733253.542031
3716.0000     -733790.216461
3720.0000     -734458.139060
3724.0000     -733745.396616
3728.0000     -733884.271846
3732.0000     -733950.861372
3736.0000     -733676.782859
3740.0000     -733948.874245
3744.0000     -733430.415013
3748.0000     -734777.027258
3752.0000     -733454.495991
3756.0000     -733609.488414
3760.0000     -734211.749073
3764.0000     -734566.896176
3768.0000     -734274.426673
3772.0000     -734498.478473
3776.0000     -733884.777259
3780.0000     -734526.596408
3784.0000     -733649.762014
3788.0000     -733683.450222
3792.0000     -733770.542491
3796.0000     -733487.669454
3800.0000     -733307.174969
3804.0000     -733650.704210
3808.0000     -733681.399969
3812.0000     -734173.136053
3816.0000     -733531.656121
3820.0000     -733405.281607
3824.0000     -734169.885895
3828.0000     -733144.908844
3832.0000     -732990.416565
3836.0000     -734277.228953
3840.0000     -733534.046165
3844.0000     -733099.105874
3848.0000     -720613.407153
3852.0000     -733750.736013
3856.0000     -734202.568043
3860.0000     -733329.893081
3864.0000     -733673.663398
3868.0000     -733828.386208
3872.0000     -734423.394669
3876.0000     -734261.326806
3880.0000     -733592.818625
3884.0000     -733180.689522
3888.0000     -733169.933406
3892.0000     -733284.740737
3896.0000     -732767.922067
3900.0000     -733509.897282
3904.0000     -733697.607126
3908.0000     -732275.382611
3912.0000     -733742.246070
3916.0000     -733354.849671
3920.0000     -732992.769321
3924.0000     -733928.566581
3928.0000     -735010.365331
3932.0000     -732957.553237
3936.0000     -733625.806646
3940.0000     -733868.914862
3944.0000     -732736.735768
3948.0000     -733939.760300
3952.0000     -733414.867575
3956.0000     -733274.198125
3960.0000     -733210.378059
3964.0000     -733990.450353
3968.0000     -333054.971332
3972.0000     -733708.085011
3976.0000     -733013.239408
3980.0000     -734072.280635
3984.0000     -733823.966110
3988.0000     -733917.309881
3992.0000     -733928.235880
3996.0000     -734506.640346
4000.0000     -734230.283399
4004.0000     -734230.283399
