4.0000     -733333.146368
8.0000     -733164.260986
12.0000     -733206.053088
16.0000     -733340.021338
20.0000     -732616.715349
24.0000     -732616.404477
28.0000     -732667.400451
32.0000     -732293.815390
36.0000     -732590.470130
40.0000     -732611.177782
44.0000     -732476.323778
48.0000     -733165.765371
52.0000     -732667.170944
56.0000     -732702.856321
60.0000     -733177.209371
64.0000     -732901.623613
68.0000     -732806.806041
72.0000     -732817.824648
76.0000     -732728.380861
80.0000     -732931.276792
84.0000     -733147.871726
88.0000     -732441.074126
92.0000     -733180.821404
96.0000     -732896.473433
100.0000     -733666.065142
104.0000     -732317.439903
108.0000     -733251.430442
112.0000     -733306.898740
116.0000     -733297.771835
120.0000     -733050.634266
124.0000     -733309.171544
128.0000     -732852.991009
132.0000     -732453.909214
136.0000     -733271.281319
140.0000     -733440.112218
144.0000     -732766.986776
148.0000     -732939.611210
152.0000     -733688.822395
156.0000     -732534.824786
160.0000     -732410.776360
164.0000     -733088.224431
168.0000     -732588.252088
172.0000     -732822.291744
176.0000     -733170.738429
180.0000     -734099.241683
184.0000     -732908.719376
188.0000     -732808.052138
192.0000     -733515.383430
196.0000     -733147.756995
200.0000     -733791.717977
204.0000     -733086.954058
208.0000     -732611.460757
212.0000     -733204.578656
216.0000     -732984.671084
220.0000     -732440.735130
224.0000     -732970.829496
228.0000     -733222.554017
232.0000     -733259.497298
236.0000     -733359.286343
240.0000     -733834.213368
244.0000     -733420.701934
248.0000     -733713.667939
252.0000     -733523.453939
256.0000     -733419.864744
260.0000     -732936.716965
264.0000     -733790.223207
268.0000     -733268.519234
272.0000     -732349.644557
276.0000     -732652.387566
280.0000     -732488.733517
284.0000     -732544.927890
288.0000     -732736.428702
292.0000     -732977.817332
296.0000     -733021.668768
300.0000     -733786.888500
304.0000     -733461.989456
308.0000     -733568.356739
312.0000     -733298.569359
316.0000     -733140.068221
320.0000     -733590.113351
324.0000     -733107.418786
328.0000     -733572.834317
332.0000     -732475.665787
336.0000     -732468.843065
340.0000     -733344.797613
344.0000     -733049.961787
348.0000     -733520.376674
352.0000     -733060.990522
356.0000     -733047.533186
360.0000     -733267.407348
364.0000     -733198.652239
368.0000     -733627.447477
372.0000     -732719.167673
376.0000     -732878.923135
380.0000     -733078.757182
384.0000     -733122.863888
388.0000     -733461.391425
392.0000     -733370.805529
396.0000     -733567.385579
400.0000     -733085.391967
404.0000     -732545.893533
408.0000     -732350.591063
412.0000     -733654.100019
416.0000     -733201.495316
420.0000     -733105.384728
424.0000     -733210.255868
428.0000     -733059.199681
432.0000     -734377.447353
436.0000     -733715.698350
440.0000     -733671.532023
444.0000     -734321.407144
448.0000     -733566.845809
452.0000     -732903.500946
456.0000     -734068.780670
460.0000     -732896.283824
464.0000     -732898.770536
468.0000     -733035.635467
472.0000     -733598.781212
476.0000     -732716.723008
480.0000     -733051.352668
484.0000     -732267.845058
488.0000     -733097.154886
492.0000     -732483.109130
496.0000     -733483.623279
500.0000     -733697.236390
504.0000     -732761.598893
508.0000     -732545.884757
512.0000     -732834.785000
516.0000     -732450.954272
520.0000     -733512.724945
524.0000     -732944.135850
528.0000     -732846.269413
532.0000     -734029.108449
536.0000     -732733.561782
540.0000     -733364.031520
544.0000     -733016.845659
548.0000     -732999.824767
552.0000     -732949.182165
556.0000     -733265.966021
560.0000     -733389.214952
564.0000     -733248.331211
568.0000     -733854.445384
572.0000     -734128.230241
576.0000     -733230.656286
580.0000     -733303.538230
584.0000     -733219.421125
588.0000     -733567.306623
592.0000     -732940.012320
596.0000     -733029.383350
600.0000     -733546.187860
604.0000     -732854.547916
608.0000     -734060.516384
612.0000     -733490.222179
616.0000     -734051.114232
620.0000     -733507.942203
624.0000     -733102.114328
628.0000     -732486.808744
632.0000     -732678.114138
636.0000     -733190.774100
640.0000     -733161.177712
644.0000     -731685.205504
648.0000     -733043.325041
652.0000     -733663.498814
656.0000     -733327.118886
660.0000     -733523.019772
664.0000     -733434.667130
668.0000     -732637.378304
672.0000     -733333.268261
676.0000     -733390.128149
680.0000     -733453.968120
684.0000     -733874.538804
688.0000     -732859.062146
692.0000     -732771.089730
696.0000     -732562.493267
700.0000     -732720.747256
704.0000     -732775.202007
708.0000     -733704.660636
712.0000     -732768.326923
716.0000     -734105.768489
720.0000     -734257.276089
724.0000     -732953.693798
728.0000     -733157.974493
732.0000     -732289.064371
736.0000     -733406.619239
740.0000     -731937.387238
744.0000     -733046.466331
748.0000     -732361.124880
752.0000     -732699.587803
756.0000     -733343.547799
760.0000     -733646.621392
764.0000     -732943.602283
768.0000     -732235.464424
772.0000     -733296.536070
776.0000     -732796.911752
780.0000     -733244.666241
784.0000     -733143.145504
788.0000     -733194.404937
792.0000     -733916.503466
796.0000     -732902.457062
800.0000     -733973.269356
804.0000     -732985.976835
808.0000     -732792.184610
812.0000     -732372.650218
816.0000     -733635.772825
820.0000     -733176.719704
824.0000     -733481.237456
828.0000     -733737.182026
832.0000     -734106.266004
836.0000     -733442.765158
840.0000     -733456.347758
844.0000     -732928.550111
848.0000     -732537.323830
852.0000     -733171.415143
856.0000     -732459.521758
860.0000     -733584.411559
864.0000     -733423.915824
868.0000     -732784.658573
872.0000     -733208.375433
876.0000     -732844.721246
880.0000     -732695.539325
884.0000     -733152.327615
888.0000     -732494.615863
892.0000     -733384.538991
896.0000     -732087.386270
900.0000     -732659.089441
904.0000     -732812.515173
908.0000     -732221.101985
912.0000     -732910.588192
916.0000     -732069.325405
920.0000     -733202.440959
924.0000     -732630.326283
928.0000     -733083.885737
932.0000     -733111.202901
936.0000     -732808.409665
940.0000     -733371.412179
944.0000     -733407.799768
948.0000     -733293.424509
952.0000     -733415.935198
956.0000     -732718.019662
960.0000     -733366.907000
964.0000     -733431.306852
968.0000     -733002.967783
972.0000     -733889.880468
976.0000     -733409.428573
980.0000     -733303.028127
984.0000     -732990.660525
988.0000     -733771.779771
992.0000     -733685.086860
996.0000     -732876.484865
1000.0000     -731793.206842
1004.0000     -734743.640183
1008.0000     -733382.971264
1012.0000     -733654.880656
1016.0000     -732589.793944
1020.0000     -733033.329873
1024.0000     -732717.576718
1028.0000     -732408.196732
1032.0000     -733088.834866
1036.0000     -733046.274591
1040.0000     -732449.037506
1044.0000     -734230.329382
1048.0000     -732891.971644
1052.0000     -733172.926010
1056.0000     -733729.008357
1060.0000     -732964.082888
1064.0000     -733708.718065
1068.0000     -734297.165779
1072.0000     -732776.980442
1076.0000     -733011.550574
1080.0000     -732352.594829
1084.0000     -733094.931762
1088.0000     -733552.415275
1092.0000     -732145.596456
1096.0000     -733680.904706
1100.0000     -733281.445609
1104.0000     -733309.618197
1108.0000     -733066.234625
1112.0000     -732732.350687
1116.0000     -733311.401507
1120.0000     -733757.172321
1124.0000     -733320.830506
1128.0000     -733163.146448
1132.0000     -734044.524405
1136.0000     -733754.901149
1140.0000     -733397.723590
1144.0000     -733579.419661
1148.0000     -733092.419016
1152.0000     -733441.290573
1156.0000     -733623.940084
1160.0000     -733176.639655
1164.0000     -734200.288263
1168.0000     -734004.329094
1172.0000     -733908.048874
1176.0000     -733711.501065
1180.0000     -733647.508143
1184.0000     -733422.540235
1188.0000     -733131.203203
1192.0000     -733332.139924
1196.0000     -733471.572588
1200.0000     -733672.739421
1204.0000     -733640.570496
1208.0000     -733047.041984
1212.0000     -733827.353052
1216.0000     -733059.296639
1220.0000     -733814.950955
1224.0000     -733789.468988
1228.0000     -733372.312833
1232.0000     -733709.774409
1236.0000     -733431.827964
1240.0000     -731926.123315
1244.0000     -733142.346571
1248.0000     -732958.152968
1252.0000     -732465.987282
1256.0000     -733514.835791
1260.0000     -733807.374480
1264.0000     -733841.556863
1268.0000     -733574.921095
1272.0000     -733761.040074
1276.0000     -732770.089920
1280.0000     -733603.879265
1284.0000     -733863.284428
1288.0000     -733456.790248
1292.0000     -733550.147618
1296.0000     -733847.763635
1300.0000     -733636.746027
1304.0000     -732522.381862
1308.0000     -732988.676159
1312.0000     -732711.673054
1316.0000     -733367.429712
1320.0000     -733313.773994
1324.0000     -732929.715094
1328.0000     -732960.002073
1332.0000     -733972.236441
1336.0000     -733511.903114
1340.0000     -733180.365349
1344.0000     -734024.111343
1348.0000     -733776.065290
1352.0000     -733311.385253
1356.0000     -733517.757044
1360.0000     -734603.993778
1364.0000     -732894.743549
1368.0000     -733558.508499
1372.0000     -734357.744135
1376.0000     -733402.121944
1380.0000     -733819.345413
1384.0000     -733646.641844
1388.0000     -732873.106986
1392.0000     -734260.849181
1396.0000     -733373.702626
1400.0000     -734299.035378
1404.0000     -734026.919227
1408.0000     -733434.534065
1412.0000     -733292.839833
1416.0000     -733363.637820
1420.0000     -733782.214678
1424.0000     -733339.728622
1428.0000     -734148.466938
1432.0000     -734195.094803
1436.0000     -732863.046868
1440.0000     -733717.881223
1444.0000     -733628.499021
1448.0000     -733698.278551
1452.0000     -733463.713371
1456.0000     -734015.348766
1460.0000     -734035.749536
1464.0000     -734094.446655
1468.0000     -733449.622036
1472.0000     -733751.830364
1476.0000     -733764.649208
1480.0000     -734203.790256
1484.0000     -733458.752226
1488.0000     -734004.205268
1492.0000     -733848.016286
1496.0000     -732762.951340
1500.0000     -732278.837231
1504.0000     -733444.581470
1508.0000     -732508.670286
1512.0000     -733274.709330
1516.0000     -733656.905304
1520.0000     -734353.148499
1524.0000     -733106.003887
1528.0000     -732787.471054
1532.0000     -734017.188302
1536.0000     -733537.915467
1540.0000     -733609.028524
1544.0000     -732985.462416
1548.0000     -733115.130689
1552.0000     -733624.455774
1556.0000     -733918.749500
1560.0000     -733267.150824
1564.0000     -733181.068893
1568.0000     -733162.838550
1572.0000     -733264.350699
1576.0000     -733903.640317
1580.0000     -733972.176788
1584.0000     -733341.960842
1588.0000     -732744.128083
1592.0000     -733268.834372
1596.0000     -733588.465546
1600.0000     -733220.495349
1604.0000     -732803.946893
1608.0000     -733128.948653
1612.0000     -732243.375598
1616.0000     -733067.574763
1620.0000     -733751.338971
1624.0000     -733717.644270
1628.0000     -733404.788817
1632.0000     -733135.844688
1636.0000     -733694.878705
1640.0000     -734392.290121
1644.0000     -734368.135898
1648.0000     -733523.283060
1652.0000     -733804.017112
1656.0000     -733460.102303
1660.0000     -733110.904955
1664.0000     -733124.706975
1668.0000     -734356.689280
1672.0000     -732585.477252
1676.0000     -733736.948310
1680.0000     -733318.853454
1684.0000     -733072.413146
1688.0000     -733929.036586
1692.0000     -733005.180599
1696.0000     -733528.036721
1700.0000     -732794.429865
1704.0000     -732733.440085
1708.0000     -733330.210106
1712.0000     -733231.817858
1716.0000     -733297.980178
1720.0000     -731972.268692
1724.0000     -733588.000919
1728.0000     -732627.678842
1732.0000     -732629.053424
1736.0000     -733033.278886
1740.0000     -732686.520046
1744.0000     -732924.505588
1748.0000     -733555.352000
1752.0000     -733204.887630
1756.0000     -732744.447004
1760.0000     -733066.744635
1764.0000     -733155.861810
1768.0000     -732693.187150
1772.0000     -733232.516374
1776.0000     -732936.637080
1780.0000     -732978.778387
1784.0000     -733313.989227
1788.0000     -732571.351189
1792.0000     -733041.730428
1796.0000     -732947.320621
1800.0000     -733010.488351
1804.0000     -732914.757760
1808.0000     -733265.426346
1812.0000     -733152.153361
1816.0000     -732470.472804
1820.0000     -734109.264678
1824.0000     -734059.340866
1828.0000     -733858.565314
1832.0000     -734054.460575
1836.0000     -733448.507284
1840.0000     -733002.412396
1844.0000     -733273.381213
1848.0000     -733107.751115
1852.0000     -733588.426524
1856.0000     -732610.499582
1860.0000     -733128.809109
1864.0000     -732478.640606
1868.0000     -732812.059917
1872.0000     -733604.868335
1876.0000     -733538.300007
1880.0000     -732808.679866
1884.0000     -733407.961031
1888.0000     -734176.270481
1892.0000     -733957.265777
1896.0000     -733370.125000
1900.0000     -732718.981478
1904.0000     -733273.942913
1908.0000     -732405.898169
1912.0000     -733712.205021
1916.0000     -732903.373891
1920.0000     -732846.320813
1924.0000     -733244.261376
1928.0000     -733375.166051
1932.0000     -732527.086104
1936.0000     -733410.561196
1940.0000     -732541.500137
1944.0000     -733492.966850
1948.0000     -733576.480293
1952.0000     -734157.534542
1956.0000     -733750.520348
1960.0000     -733024.779738
1964.0000     -733828.613022
1968.0000     -733138.341521
1972.0000     -733676.743660
1976.0000     -733488.984259
1980.0000     -734093.689657
1984.0000     -733193.440689
1988.0000     -734088.934366
1992.0000     -733944.276551
1996.0000     -733552.267148
2000.0000     -734589.230500
2004.0000     -733085.455381
2008.0000     -733085.938441
2012.0000     -733372.594885
2016.0000     -732626.732758
2020.0000     -733264.170044
2024.0000     -733028.266829
2028.0000     -733332.027265
2032.0000     -733623.384336
2036.0000     -733239.704277
2040.0000     -733174.275958
2044.0000     -732874.253509
2048.0000     -733359.188744
2052.0000     -734562.515179
2056.0000     -733666.925648
2060.0000     -733296.911640
2064.0000     -733592.251006
2068.0000     -733472.756627
2072.0000     -733159.911603
2076.0000     -733844.603498
2080.0000     -733748.483530
2084.0000     -733504.441827
2088.0000     -733561.326238
2092.0000     -733297.198439
2096.0000     -732791.890820
2100.0000     -733848.521415
2104.0000     -733849.509539
2108.0000     -733562.746758
2112.0000     -733363.644210
2116.0000     -733462.194647
2120.0000     -733791.078455
2124.0000     -733929.555896
2128.0000     -733844.441195
2132.0000     -734046.165304
2136.0000     -733595.478633
2140.0000     -734122.265379
2144.0000     -732798.151430
2148.0000     -732985.220212
2152.0000     -734141.730692
2156.0000     -733406.097744
2160.0000     -733427.130303
2164.0000     -733085.846366
2168.0000     -733596.751951
2172.0000     -733887.793950
2176.0000     -732929.598364
2180.0000     -733065.768958
2184.0000     -733882.871215
2188.0000     -734065.483306
2192.0000     -733333.550692
2196.0000     -733249.451490
2200.0000     -733589.495569
2204.0000     -733124.037932
2208.0000     -734309.155333
2212.0000     -733149.007083
2216.0000     -733661.133014
2220.0000     -733044.677245
2224.0000     -733355.325117
2228.0000     -732753.218751
2232.0000     -733071.997985
2236.0000     -732666.338130
2240.0000     -732963.754665
2244.0000     -733126.541050
2248.0000     -734235.386765
2252.0000     -733663.667745
2256.0000     -733306.889557
2260.0000     -733247.905958
2264.0000     -734228.882567
2268.0000     -733000.157092
2272.0000     -733480.622803
2276.0000     -733265.564991
2280.0000     -733082.126516
2284.0000     -733878.233954
2288.0000     -733505.398305
2292.0000     -732779.149307
2296.0000     -733489.649575
2300.0000     -733806.935321
2304.0000     -733505.261971
2308.0000     -733889.297015
2312.0000     -732655.217096
2316.0000     -732917.244253
2320.0000     -733391.501062
2324.0000     -732570.550340
2328.0000     -733729.595337
2332.0000     -733641.058006
2336.0000     -734023.703576
2340.0000     -733071.255027
2344.0000     -734140.976386
2348.0000     -733519.761498
2352.0000     -734498.122366
2356.0000     -733316.798109
2360.0000     -734096.538792
2364.0000     -733928.513417
2368.0000     -733268.877250
2372.0000     -733371.065034
2376.0000     -734261.672860
2380.0000     -733667.239762
2384.0000     -733496.396636
2388.0000     -733297.841444
2392.0000     -733333.717947
2396.0000     -733408.364020
2400.0000     -733742.524544
2404.0000     -732906.784907
2408.0000     -733417.629268
2412.0000     -733133.559952
2416.0000     -734276.223331
2420.0000     -733332.436448
2424.0000     -733102.251973
2428.0000     -732981.001982
2432.0000     -733839.443894
2436.0000     -733767.426548
2440.0000     -733545.796489
2444.0000     -734115.282391
2448.0000     -733181.817464
2452.0000     -733954.844076
2456.0000     -733176.063485
2460.0000     -734360.639309
2464.0000     -733351.594402
2468.0000     -733717.169220
2472.0000     -733497.560032
2476.0000     -733742.612361
2480.0000     -733097.204203
2484.0000     -733801.005367
2488.0000     -732904.828071
2492.0000     -733320.387506
2496.0000     -734210.741746
2500.0000     -733182.985806
2504.0000     -732955.156541
2508.0000     -733652.014687
2512.0000     -733489.118485
2516.0000     -733690.398389
2520.0000     -734104.541341
2524.0000     -733777.110455
2528.0000     -733019.241930
2532.0000     -733390.720135
2536.0000     -732637.096852
2540.0000     -733802.951820
2544.0000     -733950.359435
2548.0000     -733963.270499
2552.0000     -733550.980115
2556.0000     -733652.834263
2560.0000     -733765.812068
2564.0000     -733668.776703
2568.0000     -733761.017904
2572.0000     -734035.784923
2576.0000     -734328.445865
2580.0000     -733534.836487
2584.0000     -733587.008505
2588.0000     -732951.059776
2592.0000     -732982.746294
2596.0000     -732985.348950
2600.0000     -733778.921689
2604.0000     -733632.257938
2608.0000     -733293.694280
2612.0000     -733483.162789
2616.0000     -733562.487636
2620.0000     -732444.523366
2624.0000     -733199.290314
2628.0000     -733569.267674
2632.0000     -733400.656346
2636.0000     -733501.757850
2640.0000     -732977.788924
2644.0000     -733463.507514
2648.0000     -733825.848871
2652.0000     -733163.254427
2656.0000     -732521.093560
2660.0000     -732993.475483
2664.0000     -734461.308327
2668.0000     -733157.648824
2672.0000     -733006.897998
2676.0000     -733699.430127
2680.0000     -733289.944103
2684.0000     -733700.861158
2688.0000     -732720.440427
2692.0000     -733125.014437
2696.0000     -733236.777285
2700.0000     -733783.219177
2704.0000     -733185.828776
2708.0000     -733708.578195
2712.0000     -733461.447871
2716.0000     -733385.742024
2720.0000     -732877.926027
2724.0000     -733803.588455
2728.0000     -733508.474182
2732.0000     -733568.739085
2736.0000     -733808.197956
2740.0000     -733022.639902
2744.0000     -734010.360796
2748.0000     -733938.555183
2752.0000     -734068.479799
2756.0000     -733126.438130
2760.0000     -733015.555201
2764.0000     -733510.072687
2768.0000     -733890.212463
2772.0000     -734025.706138
2776.0000     -733983.652703
2780.0000     -733898.230480
2784.0000     -733582.154198
2788.0000     -733710.878389
2792.0000     -733157.296334
2796.0000     -734424.873389
2800.0000     -733409.407499
2804.0000     -734571.076592
2808.0000     -733918.400881
2812.0000     -733053.907558
2816.0000     -733522.152824
2820.0000     -733965.783527
2824.0000     -733823.421193
2828.0000     -734346.909464
2832.0000     -734123.067776
2836.0000     -733822.089788
2840.0000     -733919.509220
2844.0000     -733569.744684
2848.0000     -734213.367064
2852.0000     -734007.175826
2856.0000     -733205.459972
2860.0000     -732768.634339
2864.0000     -733819.497814
2868.0000     -733510.059508
2872.0000     -733477.053427
2876.0000     -733388.065407
2880.0000     -733596.201542
2884.0000     -732925.657786
2888.0000     -732972.898008
2892.0000     -733513.495951
2896.0000     -733949.204389
2900.0000     -733510.005028
2904.0000     -734151.572639
2908.0000     -733243.254534
2912.0000     -733572.466585
2916.0000     -733652.106896
2920.0000     -733877.753074
2924.0000     -733446.530759
2928.0000     -732856.960590
2932.0000     -733775.636491
2936.0000     -733586.793381
2940.0000     -732922.512778
2944.0000     -733486.831546
2948.0000     -733949.374358
2952.0000     -733546.226528
2956.0000     -733109.314721
2960.0000     -734054.819155
2964.0000     -733599.540978
2968.0000     -733036.794179
2972.0000     -733806.688034
2976.0000     -733295.818874
2980.0000     -733180.565394
2984.0000     -734018.642697
2988.0000     -732764.855142
2992.0000     -733153.669171
2996.0000     -732585.075661
3000.0000     -733527.473044
3004.0000     -733368.494044
3008.0000     -734211.976723
3012.0000     -734058.677092
3016.0000     -733075.347666
3020.0000     -733408.893291
3024.0000     -734051.651149
3028.0000     -733092.562325
3032.0000     -733152.008451
3036.0000     -733344.149744
3040.0000     -733559.311889
3044.0000     -734195.694758
3048.0000     -733769.341338
3052.0000     -733766.202669
3056.0000     -734727.525671
3060.0000     -733427.039475
3064.0000     -733217.435246
3068.0000     -734765.151633
3072.0000     -733924.814080
3076.0000     -734347.736284
3080.0000     -733669.532589
3084.0000     -732931.704895
3088.0000     -734114.044923
3092.0000     -733717.444893
3096.0000     -733828.788148
3100.0000     -732955.298163
3104.0000     -733574.314746
3108.0000     -732809.465938
3112.0000     -733847.842260
3116.0000     -732704.613132
3120.0000     -732833.188105
3124.0000     -733226.973677
3128.0000     -732609.620048
3132.0000     -733627.550711
3136.0000     -734002.541403
3140.0000     -733920.722839
3144.0000     -733716.029434
3148.0000     -732585.097705
3152.0000     -733511.529567
3156.0000     -733419.861087
3160.0000     -733433.085542
3164.0000     -732644.994230
3168.0000     -733923.140796
3172.0000     -733358.010359
3176.0000     -733361.592953
3180.0000     -734487.693286
3184.0000     -732636.739669
3188.0000     -733665.518465
3192.0000     -732991.791883
3196.0000     -734627.379745
3200.0000     -733123.607003
3204.0000     -733583.023333
3208.0000     -733010.077852
3212.0000     -733579.328552
3216.0000     -734014.300718
3220.0000     -734152.000315
3224.0000     -732869.256185
3228.0000     -734105.302012
3232.0000     -734018.266842
3236.0000     -733574.128088
3240.0000     -732922.307091
3244.0000     -733513.296583
3248.0000     -733456.336365
3252.0000     -733607.397835
3256.0000     -733219.650226
3260.0000     -733434.453221
3264.0000     -733987.032028
3268.0000     -733750.899561
3272.0000     -733210.067893
3276.0000     -733807.947580
3280.0000     -734006.895003
3284.0000     -733736.718271
3288.0000     -733637.807442
3292.0000     -733816.044262
3296.0000     -734150.401293
3300.0000     -733687.847642
3304.0000     -733718.046105
3308.0000     -732545.553418
3312.0000     -734018.241478
3316.0000     -734320.482203
3320.0000     -734029.156095
3324.0000     -733104.101954
3328.0000     -733584.163046
3332.0000     -733821.492074
3336.0000     -733489.863078
3340.0000     -733984.448301
3344.0000     -734446.899863
3348.0000     -733959.077817
3352.0000     -734054.959523
3356.0000     -734114.801500
3360.0000     -733881.095952
3364.0000     -733307.764554
3368.0000     -733712.500488
3372.0000     -732175.707735
3376.0000     -733266.915451
3380.0000     -733388.451712
3384.0000     -734056.902318
3388.0000     -733007.616109
3392.0000     -733800.238210
3396.0000     -733658.168649
3400.0000     -733324.024146
3404.0000     -732618.840918
3408.0000     -733419.025455
3412.0000     -733712.832284
3416.0000     -733899.564289
3420.0000     -734378.604524
3424.0000     -733359.727852
3428.0000     -732634.732589
3432.0000     -733267.981427
3436.0000     -732781.324639
3440.0000     -733243.517142
3444.0000     -733364.389261
3448.0000     -733766.009187
3452.0000     -733618.493152
3456.0000     -733234.307123
3460.0000     -733380.097704
3464.0000     -733833.514937
3468.0000     -734188.125340
3472.0000     -733321.570567
3476.0000     -733466.026735
3480.0000     -733692.046188
3484.0000     -734533.330256
3488.0000     -733688.346356
3492.0000     -733404.576799
3496.0000     -733317.160095
3500.0000     -734501.153246
3504.0000     -733531.206927
3508.0000     -733973.352661
3512.0000     -734627.568890
3516.0000     -733531.045659
3520.0000     -733632.567263
3524.0000     -733204.694825
3528.0000     -734176.641576
3532.0000     -733548.455746
3536.0000     -733630.301969
3540.0000     -733394.942241
3544.0000     -733826.765196
3548.0000     -733571.605369
3552.0000     -732839.534867
3556.0000     -733681.294733
3560.0000     -733342.460742
3564.0000     -732973.577528
3568.0000     -732896.148767
3572.0000     -734456.242813
3576.0000     -733107.850234
3580.0000     -733547.977289
3584.0000     -733649.643302
3588.0000     -734010.444435
3592.0000     -733609.480568
3596.0000     -733471.831774
3600.0000     -734075.917122
3604.0000     -734388.712603
3608.0000     -733647.065115
3612.0000     -734484.734987
3616.0000     -733777.724341
3620.0000     -733588.148875
3624.0000     -733322.994489
3628.0000     -733372.237408
3632.0000     -733596.013078
3636.0000     -734090.597423
3640.0000     -734033.874027
3644.0000     -733774.841003
3648.0000     -733961.419992
3652.0000     -733278.420046
3656.0000     -733826.108366
3660.0000     -733358.257423
3664.0000     -733917.466235
3668.0000     -733815.224712
3672.0000     -734076.587685
3676.0000     -733441.059015
3680.0000     -734009.950113
3684.0000     -734374.276474
3688.0000     -732917.432192
3692.0000     -734029.053880
3696.0000     -733380.174323
3700.0000     -733574.550888
3704.0000     -734236.324588
3708.0000     -735277.280594
3712.0000     -733576.149644
3716.0000     -733787.414225
3720.0000     -733880.021752
3724.0000     -733365.404596
3728.0000     -733401.384870
3732.0000     -733178.905046
3736.0000     -733540.933862
3740.0000     -733943.754059
3744.0000     -733679.244584
3748.0000     -732933.894196
3752.0000     -733910.121191
3756.0000     -734971.991060
3760.0000     -734101.210599
3764.0000     -734260.227795
3768.0000     -733661.032518
3772.0000     -733690.267194
3776.0000     -733313.603164
3780.0000     -733168.035192
3784.0000     -733290.999442
3788.0000     -732767.115613
3792.0000     -733543.804165
3796.0000     -733373.837360
3800.0000     -733536.770304
3804.0000     -734262.509584
3808.0000     -733755.758704
3812.0000     -733735.989675
3816.0000     -733704.733699
3820.0000     -732913.151755
3824.0000     -733622.829819
3828.0000     -734399.782736
3832.0000     -733508.897859
3836.0000     -732993.185442
3840.0000     -733706.413353
3844.0000     -733114.891796
3848.0000     -732716.505099
3852.0000     -733630.393443
3856.0000     -733723.605646
3860.0000     -734124.127326
3864.0000     -733669.362488
3868.0000     -734771.399030
3872.0000     -733382.147046
3876.0000     -733290.674285
3880.0000     -733949.856107
3884.0000     -733139.846397
3888.0000     -733950.307589
3892.0000     -733587.769820
3896.0000     -734128.147295
3900.0000     -732925.045233
3904.0000     -733381.657977
3908.0000     -732820.847266
3912.0000     -734391.921665
3916.0000     -733001.410187
3920.0000     -733022.351207
3924.0000     -733673.125785
3928.0000     -733619.310646
3932.0000     -733944.553015
3936.0000     -733438.286756
3940.0000     -733810.227120
3944.0000     -733297.687928
3948.0000     -733430.467615
3952.0000     -733259.544230
3956.0000     -733830.935018
3960.0000     -733178.831509
3964.0000     -733982.429165
3968.0000     -733900.301685
3972.0000     -733157.561883
3976.0000     -734009.047895
3980.0000     -733278.379374
3984.0000     -733651.313921
3988.0000     -733684.413966
3992.0000     -733663.377295
3996.0000     -733142.160102
4000.0000     -733282.608117
4004.0000     -733282.608117
