4.0000     -732736.285973
8.0000     -732932.288097
12.0000     -733489.587114
16.0000     -733105.394097
20.0000     -732612.280631
24.0000     -732627.716222
28.0000     -732684.385870
32.0000     -732898.603277
36.0000     -732630.581000
40.0000     -732852.591166
44.0000     -733316.618846
48.0000     -732531.680295
52.0000     -732491.165669
56.0000     -732528.108189
60.0000     -732999.924452
64.0000     -733082.416760
68.0000     -732851.928167
72.0000     -732595.418417
76.0000     -732903.987178
80.0000     -732729.783398
84.0000     -733088.374311
88.0000     -733763.921622
92.0000     -733602.091209
96.0000     -733014.039195
100.0000     -732698.106731
104.0000     -733634.898258
108.0000     -732484.323316
112.0000     -733496.225500
116.0000     -733131.065115
120.0000     -733911.306378
124.0000     -733447.241895
128.0000     -733253.729729
132.0000     -732738.543032
136.0000     -733064.057292
140.0000     -733085.556530
144.0000     -732869.488744
148.0000     -733297.838838
152.0000     -734014.922478
156.0000     -733609.952494
160.0000     -732615.433681
164.0000     -732601.462035
168.0000     -733273.252684
172.0000     -733361.943091
176.0000     -733301.537749
180.0000     -733468.533712
184.0000     -732583.815448
188.0000     -733128.022250
192.0000     -733500.030752
196.0000     -732018.648311
200.0000     -732732.196179
204.0000     -733256.846618
208.0000     -732792.092984
212.0000     -733198.529417
216.0000     -733058.105059
220.0000     -732656.230892
224.0000     -733316.896819
228.0000     -733217.169084
232.0000     -733108.785083
236.0000     -734177.167147
240.0000     -733174.613087
244.0000     -732763.680581
248.0000     -733563.675289
252.0000     -733087.151647
256.0000     -734087.414930
260.0000     -732325.839309
264.0000     -733810.188010
268.0000     -732659.909834
272.0000     -732599.204802
276.0000     -733768.387609
280.0000     -733197.423368
284.0000     -732797.165929
288.0000     -732521.426238
292.0000     -732200.972957
296.0000     -732600.942803
300.0000     -732582.347384
304.0000     -733972.034321
308.0000     -733132.959093
312.0000     -733046.053526
316.0000     -732776.074821
320.0000     -732863.653902
324.0000     -733428.497178
328.0000     -732645.750886
332.0000     -732288.431841
336.0000     -732899.443397
340.0000     -732931.132381
344.0000     -732686.380030
348.0000     -733280.096717
352.0000     -733901.529678
356.0000     -733903.023318
360.0000     -733377.439671
364.0000     -733583.295870
368.0000     -732999.146993
372.0000     -732786.244843
376.0000     -732654.253304
380.0000     -732143.816389
384.0000     -733104.151371
388.0000     -733503.111198
392.0000     -732995.502675
396.0000     -732910.165423
400.0000     -732708.440742
404.0000     -732570.056466
408.0000     -732927.910817
412.0000     -733101.728533
416.0000     -732845.122713
420.0000     -733144.530380
424.0000     -733071.878083
428.0000     -733224.885785
432.0000     -733337.374248
436.0000     -732832.312313
440.0000     -733253.050337
444.0000     -733036.945368
448.0000     -733103.905701
452.0000     -733385.182410
456.0000     -733375.837367
460.0000     -733109.785922
464.0000     -732977.320558
468.0000     -733696.603796
472.0000     -732666.195598
476.0000     -732501.570642
480.0000     -732892.120600
484.0000     -733019.688019
488.0000     -733180.539044
492.0000     -733585.707205
496.0000     -733127.642433
500.0000     -733301.963786
504.0000     -732737.254205
508.0000     -733360.930364
512.0000     -733400.557329
516.0000     -732839.036551
520.0000     -732435.116590
524.0000     -731909.257389
528.0000     -733093.465352
532.0000     -733264.074257
536.0000     -733354.350479
540.0000     -731957.053898
544.0000     -733031.324263
548.0000     -732637.876191
552.0000     -733154.650006
556.0000     -733469.864951
560.0000     -732758.214558
564.0000     -733315.514547
568.0000     -733167.914587
572.0000     -732847.665653
576.0000     -733508.119730
580.0000     -733313.175516
584.0000     -733409.478857
588.0000     -734063.495560
592.0000     -733097.121682
596.0000     -733337.966568
600.0000     -733471.204516
604.0000     -733280.190885
608.0000     -733033.500686
612.0000     -732959.050636
616.0000     -733603.979333
620.0000     -733192.315055
624.0000     -733419.141543
628.0000     -733258.058243
632.0000     -733328.952654
636.0000     -733840.407071
640.0000     -733415.581766
644.0000     -733070.786620
648.0000     -732876.837087
652.0000     -733185.346966
656.0000     -732652.678458
660.0000     -734042.543888
664.0000     -733394.739604
668.0000     -733056.688184
672.0000     -733669.682131
676.0000     -732676.057053
680.0000     -732994.780991
684.0000     -733299.112368
688.0000     -732615.511508
692.0000     -732926.889473
696.0000     -733674.077988
700.0000     -733282.845182
704.0000     -733216.042871
708.0000     -733313.934571
712.0000     -733289.483598
716.0000     -733943.348229
720.0000     -732199.368967
724.0000     -733293.755768
728.0000     -732600.232469
732.0000     -733822.896070
736.0000     -732808.228441
740.0000     -733139.208961
744.0000     -733389.460237
748.0000     -732930.666082
752.0000     -733707.651193
756.0000     -732869.653711
760.0000     -733004.019838
764.0000     -733929.288118
768.0000     -733464.562047
772.0000     -733394.155156
776.0000     -733139.663697
780.0000     -732675.463932
784.0000     -733020.753722
788.0000     -732946.360334
792.0000     -733697.964259
796.0000     -732609.565777
800.0000     -733085.319532
804.0000     -733998.359562
808.0000     -733807.839567
812.0000     -733225.787382
816.0000     -733168.060687
820.0000     -733532.316029
824.0000     -733400.533956
828.0000     -733750.340600
832.0000     -732473.600229
836.0000     -732184.306193
840.0000     -732801.157582
844.0000     -733438.178097
848.0000     -733238.718476
852.0000     -732558.726252
856.0000     -732739.097336
860.0000     -732955.718926
864.0000     -732820.988683
868.0000     -732932.858953
872.0000     -733610.981544
876.0000     -733310.423006
880.0000     -733212.584146
884.0000     -732917.342815
888.0000     -732872.755132
892.0000     -733736.832269
896.0000     -733382.915934
900.0000     -734613.964275
904.0000     -732888.573611
908.0000     -732662.514262
912.0000     -733295.230481
916.0000     -733734.636491
920.0000     -732896.488931
924.0000     -733401.880742
928.0000     -733441.456724
932.0000     -733113.176127
936.0000     -733242.921686
940.0000     -734070.110867
944.0000     -733566.078714
948.0000     -732993.973162
952.0000     -733210.960938
956.0000     -732894.585135
960.0000     -732581.885239
964.0000     -733457.016036
968.0000     -733276.019084
972.0000     -733362.287912
976.0000     -733172.716874
980.0000     -732689.622484
984.0000     -732984.088697
988.0000     -733924.010528
992.0000     -733611.331149
996.0000     -733498.225187
1000.0000     -733365.427392
1004.0000     -733273.262049
1008.0000     -732728.900808
1012.0000     -732894.389422
1016.0000     -733336.458556
1020.0000     -734339.337232
1024.0000     -733402.237834
1028.0000     -733770.647141
1032.0000     -733743.419212
1036.0000     -733258.165784
1040.0000     -732672.162490
1044.0000     -733265.428947
1048.0000     -733335.876215
1052.0000     -733184.606476
1056.0000     -732565.678959
1060.0000     -733777.659816
1064.0000     -732735.628421
1068.0000     -732997.681770
1072.0000     -734179.817667
1076.0000     -733473.134448
1080.0000     -733472.473663
1084.0000     -732443.401314
1088.0000     -733181.009215
1092.0000     -732897.767653
1096.0000     -733379.951138
1100.0000     -733658.068525
1104.0000     -733066.264121
1108.0000     -733385.854021
1112.0000     -733426.891188
1116.0000     -733500.632131
1120.0000     -732642.450718
1124.0000     -733307.945931
1128.0000     -732851.315556
1132.0000     -732855.745011
1136.0000     -733279.859678
1140.0000     -733805.657218
1144.0000     -732722.757629
1148.0000     -733028.249280
1152.0000     -733860.593533
1156.0000     -733725.827851
1160.0000     -733618.223653
1164.0000     -733711.338952
1168.0000     -733615.673869
1172.0000     -733673.011249
1176.0000     -733028.340638
1180.0000     -732757.588399
1184.0000     -733391.514666
1188.0000     -734646.662666
1192.0000     -732953.630179
1196.0000     -733543.631072
1200.0000     -734121.284070
1204.0000     -733625.667886
1208.0000     -731957.812296
1212.0000     -733445.140081
1216.0000     -732923.242545
1220.0000     -732734.643363
1224.0000     -732851.805922
1228.0000     -733357.941670
1232.0000     -733063.189785
1236.0000     -732554.507475
1240.0000     -733395.257920
1244.0000     -733156.903825
1248.0000     -733338.601640
1252.0000     -732431.248154
1256.0000     -733474.149471
1260.0000     -733049.639204
1264.0000     -733349.417861
1268.0000     -733737.068589
1272.0000     -733589.242390
1276.0000     -733204.116735
1280.0000     -732671.329440
1284.0000     -733452.463096
1288.0000     -732854.852428
1292.0000     -733080.967968
1296.0000     -733120.456088
1300.0000     -732441.410350
1304.0000     -732427.642940
1308.0000     -732600.795639
1312.0000     -732657.453148
1316.0000     -733121.574357
1320.0000     -732474.275155
1324.0000     -732793.419885
1328.0000     -733109.405953
1332.0000     -733959.323667
1336.0000     -733190.288590
1340.0000     -732307.535956
1344.0000     -732624.223990
1348.0000     -733584.641905
1352.0000     -733101.345956
1356.0000     -732694.760952
1360.0000     -732250.694318
1364.0000     -732940.005119
1368.0000     -732648.619655
1372.0000     -733667.284594
1376.0000     -733538.618672
1380.0000     -732515.130137
1384.0000     -733751.896669
1388.0000     -733307.804245
1392.0000     -733210.141037
1396.0000     -734150.190811
1400.0000     -733222.843218
1404.0000     -733227.202836
1408.0000     -732637.362882
1412.0000     -732900.982644
1416.0000     -732395.011234
1420.0000     -732751.483677
1424.0000     -732794.713241
1428.0000     -732130.284651
1432.0000     -732051.144633
1436.0000     -732325.359998
1440.0000     -733401.006128
1444.0000     -733543.419947
1448.0000     -733366.239802
1452.0000     -732537.742613
1456.0000     -731881.981765
1460.0000     -732799.552887
1464.0000     -732904.819569
1468.0000     -733665.630506
1472.0000     -733751.606664
1476.0000     -732895.191074
1480.0000     -732833.664905
1484.0000     -733267.372462
1488.0000     -732313.608278
1492.0000     -733270.154722
1496.0000     -733260.079787
1500.0000     -732829.308076
1504.0000     -732759.622529
1508.0000     -733436.136315
1512.0000     -733079.855216
1516.0000     -733253.966599
1520.0000     -732803.551893
1524.0000     -733559.194722
1528.0000     -733308.825908
1532.0000     -732861.035457
1536.0000     -732448.123113
1540.0000     -731630.975993
1544.0000     -733241.719948
1548.0000     -732996.367717
1552.0000     -732842.093488
1556.0000     -733090.010348
1560.0000     -732652.199859
1564.0000     -732718.713987
1568.0000     -733166.957186
1572.0000     -733356.457797
1576.0000     -732731.038713
1580.0000     -733148.196604
1584.0000     -733515.235258
1588.0000     -732916.204678
1592.0000     -733172.084213
1596.0000     -732678.618856
1600.0000     -733071.695834
1604.0000     -732828.895366
1608.0000     -733095.803320
1612.0000     -733805.972954
1616.0000     -733675.219632
1620.0000     -733218.337450
1624.0000     -733142.687948
1628.0000     -733350.576897
1632.0000     -733299.181970
1636.0000     -733059.950045
1640.0000     -733773.071623
1644.0000     -732509.578882
1648.0000     -733064.205332
1652.0000     -734087.988640
1656.0000     -733091.895455
1660.0000     -732764.019462
1664.0000     -732614.554916
1668.0000     -732383.864807
1672.0000     -732906.698355
1676.0000     -731742.930166
1680.0000     -732901.703570
1684.0000     -733545.347874
1688.0000     -733240.023569
1692.0000     -733225.400085
1696.0000     -732696.191845
1700.0000     -733350.159020
1704.0000     -733194.970587
1708.0000     -732393.389188
1712.0000     -733094.477251
1716.0000     -732227.883997
1720.0000     -733635.536332
1724.0000     -732980.491357
1728.0000     -733376.356073
1732.0000     -732482.598415
1736.0000     -732238.565786
1740.0000     -732853.099762
1744.0000     -733022.677279
1748.0000     -733328.831486
1752.0000     -733693.874273
1756.0000     -733184.058911
1760.0000     -734132.634368
1764.0000     -733432.697506
1768.0000     -733715.781368
1772.0000     -733357.168089
1776.0000     -732606.710633
1780.0000     -733337.571571
1784.0000     -733388.519580
1788.0000     -732947.973466
1792.0000     -733179.378451
1796.0000     -733787.351129
1800.0000     -733199.862850
1804.0000     -733946.159215
1808.0000     -733312.060205
1812.0000     -732583.588245
1816.0000     -733222.566391
1820.0000     -732968.336231
1824.0000     -733749.492603
1828.0000     -732978.641725
1832.0000     -733007.967347
1836.0000     -733343.389081
1840.0000     -731766.747519
1844.0000     -733403.516138
1848.0000     -733350.971257
1852.0000     -733593.574438
1856.0000     -732900.488776
1860.0000     -733602.228831
1864.0000     -733648.791932
1868.0000     -732991.507510
1872.0000     -732269.083678
1876.0000     -733627.366614
1880.0000     -733041.727086
1884.0000     -733439.614155
1888.0000     -733404.216760
1892.0000     -734013.404397
1896.0000     -733409.849028
1900.0000     -732583.120359
1904.0000     -733578.904061
1908.0000     -733404.436498
1912.0000     -733493.777185
1916.0000     -733509.027902
1920.0000     -733595.766254
1924.0000     -733434.386394
1928.0000     -733826.973813
1932.0000     -733441.583710
1936.0000     -732811.158297
1940.0000     -734131.960017
1944.0000     -733008.774634
1948.0000     -732616.182518
1952.0000     -733230.085290
1956.0000     -732720.305091
1960.0000     -733734.205987
1964.0000     -733795.958518
1968.0000     -733613.701519
1972.0000     -733021.561403
1976.0000     -733462.845262
1980.0000     -732711.711910
1984.0000     -733140.744314
1988.0000     -732969.103878
1992.0000     -732600.286306
1996.0000     -733069.496096
2000.0000     -732795.211684
2004.0000     -733031.406416
2008.0000     -732830.628600
2012.0000     -733366.558256
2016.0000     -732875.650142
2020.0000     -733055.084238
2024.0000     -732797.512870
2028.0000     -733375.072314
2032.0000     -733467.386511
2036.0000     -733293.453064
2040.0000     -733581.275236
2044.0000     -733760.299970
2048.0000     -732787.976973
2052.0000     -733378.456250
2056.0000     -733566.182996
2060.0000     -733874.801592
2064.0000     -733749.424671
2068.0000     -733369.134342
2072.0000     -732866.944207
2076.0000     -732493.968734
2080.0000     -732676.948921
2084.0000     -733669.937176
2088.0000     -733617.938096
2092.0000     -732780.733987
2096.0000     -732680.730897
2100.0000     -734041.869229
2104.0000     -733136.770271
2108.0000     -734042.277168
2112.0000     -733617.499106
2116.0000     -733228.892272
2120.0000     -733620.508304
2124.0000     -733101.256583
2128.0000     -733693.260852
2132.0000     -732933.710092
2136.0000     -734047.369278
2140.0000     -732777.241827
2144.0000     -732561.823566
2148.0000     -733752.110905
2152.0000     -732658.535344
2156.0000     -732588.174616
2160.0000     -733083.149260
2164.0000     -733669.360223
2168.0000     -733748.984751
2172.0000     -733393.028892
2176.0000     -733315.031494
2180.0000     -734039.707523
2184.0000     -733500.526312
2188.0000     -733721.829149
2192.0000     -733196.355565
2196.0000     -732961.076533
2200.0000     -732738.545665
2204.0000     -733582.772449
2208.0000     -733860.618591
2212.0000     -733613.958739
2216.0000     -733747.502017
2220.0000     -733454.563078
2224.0000     -733463.413031
2228.0000     -733216.455899
2232.0000     -733472.175550
2236.0000     -733930.550899
2240.0000     -733580.851085
2244.0000     -733973.091657
2248.0000     -733755.756741
2252.0000     -733904.736971
2256.0000     -733465.109059
2260.0000     -733869.466416
2264.0000     -734157.969603
2268.0000     -733357.824976
2272.0000     -733494.820774
2276.0000     -733570.817504
2280.0000     -733407.850532
2284.0000     -734049.898434
2288.0000     -733982.104345
2292.0000     -732992.724079
2296.0000     -732979.752641
2300.0000     -733696.906315
2304.0000     -732901.313161
2308.0000     -733418.381277
2312.0000     -732965.032209
2316.0000     -732257.327278
2320.0000     -733406.649931
2324.0000     -733089.113883
2328.0000     -733090.722240
2332.0000     -734375.203947
2336.0000     -733705.046837
2340.0000     -733791.067256
2344.0000     -733076.751817
2348.0000     -733817.747938
2352.0000     -733432.042429
2356.0000     -733748.884598
2360.0000     -733473.673403
2364.0000     -733908.716540
2368.0000     -734318.503214
2372.0000     -733071.061939
2376.0000     -733294.937488
2380.0000     -733028.757329
2384.0000     -733048.988718
2388.0000     -732370.089475
2392.0000     -733181.832994
2396.0000     -732887.192104
2400.0000     -733743.841382
2404.0000     -733702.021992
2408.0000     -733152.478649
2412.0000     -733869.513802
2416.0000     -733536.841829
2420.0000     -734179.390325
2424.0000     -733841.823227
2428.0000     -734526.016075
2432.0000     -733762.708751
2436.0000     -733047.340610
2440.0000     -733264.677529
2444.0000     -732905.132344
2448.0000     -733604.339331
2452.0000     -733226.747354
2456.0000     -733050.672684
2460.0000     -733319.408736
2464.0000     -733867.681263
2468.0000     -733113.648786
2472.0000     -733966.827757
2476.0000     -732838.553339
2480.0000     -734456.142452
2484.0000     -733579.741265
2488.0000     -733149.077064
2492.0000     -733890.967293
2496.0000     -733260.352172
2500.0000     -734024.230567
2504.0000     -733439.987008
2508.0000     -733937.385277
2512.0000     -734010.060924
2516.0000     -733479.005570
2520.0000     -734354.419731
2524.0000     -734336.211947
2528.0000     -732838.534604
2532.0000     -733418.461623
2536.0000     -733107.305234
2540.0000     -733068.377854
2544.0000     -733864.054143
2548.0000     -733338.847175
2552.0000     -734574.732652
2556.0000     -734117.088155
2560.0000     -733492.775064
2564.0000     -733639.676726
2568.0000     -732884.835079
2572.0000     -733602.624011
2576.0000     -733831.500909
2580.0000     -732937.207921
2584.0000     -732983.744810
2588.0000     -733706.676651
2592.0000     -733274.762100
2596.0000     -732752.965471
2600.0000     -733342.656401
2604.0000     -733588.720733
2608.0000     -733684.308490
2612.0000     -732960.522943
2616.0000     -733428.730065
2620.0000     -733129.724439
2624.0000     -733369.287461
2628.0000     -733223.762403
2632.0000     -733628.007464
2636.0000     -733037.852136
2640.0000     -733316.465545
2644.0000     -733119.985923
2648.0000     -732907.391231
2652.0000     -733690.458609
2656.0000     -732983.934025
2660.0000     -733820.870318
2664.0000     -733933.060488
2668.0000     -732982.984285
2672.0000     -732890.797751
2676.0000     -733274.904821
2680.0000     -733744.808230
2684.0000     -733505.464381
2688.0000     -732789.725105
2692.0000     -733347.591369
2696.0000     -733159.000422
2700.0000     -733500.155903
2704.0000     -733882.234896
2708.0000     -733589.625233
2712.0000     -733382.370177
2716.0000     -733911.608537
2720.0000     -733771.536241
2724.0000     -733571.548340
2728.0000     -734059.569058
2732.0000     -733510.583628
2736.0000     -733677.256292
2740.0000     -733962.422611
2744.0000     -733902.727867
2748.0000     -733144.151174
2752.0000     -733932.360357
2756.0000     -733499.394259
2760.0000     -733655.717944
2764.0000     -733372.508585
2768.0000     -733210.505440
2772.0000     -733940.426547
2776.0000     -733625.339035
2780.0000     -734039.122185
2784.0000     -733602.750691
2788.0000     -733433.294003
2792.0000     -733012.186913
2796.0000     -732910.063362
2800.0000     -733831.199754
2804.0000     -734011.893731
2808.0000     -732521.022537
2812.0000     -733555.353509
2816.0000     -733030.647465
2820.0000     -733714.246636
2824.0000     -733259.600447
2828.0000     -734200.924198
2832.0000     -734294.387839
2836.0000     -733278.733277
2840.0000     -733099.089972
2844.0000     -733047.226883
2848.0000     -732912.142172
2852.0000     -732561.747661
2856.0000     -732959.491505
2860.0000     -734110.538689
2864.0000     -733408.109047
2868.0000     -732900.686855
2872.0000     -732914.128280
2876.0000     -733505.510655
2880.0000     -733208.240846
2884.0000     -733468.493683
2888.0000     -732521.340401
2892.0000     -732821.020091
2896.0000     -733232.501294
2900.0000     -733714.017541
2904.0000     -733575.096188
2908.0000     -734459.041963
2912.0000     -734763.453417
2916.0000     -733573.910149
2920.0000     -733627.962923
2924.0000     -733410.758693
2928.0000     -733337.513212
2932.0000     -733170.718653
2936.0000     -732894.770135
2940.0000     -733663.823265
2944.0000     -732856.908322
2948.0000     -733594.977214
2952.0000     -733943.820303
2956.0000     -733834.876559
2960.0000     -732805.545409
2964.0000     -733776.739083
2968.0000     -734109.758421
2972.0000     -733316.957830
2976.0000     -733348.705980
2980.0000     -733881.813414
2984.0000     -733737.295804
2988.0000     -734257.929097
2992.0000     -733921.487469
2996.0000     -733648.570484
3000.0000     -734239.292488
3004.0000     -734424.516325
3008.0000     -733615.689912
3012.0000     -733687.097739
3016.0000     -733177.684574
3020.0000     -733950.426708
3024.0000     -733031.373657
3028.0000     -733977.488350
3032.0000     -733065.735307
3036.0000     -732890.261943
3040.0000     -732958.127815
3044.0000     -733781.388635
3048.0000     -733508.420179
3052.0000     -733146.110628
3056.0000     -733950.477177
3060.0000     -732911.488089
3064.0000     -733559.793920
3068.0000     -733582.882100
3072.0000     -733160.011540
3076.0000     -733811.164545
3080.0000     -734539.965572
3084.0000     -733732.645652
3088.0000     -733543.397080
3092.0000     -733710.401551
3096.0000     -733853.026060
3100.0000     -733469.200541
3104.0000     -734192.575423
3108.0000     -733902.329045
3112.0000     -734055.824273
3116.0000     -733623.592004
3120.0000     -732845.799625
3124.0000     -733139.644079
3128.0000     -733736.973824
3132.0000     -733106.940980
3136.0000     -733852.023883
3140.0000     -733752.728914
3144.0000     -733934.537268
3148.0000     -733361.117224
3152.0000     -733355.361062
3156.0000     -733891.261496
3160.0000     -733383.824628
3164.0000     -733233.097090
3168.0000     -733353.914592
3172.0000     -734303.921450
3176.0000     -733729.184977
3180.0000     -733679.258152
3184.0000     -733378.842275
3188.0000     -732626.151634
3192.0000     -733631.547906
3196.0000     -733077.021019
3200.0000     -733249.457001
3204.0000     -733465.570390
3208.0000     -733166.354467
3212.0000     -733590.543115
3216.0000     -733497.472854
3220.0000     -733331.413260
3224.0000     -732911.683064
3228.0000     -733814.238519
3232.0000     -734049.929255
3236.0000     -733740.164312
3240.0000     -733435.174871
3244.0000     -734778.277586
3248.0000     -733588.117065
3252.0000     -733914.592041
3256.0000     -732691.656859
3260.0000     -733301.047154
3264.0000     -733031.872797
3268.0000     -733697.961182
3272.0000     -732747.335809
3276.0000     -733951.888965
3280.0000     -734041.988874
3284.0000     -733385.689523
3288.0000     -732793.927685
3292.0000     -732834.648880
3296.0000     -733889.760789
3300.0000     -733470.544340
3304.0000     -733777.111210
3308.0000     -733787.403858
3312.0000     -733577.719568
3316.0000     -733503.416147
3320.0000     -732984.303274
3324.0000     -733746.732616
3328.0000     -733218.708250
3332.0000     -732704.881680
3336.0000     -733469.735287
3340.0000     -733608.900570
3344.0000     -732519.089570
3348.0000     -733852.605322
3352.0000     -733169.302697
3356.0000     -733718.689228
3360.0000     -733332.146387
3364.0000     -734154.188739
3368.0000     -734800.324003
3372.0000     -733758.618885
3376.0000     -733615.519349
3380.0000     -733614.561705
3384.0000     -733414.678214
3388.0000     -733245.757478
3392.0000     -734048.670296
3396.0000     -734013.587780
3400.0000     -733230.952828
3404.0000     -733064.046978
3408.0000     -733614.279531
3412.0000     -733514.636423
3416.0000     -733249.904842
3420.0000     -733718.098974
3424.0000     -733048.166263
3428.0000     -733227.988641
3432.0000     -733610.021810
3436.0000     -733424.317600
3440.0000     -733303.889070
3444.0000     -733141.711016
3448.0000     -733361.918482
3452.0000     -733259.802219
3456.0000     -734288.678889
3460.0000     -733245.417467
3464.0000     -733870.972160
3468.0000     -733377.861531
3472.0000     -733616.321781
3476.0000     -732891.553193
3480.0000     -733364.127566
3484.0000     -733347.826854
3488.0000     -733753.981445
3492.0000     -733597.162757
3496.0000     -732794.533979
3500.0000     -733342.836054
3504.0000     -733921.458500
3508.0000     -733669.205289
3512.0000     -733850.748145
3516.0000     -733689.991859
3520.0000     -733475.294605
3524.0000     -733432.084248
3528.0000     -733901.249501
3532.0000     -733005.202079
3536.0000     -733714.728460
3540.0000     -733166.438939
3544.0000     -733423.213204
3548.0000     -733434.755456
3552.0000     -732327.132018
3556.0000     -732554.108367
3560.0000     -732999.384198
3564.0000     -733368.419199
3568.0000     -733024.210200
3572.0000     -733570.099886
3576.0000     -733506.217436
3580.0000     -733456.457788
3584.0000     -733080.284801
3588.0000     -733206.647641
3592.0000     -733757.048748
3596.0000     -732649.869620
3600.0000     -733397.611362
3604.0000     -732683.829843
3608.0000     -733330.550497
3612.0000     -733266.554579
3616.0000     -733243.632357
3620.0000     -733634.126315
3624.0000     -731939.794864
3628.0000     -734222.491354
3632.0000     -733186.871998
3636.0000     -733357.751778
3640.0000     -733662.047294
3644.0000     -733650.993854
3648.0000     -732734.756441
3652.0000     -732701.507002
3656.0000     -733368.516089
3660.0000     -733357.050496
3664.0000     -733134.479668
3668.0000     -733423.381368
3672.0000     -733525.249002
3676.0000     -732999.613589
3680.0000     -733090.809661
3684.0000     -733502.589166
3688.0000     -733821.666371
3692.0000     -733378.154426
3696.0000     -734299.637685
3700.0000     -733585.257494
3704.0000     -733504.563834
3708.0000     -733319.404526
3712.0000     -733582.526684
3716.0000     -733066.991823
3720.0000     -733405.850073
3724.0000     -733092.512546
3728.0000     -732670.103015
3732.0000     -733702.966663
3736.0000     -732821.554907
3740.0000     -732919.324285
3744.0000     -733439.036681
3748.0000     -734053.739749
3752.0000     -733762.406902
3756.0000     -733509.564118
3760.0000     -732846.212038
3764.0000     -733032.120941
3768.0000     -733475.852758
3772.0000     -732804.551980
3776.0000     -732314.108021
3780.0000     -733861.017699
3784.0000     -733535.409109
3788.0000     -733662.731321
3792.0000     -734414.336215
3796.0000     -733399.535176
3800.0000     -733201.393824
3804.0000     -732819.634303
3808.0000     -732833.031545
3812.0000     -732645.523984
3816.0000     -733064.350821
3820.0000     -733456.106759
3824.0000     -733063.224328
3828.0000     -733901.311585
3832.0000     -734340.334179
3836.0000     -734452.412426
3840.0000     -734262.434440
3844.0000     -733150.791851
3848.0000     -733112.709710
3852.0000     -733725.999346
3856.0000     -733491.870047
3860.0000     -733848.377391
3864.0000     -733422.165963
3868.0000     -733541.049755
3872.0000     -734131.868307
3876.0000     -734185.718592
3880.0000     -733764.558002
3884.0000     -733750.321499
3888.0000     -733214.649188
3892.0000     -733460.910398
3896.0000     -733493.397707
3900.0000     -733104.859496
3904.0000     -733502.050137
3908.0000     -734252.549218
3912.0000     -733941.309884
3916.0000     -733435.521781
3920.0000     -733405.101198
3924.0000     -734071.756070
3928.0000     -734405.642002
3932.0000     -733724.923946
3936.0000     -734214.048335
3940.0000     -734087.388677
3944.0000     -733618.692456
3948.0000     -733996.843298
3952.0000     -732534.250883
3956.0000     -732587.064737
3960.0000     -733189.957904
3964.0000     -732856.239209
3968.0000     -732988.914420
3972.0000     -733484.566447
3976.0000     -734049.191603
3980.0000     -733634.487205
3984.0000     -733296.405061
3988.0000     -734115.527677
3992.0000     -733820.844878
3996.0000     -733683.213852
4000.0000     -734229.543143
4004.0000     -734229.543143
