4.0000           0.000000
8.0000         -81.621100
12.0000         -96.213900
16.0000         -93.342000
20.0000         -97.437000
24.0000         -85.972100
28.0000         -64.216400
32.0000         -72.040200
36.0000         -89.850600
40.0000         -83.873100
44.0000         -82.521200
48.0000         -98.747300
52.0000         -46.239100
56.0000         -59.548200
60.0000         -68.023100
64.0000         -93.681200
68.0000         -82.239100
72.0000         -89.214000
76.0000         -88.555800
80.0000         -89.942600
84.0000         -86.130000
88.0000         -72.886100
92.0000         -72.538000
96.0000         -92.518400
100.0000         -73.058800
104.0000         -84.435100
108.0000         -91.162200
112.0000         -84.720200
116.0000         -87.559400
120.0000         -89.030300
124.0000         -79.193400
128.0000         -79.123200
132.0000         -85.266400
136.0000         -73.371100
140.0000         -67.165100
144.0000         -74.237600
148.0000         -72.694800
152.0000         -76.694500
156.0000         -98.344700
160.0000         -84.654300
164.0000         -71.879300
168.0000         -70.342900
172.0000         -89.351900
176.0000         -82.408500
180.0000         -69.082100
184.0000         -79.849100
188.0000         -90.754700
192.0000         -88.118200
196.0000         -80.439100
200.0000         -86.621800
204.0000         -86.399500
208.0000        -101.196000
212.0000         -93.397500
216.0000         -78.532100
220.0000         -88.406900
224.0000         -74.407600
228.0000         -79.369600
232.0000         -86.862300
236.0000         -76.655700
240.0000        -101.200200
244.0000         -82.381000
248.0000         -89.640100
252.0000         -66.412200
256.0000         -83.624400
260.0000         -96.099300
264.0000         -81.495500
268.0000        -109.690500
272.0000        -107.157900
276.0000         -88.716800
280.0000         -85.687700
284.0000         -94.075100
288.0000         -85.753500
292.0000         -77.707100
296.0000         -99.466000
300.0000         -70.612600
304.0000         -86.809000
308.0000        -101.405400
312.0000         -66.117700
316.0000         -70.745000
320.0000         -88.079900
324.0000         -89.156800
328.0000         -91.205200
332.0000         -75.792400
336.0000         -98.989800
340.0000         -78.670900
344.0000         -89.565700
348.0000         -93.561400
352.0000         -95.734100
356.0000         -77.231900
360.0000         -80.798700
364.0000         -84.316600
368.0000         -87.178200
372.0000         -65.144700
376.0000         -78.460100
380.0000         -71.220600
384.0000         -74.997500
388.0000         -70.653400
392.0000         -71.588000
396.0000         -69.174300
400.0000         -74.756000
404.0000         -66.585000
408.0000         -70.011000
412.0000         -81.635000
416.0000         -92.334800
420.0000         -64.523300
424.0000         -69.140700
428.0000         -62.034200
432.0000         -54.915500
436.0000         -74.469800
440.0000         -78.087700
444.0000        -101.460100
448.0000         -86.427100
452.0000         -84.924200
456.0000         -81.237300
460.0000         -68.053700
464.0000         -82.699400
468.0000         -80.047400
472.0000         -70.042800
476.0000         -91.118500
480.0000         -83.216000
484.0000         -88.216400
488.0000         -87.528100
492.0000         -86.933000
496.0000         -97.220700
500.0000         -61.403600
504.0000         -67.625700
508.0000         -66.697700
512.0000         -58.515900
516.0000         -63.150200
520.0000         -78.533100
524.0000         -60.789300
528.0000         -85.531700
532.0000         -83.582900
536.0000         -85.140400
540.0000         -75.926400
544.0000         -78.274500
548.0000         -78.220400
552.0000         -98.535700
556.0000         -62.580800
560.0000         -61.833100
564.0000         -72.318000
568.0000         -63.162300
572.0000         -55.151500
576.0000         -90.034300
580.0000         -84.161300
584.0000         -82.379700
588.0000         -79.218100
592.0000         -61.683600
596.0000         -51.107400
600.0000         -68.472700
604.0000         -88.255300
608.0000         -87.964000
612.0000         -98.940800
616.0000         -88.947600
620.0000         -89.071200
624.0000         -88.231100
628.0000         -84.731800
632.0000         -59.327300
636.0000         -85.612600
640.0000         -77.256900
644.0000         -82.808900
648.0000         -90.448900
652.0000         -93.274300
656.0000         -81.581000
660.0000         -99.286800
664.0000         -82.231700
668.0000         -75.492900
672.0000         -70.233900
676.0000         -85.868100
680.0000         -77.423100
684.0000         -79.567800
688.0000         -66.499300
692.0000         -81.132000
696.0000         -57.989700
700.0000         -69.713400
704.0000         -62.185900
708.0000         -73.424800
712.0000         -74.013700
716.0000         -85.636900
720.0000         -86.323300
724.0000         -91.151900
728.0000         -74.264800
732.0000         -77.700800
736.0000         -76.339800
740.0000         -77.184600
744.0000         -79.188700
748.0000         -75.417800
752.0000         -81.224200
756.0000         -81.383800
760.0000         -76.374100
764.0000         -74.480900
768.0000         -82.015300
772.0000         -79.737800
776.0000         -79.261100
780.0000         -77.629500
784.0000         -77.322300
788.0000         -90.909100
792.0000         -93.429600
796.0000         -93.046200
800.0000         -87.130000
804.0000         -77.721500
808.0000         -80.028000
812.0000         -85.244300
816.0000         -73.255800
820.0000         -79.608100
824.0000         -84.790300
828.0000         -89.307900
832.0000         -75.060100
836.0000         -78.801300
840.0000         -87.541500
844.0000         -81.260300
848.0000         -76.271700
852.0000         -85.573900
856.0000         -87.390100
860.0000         -83.242600
864.0000         -91.151800
868.0000         -77.261900
872.0000         -82.282600
876.0000         -81.612300
880.0000         -76.464500
884.0000         -84.537500
888.0000         -84.252800
892.0000         -78.390800
896.0000         -92.088200
900.0000         -96.514300
904.0000         -71.062800
908.0000         -76.301800
912.0000         -77.421700
916.0000         -77.659200
920.0000         -64.844400
924.0000         -41.581500
928.0000         -84.957200
932.0000         -81.532500
936.0000         -68.235200
940.0000         -78.365700
944.0000         -78.826900
948.0000         -62.062200
952.0000         -72.831300
956.0000         -80.208600
960.0000         -82.855800
964.0000         -87.448600
968.0000         -77.455100
972.0000         -61.941200
976.0000         -53.399600
980.0000         -80.692000
984.0000         -95.438000
988.0000         -78.102700
992.0000         -68.564500
996.0000         -82.442800
1000.0000         -94.548900
1004.0000         -69.598700
1008.0000         -74.703700
1012.0000         -78.888200
1016.0000         -83.746500
1020.0000         -83.174600
1024.0000         -95.340700
1028.0000         -84.132400
1032.0000         -93.582200
1036.0000         -85.356000
1040.0000         -77.362200
1044.0000         -91.317800
1048.0000         -84.275400
1052.0000         -87.610500
1056.0000        -112.209700
1060.0000         -77.468100
1064.0000         -88.907500
1068.0000         -87.191800
1072.0000         -91.169000
1076.0000         -76.604100
1080.0000         -79.047400
1084.0000         -89.767300
1088.0000         -75.049800
1092.0000         -96.336100
1096.0000         -99.424400
1100.0000        -103.242500
1104.0000         -85.103200
1108.0000         -89.230600
1112.0000         -75.999500
1116.0000         -86.328800
1120.0000         -80.870800
1124.0000         -82.546700
1128.0000         -79.726500
1132.0000         -75.708300
1136.0000         -86.479800
1140.0000         -82.879000
1144.0000         -78.640500
1148.0000         -72.559900
1152.0000         -89.666300
1156.0000         -95.600200
1160.0000         -80.702800
1164.0000         -78.201700
1168.0000         -76.978300
1172.0000         -85.881900
1176.0000         -95.546400
1180.0000         -84.010500
1184.0000         -84.660600
1188.0000         -95.297000
1192.0000         -97.523400
1196.0000         -71.588500
1200.0000         -76.261500
1204.0000        -100.871500
1208.0000         -83.325400
1212.0000         -88.231700
1216.0000         -72.131000
1220.0000         -76.412300
1224.0000         -72.934000
1228.0000         -76.949300
1232.0000         -78.658900
1236.0000         -77.836600
1240.0000         -93.334700
1244.0000         -92.243900
1248.0000         -76.702600
1252.0000         -94.891000
1256.0000         -84.137400
1260.0000         -76.986700
1264.0000         -85.083900
1268.0000         -70.975900
1272.0000         -95.276500
1276.0000        -106.391100
1280.0000        -104.783400
1284.0000         -78.451800
1288.0000         -87.287300
1292.0000         -74.358500
1296.0000         -87.319600
1300.0000         -90.176100
1304.0000         -68.630600
1308.0000         -96.340200
1312.0000         -81.609800
1316.0000         -93.552700
1320.0000         -81.807000
1324.0000         -73.266000
1328.0000         -89.388200
1332.0000         -84.240200
1336.0000         -78.872400
1340.0000         -92.227200
1344.0000         -80.467000
1348.0000         -84.883800
1352.0000         -82.496600
1356.0000         -78.785000
1360.0000         -47.496500
1364.0000         -68.290900
1368.0000         -83.280500
1372.0000         -83.173100
1376.0000         -80.161600
1380.0000         -76.593400
1384.0000         -83.549500
1388.0000         -80.802400
1392.0000         -84.388400
1396.0000         -67.168400
1400.0000         -99.352200
1404.0000         -56.592500
1408.0000         -76.796300
1412.0000         -70.783700
1416.0000         -74.205100
1420.0000         -89.193600
1424.0000         -74.856000
1428.0000         -88.280800
1432.0000         -70.174700
1436.0000         -79.976600
1440.0000         -94.856300
1444.0000         -63.650300
1448.0000         -76.782200
1452.0000         -85.879900
1456.0000         -92.706900
1460.0000         -76.263700
1464.0000         -83.142900
1468.0000         -92.682600
1472.0000         -89.924300
1476.0000         -73.709500
1480.0000         -83.897500
1484.0000        -100.886400
1488.0000         -62.845500
1492.0000         -80.952300
1496.0000         -80.012000
1500.0000        -102.573000
1504.0000         -89.485700
1508.0000         -69.910800
1512.0000         -73.870500
1516.0000         -83.814900
1520.0000         -71.946600
1524.0000         -74.383500
1528.0000         -93.496700
1532.0000         -96.874800
1536.0000         -74.775100
1540.0000         -88.122600
1544.0000         -89.758100
1548.0000         -95.708500
1552.0000         -81.629200
1556.0000        -105.668700
1560.0000         -79.844100
1564.0000         -98.480000
1568.0000         -89.506800
1572.0000        -110.590900
1576.0000         -95.534100
1580.0000        -103.554000
1584.0000         -92.546400
1588.0000         -75.092700
1592.0000         -73.719700
1596.0000         -86.342600
1600.0000         -80.581700
1604.0000         -96.682500
1608.0000         -87.106500
1612.0000         -87.238900
1616.0000         -95.265500
1620.0000         -91.112400
1624.0000         -86.542000
1628.0000         -92.942500
1632.0000         -76.110700
1636.0000         -87.929300
1640.0000         -54.602600
1644.0000         -86.156600
1648.0000         -87.603700
1652.0000         -93.663500
1656.0000         -95.671200
1660.0000         -98.680500
1664.0000        -108.301100
1668.0000         -92.572400
1672.0000         -96.334000
1676.0000         -95.634900
1680.0000         -89.293200
1684.0000         -72.447400
1688.0000         -97.847300
1692.0000         -87.675200
1696.0000         -84.979300
1700.0000         -74.341600
1704.0000         -85.980000
1708.0000         -84.293200
1712.0000         -77.556900
1716.0000         -77.923400
1720.0000         -76.738600
1724.0000         -81.624200
1728.0000         -85.619400
1732.0000         -83.043300
1736.0000         -71.681200
1740.0000         -77.657600
1744.0000         -65.171000
1748.0000         -72.963300
1752.0000         -99.749900
1756.0000         -77.051900
1760.0000         -84.005700
1764.0000         -66.227500
1768.0000         -69.227600
1772.0000         -87.311700
1776.0000         -73.831200
1780.0000         -79.029000
1784.0000         -82.848100
1788.0000        -101.656900
1792.0000         -78.561300
1796.0000         -86.524000
1800.0000         -69.593000
1804.0000         -85.682600
1808.0000         -83.019100
1812.0000         -94.288100
1816.0000         -83.460500
1820.0000        -103.207000
1824.0000         -89.791600
1828.0000         -92.278500
1832.0000        -112.057000
1836.0000        -109.298000
1840.0000         -90.687100
1844.0000         -84.384300
1848.0000        -120.162300
1852.0000        -116.558900
1856.0000        -114.594600
1860.0000        -113.236600
1864.0000        -130.244200
1868.0000         -85.894700
1872.0000         -97.416700
1876.0000        -116.367600
1880.0000        -106.510100
1884.0000         -94.195500
1888.0000         -89.718300
1892.0000         -86.403900
1896.0000         -99.188100
1900.0000        -106.729100
1904.0000        -109.976700
1908.0000         -93.405300
1912.0000         -97.816800
1916.0000         -98.093100
1920.0000         -91.185400
1924.0000        -101.470500
1928.0000        -102.918400
1932.0000         -96.819500
1936.0000         -88.437000
1940.0000         -94.259600
1944.0000         -79.082500
1948.0000         -99.207800
1952.0000        -119.572500
1956.0000         -97.160300
1960.0000         -87.006300
1964.0000        -109.576500
1968.0000         -93.440700
1972.0000         -85.001400
1976.0000        -101.904700
1980.0000         -98.404200
1984.0000         -83.412400
1988.0000         -85.626700
1992.0000         -87.731400
1996.0000         -72.459200
2000.0000         -85.872400
2004.0000        -103.986600
2008.0000         -75.000400
2012.0000         -81.129600
2016.0000        -104.095700
2020.0000         -72.777400
2024.0000         -84.548000
2028.0000        -103.044000
2032.0000         -94.123000
2036.0000         -76.489000
2040.0000         -94.606900
2044.0000         -75.312900
2048.0000         -70.998700
2052.0000         -73.856900
2056.0000         -70.484000
2060.0000         -75.903700
2064.0000         -73.282800
2068.0000         -65.466800
2072.0000         -74.419600
2076.0000         -83.864700
2080.0000         -79.057000
2084.0000         -84.368400
2088.0000         -81.719800
2092.0000         -98.277400
2096.0000         -79.676600
2100.0000         -76.331100
2104.0000         -86.819300
2108.0000         -92.803600
2112.0000         -77.072800
2116.0000         -92.374200
2120.0000         -59.672000
2124.0000         -84.985300
2128.0000         -87.017300
2132.0000         -92.183800
2136.0000         -75.704000
2140.0000         -88.375900
2144.0000         -73.149700
2148.0000         -91.210700
2152.0000         -83.301000
2156.0000        -100.303800
2160.0000         -94.314800
2164.0000         -77.973400
2168.0000        -103.970200
2172.0000        -110.772500
2176.0000         -90.604600
2180.0000         -98.238800
2184.0000         -88.324600
2188.0000        -108.123200
2192.0000        -111.343800
2196.0000         -96.492000
2200.0000        -104.035900
2204.0000         -98.694400
2208.0000        -110.197200
2212.0000         -81.125400
2216.0000         -99.108700
2220.0000         -99.026400
2224.0000         -68.000200
2228.0000         -85.545200
2232.0000         -88.753800
2236.0000         -85.979800
2240.0000         -69.569700
2244.0000         -78.118900
2248.0000         -84.015400
2252.0000        -106.157700
2256.0000        -102.589900
2260.0000         -85.601700
2264.0000         -95.680800
2268.0000        -100.137900
2272.0000        -101.953800
2276.0000         -78.715700
2280.0000         -81.553500
2284.0000         -98.694800
2288.0000        -107.842600
2292.0000         -95.804900
2296.0000        -113.851100
2300.0000         -90.832000
2304.0000         -73.428600
2308.0000         -68.193000
2312.0000         -88.544200
2316.0000         -96.848600
2320.0000         -90.002400
2324.0000         -85.106400
2328.0000         -83.187400
2332.0000         -99.121400
2336.0000         -77.952500
2340.0000         -72.081800
2344.0000         -92.707200
2348.0000         -92.707100
2352.0000         -77.574700
2356.0000         -53.507300
2360.0000         -99.049500
2364.0000         -75.301800
2368.0000         -97.210600
2372.0000         -79.442100
2376.0000         -78.267000
2380.0000         -78.992700
2384.0000         -61.254400
2388.0000         -88.595000
2392.0000         -99.162400
2396.0000         -67.122700
2400.0000         -70.457300
2404.0000         -71.949300
2408.0000         -60.472700
2412.0000         -78.875200
2416.0000         -63.923300
2420.0000         -68.392400
2424.0000         -82.712300
2428.0000         -91.070600
2432.0000        -101.077700
2436.0000         -79.009500
2440.0000         -91.578100
2444.0000         -93.283900
2448.0000         -98.478000
2452.0000         -93.678700
2456.0000         -73.279500
2460.0000         -89.110100
2464.0000         -84.535000
2468.0000         -95.808800
2472.0000        -101.908400
2476.0000        -107.077700
2480.0000         -91.114000
2484.0000        -108.559600
2488.0000         -82.274900
2492.0000         -89.190900
2496.0000        -105.765400
2500.0000         -94.736000
2504.0000         -91.918600
2508.0000         -98.880000
2512.0000        -104.414500
2516.0000        -101.275400
2520.0000        -101.001200
2524.0000         -99.771600
2528.0000         -94.323500
2532.0000        -107.100000
2536.0000         -90.172900
2540.0000         -64.525800
2544.0000         -92.275700
2548.0000         -75.519800
2552.0000         -81.090400
2556.0000        -103.866600
2560.0000        -110.753000
2564.0000         -97.419700
2568.0000         -89.999100
2572.0000         -85.362900
2576.0000         -99.027300
2580.0000         -89.242300
2584.0000         -88.051900
2588.0000         -93.798600
2592.0000         -92.330400
2596.0000         -68.994900
2600.0000         -92.176100
2604.0000         -70.290800
2608.0000         -49.427300
2612.0000         -94.139600
2616.0000         -88.406200
2620.0000         -93.436500
2624.0000        -104.690100
2628.0000         -87.287300
2632.0000         -92.938900
2636.0000         -91.446100
2640.0000         -98.129800
2644.0000         -88.727300
2648.0000        -102.464700
2652.0000         -97.519100
2656.0000         -98.732800
2660.0000         -97.914300
2664.0000         -77.698800
2668.0000        -105.729600
2672.0000         -93.781600
2676.0000        -110.109300
2680.0000        -110.640400
2684.0000         -66.597100
2688.0000        -101.200400
2692.0000         -70.859400
2696.0000         -78.400400
2700.0000        -108.058000
2704.0000         -82.074600
2708.0000        -112.916400
2712.0000        -105.351300
2716.0000        -113.518700
2720.0000        -104.528500
2724.0000         -88.220800
2728.0000         -93.297100
2732.0000         -96.387100
2736.0000        -107.957000
2740.0000         -97.794700
2744.0000        -101.861900
2748.0000         -90.657300
2752.0000         -89.551100
2756.0000        -110.311200
2760.0000        -108.670800
2764.0000        -102.497100
2768.0000         -98.964900
2772.0000         -92.541000
2776.0000        -100.652300
2780.0000        -106.942400
2784.0000        -110.489900
2788.0000        -114.821600
2792.0000        -107.065400
2796.0000         -99.175700
2800.0000         -99.483000
2804.0000         -91.886700
2808.0000        -107.136700
2812.0000        -100.125500
2816.0000        -117.795100
2820.0000        -106.488700
2824.0000         -95.295100
2828.0000        -104.188000
2832.0000        -101.777600
2836.0000        -101.903900
2840.0000        -104.940500
2844.0000        -124.193900
2848.0000        -116.333300
2852.0000        -113.771200
2856.0000         -99.862900
2860.0000        -111.079600
2864.0000         -98.075300
2868.0000        -103.793900
2872.0000         -86.793200
2876.0000         -87.549200
2880.0000        -117.987400
2884.0000        -108.368500
2888.0000         -81.444900
2892.0000        -105.896800
2896.0000        -119.545800
2900.0000        -109.433400
2904.0000        -107.886200
2908.0000         -84.697000
2912.0000        -100.076000
2916.0000        -105.859300
2920.0000         -79.693800
2924.0000        -100.477700
2928.0000        -104.573100
2932.0000         -96.931600
2936.0000        -101.821200
2940.0000        -118.747900
2944.0000        -112.615000
2948.0000         -85.606900
2952.0000         -93.478200
2956.0000         -97.414800
2960.0000         -91.368800
2964.0000         -65.283900
2968.0000         -73.719900
2972.0000         -76.540800
2976.0000         -74.573200
2980.0000        -106.843900
2984.0000        -108.558600
2988.0000         -93.750800
2992.0000        -107.617800
2996.0000         -92.723700
3000.0000         -90.713300
3004.0000         -87.996500
3008.0000         -88.736000
3012.0000         -94.813600
3016.0000         -87.697800
3020.0000        -116.387200
3024.0000         -87.441400
3028.0000         -94.593400
3032.0000         -98.101000
3036.0000         -82.132000
3040.0000         -65.087300
3044.0000         -76.748700
3048.0000         -88.691000
3052.0000         -72.185200
3056.0000         -97.411300
3060.0000         -95.446000
3064.0000         -72.367500
3068.0000         -87.348100
3072.0000         -78.561500
3076.0000         -82.155400
3080.0000         -92.845900
3084.0000         -80.897700
3088.0000         -85.699900
3092.0000         -95.721900
3096.0000         -85.246600
3100.0000         -84.997800
3104.0000        -109.250900
3108.0000         -76.381100
3112.0000        -100.505000
3116.0000         -93.822800
3120.0000         -92.026000
3124.0000         -59.435300
3128.0000         -99.765700
3132.0000         -88.672800
3136.0000         -98.078800
3140.0000         -75.297900
3144.0000         -72.312700
3148.0000         -78.668800
3152.0000         -86.440900
3156.0000         -76.730000
3160.0000         -94.763200
3164.0000         -93.288300
3168.0000         -78.349400
3172.0000         -78.311700
3176.0000         -90.100400
3180.0000         -85.632400
3184.0000         -70.364500
3188.0000         -86.053000
3192.0000         -83.770400
3196.0000         -81.136200
3200.0000         -93.149700
3204.0000        -102.382900
3208.0000         -75.944700
3212.0000         -86.190600
3216.0000         -71.678400
3220.0000         -70.406200
3224.0000         -58.890400
3228.0000         -73.049500
3232.0000         -90.353300
3236.0000         -90.613000
3240.0000         -75.726800
3244.0000         -65.800500
3248.0000         -77.589400
3252.0000         -82.085800
3256.0000         -70.985700
3260.0000         -93.174000
3264.0000         -84.430100
3268.0000         -77.588500
3272.0000         -85.264100
3276.0000         -81.089500
3280.0000        -113.954900
3284.0000        -116.915200
3288.0000         -80.774200
3292.0000         -83.930900
3296.0000         -73.845300
3300.0000         -76.010900
3304.0000         -90.452400
3308.0000         -89.064800
3312.0000         -96.033900
3316.0000         -81.401600
3320.0000        -103.104600
3324.0000         -67.587200
3328.0000         -91.340300
3332.0000        -103.173900
3336.0000         -91.224200
3340.0000         -63.183600
3344.0000         -92.063100
3348.0000         -78.644900
3352.0000         -92.511900
3356.0000         -81.195400
3360.0000         -83.029200
3364.0000        -100.949000
3368.0000         -93.188800
3372.0000         -78.455500
3376.0000         -67.348300
3380.0000         -72.913500
3384.0000         -67.085000
3388.0000         -79.369300
3392.0000         -93.064400
3396.0000        -108.202600
3400.0000         -96.570500
3404.0000         -87.035000
3408.0000        -107.200200
3412.0000         -79.642000
3416.0000         -82.246300
3420.0000         -89.978000
3424.0000         -79.986900
3428.0000         -87.667800
3432.0000         -93.857300
3436.0000         -73.592400
3440.0000         -84.209900
3444.0000         -60.823800
3448.0000         -78.647700
3452.0000         -66.097500
3456.0000         -80.827400
3460.0000         -73.825800
3464.0000         -73.438800
3468.0000         -75.788000
3472.0000         -73.139800
3476.0000         -88.972100
3480.0000         -78.916000
3484.0000         -90.241100
3488.0000         -83.362100
3492.0000         -75.322600
3496.0000         -76.477900
3500.0000         -74.609000
3504.0000         -55.132400
3508.0000         -94.137000
3512.0000         -78.019200
3516.0000         -65.646800
3520.0000         -71.344500
3524.0000         -91.360000
3528.0000         -80.968900
3532.0000         -71.152400
3536.0000         -85.394200
3540.0000         -84.352100
3544.0000        -100.271400
3548.0000         -81.143800
3552.0000         -88.447000
3556.0000         -79.960500
3560.0000        -111.562800
3564.0000         -82.218100
3568.0000         -81.160400
3572.0000         -90.494300
3576.0000         -72.007900
3580.0000         -87.173100
3584.0000         -79.062100
3588.0000         -84.634300
3592.0000         -84.492600
3596.0000         -95.248900
3600.0000         -93.683100
3604.0000         -81.925000
3608.0000         -69.885600
3612.0000         -95.295600
3616.0000         -84.571100
3620.0000         -98.545500
3624.0000         -74.827400
3628.0000         -93.420900
3632.0000         -99.201900
3636.0000         -96.477000
3640.0000         -84.419300
3644.0000         -58.547400
3648.0000         -96.926000
3652.0000         -90.728300
3656.0000         -96.517000
3660.0000         -87.655400
3664.0000         -75.535800
3668.0000         -84.802900
3672.0000         -95.109600
3676.0000         -81.043600
3680.0000         -66.662200
3684.0000         -80.134300
3688.0000         -83.210500
3692.0000         -80.347000
3696.0000         -77.148600
3700.0000         -61.862300
3704.0000         -84.285100
3708.0000         -95.332600
3712.0000         -84.829000
3716.0000         -97.532400
3720.0000         -95.289600
3724.0000         -85.318200
3728.0000         -75.224700
3732.0000         -80.568400
3736.0000         -95.915400
3740.0000         -98.143900
3744.0000         -96.913700
3748.0000         -91.078400
3752.0000         -86.030900
3756.0000        -102.922100
3760.0000         -77.225100
3764.0000         -85.815100
3768.0000         -93.060000
3772.0000         -85.128500
3776.0000         -83.199400
3780.0000         -94.329000
3784.0000         -90.326000
3788.0000         -90.405800
3792.0000         -90.266500
3796.0000         -76.790600
3800.0000         -76.397200
3804.0000        -101.502700
3808.0000         -69.886500
3812.0000         -94.995300
3816.0000         -91.567100
3820.0000         -62.435500
3824.0000         -97.852500
3828.0000         -71.227700
3832.0000         -87.661700
3836.0000         -93.367700
3840.0000         -91.838200
3844.0000         -84.441600
3848.0000         -94.365200
3852.0000        -101.964100
3856.0000         -83.095000
3860.0000         -78.574100
3864.0000         -87.291700
3868.0000         -90.220300
3872.0000         -72.602700
3876.0000         -92.952100
3880.0000         -87.754300
3884.0000         -94.513400
3888.0000        -107.043200
3892.0000        -105.080900
3896.0000         -96.128300
3900.0000        -101.316900
3904.0000         -88.333600
3908.0000         -95.532700
3912.0000         -99.370200
3916.0000         -74.330400
3920.0000         -78.174700
3924.0000         -78.735900
3928.0000         -87.838400
3932.0000         -89.765400
3936.0000        -104.088700
3940.0000         -87.179700
3944.0000         -95.905900
3948.0000         -78.269700
3952.0000         -92.393500
3956.0000         -88.440000
3960.0000         -75.025500
3964.0000         -80.876800
3968.0000         -78.606900
3972.0000         -96.633700
3976.0000         -84.995700
3980.0000         -79.421900
3984.0000         -76.373300
3988.0000        -112.051700
3992.0000         -97.493900
3996.0000        -101.757800
4000.0000         -88.339800
4004.0000         -88.711300
