4.0000     -732894.966749
8.0000     -733684.606775
12.0000     -732924.261427
16.0000     -733683.751245
20.0000     -731941.388460
24.0000     -733264.707472
28.0000     -733745.437951
32.0000     -732442.155845
36.0000     -732771.442998
40.0000     -734080.862559
44.0000     -734276.959422
48.0000     -732862.963131
52.0000     -733044.239126
56.0000     -733067.058358
60.0000     -732841.025772
64.0000     -733698.519728
68.0000     -733378.122696
72.0000     -733390.839717
76.0000     -732753.428246
80.0000     -733828.373121
84.0000     -733341.607202
88.0000     -732904.770552
92.0000     -733458.050863
96.0000     -733743.369057
100.0000     -732895.836941
104.0000     -732722.774603
108.0000     -733324.870022
112.0000     -733834.177018
116.0000     -733419.595121
120.0000     -733901.183918
124.0000     -733813.666554
128.0000     -733059.227534
132.0000     -733453.239476
136.0000     -732513.883290
140.0000     -733885.251119
144.0000     -733539.759127
148.0000     -733232.789796
152.0000     -733411.908038
156.0000     -733009.351774
160.0000     -733896.276725
164.0000     -733324.385471
168.0000     -732475.910289
172.0000     -733830.936030
176.0000     -733191.768870
180.0000     -733295.955126
184.0000     -733278.703642
188.0000     -733116.099246
192.0000     -732718.567205
196.0000     -732835.419440
200.0000     -733059.840782
204.0000     -733585.897140
208.0000     -732381.122155
212.0000     -732688.724444
216.0000     -733053.456826
220.0000     -733319.770780
224.0000     -733525.332558
228.0000     -733242.130372
232.0000     -732957.225784
236.0000     -733239.015025
240.0000     -733546.311435
244.0000     -733363.974616
248.0000     -733602.934139
252.0000     -733718.270255
256.0000     -733648.464148
260.0000     -733584.831204
264.0000     -733534.812865
268.0000     -733323.174676
272.0000     -734010.307606
276.0000     -734180.188904
280.0000     -733558.500668
284.0000     -733504.062395
288.0000     -732351.434528
292.0000     -733184.885346
296.0000     -734118.116510
300.0000     -733073.230438
304.0000     -732293.557914
308.0000     -733277.067006
312.0000     -733810.354372
316.0000     -733071.598765
320.0000     -734102.464236
324.0000     -732906.117602
328.0000     -733211.864416
332.0000     -732880.775135
336.0000     -733065.181893
340.0000     -733313.127923
344.0000     -734389.566529
348.0000     -733661.545266
352.0000     -733273.338357
356.0000     -733263.518425
360.0000     -733500.904167
364.0000     -733710.653521
368.0000     -733209.253914
372.0000     -733417.376943
376.0000     -733698.171853
380.0000     -733006.900603
384.0000     -733851.630769
388.0000     -733265.561881
392.0000     -733649.522312
396.0000     -733375.636887
400.0000     -733917.205421
404.0000     -733792.606272
408.0000     -733558.326183
412.0000     -733443.448369
416.0000     -733025.664293
420.0000     -732206.907419
424.0000     -733400.412120
428.0000     -733156.907810
432.0000     -732946.463156
436.0000     -733396.461424
440.0000     -733314.348579
444.0000     -732431.126015
448.0000     -733318.948908
452.0000     -733116.279051
456.0000     -733618.610764
460.0000     -732501.366424
464.0000     -732973.872692
468.0000     -732754.027039
472.0000     -733305.250419
476.0000     -733122.095332
480.0000     -732249.967439
484.0000     -733012.580106
488.0000     -733486.480401
492.0000     -732553.437449
496.0000     -732496.827386
500.0000     -732924.018132
504.0000     -733442.411629
508.0000     -733273.048179
512.0000     -732831.232218
516.0000     -733129.505620
520.0000     -733089.558873
524.0000     -733331.666813
528.0000     -734023.203141
532.0000     -734066.230696
536.0000     -733683.177565
540.0000     -733355.986623
544.0000     -733580.148079
548.0000     -733097.476349
552.0000     -733101.064910
556.0000     -733426.100064
560.0000     -732863.344452
564.0000     -733435.809101
568.0000     -733369.748071
572.0000     -732885.238833
576.0000     -732970.704651
580.0000     -733025.825553
584.0000     -732840.307784
588.0000     -732607.479121
592.0000     -733143.581607
596.0000     -733077.048658
600.0000     -733528.831558
604.0000     -733124.705402
608.0000     -733553.050179
612.0000     -733583.127238
616.0000     -733065.255644
620.0000     -732981.418710
624.0000     -733776.689148
628.0000     -733084.055957
632.0000     -733014.871851
636.0000     -733719.079486
640.0000     -733919.738572
644.0000     -733326.695349
648.0000     -734265.963996
652.0000     -732875.414908
656.0000     -733842.913734
660.0000     -733432.890220
664.0000     -733415.067044
668.0000     -732670.206676
672.0000     -733522.002212
676.0000     -733312.499289
680.0000     -733187.755270
684.0000     -733713.496791
688.0000     -733285.721927
692.0000     -732274.275671
696.0000     -732685.616923
700.0000     -733613.635875
704.0000     -732246.098400
708.0000     -732971.055295
712.0000     -733298.645099
716.0000     -733595.604961
720.0000     -733723.140608
724.0000     -733266.183375
728.0000     -733898.747988
732.0000     -733852.529014
736.0000     -733471.695179
740.0000     -733659.065834
744.0000     -733347.841594
748.0000     -733227.561479
752.0000     -733370.203462
756.0000     -732839.114729
760.0000     -733906.722782
764.0000     -733241.660459
768.0000     -733797.156806
772.0000     -733105.847022
776.0000     -733830.095084
780.0000     -733595.798535
784.0000     -733442.824289
788.0000     -733754.464178
792.0000     -734070.650314
796.0000     -733380.610249
800.0000     -733201.839909
804.0000     -733298.277029
808.0000     -733158.720370
812.0000     -732489.363879
816.0000     -733217.687368
820.0000     -733701.140501
824.0000     -733165.193921
828.0000     -733692.341254
832.0000     -733486.369912
836.0000     -733675.901440
840.0000     -734275.184584
844.0000     -733538.564243
848.0000     -733209.787003
852.0000     -733594.913793
856.0000     -734413.575865
860.0000     -732839.301106
864.0000     -732743.723459
868.0000     -732913.953091
872.0000     -733494.241012
876.0000     -732953.081199
880.0000     -732997.537796
884.0000     -733645.029333
888.0000     -733482.960381
892.0000     -733918.148123
896.0000     -733145.829593
900.0000     -733307.912465
904.0000     -733758.839483
908.0000     -732811.742842
912.0000     -733818.281058
916.0000     -733966.053624
920.0000     -733642.235026
924.0000     -733356.688549
928.0000     -733553.046828
932.0000     -732543.596883
936.0000     -732858.105237
940.0000     -734155.181049
944.0000     -733420.881960
948.0000     -733248.346568
952.0000     -733974.809416
956.0000     -733824.280875
960.0000     -733181.566651
964.0000     -732831.908320
968.0000     -733279.933700
972.0000     -733210.468061
976.0000     -733368.065657
980.0000     -733763.911097
984.0000     -732295.378617
988.0000     -733325.618392
992.0000     -733245.282464
996.0000     -733479.495172
1000.0000     -732797.287417
1004.0000     -733388.586363
1008.0000     -733117.983925
1012.0000     -733481.746578
1016.0000     -733407.611016
1020.0000     -733057.538294
1024.0000     -733588.449933
1028.0000     -734178.039845
1032.0000     -732676.291889
1036.0000     -732356.460191
1040.0000     -732676.511434
1044.0000     -732975.401318
1048.0000     -733145.875985
1052.0000     -733596.017373
1056.0000     -733530.936827
1060.0000     -733769.013673
1064.0000     -733341.109588
1068.0000     -732769.364877
1072.0000     -732846.939376
1076.0000     -733472.294679
1080.0000     -733587.564939
1084.0000     -732687.862395
1088.0000     -733174.133561
1092.0000     -733332.051278
1096.0000     -732870.997278
1100.0000     -733398.014815
1104.0000     -733391.913271
1108.0000     -733367.915438
1112.0000     -732840.592664
1116.0000     -733338.920295
1120.0000     -733090.496687
1124.0000     -733800.528310
1128.0000     -733686.864257
1132.0000     -732690.315495
1136.0000     -733176.732758
1140.0000     -733502.390757
1144.0000     -733583.919656
1148.0000     -733254.905741
1152.0000     -732825.351473
1156.0000     -733708.447642
1160.0000     -732621.767013
1164.0000     -733238.123416
1168.0000     -732829.171212
1172.0000     -733192.138321
1176.0000     -733874.802519
1180.0000     -732866.355961
1184.0000     -733249.926476
1188.0000     -732866.207676
1192.0000     -733530.755060
1196.0000     -733998.681898
1200.0000     -733160.348521
1204.0000     -733218.476833
1208.0000     -734489.033957
1212.0000     -733286.465758
1216.0000     -733184.101050
1220.0000     -733339.024906
1224.0000     -733507.385702
1228.0000     -732960.830721
1232.0000     -732762.954841
1236.0000     -732849.757079
1240.0000     -733476.981987
1244.0000     -733841.201081
1248.0000     -733276.983816
1252.0000     -733819.034977
1256.0000     -733776.207854
1260.0000     -732928.595961
1264.0000     -733701.769768
1268.0000     -733379.368355
1272.0000     -733681.450695
1276.0000     -732683.712283
1280.0000     -734252.617653
1284.0000     -732511.471913
1288.0000     -732948.626902
1292.0000     -733387.425657
1296.0000     -733597.628708
1300.0000     -732995.710890
1304.0000     -733587.231008
1308.0000     -733332.814730
1312.0000     -733590.533975
1316.0000     -732855.998746
1320.0000     -733928.144951
1324.0000     -732896.257135
1328.0000     -732434.036326
1332.0000     -733412.271929
1336.0000     -733720.379746
1340.0000     -732787.413026
1344.0000     -733215.837858
1348.0000     -733406.077317
1352.0000     -733582.582964
1356.0000     -733879.787784
1360.0000     -732766.804512
1364.0000     -732457.034512
1368.0000     -732723.397427
1372.0000     -733390.705374
1376.0000     -734087.167844
1380.0000     -734215.744626
1384.0000     -732600.461818
1388.0000     -733671.511299
1392.0000     -733659.370167
1396.0000     -733503.584573
1400.0000     -733041.959039
1404.0000     -733536.418404
1408.0000     -734136.073948
1412.0000     -733377.698422
1416.0000     -733531.236094
1420.0000     -732410.125259
1424.0000     -733479.344007
1428.0000     -733295.049193
1432.0000     -734027.146789
1436.0000     -733101.014568
1440.0000     -733686.697949
1444.0000     -734159.247170
1448.0000     -733991.329666
1452.0000     -733533.505333
1456.0000     -733766.746820
1460.0000     -733179.011401
1464.0000     -732816.812619
1468.0000     -733034.725354
1472.0000     -733281.523035
1476.0000     -733290.515478
1480.0000     -733876.653202
1484.0000     -733887.026889
1488.0000     -733280.669221
1492.0000     -733718.084123
1496.0000     -732928.632571
1500.0000     -733867.725092
1504.0000     -732563.935829
1508.0000     -733236.718847
1512.0000     -733342.885560
1516.0000     -732732.619718
1520.0000     -733103.864564
1524.0000     -733604.131692
1528.0000     -733644.156644
1532.0000     -733543.619786
1536.0000     -732816.323782
1540.0000     -733827.426197
1544.0000     -734441.851833
1548.0000     -733636.726623
1552.0000     -733578.276101
1556.0000     -733263.891268
1560.0000     -733277.092853
1564.0000     -733049.720742
1568.0000     -733685.065229
1572.0000     -733584.045458
1576.0000     -733303.424724
1580.0000     -733476.913406
1584.0000     -733614.806324
1588.0000     -733608.343959
1592.0000     -733560.308900
1596.0000     -733609.397560
1600.0000     -733866.650932
1604.0000     -733720.747669
1608.0000     -733816.063055
1612.0000     -734513.804907
1616.0000     -732892.148643
1620.0000     -733304.285298
1624.0000     -733196.361021
1628.0000     -734148.999278
1632.0000     -734075.159709
1636.0000     -732863.950768
1640.0000     -733506.884004
1644.0000     -733078.071801
1648.0000     -732592.458489
1652.0000     -733988.014561
1656.0000     -733746.426619
1660.0000     -733328.613500
1664.0000     -734302.686361
1668.0000     -733733.502770
1672.0000     -733667.910734
1676.0000     -732620.083398
1680.0000     -733480.671579
1684.0000     -733136.883688
1688.0000     -733319.638462
1692.0000     -732642.423900
1696.0000     -733321.954699
1700.0000     -732702.629085
1704.0000     -733523.390990
1708.0000     -733543.526894
1712.0000     -733302.052067
1716.0000     -733037.532595
1720.0000     -733459.228185
1724.0000     -733259.908758
1728.0000     -733257.410753
1732.0000     -733470.620752
1736.0000     -733708.475254
1740.0000     -733186.596018
1744.0000     -732908.103267
1748.0000     -732837.829765
1752.0000     -733386.162066
1756.0000     -733075.817548
1760.0000     -733287.389953
1764.0000     -733628.335602
1768.0000     -733429.701138
1772.0000     -733614.067563
1776.0000     -733461.542450
1780.0000     -732727.833618
1784.0000     -733673.452772
1788.0000     -734369.113325
1792.0000     -734165.009884
1796.0000     -733918.472934
1800.0000     -734507.988816
1804.0000     -733735.323435
1808.0000     -734146.882607
1812.0000     -734178.673191
1816.0000     -734344.762999
1820.0000     -733247.186804
1824.0000     -732778.886066
1828.0000     -733853.306712
1832.0000     -733684.830927
1836.0000     -733724.675619
1840.0000     -733582.128421
1844.0000     -733058.622164
1848.0000     -733229.790525
1852.0000     -733547.410599
1856.0000     -732939.447393
1860.0000     -735040.092207
1864.0000     -734196.157450
1868.0000     -733294.820379
1872.0000     -733402.487853
1876.0000     -732720.729097
1880.0000     -733660.737179
1884.0000     -733570.614638
1888.0000     -732848.125566
1892.0000     -733509.182744
1896.0000     -734311.740733
1900.0000     -733736.527865
1904.0000     -733670.625310
1908.0000     -734248.143272
1912.0000     -733048.986000
1916.0000     -733602.761831
1920.0000     -734340.163194
1924.0000     -733250.348463
1928.0000     -734502.526982
1932.0000     -733133.069769
1936.0000     -733131.718199
1940.0000     -733104.786958
1944.0000     -732900.138346
1948.0000     -732247.432057
1952.0000     -733055.284650
1956.0000     -733419.875863
1960.0000     -733557.994432
1964.0000     -733124.385740
1968.0000     -733234.113262
1972.0000     -733817.759641
1976.0000     -734112.926968
1980.0000     -733937.811860
1984.0000     -734647.378928
1988.0000     -733714.839056
1992.0000     -734006.233487
1996.0000     -733607.241775
2000.0000     -733883.621675
2004.0000     -733211.585962
2008.0000     -733640.803179
2012.0000     -733229.977208
2016.0000     -733711.903040
2020.0000     -733076.888157
2024.0000     -732955.051536
2028.0000     -733214.758545
2032.0000     -733408.588282
2036.0000     -733194.835911
2040.0000     -733527.657335
2044.0000     -733467.501579
2048.0000     -732641.852325
2052.0000     -733667.115922
2056.0000     -733302.795328
2060.0000     -732987.911026
2064.0000     -732815.476860
2068.0000     -733422.204758
2072.0000     -733750.351503
2076.0000     -733632.686913
2080.0000     -733127.892330
2084.0000     -733233.588402
2088.0000     -733172.427309
2092.0000     -733775.131007
2096.0000     -734195.600130
2100.0000     -733367.760101
2104.0000     -733006.508433
2108.0000     -733966.068496
2112.0000     -733760.185055
2116.0000     -733716.408315
2120.0000     -734944.604790
2124.0000     -734218.710261
2128.0000     -735097.096661
2132.0000     -734468.520993
2136.0000     -733423.044087
2140.0000     -733720.538123
2144.0000     -733657.205375
2148.0000     -733759.912980
2152.0000     -732965.129663
2156.0000     -733188.291986
2160.0000     -733695.534438
2164.0000     -733973.199887
2168.0000     -733641.681977
2172.0000     -733609.815059
2176.0000     -734393.920904
2180.0000     -734267.360447
2184.0000     -733089.153281
2188.0000     -733786.332699
2192.0000     -733995.215309
2196.0000     -733342.400491
2200.0000     -734375.288437
2204.0000     -733122.645165
2208.0000     -733097.844943
2212.0000     -733851.157904
2216.0000     -733558.550589
2220.0000     -733379.322733
2224.0000     -733633.258197
2228.0000     -733437.959552
2232.0000     -733711.484617
2236.0000     -733751.537693
2240.0000     -733683.985841
2244.0000     -733295.113463
2248.0000     -732838.868585
2252.0000     -733143.176103
2256.0000     -732888.434181
2260.0000     -733094.146622
2264.0000     -732752.765237
2268.0000     -732866.395248
2272.0000     -733073.343711
2276.0000     -733931.633583
2280.0000     -733798.234397
2284.0000     -733306.944164
2288.0000     -734272.091776
2292.0000     -734413.798776
2296.0000     -733122.210545
2300.0000     -733503.217892
2304.0000     -733609.919176
2308.0000     -733078.843487
2312.0000     -732812.522260
2316.0000     -733135.629267
2320.0000     -733415.071712
2324.0000     -733860.176483
2328.0000     -733542.529318
2332.0000     -732896.268912
2336.0000     -733172.069872
2340.0000     -733737.522796
2344.0000     -733345.617344
2348.0000     -733353.896152
2352.0000     -732762.388068
2356.0000     -733274.013807
2360.0000     -732621.075746
2364.0000     -733497.368113
2368.0000     -733834.470453
2372.0000     -733634.856337
2376.0000     -733423.023966
2380.0000     -733275.459779
2384.0000     -733668.065774
2388.0000     -733697.424584
2392.0000     -733357.411105
2396.0000     -733747.428058
2400.0000     -734349.021242
2404.0000     -733649.581209
2408.0000     -733550.055142
2412.0000     -732856.446177
2416.0000     -733410.536215
2420.0000     -733629.972183
2424.0000     -732930.710336
2428.0000     -733835.931097
2432.0000     -733884.346897
2436.0000     -733860.327880
2440.0000     -733409.441330
2444.0000     -733451.197952
2448.0000     -733950.350856
2452.0000     -733602.994840
2456.0000     -733554.229993
2460.0000     -734145.452872
2464.0000     -733255.559487
2468.0000     -733573.406714
2472.0000     -733100.596632
2476.0000     -732734.878997
2480.0000     -733282.002298
2484.0000     -734147.418740
2488.0000     -733759.210508
2492.0000     -733748.175931
2496.0000     -732584.275565
2500.0000     -733230.615796
2504.0000     -733309.572637
2508.0000     -734593.528813
2512.0000     -733510.342729
2516.0000     -734068.331281
2520.0000     -733339.486130
2524.0000     -732804.786099
2528.0000     -733649.050393
2532.0000     -733396.809642
2536.0000     -733611.429303
2540.0000     -733377.781934
2544.0000     -733186.842558
2548.0000     -733196.980015
2552.0000     -732786.136968
2556.0000     -733200.747112
2560.0000     -733651.183295
2564.0000     -733727.975567
2568.0000     -733655.167098
2572.0000     -734122.778308
2576.0000     -733001.105753
2580.0000     -733632.212269
2584.0000     -733422.797486
2588.0000     -733981.038964
2592.0000     -733118.946913
2596.0000     -733413.211215
2600.0000     -733127.040410
2604.0000     -733618.239302
2608.0000     -733816.993842
2612.0000     -733433.598627
2616.0000     -732756.349107
2620.0000     -732954.219313
2624.0000     -733806.529352
2628.0000     -734188.998147
2632.0000     -733721.325449
2636.0000     -734155.182281
2640.0000     -734147.558506
2644.0000     -733776.933101
2648.0000     -732841.872871
2652.0000     -733352.328312
2656.0000     -733792.531110
2660.0000     -734248.121009
2664.0000     -734443.350134
2668.0000     -733414.735369
2672.0000     -734048.516486
2676.0000     -733553.074372
2680.0000     -734232.601835
2684.0000     -734737.517095
2688.0000     -734257.057760
2692.0000     -734060.908767
2696.0000     -732658.565663
2700.0000     -733755.683778
2704.0000     -733349.534109
2708.0000     -733841.786189
2712.0000     -734013.702618
2716.0000     -732929.147909
2720.0000     -733404.267081
2724.0000     -733927.705646
2728.0000     -733290.380398
2732.0000     -733906.193781
2736.0000     -734060.565801
2740.0000     -733803.234768
2744.0000     -733578.073402
2748.0000     -734025.661609
2752.0000     -734036.288066
2756.0000     -733874.160313
2760.0000     -733606.063631
2764.0000     -734104.187332
2768.0000     -733824.980361
2772.0000     -733758.080880
2776.0000     -732875.713269
2780.0000     -733186.221337
2784.0000     -733157.962991
2788.0000     -733179.466231
2792.0000     -733910.946770
2796.0000     -734118.084158
2800.0000     -733620.463391
2804.0000     -732711.221450
2808.0000     -733010.204579
2812.0000     -733597.634538
2816.0000     -733721.676412
2820.0000     -733132.203987
2824.0000     -734374.964958
2828.0000     -734763.562254
2832.0000     -733411.873550
2836.0000     -734098.818034
2840.0000     -734093.619763
2844.0000     -734674.341473
2848.0000     -733818.965568
2852.0000     -733787.194508
2856.0000     -733349.781877
2860.0000     -733724.305031
2864.0000     -733925.398278
2868.0000     -734325.142987
2872.0000     -733731.805199
2876.0000     -734367.968519
2880.0000     -734600.849621
2884.0000     -733319.695734
2888.0000     -733844.869081
2892.0000     -732904.229863
2896.0000     -734350.340255
2900.0000     -733820.822566
2904.0000     -733289.301981
2908.0000     -733517.248212
2912.0000     -733736.625315
2916.0000     -733958.208491
2920.0000     -733265.482953
2924.0000     -734480.114283
2928.0000     -734413.206013
2932.0000     -733349.537620
2936.0000     -734779.955166
2940.0000     -733552.575001
2944.0000     -733611.818042
2948.0000     -734545.524704
2952.0000     -733739.859160
2956.0000     -734371.023267
2960.0000     -734323.656191
2964.0000     -733767.038852
2968.0000     -732988.491546
2972.0000     -732973.032633
2976.0000     -733408.607296
2980.0000     -733421.233614
2984.0000     -732967.594676
2988.0000     -734614.805396
2992.0000     -734368.085878
2996.0000     -733679.093049
3000.0000     -734022.633243
3004.0000     -734250.150187
3008.0000     -733820.006852
3012.0000     -733590.466753
3016.0000     -734013.978111
3020.0000     -734102.134111
3024.0000     -733688.194420
3028.0000     -734532.256404
3032.0000     -733538.784119
3036.0000     -733441.803875
3040.0000     -733494.372742
3044.0000     -733652.693407
3048.0000     -733729.773626
3052.0000     -733101.038736
3056.0000     -734250.441331
3060.0000     -733715.753967
3064.0000     -733035.617471
3068.0000     -734161.350091
3072.0000     -733008.146210
3076.0000     -734160.491885
3080.0000     -734066.519246
3084.0000     -733601.347289
3088.0000     -733501.973687
3092.0000     -732690.027636
3096.0000     -733872.595004
3100.0000     -734434.288161
3104.0000     -733733.574075
3108.0000     -734080.666524
3112.0000     -734197.303841
3116.0000     -733905.926444
3120.0000     -734144.269710
3124.0000     -733851.205920
3128.0000     -733568.684566
3132.0000     -733880.806741
3136.0000     -734164.832020
3140.0000     -733944.444840
3144.0000     -732862.683441
3148.0000     -733398.012672
3152.0000     -732827.384033
3156.0000     -733354.426437
3160.0000     -733353.259631
3164.0000     -733709.908295
3168.0000     -733486.128392
3172.0000     -733804.724141
3176.0000     -734028.009794
3180.0000     -734066.410110
3184.0000     -734069.519898
3188.0000     -733643.528297
3192.0000     -733839.562456
3196.0000     -733535.817726
3200.0000     -734586.553016
3204.0000     -734145.572336
3208.0000     -733726.731072
3212.0000     -734740.579960
3216.0000     -733614.239060
3220.0000     -732777.557059
3224.0000     -733793.603066
3228.0000     -733045.598116
3232.0000     -733130.832195
3236.0000     -733819.617631
3240.0000     -733589.204090
3244.0000     -733993.854405
3248.0000     -733934.420842
3252.0000     -733193.743605
3256.0000     -733124.360861
3260.0000     -733635.422971
3264.0000     -733936.617371
3268.0000     -734723.359862
3272.0000     -734909.042253
3276.0000     -734459.423343
3280.0000     -733936.859977
3284.0000     -734109.503147
3288.0000     -733660.195380
3292.0000     -732260.528519
3296.0000     -732914.421819
3300.0000     -733693.979854
3304.0000     -734082.835950
3308.0000     -733600.751284
3312.0000     -733587.284783
3316.0000     -732991.087217
3320.0000     -733822.337555
3324.0000     -734072.917321
3328.0000     -733740.274590
3332.0000     -734257.778342
3336.0000     -733345.581113
3340.0000     -734555.031732
3344.0000     -734220.456389
3348.0000     -733752.217319
3352.0000     -734546.084910
3356.0000     -734052.139281
3360.0000     -734903.940122
3364.0000     -734215.930138
3368.0000     -734227.165257
3372.0000     -733209.298333
3376.0000     -733498.932451
3380.0000     -733543.275827
3384.0000     -733572.269782
3388.0000     -734260.972517
3392.0000     -733459.044789
3396.0000     -733695.843438
3400.0000     -734253.836226
3404.0000     -733546.307753
3408.0000     -733277.277741
3412.0000     -733810.244249
3416.0000     -733974.428033
3420.0000     -733784.819154
3424.0000     -733263.959825
3428.0000     -733553.363252
3432.0000     -734018.006839
3436.0000     -733246.266399
3440.0000     -733213.625370
3444.0000     -734276.018038
3448.0000     -734028.375786
3452.0000     -734056.285618
3456.0000     -734075.714781
3460.0000     -733544.534615
3464.0000     -734084.058744
3468.0000     -734366.196992
3472.0000     -732829.734847
3476.0000     -734246.838956
3480.0000     -734101.588284
3484.0000     -733589.481473
3488.0000     -734441.856501
3492.0000     -733787.240564
3496.0000     -733524.320452
3500.0000     -733887.598336
3504.0000     -734612.113882
3508.0000     -734063.128270
3512.0000     -734155.376315
3516.0000     -734252.954509
3520.0000     -734285.720573
3524.0000     -733962.842336
3528.0000     -733560.216666
3532.0000     -733607.444708
3536.0000     -733410.098315
3540.0000     -733635.148451
3544.0000     -733027.537789
3548.0000     -733984.534255
3552.0000     -733970.518412
3556.0000     -733876.361697
3560.0000     -734686.984852
3564.0000     -734034.949514
3568.0000     -733541.950525
3572.0000     -733233.041906
3576.0000     -734463.077160
3580.0000     -734207.941912
3584.0000     -734003.045979
3588.0000     -733643.240872
3592.0000     -734142.136794
3596.0000     -734134.545790
3600.0000     -733963.999673
3604.0000     -733788.901996
3608.0000     -733464.247182
3612.0000     -733862.234252
3616.0000     -733609.295699
3620.0000     -733689.099318
3624.0000     -734236.470246
3628.0000     -734111.048746
3632.0000     -733790.998534
3636.0000     -734153.058166
3640.0000     -733983.052152
3644.0000     -733040.768749
3648.0000     -733740.007697
3652.0000     -734104.803556
3656.0000     -734156.815812
3660.0000     -734059.998499
3664.0000     -734047.558403
3668.0000     -734315.957909
3672.0000     -733864.557226
3676.0000     -733582.198691
3680.0000     -733766.918914
3684.0000     -733404.988073
3688.0000     -733993.838778
3692.0000     -734174.978252
3696.0000     -733482.968969
3700.0000     -733429.943643
3704.0000     -733501.923847
3708.0000     -733294.452022
3712.0000     -733356.655918
3716.0000     -734530.149818
3720.0000     -732866.376260
3724.0000     -734273.479563
3728.0000     -733500.867122
3732.0000     -734861.282828
3736.0000     -734257.820481
3740.0000     -734788.010337
3744.0000     -732952.552433
3748.0000     -734267.509371
3752.0000     -733493.720981
3756.0000     -733690.383558
3760.0000     -733253.893840
3764.0000     -734080.491135
3768.0000     -732970.436488
3772.0000     -733636.286867
3776.0000     -734043.530268
3780.0000     -733942.251517
3784.0000     -733795.323095
3788.0000     -733311.018763
3792.0000     -733552.238323
3796.0000     -733873.109618
3800.0000     -733675.218317
3804.0000     -734237.040901
3808.0000     -734279.725305
3812.0000     -734008.791206
3816.0000     -733947.763283
3820.0000     -734255.590083
3824.0000     -734266.189375
3828.0000     -733765.488252
3832.0000     -733824.152899
3836.0000     -733834.642577
3840.0000     -734226.737024
3844.0000     -733766.023788
3848.0000     -733400.118427
3852.0000     -733532.988943
3856.0000     -734196.709164
3860.0000     -733547.575687
3864.0000     -733138.798822
3868.0000     -733544.182281
3872.0000     -733508.266084
3876.0000     -734046.502511
3880.0000     -733386.596576
3884.0000     -734324.929344
3888.0000     -733421.018852
3892.0000     -734016.899204
3896.0000     -732970.355789
3900.0000     -733061.969475
3904.0000     -734059.001005
3908.0000     -734501.681821
3912.0000     -733983.545539
3916.0000     -733940.733560
3920.0000     -733415.902372
3924.0000     -733698.654604
3928.0000     -733918.225622
3932.0000     -732959.987649
3936.0000     -734195.929739
3940.0000     -733855.173388
3944.0000     -733402.770125
3948.0000     -733730.999227
3952.0000     -734115.686942
3956.0000     -733571.355772
3960.0000     -734248.935940
3964.0000     -734804.260822
3968.0000     -733506.764041
3972.0000     -733717.943836
3976.0000     -733703.634250
3980.0000     -734756.824311
3984.0000     -733794.526395
3988.0000     -733625.109150
3992.0000     -734822.383774
3996.0000     -734161.617955
4000.0000     -734100.370243
4004.0000     -734100.370243
