4.0000     -733009.158892
8.0000     -733935.576445
12.0000     -732717.586377
16.0000     -732689.989670
20.0000     -733144.552894
24.0000     -733961.598106
28.0000     -733129.294921
32.0000     -732949.844925
36.0000     -732690.006058
40.0000     -733149.256945
44.0000     -733217.406685
48.0000     -733488.787510
52.0000     -734024.256587
56.0000     -733590.945911
60.0000     -733657.955322
64.0000     -733290.407154
68.0000     -732767.493842
72.0000     -732907.210533
76.0000     -733439.193688
80.0000     -733993.688316
84.0000     -733045.481071
88.0000     -733662.502850
92.0000     -733419.342825
96.0000     -733609.344596
100.0000     -733212.499995
104.0000     -733854.385343
108.0000     -733349.657132
112.0000     -733551.940637
116.0000     -733435.673380
120.0000     -733523.324227
124.0000     -734055.338095
128.0000     -733183.254154
132.0000     -733844.060108
136.0000     -733552.146855
140.0000     -733515.428903
144.0000     -733602.335147
148.0000     -733202.825984
152.0000     -733518.847508
156.0000     -734005.891841
160.0000     -733713.353009
164.0000     -733877.183019
168.0000     -733857.366416
172.0000     -732583.458030
176.0000     -733800.419709
180.0000     -733008.648532
184.0000     -734020.059231
188.0000     -732481.336610
192.0000     -732612.407226
196.0000     -732946.339371
200.0000     -733338.199168
204.0000     -733508.141251
208.0000     -733352.777901
212.0000     -732966.765780
216.0000     -733452.790850
220.0000     -733850.289678
224.0000     -733757.946903
228.0000     -733531.634343
232.0000     -733081.748815
236.0000     -733418.771972
240.0000     -733128.754136
244.0000     -733163.586959
248.0000     -733716.296977
252.0000     -734076.009952
256.0000     -733475.770006
260.0000     -733463.114329
264.0000     -732914.333783
268.0000     -732938.106269
272.0000     -733525.900535
276.0000     -732246.684967
280.0000     -734103.485351
284.0000     -733676.995008
288.0000     -733176.586699
292.0000     -732778.322983
296.0000     -733149.492292
300.0000     -732745.927358
304.0000     -733020.742595
308.0000     -733379.010495
312.0000     -733918.241400
316.0000     -733924.712115
320.0000     -733590.879524
324.0000     -732237.687878
328.0000     -732842.545488
332.0000     -733883.273006
336.0000     -734219.643822
340.0000     -733461.440336
344.0000     -732695.777639
348.0000     -732619.276794
352.0000     -733824.619497
356.0000     -733539.309003
360.0000     -732994.279094
364.0000     -733716.270835
368.0000     -734069.368226
372.0000     -733947.630458
376.0000     -733534.812225
380.0000     -733520.516570
384.0000     -732689.984906
388.0000     -733884.828878
392.0000     -733434.491753
396.0000     -732675.165068
400.0000     -733625.532497
404.0000     -733151.876620
408.0000     -733192.992386
412.0000     -734130.341879
416.0000     -733982.796170
420.0000     -733823.288081
424.0000     -733188.012777
428.0000     -733532.479561
432.0000     -734120.533288
436.0000     -734058.870672
440.0000     -733702.446352
444.0000     -734084.361239
448.0000     -733932.072511
452.0000     -733163.274088
456.0000     -733912.928353
460.0000     -733671.169935
464.0000     -732745.537649
468.0000     -733373.292189
472.0000     -733620.968950
476.0000     -732951.499327
480.0000     -733186.257521
484.0000     -733252.495987
488.0000     -733194.513085
492.0000     -733314.313993
496.0000     -734105.550064
500.0000     -733660.839256
504.0000     -733078.317256
508.0000     -733391.122626
512.0000     -733854.072224
516.0000     -733567.189811
520.0000     -733097.314456
524.0000     -733479.120720
528.0000     -733830.640384
532.0000     -733397.662843
536.0000     -733454.280209
540.0000     -733661.536705
544.0000     -733671.668800
548.0000     -733952.556528
552.0000     -733526.603899
556.0000     -733459.746447
560.0000     -732843.343017
564.0000     -733365.946482
568.0000     -733249.328692
572.0000     -732914.058503
576.0000     -733712.529515
580.0000     -733729.080031
584.0000     -732943.760140
588.0000     -732752.949959
592.0000     -733128.237363
596.0000     -733773.490690
600.0000     -733522.355630
604.0000     -734478.856737
608.0000     -734499.699912
612.0000     -733783.013074
616.0000     -734103.246357
620.0000     -732943.975662
624.0000     -733752.625676
628.0000     -733479.247192
632.0000     -733804.780168
636.0000     -733363.771652
640.0000     -733257.259307
644.0000     -733112.316200
648.0000     -733701.812062
652.0000     -733060.604857
656.0000     -733405.308768
660.0000     -733102.168971
664.0000     -732986.865634
668.0000     -731976.652359
672.0000     -733861.543082
676.0000     -733006.796564
680.0000     -733333.338871
684.0000     -733486.228713
688.0000     -733713.123928
692.0000     -733519.898980
696.0000     -733986.255216
700.0000     -733622.138793
704.0000     -733001.148289
708.0000     -733497.725084
712.0000     -732548.084881
716.0000     -733066.281732
720.0000     -732881.063069
724.0000     -734003.090254
728.0000     -733511.805542
732.0000     -732772.684098
736.0000     -733335.696112
740.0000     -733768.653958
744.0000     -732850.668169
748.0000     -732502.935100
752.0000     -733695.228594
756.0000     -732850.535582
760.0000     -732819.878185
764.0000     -733596.756309
768.0000     -732160.976727
772.0000     -732987.876320
776.0000     -733805.345561
780.0000     -731934.509675
784.0000     -733805.669519
788.0000     -733312.913072
792.0000     -733201.978240
796.0000     -732539.971966
800.0000     -733176.276559
804.0000     -733569.794063
808.0000     -733744.737293
812.0000     -733882.191681
816.0000     -733689.226663
820.0000     -733156.281473
824.0000     -732964.269176
828.0000     -733246.854037
832.0000     -733491.508376
836.0000     -732716.790727
840.0000     -734032.137475
844.0000     -733659.510002
848.0000     -733641.241016
852.0000     -732810.734182
856.0000     -732952.389218
860.0000     -732571.523291
864.0000     -733036.608106
868.0000     -732305.459333
872.0000     -733140.408887
876.0000     -733182.669880
880.0000     -732725.215849
884.0000     -733635.614144
888.0000     -733947.551355
892.0000     -733425.357339
896.0000     -733804.237469
900.0000     -734461.891208
904.0000     -733082.313682
908.0000     -733577.211305
912.0000     -733900.368658
916.0000     -733897.409303
920.0000     -733545.163607
924.0000     -733882.484652
928.0000     -734274.479844
932.0000     -733792.780057
936.0000     -734141.442832
940.0000     -734076.912720
944.0000     -733756.606021
948.0000     -733943.335270
952.0000     -733869.858136
956.0000     -733666.574900
960.0000     -734155.860319
964.0000     -733939.699388
968.0000     -733341.840539
972.0000     -733850.918700
976.0000     -733953.918674
980.0000     -733983.616110
984.0000     -733939.705320
988.0000     -733103.328412
992.0000     -733261.011820
996.0000     -733375.690774
1000.0000     -733519.703894
1004.0000     -733316.528560
1008.0000     -733181.294096
1012.0000     -733018.289806
1016.0000     -733211.815552
1020.0000     -733127.538484
1024.0000     -734238.426331
1028.0000     -734744.609573
1032.0000     -733691.026993
1036.0000     -734243.878064
1040.0000     -733624.187818
1044.0000     -733559.575521
1048.0000     -734079.585926
1052.0000     -734300.077174
1056.0000     -733305.565958
1060.0000     -733172.779877
1064.0000     -733522.164441
1068.0000     -734645.788012
1072.0000     -733675.144569
1076.0000     -734009.299411
1080.0000     -734008.840842
1084.0000     -733981.855742
1088.0000     -732727.889796
1092.0000     -733246.787419
1096.0000     -733025.893373
1100.0000     -733446.122147
1104.0000     -733467.322685
1108.0000     -733539.185462
1112.0000     -733922.609292
1116.0000     -732662.837339
1120.0000     -732868.066267
1124.0000     -733394.298465
1128.0000     -733986.767852
1132.0000     -733941.724382
1136.0000     -734073.563795
1140.0000     -732762.167802
1144.0000     -733548.270734
1148.0000     -733970.697121
1152.0000     -734053.037869
1156.0000     -733901.953813
1160.0000     -733533.547404
1164.0000     -733794.128173
1168.0000     -733630.428030
1172.0000     -733687.168165
1176.0000     -733978.823353
1180.0000     -733409.532033
1184.0000     -733657.153436
1188.0000     -733612.061785
1192.0000     -733948.137405
1196.0000     -734328.749536
1200.0000     -733011.096572
1204.0000     -733858.833690
1208.0000     -733327.605548
1212.0000     -733101.700728
1216.0000     -733585.858029
1220.0000     -732551.542968
1224.0000     -733434.111843
1228.0000     -733046.917018
1232.0000     -733294.817763
1236.0000     -733965.618485
1240.0000     -733361.718961
1244.0000     -734068.759742
1248.0000     -734033.793025
1252.0000     -733389.747176
1256.0000     -734222.445766
1260.0000     -733616.271248
1264.0000     -733991.700816
1268.0000     -733515.922045
1272.0000     -733243.016767
1276.0000     -733336.620959
1280.0000     -733466.663207
1284.0000     -733170.997063
1288.0000     -733999.928718
1292.0000     -733934.235143
1296.0000     -733568.021912
1300.0000     -733242.511441
1304.0000     -733911.490448
1308.0000     -734339.074169
1312.0000     -733583.349074
1316.0000     -733454.448717
1320.0000     -733594.156275
1324.0000     -733297.182741
1328.0000     -734077.539647
1332.0000     -733836.095333
1336.0000     -733346.025409
1340.0000     -733899.265815
1344.0000     -734326.928624
1348.0000     -733747.815253
1352.0000     -733292.847791
1356.0000     -733427.914130
1360.0000     -733471.077378
1364.0000     -733410.799297
1368.0000     -732985.509188
1372.0000     -733331.466372
1376.0000     -733136.554307
1380.0000     -733120.262356
1384.0000     -733806.208525
1388.0000     -733535.573884
1392.0000     -733643.607675
1396.0000     -733382.860185
1400.0000     -733463.196351
1404.0000     -733607.295838
1408.0000     -733519.458362
1412.0000     -733073.287608
1416.0000     -732783.324396
1420.0000     -733603.374597
1424.0000     -733705.962389
1428.0000     -734145.262981
1432.0000     -733431.188525
1436.0000     -732843.438090
1440.0000     -733142.243631
1444.0000     -733829.608187
1448.0000     -733687.155543
1452.0000     -732777.995699
1456.0000     -732745.688907
1460.0000     -733964.224344
1464.0000     -733111.458704
1468.0000     -733852.699261
1472.0000     -734353.792024
1476.0000     -733189.738195
1480.0000     -733883.777135
1484.0000     -733036.758358
1488.0000     -733597.673926
1492.0000     -732732.711966
1496.0000     -733730.132854
1500.0000     -733252.999373
1504.0000     -734152.669707
1508.0000     -733332.418549
1512.0000     -732741.490839
1516.0000     -733277.974531
1520.0000     -733322.916319
1524.0000     -733754.931100
1528.0000     -733937.216586
1532.0000     -733408.295189
1536.0000     -733574.107613
1540.0000     -734558.908984
1544.0000     -733552.406334
1548.0000     -734209.207567
1552.0000     -733609.797032
1556.0000     -733273.812856
1560.0000     -733635.424271
1564.0000     -733272.691189
1568.0000     -733842.600132
1572.0000     -733784.227400
1576.0000     -733881.862662
1580.0000     -733547.697306
1584.0000     -733900.423805
1588.0000     -733799.809872
1592.0000     -733425.207638
1596.0000     -733535.461167
1600.0000     -733786.608428
1604.0000     -733750.318618
1608.0000     -733261.055534
1612.0000     -733378.562528
1616.0000     -732855.304280
1620.0000     -734116.454848
1624.0000     -734885.715914
1628.0000     -733574.218460
1632.0000     -733836.379428
1636.0000     -733970.196142
1640.0000     -732506.034224
1644.0000     -733698.399884
1648.0000     -734259.186136
1652.0000     -733656.452684
1656.0000     -733484.948820
1660.0000     -733310.000089
1664.0000     -734372.052707
1668.0000     -733077.181200
1672.0000     -734075.689945
1676.0000     -734122.024472
1680.0000     -734129.752585
1684.0000     -734093.692805
1688.0000     -733470.697428
1692.0000     -734766.097499
1696.0000     -733993.235028
1700.0000     -733576.431110
1704.0000     -733797.576501
1708.0000     -733502.355968
1712.0000     -734278.992147
1716.0000     -733866.118294
1720.0000     -733687.479157
1724.0000     -734328.904546
1728.0000     -734023.017416
1732.0000     -733153.364778
1736.0000     -733364.611526
1740.0000     -733520.142576
1744.0000     -733119.829756
1748.0000     -733376.232305
1752.0000     -733670.715191
1756.0000     -734032.589861
1760.0000     -733729.212409
1764.0000     -733991.970006
1768.0000     -734268.877786
1772.0000     -734056.886672
1776.0000     -733679.103641
1780.0000     -733750.571689
1784.0000     -733423.764260
1788.0000     -734109.377638
1792.0000     -733459.302933
1796.0000     -733598.736455
1800.0000     -733148.031425
1804.0000     -733462.203185
1808.0000     -733034.336629
1812.0000     -733627.857980
1816.0000     -734470.550412
1820.0000     -733308.174953
1824.0000     -733043.570146
1828.0000     -733144.574534
1832.0000     -732935.684374
1836.0000     -733342.809676
1840.0000     -733543.252180
1844.0000     -732756.054204
1848.0000     -733612.630160
1852.0000     -734386.976177
1856.0000     -733077.200660
1860.0000     -733662.102597
1864.0000     -733232.340561
1868.0000     -733721.887933
1872.0000     -734983.840292
1876.0000     -733436.405891
1880.0000     -734951.478640
1884.0000     -734330.872365
1888.0000     -734328.354832
1892.0000     -734087.622128
1896.0000     -733753.100156
1900.0000     -733497.650829
1904.0000     -733417.533746
1908.0000     -733362.307042
1912.0000     -733570.138640
1916.0000     -733938.524720
1920.0000     -734182.861062
1924.0000     -733624.905420
1928.0000     -734261.565472
1932.0000     -734229.517264
1936.0000     -734128.976474
1940.0000     -733694.785744
1944.0000     -733946.161330
1948.0000     -734104.823007
1952.0000     -733912.781069
1956.0000     -734260.469619
1960.0000     -733683.109383
1964.0000     -734199.187319
1968.0000     -732947.140153
1972.0000     -733424.428237
1976.0000     -734413.058287
1980.0000     -733300.730028
1984.0000     -733681.313225
1988.0000     -733164.915420
1992.0000     -733289.225333
1996.0000     -733630.477762
2000.0000     -733452.865217
2004.0000     -733922.589815
2008.0000     -733851.117831
2012.0000     -733914.972776
2016.0000     -734429.088904
2020.0000     -733375.831040
2024.0000     -733954.002965
2028.0000     -733724.811233
2032.0000     -733999.759930
2036.0000     -733503.389922
2040.0000     -733237.083960
2044.0000     -732631.123625
2048.0000     -733170.605896
2052.0000     -733264.706211
2056.0000     -733983.092264
2060.0000     -734139.141084
2064.0000     -733668.916412
2068.0000     -733430.296320
2072.0000     -733998.209915
2076.0000     -733718.281251
2080.0000     -734434.144712
2084.0000     -733865.364454
2088.0000     -734720.225879
2092.0000     -734020.939579
2096.0000     -734225.149682
2100.0000     -734062.777555
2104.0000     -733826.577976
2108.0000     -733836.871277
2112.0000     -734703.312244
2116.0000     -734047.310446
2120.0000     -734520.640992
2124.0000     -733595.516455
2128.0000     -733803.660925
2132.0000     -732993.057600
2136.0000     -734586.660124
2140.0000     -733706.784092
2144.0000     -734349.750604
2148.0000     -732763.230158
2152.0000     -734587.828504
2156.0000     -734180.532219
2160.0000     -733431.664612
2164.0000     -733213.776859
2168.0000     -733322.037308
2172.0000     -733643.875234
2176.0000     -733813.596788
2180.0000     -734037.166204
2184.0000     -733227.621891
2188.0000     -733413.547273
2192.0000     -734089.010596
2196.0000     -733466.755397
2200.0000     -734081.639855
2204.0000     -733772.617476
2208.0000     -734135.006910
2212.0000     -733753.147539
2216.0000     -734485.584626
2220.0000     -734489.954350
2224.0000     -734580.224066
2228.0000     -733806.368850
2232.0000     -734029.510241
2236.0000     -734535.364647
2240.0000     -734182.331980
2244.0000     -733265.459071
2248.0000     -733990.230907
2252.0000     -733738.095948
2256.0000     -733737.497854
2260.0000     -733855.048151
2264.0000     -733809.980701
2268.0000     -733706.266681
2272.0000     -733555.127011
2276.0000     -734192.564822
2280.0000     -733948.580056
2284.0000     -733739.811264
2288.0000     -733401.303580
2292.0000     -733513.651352
2296.0000     -733507.381204
2300.0000     -733625.141758
2304.0000     -732859.194075
2308.0000     -733117.708491
2312.0000     -733600.537264
2316.0000     -734242.455362
2320.0000     -733665.484629
2324.0000     -733799.568485
2328.0000     -733990.851263
2332.0000     -734479.756041
2336.0000     -734217.666729
2340.0000     -734172.985871
2344.0000     -733649.536599
2348.0000     -733808.003221
2352.0000     -733842.493399
2356.0000     -733900.000174
2360.0000     -733804.002717
2364.0000     -733602.657798
2368.0000     -733288.531052
2372.0000     -733019.480947
2376.0000     -733433.217476
2380.0000     -733867.175903
2384.0000     -733692.454529
2388.0000     -733199.934406
2392.0000     -733734.284433
2396.0000     -734299.169196
2400.0000     -733504.074871
2404.0000     -733355.311746
2408.0000     -734221.861926
2412.0000     -733379.098089
2416.0000     -734156.197996
2420.0000     -733902.446618
2424.0000     -734471.194135
2428.0000     -734300.525366
2432.0000     -733663.773652
2436.0000     -734031.135148
2440.0000     -734048.624204
2444.0000     -733780.150310
2448.0000     -733602.867927
2452.0000     -732843.379127
2456.0000     -733932.801920
2460.0000     -733170.034047
2464.0000     -734451.946239
2468.0000     -734367.157961
2472.0000     -733860.665477
2476.0000     -734463.308143
2480.0000     -733565.172658
2484.0000     -734021.904306
2488.0000     -733548.647482
2492.0000     -733017.619631
2496.0000     -733601.198152
2500.0000     -733594.906196
2504.0000     -733091.127001
2508.0000     -733501.077705
2512.0000     -733636.487380
2516.0000     -733419.583433
2520.0000     -733663.979244
2524.0000     -733616.077703
2528.0000     -734693.212923
2532.0000     -734099.882950
2536.0000     -733872.879038
2540.0000     -733780.417484
2544.0000     -734177.292779
2548.0000     -733630.094475
2552.0000     -734058.785944
2556.0000     -733605.694842
2560.0000     -733275.193974
2564.0000     -734374.444511
2568.0000     -733553.970382
2572.0000     -732978.647229
2576.0000     -734801.071790
2580.0000     -733239.267088
2584.0000     -733743.090703
2588.0000     -734011.510996
2592.0000     -733685.276965
2596.0000     -733031.379477
2600.0000     -733076.007606
2604.0000     -734121.889488
2608.0000     -734187.759388
2612.0000     -732819.328743
2616.0000     -732828.390325
2620.0000     -733644.152157
2624.0000     -733700.741938
2628.0000     -734019.529855
2632.0000     -733023.975272
2636.0000     -733458.962799
2640.0000     -732729.796176
2644.0000     -733035.049697
2648.0000     -733126.789865
2652.0000     -733083.091806
2656.0000     -733694.769743
2660.0000     -733564.013296
2664.0000     -733500.298414
2668.0000     -733720.259056
2672.0000     -733322.889005
2676.0000     -733274.046176
2680.0000     -732918.027837
2684.0000     -732867.471903
2688.0000     -734305.035135
2692.0000     -733924.470164
2696.0000     -733675.720821
2700.0000     -733611.941833
2704.0000     -733429.240451
2708.0000     -732974.981789
2712.0000     -733827.361279
2716.0000     -733792.245346
2720.0000     -733584.166078
2724.0000     -733537.839399
2728.0000     -734130.048867
2732.0000     -733979.790822
2736.0000     -733997.934368
2740.0000     -733810.744994
2744.0000     -733625.282544
2748.0000     -733044.002148
2752.0000     -734285.408638
2756.0000     -733825.478091
2760.0000     -733297.612943
2764.0000     -734410.894531
2768.0000     -733555.660424
2772.0000     -733871.025795
2776.0000     -733600.693079
2780.0000     -733508.791240
2784.0000     -732468.344975
2788.0000     -733201.160727
2792.0000     -733176.187653
2796.0000     -733886.968323
2800.0000     -733336.829430
2804.0000     -733523.814857
2808.0000     -733961.896211
2812.0000     -733836.423402
2816.0000     -733628.897894
2820.0000     -733296.548420
2824.0000     -734041.982381
2828.0000     -733193.824926
2832.0000     -733563.485200
2836.0000     -733568.529970
2840.0000     -733294.421827
2844.0000     -733579.809451
2848.0000     -733239.332791
2852.0000     -733352.028198
2856.0000     -733288.547505
2860.0000     -732789.399412
2864.0000     -733599.493597
2868.0000     -733931.947566
2872.0000     -733514.671224
2876.0000     -732667.820924
2880.0000     -733951.866177
2884.0000     -733761.419491
2888.0000     -732652.051695
2892.0000     -733896.937920
2896.0000     -732930.925581
2900.0000     -733859.833023
2904.0000     -733638.802148
2908.0000     -733031.919138
2912.0000     -733453.151148
2916.0000     -733290.860127
2920.0000     -733312.788500
2924.0000     -732861.892623
2928.0000     -733674.662075
2932.0000     -734050.147903
2936.0000     -733776.253257
2940.0000     -734239.181356
2944.0000     -733325.103189
2948.0000     -733847.654711
2952.0000     -734149.926266
2956.0000     -734125.353303
2960.0000     -734030.829909
2964.0000     -735079.442135
2968.0000     -733431.584088
2972.0000     -733219.315684
2976.0000     -733217.982090
2980.0000     -733952.310354
2984.0000     -733623.730942
2988.0000     -733836.287908
2992.0000     -733596.820677
2996.0000     -733494.160505
3000.0000     -733444.303345
3004.0000     -734238.340880
3008.0000     -733781.657765
3012.0000     -734266.964711
3016.0000     -733918.381721
3020.0000     -734092.888112
3024.0000     -734242.446241
3028.0000     -734074.105412
3032.0000     -733852.993039
3036.0000     -733922.899209
3040.0000     -733048.504833
3044.0000     -733706.338681
3048.0000     -734155.481399
3052.0000     -733107.627336
3056.0000     -733824.990688
3060.0000     -734668.077161
3064.0000     -733049.351372
3068.0000     -733477.516888
3072.0000     -733985.216513
3076.0000     -733195.020216
3080.0000     -732995.065294
3084.0000     -732709.696128
3088.0000     -733089.863847
3092.0000     -733492.695846
3096.0000     -733855.641948
3100.0000     -733835.224196
3104.0000     -733918.813495
3108.0000     -733702.807165
3112.0000     -733936.939050
3116.0000     -734113.781902
3120.0000     -733593.581556
3124.0000     -733399.468704
3128.0000     -733995.298525
3132.0000     -733560.779258
3136.0000     -733704.568636
3140.0000     -732988.307237
3144.0000     -733387.417884
3148.0000     -733587.225320
3152.0000     -734128.154577
3156.0000     -733940.021647
3160.0000     -734073.952712
3164.0000     -734279.385188
3168.0000     -733631.377680
3172.0000     -733591.909801
3176.0000     -734155.137592
3180.0000     -733366.771380
3184.0000     -733634.986734
3188.0000     -733652.994761
3192.0000     -733325.452656
3196.0000     -734098.576836
3200.0000     -734020.358174
3204.0000     -734080.485508
3208.0000     -733186.424383
3212.0000     -733898.859952
3216.0000     -733577.602117
3220.0000     -733719.907629
3224.0000     -733313.937599
3228.0000     -733912.300277
3232.0000     -733462.636873
3236.0000     -733683.310391
3240.0000     -733997.425307
3244.0000     -733552.285062
3248.0000     -733952.616845
3252.0000     -734232.568283
3256.0000     -732543.619839
3260.0000     -733055.979635
3264.0000     -733918.904637
3268.0000     -734531.228503
3272.0000     -733678.350524
3276.0000     -732507.022572
3280.0000     -734341.749001
3284.0000     -734632.032504
3288.0000     -733716.350109
3292.0000     -733220.390754
3296.0000     -733295.233268
3300.0000     -733511.692755
3304.0000     -732712.254234
3308.0000     -734462.180484
3312.0000     -733051.553684
3316.0000     -733501.773879
3320.0000     -733091.305258
3324.0000     -733949.696261
3328.0000     -733307.843865
3332.0000     -733666.571663
3336.0000     -733046.708385
3340.0000     -733923.274394
3344.0000     -734004.528967
3348.0000     -733346.622696
3352.0000     -733742.950031
3356.0000     -733086.274882
3360.0000     -733586.199142
3364.0000     -733906.227773
3368.0000     -733049.351454
3372.0000     -734075.535161
3376.0000     -733473.328218
3380.0000     -733072.671713
3384.0000     -733249.357030
3388.0000     -733442.553033
3392.0000     -733377.716222
3396.0000     -733300.632048
3400.0000     -733751.842506
3404.0000     -733596.746419
3408.0000     -734092.327565
3412.0000     -733785.090233
3416.0000     -734187.096521
3420.0000     -733692.553163
3424.0000     -733426.324830
3428.0000     -733625.134767
3432.0000     -733888.651869
3436.0000     -733054.541033
3440.0000     -732886.766358
3444.0000     -733537.326271
3448.0000     -733720.307562
3452.0000     -733558.970254
3456.0000     -732960.649469
3460.0000     -733277.094705
3464.0000     -733136.290336
3468.0000     -734168.392044
3472.0000     -733930.587839
3476.0000     -733501.240295
3480.0000     -733457.862525
3484.0000     -732700.122376
3488.0000     -734258.338816
3492.0000     -734246.007314
3496.0000     -733426.496652
3500.0000     -734440.649079
3504.0000     -734604.200404
3508.0000     -733629.675855
3512.0000     -733675.847979
3516.0000     -733731.668546
3520.0000     -734195.592305
3524.0000     -733761.248117
3528.0000     -733550.100907
3532.0000     -733775.028158
3536.0000     -734064.678370
3540.0000     -733976.133628
3544.0000     -733508.313709
3548.0000     -732694.536204
3552.0000     -733641.255720
3556.0000     -733627.601140
3560.0000     -734024.985890
3564.0000     -733255.825636
3568.0000     -733213.508787
3572.0000     -733393.494423
3576.0000     -733215.838083
3580.0000     -733557.179030
3584.0000     -733858.358228
3588.0000     -733754.103231
3592.0000     -733040.174983
3596.0000     -733372.990729
3600.0000     -733065.420998
3604.0000     -734321.337164
3608.0000     -733637.651935
3612.0000     -734225.354464
3616.0000     -733466.367944
3620.0000     -733333.627105
3624.0000     -733799.745385
3628.0000     -733633.914909
3632.0000     -733894.468762
3636.0000     -734065.401963
3640.0000     -734088.691121
3644.0000     -733900.504168
3648.0000     -733684.007570
3652.0000     -733466.951981
3656.0000     -733350.770978
3660.0000     -734180.331822
3664.0000     -733288.160206
3668.0000     -733416.387898
3672.0000     -733505.843874
3676.0000     -733292.598158
3680.0000     -733307.016746
3684.0000     -733127.466886
3688.0000     -733756.877788
3692.0000     -733422.469078
3696.0000     -734247.030448
3700.0000     -734623.756751
3704.0000     -734057.998137
3708.0000     -733866.001906
3712.0000     -734633.313184
3716.0000     -734136.157995
3720.0000     -733983.997753
3724.0000     -734064.060228
3728.0000     -733924.975447
3732.0000     -734268.865201
3736.0000     -734642.695566
3740.0000     -733923.370184
3744.0000     -733305.556223
3748.0000     -733549.292583
3752.0000     -733566.894422
3756.0000     -733165.946306
3760.0000     -733558.985506
3764.0000     -734421.847522
3768.0000     -733973.803372
3772.0000     -733640.235714
3776.0000     -733522.655873
3780.0000     -734467.439916
3784.0000     -734362.152617
3788.0000     -733918.638760
3792.0000     -733883.934839
3796.0000     -733691.720537
3800.0000     -734134.112029
3804.0000     -733686.907987
3808.0000     -733437.600279
3812.0000     -733891.860347
3816.0000     -733731.746654
3820.0000     -733971.023736
3824.0000     -733499.281590
3828.0000     -733399.665125
3832.0000     -733834.986351
3836.0000     -734576.952080
3840.0000     -733699.967330
3844.0000     -733674.685563
3848.0000     -734413.393927
3852.0000     -733604.144739
3856.0000     -733443.289171
3860.0000     -733587.146874
3864.0000     -733606.191618
3868.0000     -734266.811924
3872.0000     -734435.953743
3876.0000     -733321.134522
3880.0000     -733562.772803
3884.0000     -733322.911785
3888.0000     -734756.044502
3892.0000     -733156.383413
3896.0000     -734357.152626
3900.0000     -734073.566902
3904.0000     -733560.330896
3908.0000     -734174.149170
3912.0000     -734352.733190
3916.0000     -733508.984136
3920.0000     -733786.263592
3924.0000     -732614.362977
3928.0000     -733026.742492
3932.0000     -732352.244055
3936.0000     -733495.192746
3940.0000     -733798.339604
3944.0000     -733419.830384
3948.0000     -733656.374574
3952.0000     -733121.236330
3956.0000     -732828.197292
3960.0000     -733861.575657
3964.0000     -733859.923050
3968.0000     -733521.679493
3972.0000     -734184.803235
3976.0000     -733509.223501
3980.0000     -733386.284702
3984.0000     -733481.619819
3988.0000     -733240.714897
3992.0000     -733173.298147
3996.0000     -733688.995229
4000.0000     -733718.440852
4004.0000     -733718.440852
