4.0000     -733042.328560
8.0000     -733161.374309
12.0000     -733092.342960
16.0000     -732463.810781
20.0000     -732690.876511
24.0000     -733507.374358
28.0000     -733676.536548
32.0000     -733426.326019
36.0000     -733238.658075
40.0000     -732672.845607
44.0000     -732304.221951
48.0000     -732671.257866
52.0000     -732903.190435
56.0000     -732857.688009
60.0000     -733358.179877
64.0000     -732812.581423
68.0000     -733430.402289
72.0000     -732944.792049
76.0000     -733562.618777
80.0000     -733357.656207
84.0000     -732321.658191
88.0000     -732315.545097
92.0000     -732229.948767
96.0000     -732451.584022
100.0000     -731739.889652
104.0000     -732799.469191
108.0000     -733287.947096
112.0000     -733684.672828
116.0000     -733353.918241
120.0000     -734103.444991
124.0000     -733372.108958
128.0000     -733055.029229
132.0000     -733570.188144
136.0000     -733119.367593
140.0000     -733135.045958
144.0000     -733420.172211
148.0000     -733102.777459
152.0000     -733070.298060
156.0000     -732671.059880
160.0000     -732873.331330
164.0000     -733118.610744
168.0000     -733721.401227
172.0000     -733684.537426
176.0000     -733272.853162
180.0000     -733911.254087
184.0000     -733134.712005
188.0000     -732957.748050
192.0000     -732674.983857
196.0000     -733251.105319
200.0000     -732897.236316
204.0000     -732818.030615
208.0000     -733033.687398
212.0000     -733569.379218
216.0000     -733497.688753
220.0000     -732408.623782
224.0000     -733286.965360
228.0000     -733373.264412
232.0000     -733254.831154
236.0000     -733115.016034
240.0000     -732739.407359
244.0000     -733689.463275
248.0000     -733971.220439
252.0000     -733682.867502
256.0000     -732998.613958
260.0000     -733148.720817
264.0000     -733267.315173
268.0000     -733373.729812
272.0000     -733559.526907
276.0000     -732908.271649
280.0000     -733690.947607
284.0000     -733224.644030
288.0000     -733076.362271
292.0000     -732841.984600
296.0000     -733208.924730
300.0000     -733270.898518
304.0000     -733431.058754
308.0000     -733099.707709
312.0000     -732314.042462
316.0000     -733608.499670
320.0000     -733421.624930
324.0000     -733057.892634
328.0000     -733468.413960
332.0000     -732063.446422
336.0000     -733740.705549
340.0000     -733166.508997
344.0000     -733150.962334
348.0000     -733957.406676
352.0000     -733084.442694
356.0000     -733590.505472
360.0000     -733883.640376
364.0000     -734004.429996
368.0000     -733244.444188
372.0000     -733032.936940
376.0000     -733450.101445
380.0000     -733485.320890
384.0000     -734253.083602
388.0000     -733173.404544
392.0000     -733396.566056
396.0000     -733418.755483
400.0000     -732955.444286
404.0000     -733291.507038
408.0000     -733721.943833
412.0000     -733680.031159
416.0000     -733754.258324
420.0000     -734011.705275
424.0000     -733007.371355
428.0000     -733251.841713
432.0000     -734057.629306
436.0000     -733751.641931
440.0000     -733332.487913
444.0000     -733023.176386
448.0000     -732962.656297
452.0000     -733968.053543
456.0000     -733728.156622
460.0000     -733193.807216
464.0000     -732820.531137
468.0000     -733341.438165
472.0000     -733586.719805
476.0000     -733722.949298
480.0000     -733252.366001
484.0000     -732921.683613
488.0000     -732440.887793
492.0000     -732713.967953
496.0000     -732730.771190
500.0000     -733677.537963
504.0000     -732795.444518
508.0000     -733456.690334
512.0000     -733404.940064
516.0000     -733344.045363
520.0000     -732973.604000
524.0000     -732990.926279
528.0000     -732771.220813
532.0000     -732765.155309
536.0000     -733076.035934
540.0000     -733283.257032
544.0000     -732665.411100
548.0000     -733187.647975
552.0000     -733095.712750
556.0000     -732640.542316
560.0000     -733125.487415
564.0000     -733597.893335
568.0000     -733137.124866
572.0000     -733921.073699
576.0000     -732482.259438
580.0000     -733268.973326
584.0000     -732820.943015
588.0000     -733413.427076
592.0000     -732839.808767
596.0000     -732743.078186
600.0000     -734391.529426
604.0000     -733167.768158
608.0000     -733829.230833
612.0000     -734094.064201
616.0000     -733506.589710
620.0000     -733665.141996
624.0000     -733527.027526
628.0000     -733712.016157
632.0000     -733375.086074
636.0000     -732919.279600
640.0000     -732868.213987
644.0000     -733920.109286
648.0000     -733051.331778
652.0000     -733960.212562
656.0000     -733447.044685
660.0000     -734307.721101
664.0000     -734226.831007
668.0000     -733955.033591
672.0000     -733607.509056
676.0000     -733516.854433
680.0000     -732662.082245
684.0000     -733124.267446
688.0000     -732609.879249
692.0000     -732443.367289
696.0000     -733786.494420
700.0000     -733301.852982
704.0000     -734329.705750
708.0000     -733151.592443
712.0000     -733568.654612
716.0000     -733712.473111
720.0000     -733407.111404
724.0000     -733209.145165
728.0000     -733447.651785
732.0000     -733131.548560
736.0000     -732518.629643
740.0000     -733205.744199
744.0000     -733259.954045
748.0000     -732383.438452
752.0000     -733481.204892
756.0000     -733288.543744
760.0000     -732956.542155
764.0000     -732534.635704
768.0000     -733467.913094
772.0000     -733094.031214
776.0000     -732998.455663
780.0000     -733142.444958
784.0000     -733167.924475
788.0000     -732706.757076
792.0000     -733669.059388
796.0000     -733470.593900
800.0000     -732874.701127
804.0000     -733303.633805
808.0000     -733393.854476
812.0000     -732687.508286
816.0000     -733265.198295
820.0000     -733677.931036
824.0000     -733258.737355
828.0000     -733847.088620
832.0000     -733577.560697
836.0000     -732781.374165
840.0000     -733086.389680
844.0000     -732291.110125
848.0000     -733695.345987
852.0000     -733291.725330
856.0000     -732594.908522
860.0000     -732229.190464
864.0000     -733727.250796
868.0000     -733183.678140
872.0000     -733673.837915
876.0000     -732281.233823
880.0000     -733402.190101
884.0000     -733496.782247
888.0000     -732855.148910
892.0000     -732740.040690
896.0000     -732248.040742
900.0000     -733997.824075
904.0000     -733911.171964
908.0000     -733270.382751
912.0000     -733672.457940
916.0000     -733538.134038
920.0000     -733700.623273
924.0000     -732973.554493
928.0000     -733504.817518
932.0000     -733170.944852
936.0000     -733873.955356
940.0000     -732816.738070
944.0000     -733246.957400
948.0000     -733484.513106
952.0000     -732697.133195
956.0000     -733313.728216
960.0000     -733845.870111
964.0000     -733544.444989
968.0000     -733193.723123
972.0000     -733425.450374
976.0000     -733344.205581
980.0000     -732897.908011
984.0000     -732851.202185
988.0000     -733205.474942
992.0000     -733151.712355
996.0000     -733473.848308
1000.0000     -732816.750343
1004.0000     -733328.138486
1008.0000     -733211.147324
1012.0000     -733023.187888
1016.0000     -733075.091539
1020.0000     -733195.765253
1024.0000     -733700.865538
1028.0000     -733065.956487
1032.0000     -733193.794650
1036.0000     -733263.640221
1040.0000     -734333.554834
1044.0000     -733512.363382
1048.0000     -733507.997870
1052.0000     -733366.982202
1056.0000     -734051.049538
1060.0000     -732949.655021
1064.0000     -734009.152762
1068.0000     -733878.693412
1072.0000     -733955.025355
1076.0000     -733174.320622
1080.0000     -733371.309904
1084.0000     -733099.875530
1088.0000     -732713.488461
1092.0000     -733985.047548
1096.0000     -734184.667458
1100.0000     -733714.742327
1104.0000     -732688.796536
1108.0000     -732974.165385
1112.0000     -733646.985284
1116.0000     -733757.608841
1120.0000     -733743.224328
1124.0000     -734105.718504
1128.0000     -732504.732077
1132.0000     -733761.183687
1136.0000     -733002.946856
1140.0000     -732920.591954
1144.0000     -733736.372306
1148.0000     -734249.875078
1152.0000     -734440.365558
1156.0000     -732546.319771
1160.0000     -733579.786167
1164.0000     -732968.978113
1168.0000     -733152.410079
1172.0000     -733697.544179
1176.0000     -732870.221400
1180.0000     -733332.753764
1184.0000     -733777.758003
1188.0000     -733033.617647
1192.0000     -733039.305395
1196.0000     -733896.190124
1200.0000     -732425.787277
1204.0000     -733860.542491
1208.0000     -733350.625182
1212.0000     -733068.201931
1216.0000     -733679.000617
1220.0000     -734251.210606
1224.0000     -733104.203957
1228.0000     -732391.035151
1232.0000     -733824.942006
1236.0000     -733423.498617
1240.0000     -733833.170251
1244.0000     -734293.958321
1248.0000     -732942.270661
1252.0000     -733332.512745
1256.0000     -733689.444282
1260.0000     -733803.779493
1264.0000     -732855.066482
1268.0000     -733296.312202
1272.0000     -733579.594331
1276.0000     -733118.363620
1280.0000     -733831.845795
1284.0000     -733368.561794
1288.0000     -733044.525291
1292.0000     -732707.945457
1296.0000     -733504.743902
1300.0000     -733608.502990
1304.0000     -733287.668168
1308.0000     -733994.699825
1312.0000     -733921.960730
1316.0000     -733626.575029
1320.0000     -733932.437646
1324.0000     -734260.845267
1328.0000     -733808.349456
1332.0000     -734029.683763
1336.0000     -733884.974399
1340.0000     -733780.623839
1344.0000     -734162.543837
1348.0000     -733351.996121
1352.0000     -733682.105222
1356.0000     -733642.396559
1360.0000     -733487.489342
1364.0000     -733689.240613
1368.0000     -733683.312464
1372.0000     -734202.795866
1376.0000     -733782.921386
1380.0000     -733500.324944
1384.0000     -732797.303296
1388.0000     -733261.996306
1392.0000     -733368.319612
1396.0000     -733238.259610
1400.0000     -733196.416898
1404.0000     -733349.200812
1408.0000     -733175.122201
1412.0000     -733201.863768
1416.0000     -732959.946935
1420.0000     -733419.058179
1424.0000     -733269.235353
1428.0000     -733454.002654
1432.0000     -733780.038791
1436.0000     -732661.156185
1440.0000     -733400.835600
1444.0000     -733227.757374
1448.0000     -733163.543209
1452.0000     -733974.799834
1456.0000     -733548.325511
1460.0000     -734099.838357
1464.0000     -733184.173687
1468.0000     -734006.442880
1472.0000     -733257.325641
1476.0000     -733889.412794
1480.0000     -732943.352550
1484.0000     -733145.558335
1488.0000     -733342.493089
1492.0000     -732820.691605
1496.0000     -733459.191719
1500.0000     -733124.500852
1504.0000     -732335.485573
1508.0000     -732992.153990
1512.0000     -733488.339495
1516.0000     -732977.692857
1520.0000     -733494.654474
1524.0000     -733341.771862
1528.0000     -733333.579443
1532.0000     -733629.795297
1536.0000     -734139.913777
1540.0000     -733368.610081
1544.0000     -734193.341536
1548.0000     -733808.480274
1552.0000     -733302.345551
1556.0000     -733869.858602
1560.0000     -733001.170418
1564.0000     -732994.798872
1568.0000     -733616.368444
1572.0000     -733983.194204
1576.0000     -733628.078485
1580.0000     -734162.392799
1584.0000     -733388.408030
1588.0000     -733503.488268
1592.0000     -732833.696718
1596.0000     -733110.144257
1600.0000     -733246.989066
1604.0000     -733451.272741
1608.0000     -733150.183211
1612.0000     -733774.234903
1616.0000     -733701.946397
1620.0000     -734311.183104
1624.0000     -734409.561858
1628.0000     -733925.517141
1632.0000     -733300.252156
1636.0000     -733643.747062
1640.0000     -733400.144391
1644.0000     -733167.815884
1648.0000     -733491.669872
1652.0000     -733746.858027
1656.0000     -733698.845584
1660.0000     -733033.994976
1664.0000     -733083.071461
1668.0000     -734197.665225
1672.0000     -734298.451934
1676.0000     -733768.641767
1680.0000     -733359.099273
1684.0000     -734698.580112
1688.0000     -733655.642428
1692.0000     -732845.285081
1696.0000     -733465.432369
1700.0000     -733225.488595
1704.0000     -733750.703678
1708.0000     -733776.016185
1712.0000     -733531.656337
1716.0000     -733461.477125
1720.0000     -733195.876917
1724.0000     -733786.703918
1728.0000     -733375.414894
1732.0000     -733703.398555
1736.0000     -734122.155523
1740.0000     -733688.829970
1744.0000     -733191.675693
1748.0000     -732745.103538
1752.0000     -734174.660285
1756.0000     -732945.406393
1760.0000     -733581.486628
1764.0000     -733382.523587
1768.0000     -733501.549660
1772.0000     -734194.741796
1776.0000     -733364.590780
1780.0000     -733135.310720
1784.0000     -733091.985399
1788.0000     -733142.852830
1792.0000     -733934.583818
1796.0000     -733050.011901
1800.0000     -733487.710328
1804.0000     -733444.297361
1808.0000     -733971.085072
1812.0000     -733070.015932
1816.0000     -733764.091997
1820.0000     -733338.214644
1824.0000     -733607.186175
1828.0000     -733151.040983
1832.0000     -733835.867691
1836.0000     -734368.990424
1840.0000     -733799.394151
1844.0000     -734476.664552
1848.0000     -733580.646960
1852.0000     -733864.452949
1856.0000     -733247.281576
1860.0000     -733986.426844
1864.0000     -734293.082537
1868.0000     -733625.057009
1872.0000     -733071.076020
1876.0000     -733989.688016
1880.0000     -734194.457826
1884.0000     -733074.815538
1888.0000     -734209.701783
1892.0000     -733947.268046
1896.0000     -733439.091679
1900.0000     -733732.658957
1904.0000     -734321.935059
1908.0000     -733846.762669
1912.0000     -733801.713841
1916.0000     -733816.410816
1920.0000     -733939.759961
1924.0000     -733599.554256
1928.0000     -733526.461497
1932.0000     -733996.822219
1936.0000     -733172.986200
1940.0000     -733648.097972
1944.0000     -733775.432222
1948.0000     -733441.066174
1952.0000     -732897.199969
1956.0000     -733878.437536
1960.0000     -732512.446608
1964.0000     -733787.553771
1968.0000     -732893.435081
1972.0000     -733793.249510
1976.0000     -733992.159728
1980.0000     -734477.250663
1984.0000     -734546.309758
1988.0000     -733201.526339
1992.0000     -733668.997059
1996.0000     -733787.354579
2000.0000     -734226.814992
2004.0000     -732725.547181
2008.0000     -733749.864195
2012.0000     -733824.583223
2016.0000     -734309.483001
2020.0000     -733467.262747
2024.0000     -734215.430616
2028.0000     -733554.066715
2032.0000     -733213.658144
2036.0000     -734383.392167
2040.0000     -734029.392454
2044.0000     -734218.800942
2048.0000     -733541.652020
2052.0000     -733387.207197
2056.0000     -733947.859770
2060.0000     -734273.442242
2064.0000     -734099.427663
2068.0000     -734262.656603
2072.0000     -733827.952481
2076.0000     -733482.834298
2080.0000     -733985.300663
2084.0000     -733124.822941
2088.0000     -733926.173044
2092.0000     -732943.180552
2096.0000     -733315.568886
2100.0000     -733296.540320
2104.0000     -734206.505974
2108.0000     -733825.672046
2112.0000     -733869.084224
2116.0000     -734076.291894
2120.0000     -732625.876265
2124.0000     -733187.165683
2128.0000     -733003.361858
2132.0000     -733306.422913
2136.0000     -732902.188082
2140.0000     -733712.699424
2144.0000     -734111.585918
2148.0000     -733833.708190
2152.0000     -732773.975727
2156.0000     -733528.666235
2160.0000     -734597.966560
2164.0000     -733839.177690
2168.0000     -733045.702699
2172.0000     -733285.125816
2176.0000     -733124.939470
2180.0000     -732756.619781
2184.0000     -733703.279889
2188.0000     -733755.489033
2192.0000     -733658.505556
2196.0000     -733140.570174
2200.0000     -733296.063625
2204.0000     -734481.104049
2208.0000     -733838.526959
2212.0000     -734163.801214
2216.0000     -734238.305863
2220.0000     -732960.041737
2224.0000     -733249.207858
2228.0000     -733337.595570
2232.0000     -733466.580327
2236.0000     -732929.055099
2240.0000     -733571.264864
2244.0000     -733414.403036
2248.0000     -732780.997996
2252.0000     -734394.479099
2256.0000     -734296.178672
2260.0000     -733661.345677
2264.0000     -732990.671771
2268.0000     -733814.191149
2272.0000     -733091.602090
2276.0000     -733802.506807
2280.0000     -732968.925965
2284.0000     -733591.484762
2288.0000     -732993.801064
2292.0000     -733343.851730
2296.0000     -733662.227034
2300.0000     -733687.598793
2304.0000     -734205.024906
2308.0000     -733345.890106
2312.0000     -733153.753281
2316.0000     -732954.634561
2320.0000     -734352.597837
2324.0000     -733871.899543
2328.0000     -733705.269907
2332.0000     -733675.172697
2336.0000     -734352.986895
2340.0000     -733719.329760
2344.0000     -734568.128694
2348.0000     -734215.250478
2352.0000     -733622.138985
2356.0000     -733248.212231
2360.0000     -733809.152458
2364.0000     -733129.234669
2368.0000     -733998.678143
2372.0000     -733680.020867
2376.0000     -734376.877408
2380.0000     -733469.347420
2384.0000     -734084.891760
2388.0000     -733894.283728
2392.0000     -733703.853003
2396.0000     -733695.536636
2400.0000     -734172.922067
2404.0000     -734108.424743
2408.0000     -734018.248441
2412.0000     -734148.954204
2416.0000     -734140.091661
2420.0000     -734088.235351
2424.0000     -733710.411655
2428.0000     -734141.966722
2432.0000     -734245.252448
2436.0000     -733174.675331
2440.0000     -733325.011971
2444.0000     -733391.978528
2448.0000     -733552.804724
2452.0000     -734205.245287
2456.0000     -733590.596586
2460.0000     -733023.186594
2464.0000     -733493.298950
2468.0000     -733266.932236
2472.0000     -732890.418262
2476.0000     -732969.296655
2480.0000     -733258.035188
2484.0000     -733565.721339
2488.0000     -733813.119817
2492.0000     -733512.577064
2496.0000     -733368.364857
2500.0000     -732852.063094
2504.0000     -733330.541342
2508.0000     -732816.619338
2512.0000     -733957.005649
2516.0000     -733620.459234
2520.0000     -732606.754116
2524.0000     -733411.128807
2528.0000     -732322.058058
2532.0000     -733533.970935
2536.0000     -732647.825280
2540.0000     -733333.331934
2544.0000     -732669.384680
2548.0000     -733164.280138
2552.0000     -732531.750981
2556.0000     -733552.121564
2560.0000     -732836.228931
2564.0000     -733340.311329
2568.0000     -734137.177697
2572.0000     -733916.584586
2576.0000     -733654.526750
2580.0000     -733462.766549
2584.0000     -733813.786648
2588.0000     -734256.489441
2592.0000     -733248.194590
2596.0000     -733831.177517
2600.0000     -733181.630399
2604.0000     -733672.374015
2608.0000     -732811.057635
2612.0000     -733932.915154
2616.0000     -733751.415958
2620.0000     -733958.498705
2624.0000     -732182.550208
2628.0000     -733137.491691
2632.0000     -733428.659071
2636.0000     -732747.699598
2640.0000     -732769.824093
2644.0000     -733024.499624
2648.0000     -732711.913631
2652.0000     -733310.093559
2656.0000     -734073.772356
2660.0000     -733699.465209
2664.0000     -732837.403469
2668.0000     -733589.779971
2672.0000     -733137.010846
2676.0000     -733729.864247
2680.0000     -734346.991090
2684.0000     -733453.714990
2688.0000     -734147.369236
2692.0000     -733842.785971
2696.0000     -733469.299275
2700.0000     -734283.937228
2704.0000     -733882.607696
2708.0000     -734201.838028
2712.0000     -733237.107853
2716.0000     -733659.024503
2720.0000     -733436.741560
2724.0000     -733913.494848
2728.0000     -733692.408101
2732.0000     -733172.802396
2736.0000     -733150.031637
2740.0000     -733862.626974
2744.0000     -733296.190492
2748.0000     -733002.038365
2752.0000     -733535.177988
2756.0000     -733487.880576
2760.0000     -733900.611245
2764.0000     -733741.162914
2768.0000     -733947.750628
2772.0000     -733386.515949
2776.0000     -734075.050641
2780.0000     -734248.060678
2784.0000     -733300.706673
2788.0000     -733515.778747
2792.0000     -734322.849948
2796.0000     -733752.919887
2800.0000     -733748.490756
2804.0000     -733147.183475
2808.0000     -733795.654434
2812.0000     -733786.294238
2816.0000     -732755.254896
2820.0000     -733461.291868
2824.0000     -733522.684523
2828.0000     -733037.450242
2832.0000     -733438.706894
2836.0000     -733434.426233
2840.0000     -733329.862079
2844.0000     -733160.995230
2848.0000     -734124.518311
2852.0000     -733679.234282
2856.0000     -733431.151610
2860.0000     -732782.072399
2864.0000     -733050.564926
2868.0000     -733942.452681
2872.0000     -734128.630222
2876.0000     -733478.468298
2880.0000     -733474.420423
2884.0000     -733429.156323
2888.0000     -733704.095851
2892.0000     -732976.109208
2896.0000     -733226.111228
2900.0000     -733900.023534
2904.0000     -733225.593028
2908.0000     -733188.533544
2912.0000     -734039.095247
2916.0000     -732989.173665
2920.0000     -732603.138522
2924.0000     -733420.596803
2928.0000     -733364.271145
2932.0000     -732958.876853
2936.0000     -732932.694253
2940.0000     -732654.855103
2944.0000     -733282.089849
2948.0000     -732940.495335
2952.0000     -733406.504379
2956.0000     -733272.025612
2960.0000     -734129.135252
2964.0000     -733197.683374
2968.0000     -733518.631005
2972.0000     -733532.437526
2976.0000     -733329.559387
2980.0000     -733465.596872
2984.0000     -733332.907509
2988.0000     -734065.920097
2992.0000     -733657.422731
2996.0000     -733719.064293
3000.0000     -732586.945166
3004.0000     -733602.686950
3008.0000     -733525.856413
3012.0000     -733754.027534
3016.0000     -732873.338501
3020.0000     -733307.415921
3024.0000     -733438.174476
3028.0000     -732747.682196
3032.0000     -733698.306940
3036.0000     -733342.193511
3040.0000     -733181.179052
3044.0000     -733541.873904
3048.0000     -733647.797194
3052.0000     -733515.941498
3056.0000     -733112.081088
3060.0000     -733856.566848
3064.0000     -733454.118676
3068.0000     -732988.984612
3072.0000     -733460.802835
3076.0000     -733932.176288
3080.0000     -733382.985211
3084.0000     -733337.375768
3088.0000     -733753.957042
3092.0000     -732975.240791
3096.0000     -733580.258527
3100.0000     -733161.634996
3104.0000     -732980.920233
3108.0000     -733730.126656
3112.0000     -734116.636268
3116.0000     -734215.942215
3120.0000     -733343.681194
3124.0000     -734013.362713
3128.0000     -734011.933703
3132.0000     -733765.576547
3136.0000     -733269.173161
3140.0000     -733112.599435
3144.0000     -733159.743739
3148.0000     -733031.960612
3152.0000     -733898.015516
3156.0000     -733283.416679
3160.0000     -733511.835760
3164.0000     -733968.870559
3168.0000     -734067.037064
3172.0000     -733743.109948
3176.0000     -732993.886166
3180.0000     -733189.508837
3184.0000     -733755.015846
3188.0000     -733518.429206
3192.0000     -734440.631553
3196.0000     -733456.975972
3200.0000     -732917.135412
3204.0000     -733635.690924
3208.0000     -733456.031490
3212.0000     -733213.602451
3216.0000     -732723.095403
3220.0000     -734848.848596
3224.0000     -733628.651801
3228.0000     -733843.181667
3232.0000     -733732.836359
3236.0000     -733540.675916
3240.0000     -732867.545341
3244.0000     -734017.791100
3248.0000     -732881.369662
3252.0000     -733814.756899
3256.0000     -733856.273138
3260.0000     -733430.739618
3264.0000     -733211.566953
3268.0000     -733235.886456
3272.0000     -733785.028965
3276.0000     -733825.684068
3280.0000     -733475.474079
3284.0000     -734158.437758
3288.0000     -733351.350397
3292.0000     -733018.143714
3296.0000     -733313.675841
3300.0000     -734026.669103
3304.0000     -733685.996588
3308.0000     -733753.211535
3312.0000     -733019.550421
3316.0000     -733046.518341
3320.0000     -733864.963015
3324.0000     -733717.069606
3328.0000     -733752.599724
3332.0000     -734363.382884
3336.0000     -733484.341992
3340.0000     -734043.856130
3344.0000     -733353.549808
3348.0000     -733403.123463
3352.0000     -733291.016517
3356.0000     -734654.307010
3360.0000     -734332.983417
3364.0000     -733923.538178
3368.0000     -733047.235465
3372.0000     -733942.422728
3376.0000     -733154.740574
3380.0000     -733795.507239
3384.0000     -733622.755963
3388.0000     -733860.897066
3392.0000     -734125.703944
3396.0000     -732712.682484
3400.0000     -733183.765047
3404.0000     -733160.883247
3408.0000     -733301.289490
3412.0000     -732991.341312
3416.0000     -733833.291623
3420.0000     -733286.688851
3424.0000     -733663.392311
3428.0000     -734097.213035
3432.0000     -733162.973438
3436.0000     -733422.784584
3440.0000     -733519.336462
3444.0000     -733414.014559
3448.0000     -734223.569887
3452.0000     -733094.168283
3456.0000     -733880.501525
3460.0000     -733093.749807
3464.0000     -735018.606184
3468.0000     -734209.244192
3472.0000     -733859.644978
3476.0000     -733692.235675
3480.0000     -733518.139895
3484.0000     -733880.972215
3488.0000     -733237.011105
3492.0000     -733650.806406
3496.0000     -733814.640957
3500.0000     -733282.039816
3504.0000     -733066.601723
3508.0000     -733816.630009
3512.0000     -734073.089643
3516.0000     -733604.635972
3520.0000     -733825.513838
3524.0000     -733401.740890
3528.0000     -733527.481831
3532.0000     -733469.093247
3536.0000     -733721.180700
3540.0000     -733721.870613
3544.0000     -733596.618284
3548.0000     -733727.272516
3552.0000     -733479.882011
3556.0000     -733763.931991
3560.0000     -733304.921101
3564.0000     -734553.048179
3568.0000     -733415.806409
3572.0000     -733877.874520
3576.0000     -733291.452103
3580.0000     -732961.423058
3584.0000     -733084.750550
3588.0000     -733038.966594
3592.0000     -733074.750250
3596.0000     -732491.843233
3600.0000     -733446.425243
3604.0000     -733522.698579
3608.0000     -733585.212658
3612.0000     -732964.874349
3616.0000     -733751.195560
3620.0000     -733099.526202
3624.0000     -733947.918641
3628.0000     -733720.095290
3632.0000     -733267.662979
3636.0000     -733408.852200
3640.0000     -733336.337605
3644.0000     -733724.509935
3648.0000     -733508.099766
3652.0000     -733249.354607
3656.0000     -732752.093607
3660.0000     -733333.082038
3664.0000     -733574.463988
3668.0000     -733620.449607
3672.0000     -733980.181932
3676.0000     -733921.546817
3680.0000     -734001.268380
3684.0000     -733387.495396
3688.0000     -733229.055464
3692.0000     -734226.932162
3696.0000     -734631.788860
3700.0000     -733527.163847
3704.0000     -733978.482370
3708.0000     -733638.437860
3712.0000     -732867.269592
3716.0000     -733837.099129
3720.0000     -733474.120471
3724.0000     -733478.921729
3728.0000     -733941.918600
3732.0000     -733677.827957
3736.0000     -734062.973382
3740.0000     -733067.594922
3744.0000     -733278.531228
3748.0000     -733309.131738
3752.0000     -734293.133195
3756.0000     -734062.141047
3760.0000     -734525.069666
3764.0000     -734163.723534
3768.0000     -733810.268406
3772.0000     -733824.869012
3776.0000     -733880.886838
3780.0000     -732777.711112
3784.0000     -733793.969421
3788.0000     -733195.618051
3792.0000     -733627.879488
3796.0000     -733603.010488
3800.0000     -733527.945767
3804.0000     -733601.416384
3808.0000     -733689.324812
3812.0000     -733710.148332
3816.0000     -732862.467584
3820.0000     -733695.072152
3824.0000     -734003.778692
3828.0000     -733577.932764
3832.0000     -732828.567709
3836.0000     -733324.016081
3840.0000     -732643.440087
3844.0000     -733746.525925
3848.0000     -733659.721256
3852.0000     -733154.304579
3856.0000     -734194.790332
3860.0000     -733545.689965
3864.0000     -732986.939194
3868.0000     -733545.692419
3872.0000     -732988.236425
3876.0000     -733171.322138
3880.0000     -732940.205020
3884.0000     -733677.893870
3888.0000     -733363.209671
3892.0000     -733438.488088
3896.0000     -734102.934549
3900.0000     -733430.517994
3904.0000     -734003.317051
3908.0000     -733395.300858
3912.0000     -733565.362480
3916.0000     -734350.634609
3920.0000     -733531.844412
3924.0000     -733792.298681
3928.0000     -734152.926962
3932.0000     -734194.686717
3936.0000     -733677.432120
3940.0000     -732820.171207
3944.0000     -733085.989072
3948.0000     -733221.737690
3952.0000     -733436.817609
3956.0000     -733652.332165
3960.0000     -733496.340569
3964.0000     -733656.626898
3968.0000     -733164.045518
3972.0000     -733755.851750
3976.0000     -733110.630901
3980.0000     -733066.705756
3984.0000     -733593.000792
3988.0000     -733671.760277
3992.0000     -733494.464008
3996.0000     -733296.853706
4000.0000     -733575.716711
4004.0000     -733575.716711
