4.0000     -732494.349533
8.0000     -733905.661633
12.0000     -733109.624212
16.0000     -733165.490071
20.0000     -734201.547348
24.0000     -733424.495732
28.0000     -732984.968927
32.0000     -733482.167875
36.0000     -732191.663042
40.0000     -733550.246703
44.0000     -733054.192943
48.0000     -733129.972045
52.0000     -732914.614386
56.0000     -733453.781945
60.0000     -733305.586933
64.0000     -733384.012998
68.0000     -732704.904174
72.0000     -732867.906577
76.0000     -732973.225381
80.0000     -732721.181356
84.0000     -734414.835612
88.0000     -733562.523271
92.0000     -733336.627753
96.0000     -732912.873838
100.0000     -733081.243524
104.0000     -732596.750773
108.0000     -733121.315374
112.0000     -733037.278900
116.0000     -733234.289039
120.0000     -733510.556006
124.0000     -732662.394137
128.0000     -734289.537104
132.0000     -733766.497999
136.0000     -732800.971669
140.0000     -733709.386447
144.0000     -733520.497542
148.0000     -733824.839077
152.0000     -733270.359634
156.0000     -733163.173943
160.0000     -733320.683385
164.0000     -733626.326195
168.0000     -733707.508589
172.0000     -734035.530195
176.0000     -734134.567426
180.0000     -733752.245271
184.0000     -733222.180010
188.0000     -732936.830775
192.0000     -733372.019773
196.0000     -733805.477056
200.0000     -733286.403738
204.0000     -733382.205974
208.0000     -733490.760438
212.0000     -733050.783205
216.0000     -733043.901413
220.0000     -733701.480268
224.0000     -733845.811191
228.0000     -733181.892731
232.0000     -733098.086698
236.0000     -733927.177024
240.0000     -732809.084620
244.0000     -732833.987566
248.0000     -733213.234503
252.0000     -733061.858768
256.0000     -733426.015644
260.0000     -732805.274374
264.0000     -733292.557790
268.0000     -733424.457418
272.0000     -733348.942056
276.0000     -733494.432944
280.0000     -733224.599199
284.0000     -732576.909649
288.0000     -733220.756271
292.0000     -733706.521865
296.0000     -733438.751955
300.0000     -733073.432016
304.0000     -733066.678088
308.0000     -732475.021689
312.0000     -733517.780360
316.0000     -733201.012141
320.0000     -733198.342897
324.0000     -732886.203124
328.0000     -733672.573973
332.0000     -733900.513062
336.0000     -733482.297582
340.0000     -733676.913605
344.0000     -733550.219290
348.0000     -734180.464718
352.0000     -733214.956296
356.0000     -732693.080608
360.0000     -733839.956598
364.0000     -733827.571751
368.0000     -732868.862464
372.0000     -733797.889762
376.0000     -733353.682059
380.0000     -733233.235122
384.0000     -733658.930961
388.0000     -733291.128614
392.0000     -732744.970949
396.0000     -733444.643857
400.0000     -733184.145110
404.0000     -733170.044295
408.0000     -733539.762571
412.0000     -734074.286612
416.0000     -733314.888608
420.0000     -733679.087501
424.0000     -733464.127561
428.0000     -734324.382993
432.0000     -733924.166892
436.0000     -733038.253062
440.0000     -732910.401690
444.0000     -733194.784384
448.0000     -733389.285137
452.0000     -733304.343283
456.0000     -733874.398744
460.0000     -733603.084087
464.0000     -733473.467269
468.0000     -733195.192001
472.0000     -733268.586562
476.0000     -733403.448037
480.0000     -733659.315512
484.0000     -733212.452205
488.0000     -733287.983207
492.0000     -733909.964547
496.0000     -734219.274846
500.0000     -734442.942752
504.0000     -734078.029293
508.0000     -733206.712358
512.0000     -733278.316159
516.0000     -733495.168097
520.0000     -732898.579239
524.0000     -733560.686289
528.0000     -733409.666729
532.0000     -733142.678327
536.0000     -733361.617810
540.0000     -733777.025411
544.0000     -733248.290710
548.0000     -733671.648404
552.0000     -733194.211967
556.0000     -733619.770129
560.0000     -734022.038249
564.0000     -733336.264966
568.0000     -732827.113911
572.0000     -734018.206605
576.0000     -733553.778637
580.0000     -733989.466290
584.0000     -733599.447512
588.0000     -734107.970713
592.0000     -733851.314825
596.0000     -733808.516071
600.0000     -733068.015039
604.0000     -732947.953143
608.0000     -733345.223531
612.0000     -732664.399443
616.0000     -733730.391812
620.0000     -733866.727518
624.0000     -732929.292411
628.0000     -733464.369203
632.0000     -734126.137545
636.0000     -733943.309402
640.0000     -733673.362629
644.0000     -734004.657894
648.0000     -734153.276648
652.0000     -733456.281867
656.0000     -733434.094436
660.0000     -733520.729334
664.0000     -734197.525491
668.0000     -733459.229753
672.0000     -734167.060013
676.0000     -733937.791455
680.0000     -733366.316704
684.0000     -734061.764687
688.0000     -732643.590248
692.0000     -733296.511608
696.0000     -733720.200501
700.0000     -733383.443115
704.0000     -733199.161943
708.0000     -734681.627355
712.0000     -734132.964226
716.0000     -734300.688848
720.0000     -733629.043490
724.0000     -733659.821683
728.0000     -733691.428883
732.0000     -733189.512276
736.0000     -732821.727771
740.0000     -732902.446567
744.0000     -733424.074575
748.0000     -733960.130588
752.0000     -733465.419161
756.0000     -734050.613461
760.0000     -733260.840709
764.0000     -733437.839663
768.0000     -733219.280793
772.0000     -732937.178916
776.0000     -733762.224389
780.0000     -733233.282997
784.0000     -733909.613177
788.0000     -733336.600839
792.0000     -734028.399527
796.0000     -733042.137842
800.0000     -733577.402995
804.0000     -733462.062665
808.0000     -733270.840013
812.0000     -733417.514073
816.0000     -734476.109551
820.0000     -733507.213080
824.0000     -733816.388824
828.0000     -733138.138429
832.0000     -733706.682582
836.0000     -733986.338340
840.0000     -733800.102946
844.0000     -734156.102391
848.0000     -733425.651232
852.0000     -734020.713831
856.0000     -733775.939180
860.0000     -733171.319806
864.0000     -733914.175779
868.0000     -732992.487685
872.0000     -733472.942710
876.0000     -732838.554653
880.0000     -733868.789181
884.0000     -733543.415751
888.0000     -733615.147748
892.0000     -733965.421831
896.0000     -734303.340074
900.0000     -733589.380099
904.0000     -732880.026012
908.0000     -734240.175685
912.0000     -733176.501250
916.0000     -733333.790556
920.0000     -732794.344906
924.0000     -733337.533012
928.0000     -733620.955845
932.0000     -733724.812686
936.0000     -733075.600135
940.0000     -733005.788609
944.0000     -734234.042302
948.0000     -733228.232288
952.0000     -733079.986164
956.0000     -732913.347841
960.0000     -733757.623910
964.0000     -733345.675298
968.0000     -733892.581287
972.0000     -732920.739472
976.0000     -733719.274792
980.0000     -733095.346864
984.0000     -732828.024050
988.0000     -733632.551391
992.0000     -733125.690577
996.0000     -733139.963437
1000.0000     -732820.461597
1004.0000     -733167.014424
1008.0000     -733305.722258
1012.0000     -733675.831825
1016.0000     -733227.766614
1020.0000     -732748.853269
1024.0000     -733385.127838
1028.0000     -733265.070260
1032.0000     -733712.097323
1036.0000     -733559.349938
1040.0000     -733859.478789
1044.0000     -734007.375587
1048.0000     -733256.141837
1052.0000     -733620.979783
1056.0000     -733081.247338
1060.0000     -733311.225387
1064.0000     -733994.772352
1068.0000     -734414.762955
1072.0000     -733656.885460
1076.0000     -734311.390236
1080.0000     -733574.421749
1084.0000     -733408.060475
1088.0000     -733624.281455
1092.0000     -733159.847631
1096.0000     -734149.837908
1100.0000     -733824.702269
1104.0000     -734104.092964
1108.0000     -734058.870619
1112.0000     -733251.220417
1116.0000     -734219.092494
1120.0000     -733908.167279
1124.0000     -733462.019397
1128.0000     -732937.070557
1132.0000     -733481.814551
1136.0000     -733640.601352
1140.0000     -733641.682781
1144.0000     -732843.260224
1148.0000     -733017.659110
1152.0000     -732814.130354
1156.0000     -732877.915243
1160.0000     -732910.078248
1164.0000     -732790.210583
1168.0000     -733508.134315
1172.0000     -733150.348721
1176.0000     -733394.275821
1180.0000     -732872.139831
1184.0000     -734350.757860
1188.0000     -732824.150883
1192.0000     -733056.836286
1196.0000     -734352.706213
1200.0000     -734248.198019
1204.0000     -734154.038953
1208.0000     -734429.724349
1212.0000     -733902.082161
1216.0000     -733808.513338
1220.0000     -733969.651741
1224.0000     -734269.838816
1228.0000     -734161.803219
1232.0000     -733572.885843
1236.0000     -734201.974570
1240.0000     -734283.724054
1244.0000     -733479.950998
1248.0000     -733826.186556
1252.0000     -733450.587572
1256.0000     -733131.372987
1260.0000     -733487.240659
1264.0000     -733609.212090
1268.0000     -732643.070435
1272.0000     -732858.104694
1276.0000     -733369.220769
1280.0000     -733411.958751
1284.0000     -733618.195546
1288.0000     -732951.107004
1292.0000     -733760.542988
1296.0000     -733918.505340
1300.0000     -732795.909687
1304.0000     -733976.262904
1308.0000     -733532.978869
1312.0000     -733649.258942
1316.0000     -733469.976354
1320.0000     -734513.266043
1324.0000     -734054.346576
1328.0000     -733859.508312
1332.0000     -733785.501889
1336.0000     -732870.045836
1340.0000     -733132.016035
1344.0000     -734031.480764
1348.0000     -733184.230587
1352.0000     -733939.527854
1356.0000     -733062.747200
1360.0000     -734004.642333
1364.0000     -733791.509085
1368.0000     -732783.739472
1372.0000     -734064.405011
1376.0000     -733520.621017
1380.0000     -734540.669086
1384.0000     -733568.312898
1388.0000     -733123.591439
1392.0000     -733649.657859
1396.0000     -733922.858074
1400.0000     -733238.804615
1404.0000     -733553.966988
1408.0000     -733863.297840
1412.0000     -733820.254852
1416.0000     -733871.588832
1420.0000     -733444.696567
1424.0000     -733826.591607
1428.0000     -734133.501119
1432.0000     -733591.004985
1436.0000     -733750.276502
1440.0000     -733475.732115
1444.0000     -733483.770688
1448.0000     -734291.932957
1452.0000     -734029.199265
1456.0000     -733249.055306
1460.0000     -733287.925995
1464.0000     -733708.398084
1468.0000     -733423.190097
1472.0000     -733782.715274
1476.0000     -733815.530860
1480.0000     -733009.908466
1484.0000     -733429.140683
1488.0000     -733243.264166
1492.0000     -733502.669523
1496.0000     -733544.695197
1500.0000     -733020.602125
1504.0000     -733389.128102
1508.0000     -734027.568029
1512.0000     -733426.974104
1516.0000     -733692.104831
1520.0000     -733558.357877
1524.0000     -733517.909267
1528.0000     -733323.299332
1532.0000     -733158.500739
1536.0000     -733628.850317
1540.0000     -733600.180825
1544.0000     -733328.686935
1548.0000     -734288.968658
1552.0000     -732940.078867
1556.0000     -733228.676591
1560.0000     -733469.352921
1564.0000     -733665.084368
1568.0000     -733863.555660
1572.0000     -733683.612541
1576.0000     -734359.178346
1580.0000     -733672.570707
1584.0000     -733535.060470
1588.0000     -734048.998264
1592.0000     -734056.235319
1596.0000     -733545.575840
1600.0000     -733800.476687
1604.0000     -733790.199995
1608.0000     -733606.800264
1612.0000     -734654.781813
1616.0000     -733285.834224
1620.0000     -734444.360007
1624.0000     -733652.941346
1628.0000     -733898.818842
1632.0000     -733629.935625
1636.0000     -733336.218234
1640.0000     -733842.452095
1644.0000     -734111.787403
1648.0000     -733664.233165
1652.0000     -733876.060809
1656.0000     -733456.099319
1660.0000     -734155.638363
1664.0000     -733426.635736
1668.0000     -733277.671547
1672.0000     -733589.955597
1676.0000     -733809.653092
1680.0000     -733423.278470
1684.0000     -734083.226652
1688.0000     -733512.977057
1692.0000     -733598.297002
1696.0000     -733876.245400
1700.0000     -733449.417613
1704.0000     -734346.071766
1708.0000     -734418.702012
1712.0000     -734140.274040
1716.0000     -733110.964411
1720.0000     -733734.983121
1724.0000     -733749.503514
1728.0000     -733831.777862
1732.0000     -733120.375308
1736.0000     -733708.854060
1740.0000     -734021.489205
1744.0000     -734018.935032
1748.0000     -733405.207941
1752.0000     -734366.504609
1756.0000     -734096.617407
1760.0000     -733780.459034
1764.0000     -733902.446196
1768.0000     -733694.840180
1772.0000     -733535.074512
1776.0000     -734327.434481
1780.0000     -732865.931105
1784.0000     -733647.152046
1788.0000     -733685.675397
1792.0000     -732518.551978
1796.0000     -733392.276324
1800.0000     -733064.151490
1804.0000     -733792.958651
1808.0000     -733926.953603
1812.0000     -733657.104474
1816.0000     -734623.773034
1820.0000     -733482.450530
1824.0000     -732334.258764
1828.0000     -734092.697889
1832.0000     -733095.405558
1836.0000     -733734.344478
1840.0000     -733890.317003
1844.0000     -733344.464697
1848.0000     -734113.407233
1852.0000     -734394.598599
1856.0000     -733271.542156
1860.0000     -733925.396464
1864.0000     -733608.233481
1868.0000     -733829.728120
1872.0000     -733529.713650
1876.0000     -733890.127103
1880.0000     -733862.269117
1884.0000     -734330.521668
1888.0000     -734497.350513
1892.0000     -734064.154634
1896.0000     -733842.228977
1900.0000     -733997.422725
1904.0000     -733932.709152
1908.0000     -734569.666957
1912.0000     -733497.245874
1916.0000     -732998.635186
1920.0000     -734084.520575
1924.0000     -733813.503869
1928.0000     -733934.772641
1932.0000     -733487.452652
1936.0000     -734438.103268
1940.0000     -733592.195316
1944.0000     -733848.748218
1948.0000     -733887.592120
1952.0000     -733542.716709
1956.0000     -733878.705912
1960.0000     -734083.773209
1964.0000     -733794.623084
1968.0000     -733269.871357
1972.0000     -733854.337086
1976.0000     -733597.637476
1980.0000     -733093.957949
1984.0000     -734375.914080
1988.0000     -733559.521183
1992.0000     -734131.140110
1996.0000     -733580.470524
2000.0000     -733443.784863
2004.0000     -733693.462296
2008.0000     -734228.826586
2012.0000     -733983.247057
2016.0000     -733682.560372
2020.0000     -734146.254450
2024.0000     -733890.413459
2028.0000     -734710.246594
2032.0000     -733991.668442
2036.0000     -734160.669035
2040.0000     -734237.132196
2044.0000     -733462.323957
2048.0000     -733735.428770
2052.0000     -733372.170554
2056.0000     -733736.203752
2060.0000     -733748.046249
2064.0000     -734231.452233
2068.0000     -733448.413818
2072.0000     -733181.005683
2076.0000     -734392.551510
2080.0000     -733714.325023
2084.0000     -733692.820585
2088.0000     -734538.745020
2092.0000     -733799.492574
2096.0000     -734571.807130
2100.0000     -734238.680223
2104.0000     -734701.808859
2108.0000     -733379.255833
2112.0000     -734224.026924
2116.0000     -733575.717180
2120.0000     -733677.859546
2124.0000     -733521.633025
2128.0000     -734004.648955
2132.0000     -732934.095376
2136.0000     -733503.289796
2140.0000     -734540.112262
2144.0000     -733819.284786
2148.0000     -733844.409913
2152.0000     -734209.822566
2156.0000     -732655.212382
2160.0000     -733921.110654
2164.0000     -733375.647050
2168.0000     -733812.520556
2172.0000     -734299.654994
2176.0000     -734222.617610
2180.0000     -733725.844144
2184.0000     -733423.893162
2188.0000     -733396.645442
2192.0000     -733921.091484
2196.0000     -733080.385552
2200.0000     -733959.885282
2204.0000     -734376.069862
2208.0000     -733561.864978
2212.0000     -734069.811374
2216.0000     -733610.976308
2220.0000     -734000.197423
2224.0000     -734812.844912
2228.0000     -733949.128667
2232.0000     -734673.575144
2236.0000     -734199.726164
2240.0000     -734513.409263
2244.0000     -733939.449176
2248.0000     -733736.552514
2252.0000     -733831.001939
2256.0000     -733549.722205
2260.0000     -733698.518260
2264.0000     -734581.336530
2268.0000     -733399.786481
2272.0000     -733765.741302
2276.0000     -733850.086418
2280.0000     -734165.502541
2284.0000     -733501.353412
2288.0000     -733955.545549
2292.0000     -732991.495492
2296.0000     -733509.756532
2300.0000     -733693.354982
2304.0000     -734089.833038
2308.0000     -733998.842733
2312.0000     -733595.706653
2316.0000     -733943.439952
2320.0000     -732884.854350
2324.0000     -733408.021763
2328.0000     -734393.624459
2332.0000     -732837.208439
2336.0000     -733786.812812
2340.0000     -733028.542711
2344.0000     -733612.343780
2348.0000     -734049.745847
2352.0000     -733540.185843
2356.0000     -734152.613139
2360.0000     -732940.268451
2364.0000     -733572.666763
2368.0000     -733291.417251
2372.0000     -734223.958060
2376.0000     -733664.427427
2380.0000     -733958.552166
2384.0000     -733275.465717
2388.0000     -734254.491390
2392.0000     -734112.319927
2396.0000     -733768.839340
2400.0000     -733572.628921
2404.0000     -733810.804826
2408.0000     -733566.303324
2412.0000     -733841.776235
2416.0000     -733721.655551
2420.0000     -733295.980076
2424.0000     -734061.388023
2428.0000     -733479.507018
2432.0000     -733593.542145
2436.0000     -733712.729426
2440.0000     -733343.374131
2444.0000     -733813.581891
2448.0000     -733589.484032
2452.0000     -733874.873186
2456.0000     -734091.592756
2460.0000     -733734.967449
2464.0000     -734251.556392
2468.0000     -734554.056046
2472.0000     -734402.362999
2476.0000     -733791.868717
2480.0000     -733977.087364
2484.0000     -734016.791842
2488.0000     -734369.225257
2492.0000     -734296.671011
2496.0000     -734249.215777
2500.0000     -733626.531488
2504.0000     -734789.895505
2508.0000     -735069.309807
2512.0000     -733100.398947
2516.0000     -733134.998052
2520.0000     -735052.369762
2524.0000     -733701.966868
2528.0000     -733196.234919
2532.0000     -733594.852872
2536.0000     -733383.506536
2540.0000     -733177.566342
2544.0000     -733919.264381
2548.0000     -733479.897011
2552.0000     -733703.562402
2556.0000     -734159.489145
2560.0000     -733500.560153
2564.0000     -733934.532444
2568.0000     -734305.502651
2572.0000     -733944.524444
2576.0000     -733514.217436
2580.0000     -734053.190726
2584.0000     -734365.747882
2588.0000     -734147.701817
2592.0000     -734213.300151
2596.0000     -733300.845327
2600.0000     -733565.985473
2604.0000     -734100.750182
2608.0000     -733530.246952
2612.0000     -734452.315048
2616.0000     -733877.638034
2620.0000     -733806.222310
2624.0000     -733910.324612
2628.0000     -732942.758635
2632.0000     -733731.436205
2636.0000     -734019.896190
2640.0000     -733385.079040
2644.0000     -734445.181618
2648.0000     -733406.274118
2652.0000     -733497.368063
2656.0000     -733685.026321
2660.0000     -734047.281558
2664.0000     -733361.969632
2668.0000     -733541.464947
2672.0000     -733428.407383
2676.0000     -733648.915140
2680.0000     -733417.184121
2684.0000     -734292.731539
2688.0000     -734345.980362
2692.0000     -733590.192900
2696.0000     -732999.399058
2700.0000     -733426.057647
2704.0000     -733422.752788
2708.0000     -734082.734320
2712.0000     -733610.095834
2716.0000     -733364.431245
2720.0000     -733841.301711
2724.0000     -733556.923480
2728.0000     -733757.393322
2732.0000     -733120.381201
2736.0000     -734367.229188
2740.0000     -733433.788054
2744.0000     -733449.543392
2748.0000     -733896.450950
2752.0000     -734484.460142
2756.0000     -734114.533543
2760.0000     -733669.327415
2764.0000     -733111.344582
2768.0000     -733597.038991
2772.0000     -732974.134411
2776.0000     -733474.473340
2780.0000     -733492.121201
2784.0000     -733808.513026
2788.0000     -734584.411505
2792.0000     -733842.856131
2796.0000     -733999.991585
2800.0000     -733926.901258
2804.0000     -734063.287825
2808.0000     -733803.649859
2812.0000     -733784.165517
2816.0000     -733817.287266
2820.0000     -734055.055296
2824.0000     -733864.610088
2828.0000     -734015.277079
2832.0000     -733931.455862
2836.0000     -733574.722091
2840.0000     -734047.743328
2844.0000     -732678.812166
2848.0000     -732962.152901
2852.0000     -734090.499602
2856.0000     -733730.161667
2860.0000     -734450.345371
2864.0000     -733904.781096
2868.0000     -734134.399549
2872.0000     -733630.072524
2876.0000     -733723.198063
2880.0000     -734110.365665
2884.0000     -734348.791460
2888.0000     -734676.142836
2892.0000     -734187.631024
2896.0000     -733693.777734
2900.0000     -733714.111448
2904.0000     -733900.105893
2908.0000     -734226.343177
2912.0000     -733782.828306
2916.0000     -733729.046951
2920.0000     -734498.752985
2924.0000     -734347.569533
2928.0000     -734405.582476
2932.0000     -733401.787225
2936.0000     -734463.316918
2940.0000     -734446.792862
2944.0000     -733832.863973
2948.0000     -734138.436104
2952.0000     -733381.411113
2956.0000     -733820.480962
2960.0000     -734137.590041
2964.0000     -733216.900816
2968.0000     -734545.770625
2972.0000     -734006.412381
2976.0000     -733230.481543
2980.0000     -733793.844670
2984.0000     -734263.897924
2988.0000     -733361.477179
2992.0000     -734095.422896
2996.0000     -733345.698971
3000.0000     -733506.855664
3004.0000     -734312.183766
3008.0000     -733716.197415
3012.0000     -733761.613220
3016.0000     -733250.874361
3020.0000     -733814.894074
3024.0000     -733891.788571
3028.0000     -734310.206728
3032.0000     -733385.701112
3036.0000     -734639.206868
3040.0000     -734450.743654
3044.0000     -734469.152076
3048.0000     -733371.303464
3052.0000     -733609.400860
3056.0000     -733736.784547
3060.0000     -733445.849922
3064.0000     -734051.886797
3068.0000     -733641.507067
3072.0000     -733976.537593
3076.0000     -733937.356360
3080.0000     -734025.320276
3084.0000     -733884.864384
3088.0000     -733240.680003
3092.0000     -734153.256681
3096.0000     -733449.636102
3100.0000     -733324.072363
3104.0000     -734142.855043
3108.0000     -733408.235021
3112.0000     -734493.769492
3116.0000     -733808.726965
3120.0000     -733435.226905
3124.0000     -732688.409328
3128.0000     -733718.943829
3132.0000     -733890.019240
3136.0000     -733521.741613
3140.0000     -733364.293841
3144.0000     -734004.799798
3148.0000     -733166.541765
3152.0000     -733595.383081
3156.0000     -733982.758289
3160.0000     -733967.931038
3164.0000     -733941.222078
3168.0000     -733668.288835
3172.0000     -733695.817213
3176.0000     -734008.968359
3180.0000     -733542.246857
3184.0000     -733697.152707
3188.0000     -733737.302034
3192.0000     -733112.644332
3196.0000     -733057.835610
3200.0000     -733001.463497
3204.0000     -732837.398609
3208.0000     -733354.087460
3212.0000     -733567.482691
3216.0000     -734058.250319
3220.0000     -733779.770960
3224.0000     -733700.496368
3228.0000     -734435.157003
3232.0000     -733712.125850
3236.0000     -733484.546653
3240.0000     -733569.875913
3244.0000     -734041.762810
3248.0000     -734139.059167
3252.0000     -734604.234060
3256.0000     -733525.932597
3260.0000     -734317.198449
3264.0000     -734830.632454
3268.0000     -733661.062418
3272.0000     -733733.341519
3276.0000     -733568.086398
3280.0000     -733880.321576
3284.0000     -733745.776146
3288.0000     -734119.072256
3292.0000     -734236.212722
3296.0000     -733525.333216
3300.0000     -733624.767301
3304.0000     -733575.660590
3308.0000     -734356.319364
3312.0000     -734191.630974
3316.0000     -733471.574180
3320.0000     -733106.209641
3324.0000     -734039.878804
3328.0000     -734464.003984
3332.0000     -734756.323337
3336.0000     -734007.223631
3340.0000     -734134.184466
3344.0000     -734561.378959
3348.0000     -734519.144428
3352.0000     -734774.617082
3356.0000     -734042.810881
3360.0000     -733855.883329
3364.0000     -733816.349580
3368.0000     -734614.223852
3372.0000     -733375.836475
3376.0000     -733491.680751
3380.0000     -733759.065631
3384.0000     -733793.651397
3388.0000     -733838.395025
3392.0000     -733983.496173
3396.0000     -734377.498248
3400.0000     -734301.979655
3404.0000     -734116.362467
3408.0000     -733733.313259
3412.0000     -733465.493284
3416.0000     -734002.206495
3420.0000     -733920.143711
3424.0000     -734924.368072
3428.0000     -734035.172603
3432.0000     -733632.322739
3436.0000     -734155.369968
3440.0000     -734142.923336
3444.0000     -734040.211344
3448.0000     -733971.032247
3452.0000     -733612.090273
3456.0000     -733876.600968
3460.0000     -734121.334770
3464.0000     -733580.561441
3468.0000     -733873.200109
3472.0000     -733091.502964
3476.0000     -733717.847908
3480.0000     -733860.773393
3484.0000     -734443.819079
3488.0000     -734311.507687
3492.0000     -734131.275156
3496.0000     -733359.125954
3500.0000     -733387.485476
3504.0000     -733460.322587
3508.0000     -733933.810104
3512.0000     -734110.149955
3516.0000     -734257.270806
3520.0000     -733895.674357
3524.0000     -734282.383718
3528.0000     -734219.635504
3532.0000     -734072.587487
3536.0000     -733420.419400
3540.0000     -733431.853793
3544.0000     -734078.061600
3548.0000     -733454.166622
3552.0000     -733585.264213
3556.0000     -733329.179395
3560.0000     -734320.453236
3564.0000     -734011.318455
3568.0000     -732915.571174
3572.0000     -734361.268754
3576.0000     -733763.437399
3580.0000     -733494.596440
3584.0000     -733320.144826
3588.0000     -733360.667045
3592.0000     -733247.329411
3596.0000     -733256.405382
3600.0000     -733704.960740
3604.0000     -733752.790737
3608.0000     -733253.580529
3612.0000     -735176.559752
3616.0000     -734801.452888
3620.0000     -733604.575919
3624.0000     -733620.148580
3628.0000     -733433.307828
3632.0000     -733873.741075
3636.0000     -733106.019706
3640.0000     -733830.872579
3644.0000     -733843.941565
3648.0000     -733504.965213
3652.0000     -733817.883534
3656.0000     -733177.687794
3660.0000     -734453.283725
3664.0000     -733548.560140
3668.0000     -733021.814974
3672.0000     -732610.879673
3676.0000     -733363.605333
3680.0000     -733103.553770
3684.0000     -734090.105264
3688.0000     -733439.535525
3692.0000     -733803.490134
3696.0000     -733659.186558
3700.0000     -734057.173637
3704.0000     -733583.270877
3708.0000     -734274.831610
3712.0000     -733507.460169
3716.0000     -734348.350124
3720.0000     -733732.154512
3724.0000     -733376.336562
3728.0000     -733722.544445
3732.0000     -733570.847300
3736.0000     -733220.236678
3740.0000     -732881.317742
3744.0000     -734130.866442
3748.0000     -734232.164545
3752.0000     -733543.175719
3756.0000     -733259.171395
3760.0000     -734711.206375
3764.0000     -734462.554441
3768.0000     -733977.466577
3772.0000     -733720.474395
3776.0000     -733675.875022
3780.0000     -734107.056069
3784.0000     -733863.277912
3788.0000     -734200.884614
3792.0000     -733621.648025
3796.0000     -733415.633221
3800.0000     -734282.471407
3804.0000     -733787.899088
3808.0000     -733626.073417
3812.0000     -734198.769743
3816.0000     -734036.026887
3820.0000     -733764.759327
3824.0000     -733641.634603
3828.0000     -733870.139929
3832.0000     -733696.619606
3836.0000     -733177.665309
3840.0000     -733665.599490
3844.0000     -732789.300948
3848.0000     -733519.347837
3852.0000     -733772.468511
3856.0000     -734389.172718
3860.0000     -734022.365676
3864.0000     -733865.271480
3868.0000     -734522.794062
3872.0000     -733568.193900
3876.0000     -733007.746299
3880.0000     -733872.485185
3884.0000     -734578.756189
3888.0000     -734117.727079
3892.0000     -733715.100765
3896.0000     -733952.105405
3900.0000     -733503.382520
3904.0000     -734142.846980
3908.0000     -734167.554848
3912.0000     -733678.730810
3916.0000     -733732.859949
3920.0000     -733631.496700
3924.0000     -734005.961087
3928.0000     -733282.843035
3932.0000     -733559.473788
3936.0000     -733877.531733
3940.0000     -733104.375217
3944.0000     -733713.254191
3948.0000     -734136.721947
3952.0000     -733806.705569
3956.0000     -734441.318683
3960.0000     -733360.692390
3964.0000     -733307.509261
3968.0000     -734511.600350
3972.0000     -733861.340799
3976.0000     -734000.060510
3980.0000     -734385.599449
3984.0000     -733241.463902
3988.0000     -733586.041215
3992.0000     -733529.370256
3996.0000     -733734.550921
4000.0000     -733436.955393
4004.0000     -733436.955393
