4.0000     -732991.301932
8.0000     -733872.646930
12.0000     -732692.183742
16.0000     -732658.024615
20.0000     -733076.098556
24.0000     -733891.598443
28.0000     -733090.033352
32.0000     -732906.792930
36.0000     -732601.268287
40.0000     -730797.378115
44.0000     -733146.579422
48.0000     -733285.087414
52.0000     -734005.891467
56.0000     -733538.163088
60.0000     -733584.297842
64.0000     -733245.126222
68.0000     -732706.654061
72.0000     -732227.300866
76.0000     -733276.451655
80.0000     -733954.761756
84.0000     -732994.023608
88.0000     -733642.828548
92.0000     -733303.425275
96.0000     -733433.031258
100.0000     -733191.955791
104.0000     -733791.388593
108.0000     -733180.474601
112.0000     -733467.913955
116.0000     -733324.064651
120.0000     -733486.615553
124.0000     -733945.954129
128.0000     -733171.222885
132.0000     -733800.027038
136.0000     -733212.121655
140.0000     -733395.560942
144.0000     -733551.103593
148.0000     -732976.496089
152.0000     -733497.461828
156.0000     -733856.702111
160.0000     -733663.087993
164.0000     -733780.115316
168.0000     -733814.450380
172.0000     -732526.254443
176.0000     -733776.479418
180.0000     -732994.787359
184.0000     -733986.380855
188.0000     -732458.649358
192.0000     -732582.218646
196.0000     -732920.685256
200.0000     -733291.873907
204.0000     -733464.726002
208.0000     -733323.037236
212.0000     -732917.842057
216.0000     -733430.837668
220.0000     -733732.699724
224.0000     -733735.016752
228.0000     -733501.473759
232.0000     -733006.332822
236.0000     -733391.908138
240.0000     -733109.877408
244.0000     -733121.247850
248.0000     -733662.958709
252.0000     -733989.185133
256.0000     -733449.613619
260.0000     -733438.261487
264.0000     -732736.744652
268.0000     -732926.065813
272.0000     -733490.069001
276.0000     -732234.363236
280.0000     -734084.879442
284.0000     -733662.559817
288.0000     -733139.227807
292.0000     -732760.039688
296.0000     -733117.665945
300.0000     -732720.861577
304.0000     -732992.803501
308.0000     -733320.598801
312.0000     -733906.006963
316.0000     -733884.609524
320.0000     -733563.755885
324.0000     -732198.641327
328.0000     -732826.748219
332.0000     -733862.103432
336.0000     -734205.941247
340.0000     -733445.726501
344.0000     -732662.756952
348.0000     -732581.801882
352.0000     -733789.267291
356.0000     -733497.364825
360.0000     -732977.486927
364.0000     -733539.004462
368.0000     -734043.187299
372.0000     -733857.729280
376.0000     -733517.182706
380.0000     -733497.776750
384.0000     -732671.024934
388.0000     -733867.747354
392.0000     -733400.171679
396.0000     -732661.425825
400.0000     -733607.890720
404.0000     -733078.002073
408.0000     -733151.603239
412.0000     -734088.848114
416.0000     -733969.408638
420.0000     -733809.718270
424.0000     -733169.111955
428.0000     -733516.370291
432.0000     -734074.194230
436.0000     -734037.250799
440.0000     -733686.377443
444.0000     -734064.452239
448.0000     -733905.085813
452.0000     -733137.089948
456.0000     -733873.910172
460.0000     -733639.565954
464.0000     -732711.620583
468.0000     -733302.725323
472.0000     -733566.875324
476.0000     -732900.472942
480.0000     -733174.908281
484.0000     -733202.296220
488.0000     -733162.856078
492.0000     -733268.467352
496.0000     -734058.824794
500.0000     -732853.202711
504.0000     -733061.864022
508.0000     -733307.003432
512.0000     -733791.225217
516.0000     -733511.868923
520.0000     -733067.507503
524.0000     -733458.415477
528.0000     -733815.658998
532.0000     -733346.286331
536.0000     -733402.550240
540.0000     -733640.128433
544.0000     -733612.534025
548.0000     -733933.052811
552.0000     -733500.790944
556.0000     -733435.826526
560.0000     -732821.474007
564.0000     -732901.043296
568.0000     -733142.025971
572.0000     -732882.069740
576.0000     -733675.347468
580.0000     -733703.794662
584.0000     -732794.998652
588.0000     -732408.295380
592.0000     -733100.053760
596.0000     -733742.487727
600.0000     -733372.068336
604.0000     -734434.160054
608.0000     -734467.431505
612.0000     -733763.986869
616.0000     -734002.135667
620.0000     -732911.131635
624.0000     -733697.162273
628.0000     -733454.885657
632.0000     -733788.207103
636.0000     -733241.414454
640.0000     -733234.343992
644.0000     -733080.758998
648.0000     -733626.840832
652.0000     -733042.284472
656.0000     -733378.384725
660.0000     -733081.620763
664.0000     -732957.258545
668.0000     -731958.723319
672.0000     -733695.430328
676.0000     -732988.895448
680.0000     -732635.581975
684.0000     -733391.726172
688.0000     -733666.917723
692.0000     -733494.716994
696.0000     -733966.254414
700.0000     -733561.884339
704.0000     -732126.923143
708.0000     -733484.086315
712.0000     -732447.690967
716.0000     -733011.140362
720.0000     -732811.980887
724.0000     -733969.723833
728.0000     -733345.266863
732.0000     -732756.187932
736.0000     -733311.969911
740.0000     -733750.385470
744.0000     -732510.814018
748.0000     -732478.488418
752.0000     -733674.299424
756.0000     -732831.248267
760.0000     -732801.098042
764.0000     -733536.315367
768.0000     -732145.951658
772.0000     -732959.848941
776.0000     -733781.206096
780.0000     -731908.490945
784.0000     -733622.590942
788.0000     -733274.075923
792.0000     -733185.747770
796.0000     -732504.031367
800.0000     -733145.095620
804.0000     -733472.949656
808.0000     -733711.525047
812.0000     -733828.620034
816.0000     -732204.034907
820.0000     -733102.186995
824.0000     -732889.858222
828.0000     -733155.514323
832.0000     -733442.829860
836.0000     -732683.553115
840.0000     -734010.678975
844.0000     -733643.944474
848.0000     -733606.819878
852.0000     -732795.672775
856.0000     -732881.107225
860.0000     -732547.965563
864.0000     -732913.227211
868.0000     -732279.739604
872.0000     -733075.117342
876.0000     -732989.174235
880.0000     -732702.476799
884.0000     -733615.910429
888.0000     -733831.964795
892.0000     -733390.883164
896.0000     -733775.785065
900.0000     -734427.292445
904.0000     -733068.125938
908.0000     -733492.823151
912.0000     -733788.674518
916.0000     -733804.180470
920.0000     -733526.209996
924.0000     -733841.010766
928.0000     -733986.114770
932.0000     -733770.631153
936.0000     -734118.546560
940.0000     -734020.933258
944.0000     -733703.271773
948.0000     -733863.321189
952.0000     -733829.342018
956.0000     -732894.235645
960.0000     -734127.271400
964.0000     -733918.815976
968.0000     -733312.139043
972.0000     -733832.026351
976.0000     -733935.187160
980.0000     -733967.554781
984.0000     -733909.138333
988.0000     -733050.018649
992.0000     -733235.125842
996.0000     -733284.135320
1000.0000     -733498.934917
1004.0000     -733284.317716
1008.0000     -733170.199005
1012.0000     -732983.649470
1016.0000     -733052.239869
1020.0000     -733068.503166
1024.0000     -734201.234101
1028.0000     -734731.432146
1032.0000     -733679.401381
1036.0000     -734205.695903
1040.0000     -733494.798327
1044.0000     -733515.837143
1048.0000     -734063.316428
1052.0000     -734267.302190
1056.0000     -733292.309837
1060.0000     -733148.670059
1064.0000     -733509.602985
1068.0000     -734607.551870
1072.0000     -733627.631731
1076.0000     -733980.767931
1080.0000     -733972.292183
1084.0000     -733918.067267
1088.0000     -732700.409549
1092.0000     -733217.544742
1096.0000     -732973.919869
1100.0000     -733416.061652
1104.0000     -733349.988292
1108.0000     -733525.039436
1112.0000     -733879.080450
1116.0000     -732648.581743
1120.0000     -732806.062675
1124.0000     -733086.890167
1128.0000     -733929.452825
1132.0000     -733911.919310
1136.0000     -734053.115497
1140.0000     -732739.584423
1144.0000     -733533.130518
1148.0000     -733945.429127
1152.0000     -734040.597963
1156.0000     -733888.428327
1160.0000     -733510.223352
1164.0000     -733777.187278
1168.0000     -733613.984135
1172.0000     -733530.553211
1176.0000     -733812.940033
1180.0000     -733396.841398
1184.0000     -733588.381290
1188.0000     -733590.863632
1192.0000     -733825.344052
1196.0000     -734299.978267
1200.0000     -732928.505432
1204.0000     -733796.866461
1208.0000     -733299.478920
1212.0000     -733059.991228
1216.0000     -733370.060960
1220.0000     -732530.480553
1224.0000     -733353.789594
1228.0000     -733018.150243
1232.0000     -733165.583449
1236.0000     -733941.189205
1240.0000     -733337.121556
1244.0000     -734026.809176
1248.0000     -734001.678413
1252.0000     -733372.246427
1256.0000     -734204.486303
1260.0000     -733541.957222
1264.0000     -733966.152345
1268.0000     -733500.970899
1272.0000     -733015.411755
1276.0000     -733256.862289
1280.0000     -733339.549130
1284.0000     -733159.162410
1288.0000     -733855.394171
1292.0000     -733919.591076
1296.0000     -733549.411776
1300.0000     -733112.399195
1304.0000     -733867.235267
1308.0000     -734303.689739
1312.0000     -733528.260412
1316.0000     -733433.432024
1320.0000     -733578.392167
1324.0000     -733264.060240
1328.0000     -733999.159809
1332.0000     -733742.796323
1336.0000     -733270.875599
1340.0000     -733864.963595
1344.0000     -734306.048570
1348.0000     -733628.716053
1352.0000     -733278.325067
1356.0000     -733410.932682
1360.0000     -733426.788789
1364.0000     -733005.711525
1368.0000     -732953.982597
1372.0000     -733258.699760
1376.0000     -733109.219618
1380.0000     -730855.711912
1384.0000     -733771.056332
1388.0000     -733496.694006
1392.0000     -733597.673331
1396.0000     -733362.296529
1400.0000     -733446.509003
1404.0000     -733591.978472
1408.0000     -733363.778084
1412.0000     -733025.810405
1416.0000     -732705.998299
1420.0000     -733430.716025
1424.0000     -733672.820054
1428.0000     -733998.626149
1432.0000     -733315.003022
1436.0000     -722312.478038
1440.0000     -733110.637007
1444.0000     -733450.787463
1448.0000     -733558.933082
1452.0000     -651022.897183
1456.0000     -732685.368362
1460.0000     -733892.953025
1464.0000     -733097.486233
1468.0000     -733800.475491
1472.0000     -734320.770385
1476.0000     -732863.764889
1480.0000     -733747.150935
1484.0000     -732638.227098
1488.0000     -732826.396313
1492.0000     -732707.327509
1496.0000     -733660.260494
1500.0000     -733219.805482
1504.0000     -733870.729714
1508.0000     -733314.561624
1512.0000     -732500.522975
1516.0000     -733164.770368
1520.0000     -733294.782727
1524.0000     -733521.922872
1528.0000     -722675.602226
1532.0000     -733287.146213
1536.0000     -733484.203834
1540.0000     -734480.464411
1544.0000     -733428.578124
1548.0000     -734179.793705
1552.0000     -733580.867886
1556.0000     -731001.657633
1560.0000     -733483.202357
1564.0000     -733099.895395
1568.0000     -733506.160931
1572.0000     -733763.805150
1576.0000     -733867.820185
1580.0000     -733504.544718
1584.0000     -733842.481750
1588.0000     -733775.100302
1592.0000     -733360.711051
1596.0000     -733514.859570
1600.0000     -733169.230368
1604.0000     -733680.281171
1608.0000     -733162.908947
1612.0000     -733358.347572
1616.0000     -732841.007417
1620.0000     -734072.616663
1624.0000     -734871.837785
1628.0000     -733274.565583
1632.0000     -733821.519700
1636.0000     -733944.038634
1640.0000     -730778.162050
1644.0000     -733678.320968
1648.0000     -734081.647137
1652.0000     -733639.195545
1656.0000     -733465.463738
1660.0000     -733284.369103
1664.0000     -734144.724154
1668.0000     -733050.652878
1672.0000     -734049.425359
1676.0000     -734098.893158
1680.0000     -733986.471870
1684.0000     -734010.330477
1688.0000     -733452.490910
1692.0000     -731850.416690
1696.0000     -733678.574251
1700.0000     -733550.257075
1704.0000     -733764.810377
1708.0000     -733304.736083
1712.0000     -734187.204112
1716.0000     -733802.524548
1720.0000     -733661.127861
1724.0000     -734091.187413
1728.0000     -733953.863923
1732.0000     -733124.233496
1736.0000     -733217.044681
1740.0000     -733451.235821
1744.0000     -733082.119499
1748.0000     -733321.575683
1752.0000     -733605.264907
1756.0000     -733977.836501
1760.0000     -733689.799274
1764.0000     -733959.142135
1768.0000     -734247.848772
1772.0000     -734041.619776
1776.0000     -733651.948043
1780.0000     -733730.828497
1784.0000     -733380.189885
1788.0000      -15251.203640
1792.0000     -732921.093755
1796.0000     -733559.866669
1800.0000     -733109.992433
1804.0000     -733265.564397
1808.0000     -732840.256599
1812.0000     -733585.826721
1816.0000     -733373.979268
1820.0000     -733259.965804
1824.0000     -733012.213605
1828.0000     -733120.146431
1832.0000     -732906.445686
1836.0000     -733311.903711
1840.0000     -733527.175982
1844.0000     -732681.655041
1848.0000     -733555.066954
1852.0000     -734231.130969
1856.0000     -733013.561290
1860.0000     -733523.641904
1864.0000     -733190.769833
1868.0000     -733679.637983
1872.0000     -734935.223164
1876.0000     -733407.983401
1880.0000     -734911.191430
1884.0000     -733494.000632
1888.0000     -734117.100869
1892.0000     -734069.393800
1896.0000     -733718.145942
1900.0000     -733459.338602
1904.0000     -733398.419530
1908.0000     -733322.431922
1912.0000     -733546.837624
1916.0000     -733833.095753
1920.0000     -734162.204482
1924.0000     -733578.562459
1928.0000     -734225.917964
1932.0000     -734214.093670
1936.0000     -734110.999050
1940.0000     -732109.617547
1944.0000       10000.000000
1948.0000     -733977.715945
1952.0000     -733736.227970
1956.0000     -734219.013550
1960.0000     -733631.209526
1964.0000     -734181.511262
1968.0000     -732913.539426
1972.0000     -733384.781991
1976.0000     -734379.233185
1980.0000     -733283.207641
1984.0000     -733612.268967
1988.0000     -733139.711445
1992.0000     -733224.354558
1996.0000     -733615.460681
2000.0000     -732944.994729
2004.0000     -733896.718766
2008.0000     -733823.799565
2012.0000     -733895.415193
2016.0000     -734408.265136
2020.0000     -733357.842228
2024.0000     -733926.924778
2028.0000     -733702.265788
2032.0000     -733981.702984
2036.0000     -733469.293729
2040.0000     -733148.616479
2044.0000     -732618.840440
2048.0000     -733140.135187
2052.0000     -733210.746166
2056.0000     -733948.068232
2060.0000     -734025.037444
2064.0000     -733617.857171
2068.0000     -733374.810349
2072.0000     -733982.605334
2076.0000     -733692.345459
2080.0000     -734415.697812
2084.0000     -733824.206173
2088.0000     -734695.151725
2092.0000     -733981.072402
2096.0000     -734193.052532
2100.0000     -734024.207017
2104.0000     -732602.066419
2108.0000     -733786.843913
2112.0000     -734678.982328
2116.0000     -734023.435319
2120.0000     -734502.295067
2124.0000     -733561.143133
2128.0000     -733778.997623
2132.0000     -732932.632870
2136.0000     -734540.358802
2140.0000     -733654.354941
2144.0000     -734328.597813
2148.0000     -732711.825409
2152.0000     -734477.727646
2156.0000     -734154.358479
2160.0000     -733350.986477
2164.0000     -733179.556990
2168.0000     -733293.343432
2172.0000     -733621.815072
2176.0000     -733800.853691
2180.0000     -734020.560574
2184.0000     -733181.881437
2188.0000     -733392.950744
2192.0000     -734017.028259
2196.0000     -733450.344635
2200.0000     -733876.534139
2204.0000     -733720.706184
2208.0000     -734035.840284
2212.0000     -733735.460198
2216.0000     -734441.249397
2220.0000     -734264.827949
2224.0000     -734516.526439
2228.0000     -733791.917450
2232.0000     -733803.576739
2236.0000     -734494.099019
2240.0000     -734115.098676
2244.0000     -733247.824878
2248.0000     -733969.557521
2252.0000     -733719.028343
2256.0000     -733601.055430
2260.0000     -733839.331120
2264.0000     -733794.682878
2268.0000     -733651.945040
2272.0000     -733524.548570
2276.0000     -734172.380722
2280.0000     -733917.034485
2284.0000     -733709.317824
2288.0000     -733297.621161
2292.0000     -733460.718318
2296.0000     -733492.249616
2300.0000     -733129.932270
2304.0000     -732810.043870
2308.0000     -733043.429828
2312.0000     -733565.058389
2316.0000     -734209.206446
2320.0000     -733645.041724
2324.0000     -733670.111673
2328.0000     -733969.732969
2332.0000     -734172.963159
2336.0000     -734167.615166
2340.0000     -734144.304199
2344.0000     -733529.275293
2348.0000     -733789.807104
2352.0000     -733809.381947
2356.0000     -733822.040163
2360.0000     -733756.651405
2364.0000     -733580.576171
2368.0000     -733210.647098
2372.0000     -732085.499999
2376.0000     -733094.708362
2380.0000     -733835.668534
2384.0000     -733586.217560
2388.0000     -733172.400415
2392.0000     -733624.594416
2396.0000     -734150.206785
2400.0000     -733419.614565
2404.0000     -733307.467322
2408.0000     -734187.220058
2412.0000     -733340.505197
2416.0000     -734049.783974
2420.0000     -733869.158470
2424.0000     -734098.758425
2428.0000     -734209.895620
2432.0000     -733622.688002
2436.0000     -733981.202763
2440.0000     -733987.251058
2444.0000     -733647.742379
2448.0000     -733582.107732
2452.0000     -732155.578469
2456.0000     -733908.487347
2460.0000     -733138.226990
2464.0000     -734440.224465
2468.0000     -734354.310674
2472.0000     -733815.719980
2476.0000     -733625.924742
2480.0000     -733385.969157
2484.0000     -733933.327438
2488.0000     -733531.565464
2492.0000     -732730.840806
2496.0000     -733574.018799
2500.0000     -733521.016709
2504.0000     -733070.393062
2508.0000     -733456.962414
2512.0000     -733595.575211
2516.0000     -733314.364507
2520.0000     -733636.809787
2524.0000     -733596.539489
2528.0000     -734653.629403
2532.0000     -731724.133024
2536.0000     -733797.811992
2540.0000     -733732.763303
2544.0000     -734155.498815
2548.0000     -733207.302944
2552.0000     -734040.162194
2556.0000     -731776.958251
2560.0000     -733262.241012
2564.0000     -734347.452522
2568.0000     -733536.471899
2572.0000     -732767.409944
2576.0000     -734772.983408
2580.0000     -733217.180816
2584.0000     -733701.073055
2588.0000     -733975.380596
2592.0000     -733668.780891
2596.0000     -732974.862934
2600.0000     -733046.864492
2604.0000     -734089.960967
2608.0000     -733425.388261
2612.0000     -732801.953093
2616.0000     -732805.298723
2620.0000     -733619.974552
2624.0000     -733565.140268
2628.0000     -734005.269794
2632.0000     -733010.092881
2636.0000     -733435.290409
2640.0000     -732714.765680
2644.0000     -733021.421986
2648.0000     -733100.536610
2652.0000     -733067.858644
2656.0000     -733666.798178
2660.0000     -733548.777524
2664.0000     -733485.757620
2668.0000     -733696.075514
2672.0000     -733297.953383
2676.0000     -733252.983657
2680.0000     -732880.531376
2684.0000     -731944.878363
2688.0000     -734282.254166
2692.0000     -733903.674601
2696.0000     -733658.633471
2700.0000     -733580.023172
2704.0000     -732462.359205
2708.0000     -732959.348051
2712.0000     -733737.834464
2716.0000     -733741.203328
2720.0000     -733558.059502
2724.0000     -733484.981652
2728.0000     -734076.978842
2732.0000     -733942.608533
2736.0000     -733969.901149
2740.0000     -733768.942196
2744.0000     -733591.827098
2748.0000     -733020.483111
2752.0000     -734268.078033
2756.0000     -733785.481630
2760.0000     -733279.493953
2764.0000     -734390.387186
2768.0000     -733535.822559
2772.0000     -733828.947810
2776.0000     -733565.931377
2780.0000     -733477.927222
2784.0000     -732394.300952
2788.0000     -733173.881618
2792.0000     -733119.902706
2796.0000     -733871.198528
2800.0000     -733300.274193
2804.0000     -733369.030060
2808.0000     -733948.100437
2812.0000     -733778.452415
2816.0000     -733560.882797
2820.0000     -733147.056000
2824.0000     -734002.226593
2828.0000     -733173.924725
2832.0000     -733525.936427
2836.0000     -733545.821661
2840.0000     -733179.735633
2844.0000     -733560.841357
2848.0000     -733220.511248
2852.0000     -733319.253308
2856.0000     -733263.343516
2860.0000     -732466.461816
2864.0000     -733505.423705
2868.0000     -733788.696005
2872.0000     -733499.001005
2876.0000     -732646.245389
2880.0000     -733895.760095
2884.0000     -733741.566078
2888.0000     -732623.014775
2892.0000     -733812.251446
2896.0000     -732909.215768
2900.0000     -733821.231683
2904.0000     -733619.037475
2908.0000     -733007.081063
2912.0000     -733370.493207
2916.0000     -733256.213681
2920.0000     -733267.106635
2924.0000     -732792.429293
2928.0000     -733590.742221
2932.0000     -734034.250591
2936.0000     -733632.608335
2940.0000     -734097.529656
2944.0000     -733260.198499
2948.0000     -733802.818301
2952.0000     -734126.027441
2956.0000     -734076.068010
2960.0000     -734002.441305
2964.0000     -735064.746496
2968.0000     -733414.039834
2972.0000     -732924.317492
2976.0000     -731862.002818
2980.0000     -733793.837671
2984.0000     -733604.928590
2988.0000     -733799.992448
2992.0000     -733503.242187
2996.0000     -733465.671013
3000.0000     -733420.001077
3004.0000     -734083.644117
3008.0000     -731546.084945
3012.0000     -734240.692732
3016.0000     -733894.529553
3020.0000     -734069.357082
3024.0000     -734221.459223
3028.0000     -733956.300346
3032.0000     -733747.590539
3036.0000     -733870.617565
3040.0000     -733026.991511
3044.0000     -733660.303837
3048.0000     -734053.204951
3052.0000     -733009.606070
3056.0000      620223.583286
3060.0000     -734652.146771
3064.0000     -732979.189603
3068.0000     -733452.907613
3072.0000     -733852.518355
3076.0000     -733163.834374
3080.0000     -732974.105249
3084.0000     -732692.176768
3088.0000     -733038.921007
3092.0000     -733422.628590
3096.0000     -733821.905506
3100.0000     -733815.070453
3104.0000     -733898.829253
3108.0000     -733663.890058
3112.0000     -733903.160897
3116.0000     -734093.698963
3120.0000     -733425.006593
3124.0000     -733372.139603
3128.0000     -733936.612461
3132.0000     -733531.016316
3136.0000     -733543.367687
3140.0000     -732911.404123
3144.0000     -733161.297805
3148.0000     -733388.475830
3152.0000     -734102.980884
3156.0000     -733924.543340
3160.0000     -734058.459503
3164.0000     -734245.680806
3168.0000     -733618.610414
3172.0000     -733565.956415
3176.0000     -734027.937663
3180.0000     -733318.019881
3184.0000     -733533.106127
3188.0000     -733635.889798
3192.0000     -733271.784590
3196.0000     -734047.731214
3200.0000     -733820.337755
3204.0000     -734027.001319
3208.0000     -733160.047174
3212.0000     -733864.243510
3216.0000     -733547.562704
3220.0000     -733699.319711
3224.0000     -732999.455512
3228.0000     -733849.731135
3232.0000     -733439.232989
3236.0000     -733631.518896
3240.0000     -733949.582242
3244.0000     -733519.666783
3248.0000     -733909.730010
3252.0000     -734120.168208
3256.0000     -732519.079758
3260.0000     -733037.221296
3264.0000     -733885.984400
3268.0000     -734482.047277
3272.0000     -733637.205109
3276.0000     -732372.006041
3280.0000     -734224.780344
3284.0000     -733219.655572
3288.0000     -733609.126429
3292.0000     -733172.853971
3296.0000     -733237.504799
3300.0000     -733487.785984
3304.0000     -732590.466188
3308.0000     -734432.870206
3312.0000     -731009.010733
3316.0000     -733469.433396
3320.0000     -731520.494468
3324.0000     -733916.897604
3328.0000     -733216.982926
3332.0000     -733064.624431
3336.0000     -732959.969723
3340.0000     -733886.383158
3344.0000     -733947.164860
3348.0000     -733313.735600
3352.0000     -733713.775431
3356.0000     -733056.792520
3360.0000     -733536.803109
3364.0000     -733881.784850
3368.0000     -731412.674983
3372.0000     -734046.748862
3376.0000     -733455.585400
3380.0000     -733051.503401
3384.0000     -733046.591897
3388.0000     -733384.083223
3392.0000     -733339.720438
3396.0000     -733264.476084
3400.0000     -733670.651650
3404.0000     -733581.337819
3408.0000     -734074.988312
3412.0000     -733744.824142
3416.0000     -734157.770441
3420.0000     -733662.847736
3424.0000     -733371.241863
3428.0000     -733582.632192
3432.0000     -733649.083668
3436.0000     -733016.564736
3440.0000     -732608.071102
3444.0000     -732852.612541
3448.0000     -733696.360670
3452.0000     -733522.489160
3456.0000     -732367.654879
3460.0000     -733222.757480
3464.0000     -733041.046903
3468.0000     -734090.621427
3472.0000     -733887.604094
3476.0000     -733482.110190
3480.0000     -733421.351502
3484.0000     -732676.361585
3488.0000     -734205.464231
3492.0000     -734132.045662
3496.0000     -733053.564438
3500.0000     -698544.534683
3504.0000     -734576.311230
3508.0000     -733597.626335
3512.0000     -733656.660081
3516.0000     -733711.678252
3520.0000     -734175.637198
3524.0000     -733722.850268
3528.0000     -733512.007486
3532.0000     -733754.448248
3536.0000     -734038.717100
3540.0000     -733803.439212
3544.0000     -731839.203745
3548.0000     -732623.895996
3552.0000     -733603.799578
3556.0000     -733288.501213
3560.0000     -734007.291950
3564.0000     -733238.868507
3568.0000     -733098.979916
3572.0000     -733370.356367
3576.0000     -733177.653903
3580.0000     -733345.688828
3584.0000     -733838.491076
3588.0000     -733713.421337
3592.0000     -733027.151222
3596.0000     -733344.480696
3600.0000     -733042.807250
3604.0000     -734285.999216
3608.0000     -733619.446120
3612.0000     -733763.440578
3616.0000     -733398.663654
3620.0000     -733231.574923
3624.0000     -733779.930924
3628.0000     -733564.957641
3632.0000     -733854.655716
3636.0000     -733981.977173
3640.0000     -733835.409293
3644.0000     -733823.218809
3648.0000     -733603.018320
3652.0000     -733402.527176
3656.0000     -733317.447099
3660.0000     -734155.546277
3664.0000     -733260.331711
3668.0000     -733383.590533
3672.0000     -733440.428446
3676.0000     -733209.085132
3680.0000     -733279.210877
3684.0000     -733025.607648
3688.0000     -733737.372653
3692.0000     -733401.434131
3696.0000     -733838.190172
3700.0000     -734515.811232
3704.0000     -734026.503990
3708.0000     -733851.294864
3712.0000     -734591.494949
3716.0000     -734070.531339
3720.0000     -733963.010274
3724.0000     -734038.793357
3728.0000     -733902.751340
3732.0000     -731918.442378
3736.0000     -734535.755379
3740.0000     -733889.975244
3744.0000     -732830.874767
3748.0000     -733485.155129
3752.0000     -733461.030336
3756.0000     -733129.891550
3760.0000     -733542.764893
3764.0000     -734380.910035
3768.0000     -733916.797261
3772.0000     -733581.369444
3776.0000     -733463.885794
3780.0000     -734341.858696
3784.0000     -734334.768327
3788.0000     -733556.146596
3792.0000     -733854.553849
3796.0000     -733483.191073
3800.0000     -734105.512241
3804.0000     -733647.985577
3808.0000     -733212.710764
3812.0000     -733855.747643
3816.0000     -733708.290040
3820.0000     -733669.036706
3824.0000     -733485.189652
3828.0000     -733247.878360
3832.0000     -733809.877045
3836.0000     -734549.488981
3840.0000     -733657.988557
3844.0000     -733621.651900
3848.0000     -734382.354921
3852.0000     -733532.628659
3856.0000     -733365.232255
3860.0000     -733559.005725
3864.0000     -733587.975116
3868.0000     -734230.051943
3872.0000     -734343.295771
3876.0000     -733300.136291
3880.0000     -733537.821675
3884.0000     -733301.041939
3888.0000     -734686.884357
3892.0000     -733102.487248
3896.0000     -734099.929463
3900.0000     -733965.981229
3904.0000     -733544.542594
3908.0000     -734044.253000
3912.0000     -734304.418511
3916.0000     -732967.301162
3920.0000     -733755.683044
3924.0000     -732541.568871
3928.0000     -732984.081427
3932.0000     -732268.562606
3936.0000     -733247.031968
3940.0000     -733669.685267
3944.0000     -733391.722773
3948.0000     -733634.837911
3952.0000     -733079.690783
3956.0000     -732778.548345
3960.0000     -733823.015295
3964.0000     -733816.325160
3968.0000     -733145.916850
3972.0000     -734026.730845
3976.0000     -733468.442292
3980.0000     -733314.580273
3984.0000     -733378.039494
3988.0000     -733202.287313
3992.0000     -733042.264966
3996.0000     -733638.927915
4000.0000     -733647.470421
4004.0000     -733647.470421
