4.0000     -732859.766730
8.0000     -733386.433348
12.0000     -732885.342675
16.0000     -733633.179826
20.0000     -731885.574228
24.0000     -733227.563333
28.0000     -733720.083400
32.0000     -732396.151710
36.0000     -732721.449320
40.0000     -734038.521274
44.0000     -734242.058688
48.0000     -732835.411851
52.0000     -733012.858089
56.0000     -733014.438154
60.0000     -732816.613792
64.0000     -733663.792985
68.0000     -733325.713125
72.0000     -733355.251365
76.0000     -732734.622832
80.0000     -733793.871668
84.0000     -733315.048976
88.0000     -732861.788684
92.0000     -733426.632458
96.0000     -733724.508401
100.0000     -732834.993132
104.0000     -732686.865803
108.0000     -733289.372280
112.0000     -733806.178501
116.0000     -733399.320577
120.0000     -733876.362618
124.0000     -733667.831782
128.0000     -732785.302823
132.0000     -733411.131039
136.0000     -732490.867195
140.0000     -733843.424759
144.0000     -733501.898809
148.0000     -733095.932484
152.0000     -733367.046682
156.0000     -732938.830159
160.0000     -733858.844375
164.0000     -733289.092777
168.0000     -732436.280370
172.0000     -733794.059656
176.0000     -733159.737560
180.0000     -733243.812108
184.0000     -733233.317099
188.0000     -732933.429015
192.0000     -732620.226543
196.0000     -732796.668752
200.0000     -732994.979574
204.0000     -733554.817123
208.0000     -732350.846365
212.0000     -732633.327817
216.0000     -733015.334621
220.0000     -733103.499228
224.0000     -733496.742206
228.0000     -733213.445054
232.0000     -732920.564606
236.0000     -733209.643473
240.0000     -733514.980675
244.0000     -733303.626322
248.0000     -733513.855307
252.0000     -733684.768513
256.0000     -733619.829148
260.0000     -733536.433261
264.0000     -733501.042854
268.0000     -733281.468807
272.0000     -733978.780394
276.0000     -734127.178930
280.0000     -733528.029662
284.0000     -733476.779766
288.0000     -732315.988442
292.0000     -733159.834755
296.0000     -734093.502478
300.0000     -732981.561726
304.0000     -732264.950825
308.0000     -733250.930547
312.0000     -733761.173414
316.0000     -733036.923502
320.0000     -734080.116377
324.0000     -732787.234061
328.0000     -733184.805060
332.0000     -732857.597097
336.0000     -733041.575603
340.0000     -733283.926074
344.0000     -734292.705923
348.0000     -733613.737043
352.0000     -733258.219399
356.0000     -733221.559296
360.0000     -733474.713880
364.0000     -733672.574391
368.0000     -733144.334781
372.0000     -733390.051571
376.0000     -733656.176436
380.0000     -732985.602665
384.0000     -733817.054599
388.0000     -733230.877998
392.0000     -733516.436383
396.0000     -732974.023266
400.0000     -733896.369271
404.0000     -733756.855297
408.0000     -733507.394142
412.0000     -733401.868696
416.0000     -732984.017210
420.0000     -732129.310311
424.0000     -733333.496829
428.0000     -733082.529724
432.0000     -732902.265026
436.0000     -733379.657966
440.0000     -733290.333537
444.0000     -732389.389378
448.0000     -733274.148001
452.0000     -733079.391452
456.0000     -733586.336359
460.0000     -732377.515691
464.0000     -732911.462427
468.0000     -732557.944040
472.0000     -733279.119295
476.0000     -733100.751373
480.0000     -732223.620952
484.0000     -732992.023886
488.0000     -733461.718112
492.0000     -732518.359951
496.0000     -732438.716666
500.0000     -732887.037824
504.0000     -733396.148742
508.0000     -733239.659823
512.0000     -732796.146955
516.0000     -733070.333659
520.0000     -733063.396080
524.0000     -733306.691014
528.0000     -733997.498544
532.0000     -734022.070666
536.0000     -733658.324640
540.0000     -733181.484583
544.0000     -733543.710011
548.0000     -733060.705310
552.0000     -733069.028136
556.0000     -733377.264398
560.0000     -732839.100567
564.0000     -733412.370180
568.0000     -733328.388201
572.0000     -732864.789645
576.0000     -732950.756149
580.0000     -733005.423553
584.0000     -732785.602077
588.0000     -732580.375780
592.0000     -733117.140647
596.0000     -733055.569910
600.0000     -733507.798043
604.0000     -733106.340191
608.0000     -733479.435640
612.0000     -733516.099267
616.0000     -733049.146613
620.0000     -732949.383910
624.0000     -733728.354445
628.0000     -733059.826718
632.0000     -732993.566615
636.0000     -733590.707570
640.0000     -733900.241612
644.0000     -733279.062951
648.0000     -734231.688026
652.0000     -732851.231279
656.0000     -733761.077159
660.0000     -733394.699327
664.0000     -733376.719015
668.0000     -732649.718935
672.0000     -733497.370834
676.0000     -733283.750084
680.0000     -733156.521295
684.0000     -733684.446106
688.0000     -733241.785973
692.0000     -732048.296288
696.0000     -732648.212941
700.0000     -733569.085082
704.0000     -732219.672902
708.0000     -732926.121717
712.0000     -733261.300618
716.0000     -733523.643109
720.0000     -733703.229370
724.0000     -733243.874206
728.0000     -733833.986693
732.0000     -733819.309594
736.0000     -733326.512853
740.0000     -733362.093514
744.0000     -733321.615486
748.0000     -733190.015837
752.0000     -733338.778983
756.0000     -732796.459712
760.0000     -733880.692151
764.0000     -733167.741897
768.0000     -733753.580667
772.0000     -733074.337314
776.0000     -733752.262229
780.0000     -733572.771284
784.0000     -733423.550085
788.0000     -733733.615076
792.0000     -733972.499842
796.0000     -733361.842785
800.0000     -733177.925248
804.0000     -733245.316399
808.0000     -733120.795635
812.0000     -732458.156274
816.0000     -733189.387982
820.0000     -733671.224808
824.0000     -733138.724432
828.0000     -733671.645996
832.0000     -733465.391364
836.0000     -733652.344487
840.0000     -734239.239804
844.0000     -733425.907143
848.0000     -733186.559142
852.0000     -733555.173201
856.0000     -734378.763695
860.0000     -732806.508796
864.0000     -732669.752450
868.0000     -732886.866599
872.0000     -732630.391355
876.0000     -732920.431666
880.0000     -732972.645332
884.0000     -733607.998714
888.0000     -733448.357350
892.0000     -733864.723657
896.0000     -733111.300304
900.0000     -733266.460153
904.0000     -733709.340273
908.0000     -732729.240613
912.0000     -733756.329196
916.0000     -733935.838665
920.0000     -733608.287756
924.0000     -733324.819460
928.0000     -733506.750826
932.0000     -732472.356683
936.0000     -732640.509883
940.0000     -734131.386276
944.0000     -733246.610426
948.0000     -733220.071045
952.0000     -733944.646763
956.0000     -733793.528605
960.0000     -733138.593721
964.0000     -732783.998849
968.0000     -733253.460950
972.0000     -733152.364731
976.0000     -733289.694916
980.0000     -733729.139320
984.0000     -732274.391700
988.0000     -733302.858775
992.0000     -733206.770620
996.0000     -733459.510863
1000.0000     -732774.971972
1004.0000     -733323.611716
1008.0000     -733046.663126
1012.0000     -733455.541396
1016.0000     -733386.380930
1020.0000     -733033.697966
1024.0000     -733539.139220
1028.0000     -734128.824034
1032.0000     -732655.529124
1036.0000     -732302.025881
1040.0000     -732636.816673
1044.0000     -730022.638259
1048.0000     -733065.858415
1052.0000     -733572.970280
1056.0000     -733506.961291
1060.0000     -733734.602703
1064.0000     -733317.902156
1068.0000     -732748.633662
1072.0000     -732820.471135
1076.0000     -733448.087607
1080.0000     -733560.842511
1084.0000     -731659.056905
1088.0000     -733140.840269
1092.0000     -733312.656830
1096.0000     -732847.570567
1100.0000     -733367.315683
1104.0000     -733369.311611
1108.0000     -733284.715839
1112.0000     -732816.546260
1116.0000     -733318.340934
1120.0000     -733065.068281
1124.0000     -733756.979884
1128.0000     -733631.475205
1132.0000     -732668.540255
1136.0000     -733069.492731
1140.0000     -733479.967940
1144.0000     -733560.493139
1148.0000     -733228.354896
1152.0000     -732799.663674
1156.0000     -733687.405593
1160.0000     -732587.164939
1164.0000     -733199.872380
1168.0000     -732766.100226
1172.0000     -733144.603643
1176.0000     -733728.741682
1180.0000     -732847.432510
1184.0000     -733222.595936
1188.0000     -732833.724711
1192.0000     -733504.170795
1196.0000     -733950.677457
1200.0000     -733135.519694
1204.0000     -733198.866511
1208.0000     -734460.524574
1212.0000     -733249.122273
1216.0000     -733123.030533
1220.0000     -733092.229561
1224.0000     -733458.989400
1228.0000     -732907.861682
1232.0000     -732699.303738
1236.0000     -732812.857709
1240.0000     -733445.009881
1244.0000     -733815.152636
1248.0000     -733256.417385
1252.0000     -733780.959976
1256.0000     -733745.095138
1260.0000     -732873.764541
1264.0000     -733652.923094
1268.0000     -733332.206486
1272.0000     -733559.476197
1276.0000     -732601.758886
1280.0000     -734223.763759
1284.0000     -732477.985744
1288.0000     -732885.821061
1292.0000     -733325.082102
1296.0000     -733522.169990
1300.0000     -732946.286862
1304.0000     -733561.566849
1308.0000     -733278.020335
1312.0000     -733551.174840
1316.0000     -732817.053993
1320.0000     -733848.701148
1324.0000     -732863.593173
1328.0000     -732244.598951
1332.0000     -733370.098697
1336.0000     -733694.170769
1340.0000     -732762.548371
1344.0000     -733182.783084
1348.0000     -733375.039226
1352.0000     -733526.318574
1356.0000     -733822.239432
1360.0000     -732745.657803
1364.0000     -732399.972319
1368.0000     -732696.791312
1372.0000     -733362.133016
1376.0000     -734049.851812
1380.0000     -734195.463456
1384.0000     -732523.692721
1388.0000     -733645.524766
1392.0000     -733597.736481
1396.0000     -733477.409572
1400.0000     -732989.471201
1404.0000     -733506.327629
1408.0000     -734081.681447
1412.0000     -733333.305868
1416.0000     -733505.871763
1420.0000     -732392.633172
1424.0000     -733402.951230
1428.0000     -733267.888895
1432.0000     -733993.356802
1436.0000     -733065.434367
1440.0000     -733646.532671
1444.0000     -734097.594300
1448.0000     -733966.263244
1452.0000     -733470.228024
1456.0000     -733739.623370
1460.0000     -733160.341182
1464.0000     -732784.578160
1468.0000     -732977.018963
1472.0000     -733245.928075
1476.0000     -733259.832074
1480.0000     -733845.621463
1484.0000     -733839.981961
1488.0000     -733250.163768
1492.0000     -733683.494508
1496.0000     -732897.214956
1500.0000     -733841.873899
1504.0000     -732545.692152
1508.0000     -733204.471128
1512.0000     -733295.285267
1516.0000     -732672.481278
1520.0000     -733068.468470
1524.0000     -733574.977498
1528.0000     -733617.617102
1532.0000     -733517.812840
1536.0000     -732761.815363
1540.0000     -733798.091508
1544.0000     -734406.474618
1548.0000     -733610.458240
1552.0000     -733539.430501
1556.0000     -733216.173679
1560.0000     -733240.392617
1564.0000     -733017.562963
1568.0000     -732064.403540
1572.0000     -733537.300672
1576.0000     -733227.424476
1580.0000     -733422.113914
1584.0000     -733594.062140
1588.0000     -733149.357099
1592.0000     -733500.950446
1596.0000     -733561.353405
1600.0000     -733781.859481
1604.0000     -733445.284656
1608.0000     -733785.895689
1612.0000     -734483.477654
1616.0000     -732863.122385
1620.0000     -733275.554531
1624.0000     -733167.509057
1628.0000     -734105.458802
1632.0000     -734054.204647
1636.0000     -732831.556197
1640.0000     -733476.436508
1644.0000     -732896.959650
1648.0000     -732563.454597
1652.0000     -733958.299107
1656.0000     -733709.379450
1660.0000     -733305.187196
1664.0000     -734275.826226
1668.0000     -733673.154510
1672.0000     -733641.755822
1676.0000     -732593.497327
1680.0000     -733453.462817
1684.0000     -733112.578961
1688.0000     -733283.115176
1692.0000     -732612.774804
1696.0000     -733270.379611
1700.0000     -732675.083080
1704.0000     -733501.115664
1708.0000     -733529.895310
1712.0000     -733251.125307
1716.0000     -732975.763670
1720.0000     -733404.301570
1724.0000     -733151.161742
1728.0000     -733241.674416
1732.0000     -733438.197957
1736.0000     -733679.972625
1740.0000     -733165.493880
1744.0000     -732830.631667
1748.0000     -732790.696053
1752.0000     -733318.851747
1756.0000     -732948.878755
1760.0000     -733262.855772
1764.0000     -733436.894069
1768.0000     -733391.509570
1772.0000     -733589.422222
1776.0000     -733427.104295
1780.0000     -732705.246902
1784.0000     -733651.317731
1788.0000     -734325.491834
1792.0000     -734067.009587
1796.0000     -733881.168524
1800.0000     -734413.756961
1804.0000     -733707.430862
1808.0000     -734124.499745
1812.0000     -734110.582480
1816.0000     -734323.403413
1820.0000     -733177.232965
1824.0000     -732754.243154
1828.0000     -733835.963841
1832.0000     -733645.143362
1836.0000     -733684.458414
1840.0000     -733550.197668
1844.0000     -732978.038559
1848.0000     -733199.882268
1852.0000     -733520.478176
1856.0000     -732895.605765
1860.0000     -735007.889899
1864.0000     -734106.146308
1868.0000     -733261.455697
1872.0000     -733373.477105
1876.0000     -732670.320262
1880.0000     -733627.950286
1884.0000     -733507.026036
1888.0000     -732797.757645
1892.0000     -733478.540523
1896.0000     -734265.382886
1900.0000     -733675.931225
1904.0000     -733645.637119
1908.0000     -734169.740633
1912.0000     -733024.467207
1916.0000     -733569.313753
1920.0000     -734143.844385
1924.0000     -733227.659714
1928.0000     -734429.178079
1932.0000     -733104.755625
1936.0000     -733105.400536
1940.0000     -733086.806456
1944.0000     -732877.529848
1948.0000     -732223.275051
1952.0000     -733024.312131
1956.0000     -733390.589860
1960.0000     -733540.658197
1964.0000     -733102.319429
1968.0000     -733092.541617
1972.0000     -733782.745013
1976.0000     -734065.945715
1980.0000     -733904.079700
1984.0000     -734625.183118
1988.0000     -733684.350054
1992.0000     -733984.384547
1996.0000     -733585.890947
2000.0000     -733845.452283
2004.0000     -733187.884606
2008.0000     -733615.580592
2012.0000     -733198.560825
2016.0000     -733677.654707
2020.0000     -733031.371817
2024.0000     -732923.346328
2028.0000     -733160.255675
2032.0000     -733360.321454
2036.0000     -733144.811636
2040.0000     -733498.194702
2044.0000     -733439.600995
2048.0000     -732613.754679
2052.0000     -733646.751034
2056.0000     -733266.520832
2060.0000     -732964.873909
2064.0000     -732780.251017
2068.0000     -733394.515103
2072.0000     -733719.834078
2076.0000     -733602.838903
2080.0000     -733097.788136
2084.0000     -733198.303803
2088.0000     -733140.759833
2092.0000     -733746.672317
2096.0000     -734170.914971
2100.0000     -733339.659536
2104.0000     -732975.374974
2108.0000     -733941.615426
2112.0000     -733727.532544
2116.0000     -733621.027733
2120.0000     -734920.217085
2124.0000     -734167.156412
2128.0000     -735070.910369
2132.0000     -734451.691005
2136.0000     -733398.687011
2140.0000     -733690.292326
2144.0000     -733632.298769
2148.0000     -733714.778577
2152.0000     -732931.028969
2156.0000     -733167.325384
2160.0000     -733666.103179
2164.0000     -733940.214508
2168.0000     -733609.535853
2172.0000     -733585.555860
2176.0000     -734306.559595
2180.0000     -734234.266231
2184.0000     -733035.393186
2188.0000     -733761.803437
2192.0000     -733773.696861
2196.0000     -733291.405971
2200.0000     -734344.869281
2204.0000     -733083.612430
2208.0000     -733017.889088
2212.0000     -733829.256266
2216.0000     -733523.011063
2220.0000     -733330.301827
2224.0000     -733589.808246
2228.0000     -733387.871186
2232.0000     -733687.961285
2236.0000     -733462.083292
2240.0000     -733653.926659
2244.0000     -733211.200062
2248.0000     -732809.951540
2252.0000     -733115.899151
2256.0000     -732854.133006
2260.0000     -733071.424875
2264.0000     -732605.600002
2268.0000     -732806.126580
2272.0000     -733039.087884
2276.0000     -733904.125321
2280.0000     -733756.238565
2284.0000     -733269.662990
2288.0000     -734217.719469
2292.0000     -734386.133325
2296.0000     -733089.011090
2300.0000     -733451.738275
2304.0000     -733568.861982
2308.0000     -733036.856390
2312.0000     -732788.102751
2316.0000     -733104.415567
2320.0000     -733381.869980
2324.0000     -733738.947139
2328.0000     -733437.199539
2332.0000     -732865.620661
2336.0000     -733141.521497
2340.0000     -733705.315586
2344.0000     -733302.006394
2348.0000     -733324.658053
2352.0000     -732720.078928
2356.0000     -733244.800672
2360.0000     -732597.115194
2364.0000     -733463.627710
2368.0000     -733795.188885
2372.0000     -733610.849335
2376.0000     -733399.682454
2380.0000     -732921.997841
2384.0000     -733058.629362
2388.0000     -733668.243456
2392.0000     -733213.553514
2396.0000     -733714.546080
2400.0000     -734220.976747
2404.0000     -733628.405312
2408.0000     -733519.126314
2412.0000     -732819.234983
2416.0000     -733382.924777
2420.0000     -733610.524736
2424.0000     -732902.914459
2428.0000     -733814.793731
2432.0000     -733852.352334
2436.0000     -733830.163736
2440.0000     -733390.915478
2444.0000     -733406.316735
2448.0000     -733908.829426
2452.0000     -733579.568428
2456.0000     -733517.560249
2460.0000     -734121.825068
2464.0000     -733058.750314
2468.0000     -733528.786631
2472.0000     -733066.309707
2476.0000     -732681.456189
2480.0000     -733216.227620
2484.0000     -734126.875268
2488.0000     -733733.674212
2492.0000     -733714.824588
2496.0000     -732550.711637
2500.0000     -732785.439754
2504.0000     -733284.055829
2508.0000     -734554.342027
2512.0000     -733471.304981
2516.0000     -734044.861732
2520.0000     -733314.218049
2524.0000     -732724.533558
2528.0000     -733622.557312
2532.0000     -733345.939459
2536.0000     -733572.753106
2540.0000     -733352.950838
2544.0000     -733157.338584
2548.0000     -733175.843897
2552.0000     -732754.522242
2556.0000     -733098.045097
2560.0000     -733611.898826
2564.0000     -733667.364533
2568.0000     -733619.638947
2572.0000     -734100.778274
2576.0000     -732971.604125
2580.0000     -733606.882574
2584.0000     -733389.986751
2588.0000     -733951.488016
2592.0000     -733065.457757
2596.0000     -733378.128141
2600.0000     -733097.556735
2604.0000     -733595.977427
2608.0000     -733784.345357
2612.0000     -733409.246967
2616.0000     -732679.103279
2620.0000     -732908.436373
2624.0000     -733625.400850
2628.0000     -734159.068506
2632.0000     -733698.443757
2636.0000     -734120.434331
2640.0000     -734106.516920
2644.0000     -733670.834161
2648.0000     -732806.647169
2652.0000     -733272.227944
2656.0000     -733736.248349
2660.0000     -734158.457527
2664.0000     -734420.553693
2668.0000     -733375.061741
2672.0000     -734013.368145
2676.0000     -733511.509515
2680.0000     -734198.547912
2684.0000     -734637.240910
2688.0000     -734227.903597
2692.0000     -734023.889531
2696.0000     -732639.242618
2700.0000     -733729.192822
2704.0000     -733321.895895
2708.0000     -733817.239775
2712.0000     -733993.527237
2716.0000     -732868.948793
2720.0000     -733366.224563
2724.0000     -733883.199392
2728.0000     -733260.015097
2732.0000     -733809.721407
2736.0000     -734014.023879
2740.0000     -733770.803532
2744.0000     -733536.058685
2748.0000     -733998.595318
2752.0000     -733996.071381
2756.0000     -733833.794415
2760.0000     -733470.524257
2764.0000     -734061.119538
2768.0000     -733727.756290
2772.0000     -733727.318007
2776.0000     -732815.885335
2780.0000     -733142.148899
2784.0000     -733115.604338
2788.0000     -733151.864508
2792.0000     -733881.935177
2796.0000     -734086.327848
2800.0000     -733549.693569
2804.0000     -732669.867798
2808.0000     -732981.769290
2812.0000     -733553.466536
2816.0000     -733687.478473
2820.0000     -733018.446511
2824.0000     -734343.020768
2828.0000     -734543.973164
2832.0000     -733376.277301
2836.0000     -733955.086253
2840.0000     -734056.883879
2844.0000     -734652.652215
2848.0000     -733745.327529
2852.0000     -733767.383329
2856.0000     -733320.799468
2860.0000     -733703.181153
2864.0000     -733874.943556
2868.0000     -734303.292186
2872.0000     -733652.739379
2876.0000     -734304.103636
2880.0000     -734576.428091
2884.0000     -733274.873987
2888.0000     -733825.183477
2892.0000     -732875.101451
2896.0000     -734163.187392
2900.0000     -733791.308099
2904.0000     -733268.941540
2908.0000     -733458.654093
2912.0000     -733688.372016
2916.0000     -733903.450249
2920.0000     -733097.156277
2924.0000     -734447.578311
2928.0000     -734342.907613
2932.0000     -733303.346097
2936.0000     -734722.019538
2940.0000     -733497.785635
2944.0000     -733562.611766
2948.0000     -734515.830252
2952.0000     -733685.928921
2956.0000     -734351.661249
2960.0000     -734299.294541
2964.0000     -733721.830165
2968.0000     -732846.526158
2972.0000     -732936.516082
2976.0000     -733364.733681
2980.0000     -733390.836889
2984.0000     -732925.833454
2988.0000     -734589.642532
2992.0000     -734336.897593
2996.0000     -733648.122258
3000.0000     -733977.227438
3004.0000     -734228.534030
3008.0000     -733783.653860
3012.0000     -733228.057996
3016.0000     -733970.930573
3020.0000     -734075.842704
3024.0000     -733663.598748
3028.0000     -734508.909690
3032.0000     -733509.280410
3036.0000     -733422.302841
3040.0000     -733458.490976
3044.0000     -733628.140756
3048.0000     -733711.560580
3052.0000     -733051.674623
3056.0000     -734219.439589
3060.0000     -733698.032018
3064.0000     -732978.940945
3068.0000     -734127.100364
3072.0000     -732988.221079
3076.0000     -734125.098192
3080.0000     -734007.162455
3084.0000     -733557.889833
3088.0000     -733483.022784
3092.0000     -732653.062703
3096.0000     -733799.738273
3100.0000     -734414.392840
3104.0000     -733679.692977
3108.0000     -734056.175076
3112.0000     -734161.904316
3116.0000     -733887.264303
3120.0000     -734087.713600
3124.0000     -733817.472215
3128.0000     -733547.700031
3132.0000     -733850.664084
3136.0000     -734143.065069
3140.0000     -733919.060653
3144.0000     -732841.662973
3148.0000     -733375.258613
3152.0000     -732807.578463
3156.0000     -733330.859681
3160.0000     -733330.560578
3164.0000     -733690.743185
3168.0000     -733460.539548
3172.0000     -733783.848561
3176.0000     -734007.868147
3180.0000     -734016.042229
3184.0000     -734052.830417
3188.0000     -733591.062920
3192.0000     -733819.066430
3196.0000     -733493.074008
3200.0000     -734560.860281
3204.0000     -734108.853211
3208.0000     -733707.569013
3212.0000     -734717.840997
3216.0000     -733596.764683
3220.0000     -732751.161706
3224.0000     -733765.886201
3228.0000     -733023.932686
3232.0000     -733096.736488
3236.0000     -733787.354040
3240.0000     -733567.543877
3244.0000     -733933.046021
3248.0000     -733913.106523
3252.0000     -733171.389270
3256.0000     -733079.222428
3260.0000     -733603.179874
3264.0000     -733912.614315
3268.0000     -734688.578445
3272.0000     -734887.829739
3276.0000     -734419.702358
3280.0000     -733912.960536
3284.0000     -734089.120307
3288.0000     -733639.862913
3292.0000     -732220.560927
3296.0000     -732876.124214
3300.0000     -733665.910744
3304.0000     -734061.094134
3308.0000     -733583.440960
3312.0000     -733562.142618
3316.0000     -732953.241152
3320.0000     -733782.370548
3324.0000     -734032.329945
3328.0000     -733717.331753
3332.0000     -734230.185828
3336.0000     -733321.915666
3340.0000     -734538.365488
3344.0000     -734198.995148
3348.0000     -733722.731661
3352.0000     -734523.003692
3356.0000     -733958.211471
3360.0000     -734886.258265
3364.0000     -734161.121358
3368.0000     -734203.889501
3372.0000     -733181.153547
3376.0000     -733464.615401
3380.0000     -733509.940644
3384.0000     -733548.361883
3388.0000     -734239.531880
3392.0000     -733439.495874
3396.0000     -733676.281339
3400.0000     -734236.358088
3404.0000     -733518.117710
3408.0000     -733258.481095
3412.0000     -733787.683733
3416.0000     -733937.849183
3420.0000     -733757.476852
3424.0000     -733217.627986
3428.0000     -733524.352772
3432.0000     -733995.815170
3436.0000     -733228.666943
3440.0000     -733191.773365
3444.0000     -734245.992979
3448.0000     -734002.518846
3452.0000     -734035.383361
3456.0000     -734049.440749
3460.0000     -733498.992441
3464.0000     -734058.113645
3468.0000     -734345.310091
3472.0000     -732799.092421
3476.0000     -734227.541897
3480.0000     -734083.806187
3484.0000     -733548.190119
3488.0000     -734396.188574
3492.0000     -733762.800006
3496.0000     -733499.855853
3500.0000     -733854.987593
3504.0000     -734591.747589
3508.0000     -734016.448473
3512.0000     -734129.849729
3516.0000     -734235.062452
3520.0000     -734254.135092
3524.0000     -733774.861781
3528.0000     -733537.785360
3532.0000     -733582.517374
3536.0000     -733371.544654
3540.0000     -733612.779705
3544.0000     -732985.551891
3548.0000     -733953.649640
3552.0000     -733950.959368
3556.0000     -733836.685013
3560.0000     -734649.352880
3564.0000     -734001.517568
3568.0000     -733511.997481
3572.0000     -733176.312664
3576.0000     -734441.013869
3580.0000     -734176.863612
3584.0000     -733978.151234
3588.0000     -733606.046049
3592.0000     -734115.216135
3596.0000     -734078.285450
3600.0000     -733935.195108
3604.0000     -733727.758795
3608.0000     -733414.731901
3612.0000     -733805.832478
3616.0000     -733581.116734
3620.0000     -733412.566594
3624.0000     -734217.509129
3628.0000     -734094.088360
3632.0000     -733768.412413
3636.0000     -734114.857217
3640.0000     -733960.116468
3644.0000     -733011.761604
3648.0000     -733718.037347
3652.0000     -734067.113339
3656.0000     -734128.075508
3660.0000     -734032.676549
3664.0000     -734014.159262
3668.0000     -734291.638293
3672.0000     -733810.174824
3676.0000     -733527.920481
3680.0000     -733735.459489
3684.0000     -733357.936413
3688.0000     -733943.835706
3692.0000     -734147.087614
3696.0000     -733449.358269
3700.0000     -733412.937890
3704.0000     -733480.198334
3708.0000     -733271.388170
3712.0000     -733300.589443
3716.0000     -734485.141588
3720.0000     -732831.954165
3724.0000     -734225.704439
3728.0000     -733476.388238
3732.0000     -734820.740583
3736.0000     -734221.494173
3740.0000     -734722.446597
3744.0000     -732929.294322
3748.0000     -734184.791948
3752.0000     -733284.480662
3756.0000     -733663.555394
3760.0000     -733234.189229
3764.0000     -734056.156432
3768.0000     -732653.906474
3772.0000     -733599.747203
3776.0000     -734004.273750
3780.0000     -733789.219421
3784.0000     -733761.415093
3788.0000     -733271.383242
3792.0000     -733525.383539
3796.0000     -733831.634667
3800.0000     -733553.169147
3804.0000     -734209.023989
3808.0000     -734250.129520
3812.0000     -733990.016729
3816.0000     -733736.103313
3820.0000     -734200.270393
3824.0000     -734221.673163
3828.0000     -733730.664524
3832.0000     -733798.603785
3836.0000     -733707.568597
3840.0000     -734201.183518
3844.0000     -733746.172126
3848.0000     -733368.739991
3852.0000     -733510.106472
3856.0000     -734157.426622
3860.0000     -733508.700563
3864.0000     -733090.977838
3868.0000     -733518.817442
3872.0000     -733443.748503
3876.0000     -733989.189116
3880.0000     -733358.526962
3884.0000     -733974.354225
3888.0000     -733392.220063
3892.0000     -733985.088608
3896.0000     -732932.115416
3900.0000     -733023.345359
3904.0000     -734026.362885
3908.0000     -734462.212598
3912.0000     -733909.517892
3916.0000     -733249.188522
3920.0000     -733385.497670
3924.0000     -733664.605656
3928.0000     -733890.369423
3932.0000     -732919.339115
3936.0000     -734112.499473
3940.0000     -733831.492629
3944.0000     -733375.552126
3948.0000     -733697.400485
3952.0000     -734039.240067
3956.0000     -733552.001583
3960.0000     -734079.350706
3964.0000     -734768.980623
3968.0000     -733479.027957
3972.0000     -733691.717720
3976.0000     -731656.020161
3980.0000     -734723.688765
3984.0000     -733774.927333
3988.0000     -733590.030379
3992.0000     -734798.814095
3996.0000     -734129.946420
4000.0000     -734077.349081
4004.0000     -734077.349081
