4.0000     -732814.334036
8.0000     -733415.090986
12.0000     -732985.796460
16.0000     -733181.986479
20.0000     -732354.940172
24.0000     -732778.805062
28.0000     -731952.263468
32.0000     -732975.745704
36.0000     -733486.813785
40.0000     -732410.851648
44.0000     -732419.008068
48.0000     -733432.085293
52.0000     -732637.372663
56.0000     -732622.675091
60.0000     -732569.778907
64.0000     -732758.921481
68.0000     -733062.324133
72.0000     -732375.488148
76.0000     -733039.680844
80.0000     -733225.381139
84.0000     -733208.763703
88.0000     -733136.394204
92.0000     -732675.318425
96.0000     -733090.545349
100.0000     -733721.961852
104.0000     -733173.713260
108.0000     -732282.406474
112.0000     -732718.726085
116.0000     -733199.327603
120.0000     -732345.490310
124.0000     -732333.212228
128.0000     -732074.706683
132.0000     -732870.730960
136.0000     -732268.577716
140.0000     -733393.354916
144.0000     -733534.687912
148.0000     -733307.628033
152.0000     -733081.005670
156.0000     -732995.802130
160.0000     -732745.632056
164.0000     -732452.865238
168.0000     -732445.851354
172.0000     -732919.591268
176.0000     -732057.901417
180.0000     -732080.356740
184.0000     -732611.005835
188.0000     -731808.236988
192.0000     -733613.770593
196.0000     -732913.053830
200.0000     -732874.758164
204.0000     -732865.724507
208.0000     -733261.550877
212.0000     -733490.959385
216.0000     -732960.611100
220.0000     -733061.290033
224.0000     -732659.310790
228.0000     -734134.670152
232.0000     -733336.768137
236.0000     -732581.159966
240.0000     -733323.188659
244.0000     -732720.043076
248.0000     -733235.440243
252.0000     -733575.947694
256.0000     -733566.287835
260.0000     -732908.946030
264.0000     -732883.074085
268.0000     -734136.597268
272.0000     -732681.627843
276.0000     -733009.119962
280.0000     -733062.153839
284.0000     -732912.629171
288.0000     -732578.429415
292.0000     -732695.535408
296.0000     -733418.014917
300.0000     -733240.058107
304.0000     -733348.050059
308.0000     -733619.233580
312.0000     -733438.397395
316.0000     -733257.819767
320.0000     -732613.479455
324.0000     -731866.564650
328.0000     -733469.892028
332.0000     -733287.630838
336.0000     -733034.816114
340.0000     -733873.449034
344.0000     -732483.919221
348.0000     -734122.245930
352.0000     -732751.564518
356.0000     -733258.403850
360.0000     -733096.954613
364.0000     -733359.702256
368.0000     -733263.042360
372.0000     -733159.487914
376.0000     -732929.938604
380.0000     -733376.168466
384.0000     -732610.704552
388.0000     -733581.839312
392.0000     -732592.620190
396.0000     -733333.721450
400.0000     -733275.093602
404.0000     -733748.560619
408.0000     -733085.889493
412.0000     -732881.596987
416.0000     -734013.864270
420.0000     -732547.960004
424.0000     -732940.384796
428.0000     -733109.605995
432.0000     -733511.572955
436.0000     -733467.737180
440.0000     -733976.797199
444.0000     -732828.422871
448.0000     -733038.318319
452.0000     -733156.925554
456.0000     -732799.982146
460.0000     -733034.049939
464.0000     -733493.205880
468.0000     -733630.660913
472.0000     -733358.963921
476.0000     -733340.048657
480.0000     -733478.934852
484.0000     -733273.120784
488.0000     -733246.270936
492.0000     -733680.490641
496.0000     -734029.220097
500.0000     -733748.134181
504.0000     -733639.178534
508.0000     -733328.714596
512.0000     -733039.403309
516.0000     -732707.023813
520.0000     -733140.367055
524.0000     -733190.780195
528.0000     -733120.960772
532.0000     -732116.349288
536.0000     -733992.912944
540.0000     -733955.209191
544.0000     -733286.689047
548.0000     -733008.303426
552.0000     -733649.433273
556.0000     -733612.333925
560.0000     -734073.865154
564.0000     -733605.483052
568.0000     -733993.334101
572.0000     -733389.498496
576.0000     -733531.376641
580.0000     -733543.134246
584.0000     -733497.538520
588.0000     -733762.812595
592.0000     -732994.100268
596.0000     -733151.110427
600.0000     -733847.485572
604.0000     -733466.709296
608.0000     -733972.498414
612.0000     -733991.519030
616.0000     -733410.756523
620.0000     -732983.006851
624.0000     -733250.470138
628.0000     -733453.898891
632.0000     -733425.113102
636.0000     -733350.317255
640.0000     -733074.144301
644.0000     -733476.964222
648.0000     -733991.033467
652.0000     -734296.924825
656.0000     -733635.153119
660.0000     -734373.541939
664.0000     -733535.353947
668.0000     -733567.883235
672.0000     -733991.345742
676.0000     -733803.671594
680.0000     -733156.309526
684.0000     -733464.753270
688.0000     -733922.722759
692.0000     -733519.633921
696.0000     -733732.297926
700.0000     -733464.285518
704.0000     -733317.663473
708.0000     -733441.645002
712.0000     -733678.650910
716.0000     -733607.604107
720.0000     -733793.379736
724.0000     -733266.545510
728.0000     -732856.566161
732.0000     -733121.795904
736.0000     -733770.708824
740.0000     -733511.777452
744.0000     -733816.475141
748.0000     -734692.508783
752.0000     -733486.321775
756.0000     -734108.306726
760.0000     -734061.837913
764.0000     -732611.378808
768.0000     -734420.363100
772.0000     -734399.191792
776.0000     -733783.650390
780.0000     -733848.480846
784.0000     -733158.038015
788.0000     -733808.929812
792.0000     -734322.627283
796.0000     -733519.180287
800.0000     -734049.030081
804.0000     -733560.271122
808.0000     -733242.070594
812.0000     -733252.076442
816.0000     -733299.908581
820.0000     -733508.247064
824.0000     -733733.818029
828.0000     -733214.542406
832.0000     -732594.084354
836.0000     -732970.963177
840.0000     -733613.126610
844.0000     -732951.347539
848.0000     -733841.632742
852.0000     -734076.848919
856.0000     -733482.157724
860.0000     -732903.092770
864.0000     -733017.534096
868.0000     -732930.396366
872.0000     -732424.955797
876.0000     -733877.139156
880.0000     -732706.878670
884.0000     -734058.139455
888.0000     -733363.377816
892.0000     -732831.873540
896.0000     -734282.720670
900.0000     -734422.270820
904.0000     -733007.913750
908.0000     -733174.119765
912.0000     -733215.016812
916.0000     -734104.976474
920.0000     -733402.593402
924.0000     -733635.440901
928.0000     -733120.193679
932.0000     -733090.046938
936.0000     -734271.033403
940.0000     -733495.670355
944.0000     -732708.962187
948.0000     -734375.639064
952.0000     -733321.596597
956.0000     -732516.381083
960.0000     -733983.489031
964.0000     -733607.266891
968.0000     -733447.000076
972.0000     -733788.587938
976.0000     -732734.291657
980.0000     -733252.369977
984.0000     -734068.581756
988.0000     -734258.908428
992.0000     -733106.742651
996.0000     -733180.082093
1000.0000     -733102.161805
1004.0000     -733383.707951
1008.0000     -733162.319535
1012.0000     -733321.900750
1016.0000     -733976.604717
1020.0000     -734108.452584
1024.0000     -733152.165925
1028.0000     -733635.215569
1032.0000     -733237.920579
1036.0000     -733346.289382
1040.0000     -733260.866440
1044.0000     -733157.264686
1048.0000     -733663.663515
1052.0000     -733240.755432
1056.0000     -734163.879366
1060.0000     -733512.935254
1064.0000     -733323.633230
1068.0000     -733187.697715
1072.0000     -732931.772826
1076.0000     -733152.754778
1080.0000     -732700.810524
1084.0000     -733024.372349
1088.0000     -732611.448632
1092.0000     -733055.523328
1096.0000     -733053.651718
1100.0000     -733437.288169
1104.0000     -733415.615749
1108.0000     -733615.565380
1112.0000     -732890.661031
1116.0000     -733221.171202
1120.0000     -733349.079287
1124.0000     -733656.877515
1128.0000     -734082.571007
1132.0000     -733482.382574
1136.0000     -733440.011142
1140.0000     -733689.096223
1144.0000     -733661.337375
1148.0000     -734675.219999
1152.0000     -734365.244804
1156.0000     -734004.840315
1160.0000     -733724.884470
1164.0000     -734113.747708
1168.0000     -733703.717705
1172.0000     -733932.797161
1176.0000     -733740.454789
1180.0000     -732921.026139
1184.0000     -733635.352261
1188.0000     -733572.853502
1192.0000     -734041.235713
1196.0000     -734171.184317
1200.0000     -733551.135598
1204.0000     -733833.869354
1208.0000     -733671.576586
1212.0000     -733733.747671
1216.0000     -732881.210787
1220.0000     -733630.806090
1224.0000     -733749.583234
1228.0000     -733811.970016
1232.0000     -733478.429841
1236.0000     -733527.192926
1240.0000     -734014.168961
1244.0000     -733159.860825
1248.0000     -733339.074469
1252.0000     -733736.808779
1256.0000     -732882.459105
1260.0000     -732978.106094
1264.0000     -733707.860225
1268.0000     -734334.966091
1272.0000     -734111.641386
1276.0000     -733824.836553
1280.0000     -734598.042815
1284.0000     -733883.486761
1288.0000     -733309.618830
1292.0000     -733835.256556
1296.0000     -733742.358320
1300.0000     -732830.895121
1304.0000     -733496.237964
1308.0000     -733544.810701
1312.0000     -733713.447966
1316.0000     -733983.804603
1320.0000     -733313.405368
1324.0000     -733360.002111
1328.0000     -733644.141468
1332.0000     -733029.372978
1336.0000     -733254.401949
1340.0000     -733302.509432
1344.0000     -733946.971607
1348.0000     -733437.530208
1352.0000     -733256.083027
1356.0000     -733150.703393
1360.0000     -733995.440253
1364.0000     -733125.311606
1368.0000     -733036.594341
1372.0000     -733419.038881
1376.0000     -733780.158353
1380.0000     -734077.493570
1384.0000     -732809.231863
1388.0000     -733167.017111
1392.0000     -733164.149377
1396.0000     -733362.895107
1400.0000     -733632.308389
1404.0000     -732965.333242
1408.0000     -732558.627106
1412.0000     -732489.387636
1416.0000     -733744.964216
1420.0000     -734128.101025
1424.0000     -732983.312512
1428.0000     -733453.789157
1432.0000     -733560.598808
1436.0000     -733949.386431
1440.0000     -733486.091359
1444.0000     -734106.032836
1448.0000     -733344.591505
1452.0000     -733603.013803
1456.0000     -733397.094934
1460.0000     -733231.391182
1464.0000     -733627.782832
1468.0000     -733025.723570
1472.0000     -733478.762372
1476.0000     -733322.569622
1480.0000     -733452.220442
1484.0000     -734120.646282
1488.0000     -733735.809491
1492.0000     -733339.123118
1496.0000     -734789.785399
1500.0000     -733292.229520
1504.0000     -733804.259872
1508.0000     -734460.326226
1512.0000     -734132.339490
1516.0000     -733838.736414
1520.0000     -733682.280557
1524.0000     -733145.700647
1528.0000     -733181.613206
1532.0000     -733631.476722
1536.0000     -733199.094865
1540.0000     -733862.189752
1544.0000     -733473.996146
1548.0000     -733472.558374
1552.0000     -733622.940583
1556.0000     -733859.946275
1560.0000     -734174.561498
1564.0000     -733241.386057
1568.0000     -734021.658475
1572.0000     -733200.144319
1576.0000     -734060.700866
1580.0000     -733097.618048
1584.0000     -733265.192402
1588.0000     -733352.461291
1592.0000     -732777.892671
1596.0000     -733523.340824
1600.0000     -733165.915648
1604.0000     -733704.498014
1608.0000     -734468.122668
1612.0000     -733683.993172
1616.0000     -733641.655705
1620.0000     -733176.797776
1624.0000     -732636.890411
1628.0000     -732678.824301
1632.0000     -733636.667992
1636.0000     -733066.624508
1640.0000     -733791.658840
1644.0000     -732621.340446
1648.0000     -733405.435377
1652.0000     -733706.834782
1656.0000     -733138.460248
1660.0000     -734006.562729
1664.0000     -734472.191999
1668.0000     -733906.637989
1672.0000     -733400.808135
1676.0000     -733594.130400
1680.0000     -732852.470144
1684.0000     -733415.226970
1688.0000     -733939.113031
1692.0000     -733343.218053
1696.0000     -734016.016299
1700.0000     -732904.555553
1704.0000     -732369.501910
1708.0000     -733574.473609
1712.0000     -733120.261275
1716.0000     -733752.475879
1720.0000     -732708.074625
1724.0000     -733672.424623
1728.0000     -733076.454399
1732.0000     -733797.104666
1736.0000     -734194.522305
1740.0000     -732533.882416
1744.0000     -733662.756812
1748.0000     -733870.169820
1752.0000     -733197.925221
1756.0000     -732857.644220
1760.0000     -733990.601587
1764.0000     -733915.793252
1768.0000     -733662.063050
1772.0000     -734273.119082
1776.0000     -733631.048543
1780.0000     -733611.800540
1784.0000     -732654.808446
1788.0000     -734421.527014
1792.0000     -733795.493456
1796.0000     -733578.570329
1800.0000     -734023.906004
1804.0000     -734065.695147
1808.0000     -734055.519213
1812.0000     -733787.206235
1816.0000     -732887.100260
1820.0000     -733458.220536
1824.0000     -733453.780757
1828.0000     -734299.283921
1832.0000     -734095.863811
1836.0000     -734278.108405
1840.0000     -733811.246412
1844.0000     -733956.145742
1848.0000     -734799.702048
1852.0000     -734048.456498
1856.0000     -733063.230795
1860.0000     -734049.377005
1864.0000     -734097.962658
1868.0000     -734167.425515
1872.0000     -733694.734458
1876.0000     -733707.503647
1880.0000     -734902.399077
1884.0000     -734299.300700
1888.0000     -732811.917929
1892.0000     -733076.526152
1896.0000     -733383.266081
1900.0000     -734258.850013
1904.0000     -733276.331552
1908.0000     -733081.644632
1912.0000     -733554.432098
1916.0000     -733756.887206
1920.0000     -733270.836453
1924.0000     -734042.808519
1928.0000     -734545.671183
1932.0000     -732704.823487
1936.0000     -733614.115419
1940.0000     -733238.196927
1944.0000     -733059.292175
1948.0000     -733474.196881
1952.0000     -734080.940809
1956.0000     -733144.868086
1960.0000     -733473.759608
1964.0000     -733220.779710
1968.0000     -734042.835692
1972.0000     -733854.716720
1976.0000     -734305.085960
1980.0000     -733248.907518
1984.0000     -733842.504677
1988.0000     -734201.786440
1992.0000     -733546.161297
1996.0000     -734450.983326
2000.0000     -733283.243114
2004.0000     -733650.813149
2008.0000     -733573.867919
2012.0000     -734187.026434
2016.0000     -733556.140978
2020.0000     -733719.497452
2024.0000     -733358.006220
2028.0000     -733759.585921
2032.0000     -733609.857028
2036.0000     -733143.939320
2040.0000     -733381.903219
2044.0000     -733798.651533
2048.0000     -733756.359696
2052.0000     -733442.720067
2056.0000     -734023.216737
2060.0000     -733954.585278
2064.0000     -733613.500850
2068.0000     -733227.759766
2072.0000     -733948.632314
2076.0000     -733331.172631
2080.0000     -733943.863929
2084.0000     -733420.391743
2088.0000     -734825.274566
2092.0000     -734274.077690
2096.0000     -734380.023674
2100.0000     -733466.095274
2104.0000     -732664.108878
2108.0000     -733563.267971
2112.0000     -733375.432973
2116.0000     -733314.375008
2120.0000     -733905.225032
2124.0000     -733566.432017
2128.0000     -733365.677633
2132.0000     -733250.239807
2136.0000     -733848.558317
2140.0000     -732899.331892
2144.0000     -733056.863319
2148.0000     -734106.198630
2152.0000     -733542.364629
2156.0000     -733281.024498
2160.0000     -733683.176965
2164.0000     -733910.540720
2168.0000     -733675.958617
2172.0000     -733280.715969
2176.0000     -733026.480856
2180.0000     -732971.683941
2184.0000     -733960.699172
2188.0000     -733072.339454
2192.0000     -732978.794145
2196.0000     -732735.641233
2200.0000     -733325.188606
2204.0000     -733181.163834
2208.0000     -733580.939071
2212.0000     -733501.983907
2216.0000     -733808.349118
2220.0000     -733202.647224
2224.0000     -733264.134639
2228.0000     -733221.298902
2232.0000     -734082.639611
2236.0000     -733460.208172
2240.0000     -733220.072829
2244.0000     -733579.316755
2248.0000     -734098.975281
2252.0000     -733398.870520
2256.0000     -732686.361125
2260.0000     -733711.911441
2264.0000     -733043.436735
2268.0000     -733478.879431
2272.0000     -734130.744209
2276.0000     -732815.061816
2280.0000     -733197.107738
2284.0000     -733350.319703
2288.0000     -733480.270186
2292.0000     -733352.948551
2296.0000     -733597.802429
2300.0000     -733593.065580
2304.0000     -732961.540613
2308.0000     -733019.160529
2312.0000     -733423.749501
2316.0000     -733621.671281
2320.0000     -733793.436616
2324.0000     -733384.708181
2328.0000     -733540.215371
2332.0000     -733349.492373
2336.0000     -733459.872696
2340.0000     -733155.151528
2344.0000     -733535.008193
2348.0000     -733119.085843
2352.0000     -733190.559147
2356.0000     -733834.068161
2360.0000     -732805.533504
2364.0000     -733266.314526
2368.0000     -733106.836496
2372.0000     -733825.215125
2376.0000     -732830.231510
2380.0000     -732313.087295
2384.0000     -732875.070438
2388.0000     -732696.569840
2392.0000     -732852.725324
2396.0000     -733841.406043
2400.0000     -734077.661764
2404.0000     -732791.590049
2408.0000     -732554.378695
2412.0000     -732960.141919
2416.0000     -734045.896218
2420.0000     -733294.098460
2424.0000     -733729.866418
2428.0000     -732793.760966
2432.0000     -733394.354278
2436.0000     -733602.095541
2440.0000     -733141.316091
2444.0000     -733249.491391
2448.0000     -734036.489489
2452.0000     -733448.922827
2456.0000     -733146.028869
2460.0000     -733021.511784
2464.0000     -734472.887664
2468.0000     -733988.737013
2472.0000     -733516.852871
2476.0000     -732939.775999
2480.0000     -734061.829570
2484.0000     -733647.846963
2488.0000     -733469.516596
2492.0000     -732924.726718
2496.0000     -734241.358188
2500.0000     -732695.217771
2504.0000     -733968.440318
2508.0000     -733628.892606
2512.0000     -733228.053715
2516.0000     -734225.656947
2520.0000     -734058.514594
2524.0000     -733511.018712
2528.0000     -733636.475628
2532.0000     -733543.763490
2536.0000     -733702.834429
2540.0000     -734230.133584
2544.0000     -734546.287427
2548.0000     -734309.476978
2552.0000     -733131.825359
2556.0000     -733571.074059
2560.0000     -733339.143513
2564.0000     -733639.074118
2568.0000     -732916.349466
2572.0000     -733474.462525
2576.0000     -733659.763141
2580.0000     -732966.924515
2584.0000     -733943.111525
2588.0000     -733510.804046
2592.0000     -733254.369014
2596.0000     -734345.544264
2600.0000     -733109.289750
2604.0000     -733906.036960
2608.0000     -733722.721788
2612.0000     -734046.840242
2616.0000     -734578.657975
2620.0000     -733872.414061
2624.0000     -734203.226922
2628.0000     -733501.922653
2632.0000     -733430.600183
2636.0000     -733609.394537
2640.0000     -734430.876282
2644.0000     -733551.876270
2648.0000     -734081.724368
2652.0000     -734066.001412
2656.0000     -733464.889749
2660.0000     -733592.990798
2664.0000     -733660.530600
2668.0000     -732961.111251
2672.0000     -733426.435946
2676.0000     -734160.523978
2680.0000     -733401.117924
2684.0000     -734138.621415
2688.0000     -732834.354866
2692.0000     -732979.335212
2696.0000     -733251.228887
2700.0000     -733068.777287
2704.0000     -732957.833553
2708.0000     -732574.157520
2712.0000     -733654.597356
2716.0000     -733249.117524
2720.0000     -733478.788132
2724.0000     -733066.345922
2728.0000     -733061.910253
2732.0000     -733874.366494
2736.0000     -734090.109588
2740.0000     -733050.724909
2744.0000     -733664.039977
2748.0000     -733602.729637
2752.0000     -733518.779186
2756.0000     -732588.988218
2760.0000     -733981.249118
2764.0000     -733739.914234
2768.0000     -732734.740823
2772.0000     -733791.815140
2776.0000     -733552.939145
2780.0000     -733863.741137
2784.0000     -733902.544389
2788.0000     -733203.910276
2792.0000     -733780.264152
2796.0000     -733851.590181
2800.0000     -732938.112727
2804.0000     -733271.809548
2808.0000     -734088.851776
2812.0000     -733033.239112
2816.0000     -733680.938087
2820.0000     -733442.134685
2824.0000     -733409.073078
2828.0000     -733360.151867
2832.0000     -733232.791032
2836.0000     -732783.171301
2840.0000     -734079.066887
2844.0000     -733710.737819
2848.0000     -732998.663558
2852.0000     -733670.325106
2856.0000     -733612.528864
2860.0000     -733121.232765
2864.0000     -733451.927181
2868.0000     -733447.448496
2872.0000     -733940.028814
2876.0000     -734112.345189
2880.0000     -733134.823944
2884.0000     -733133.787612
2888.0000     -733567.861609
2892.0000     -734228.347770
2896.0000     -733705.065456
2900.0000     -732521.037522
2904.0000     -733857.877588
2908.0000     -734261.549866
2912.0000     -733250.700115
2916.0000     -733239.076671
2920.0000     -733966.444175
2924.0000     -733169.779802
2928.0000     -733494.181595
2932.0000     -733472.289156
2936.0000     -733676.303339
2940.0000     -733603.454547
2944.0000     -733190.752308
2948.0000     -732650.079660
2952.0000     -733586.546599
2956.0000     -732565.639257
2960.0000     -732930.521106
2964.0000     -733920.276271
2968.0000     -733424.185230
2972.0000     -733852.575281
2976.0000     -733502.745534
2980.0000     -733596.325938
2984.0000     -732940.268778
2988.0000     -732967.635786
2992.0000     -732582.056033
2996.0000     -733588.861611
3000.0000     -733018.875799
3004.0000     -733914.554188
3008.0000     -733172.780391
3012.0000     -733353.094338
3016.0000     -733042.771712
3020.0000     -733525.485195
3024.0000     -733282.901717
3028.0000     -733396.973777
3032.0000     -733663.486564
3036.0000     -733309.094660
3040.0000     -733993.896252
3044.0000     -733815.741324
3048.0000     -732222.738145
3052.0000     -733173.487781
3056.0000     -734200.100747
3060.0000     -733455.405288
3064.0000     -733033.180074
3068.0000     -733428.605662
3072.0000     -733417.979328
3076.0000     -733938.710050
3080.0000     -733512.313934
3084.0000     -733659.798266
3088.0000     -733488.250375
3092.0000     -733582.003798
3096.0000     -733609.010200
3100.0000     -733620.132319
3104.0000     -733515.805904
3108.0000     -733475.354494
3112.0000     -733807.562541
3116.0000     -734151.483512
3120.0000     -733414.113861
3124.0000     -734361.374141
3128.0000     -734001.923392
3132.0000     -733485.147271
3136.0000     -733641.739900
3140.0000     -733505.932897
3144.0000     -732469.465144
3148.0000     -734512.898583
3152.0000     -733749.091477
3156.0000     -733553.095805
3160.0000     -733685.197045
3164.0000     -733464.663383
3168.0000     -733007.478724
3172.0000     -733506.310785
3176.0000     -733010.051040
3180.0000     -733503.699477
3184.0000     -734388.961370
3188.0000     -734049.729352
3192.0000     -733342.136063
3196.0000     -734012.712743
3200.0000     -734147.188732
3204.0000     -733246.017822
3208.0000     -733303.233817
3212.0000     -734022.935019
3216.0000     -733809.890561
3220.0000     -733212.267208
3224.0000     -733010.856481
3228.0000     -733775.667318
3232.0000     -733293.116573
3236.0000     -733807.471868
3240.0000     -732993.605345
3244.0000     -733068.559823
3248.0000     -733145.906929
3252.0000     -734098.336724
3256.0000     -733266.173128
3260.0000     -733475.572898
3264.0000     -733465.177700
3268.0000     -733075.251701
3272.0000     -733739.216051
3276.0000     -733937.035839
3280.0000     -733467.436289
3284.0000     -733131.489943
3288.0000     -733458.426394
3292.0000     -733331.130573
3296.0000     -733372.758243
3300.0000     -733289.119287
3304.0000     -733175.095713
3308.0000     -733938.052238
3312.0000     -733456.466713
3316.0000     -734261.244296
3320.0000     -733210.602018
3324.0000     -733232.335235
3328.0000     -733181.791210
3332.0000     -733286.575930
3336.0000     -733580.123665
3340.0000     -733548.528604
3344.0000     -734263.071739
3348.0000     -732609.465444
3352.0000     -733617.979618
3356.0000     -733557.023977
3360.0000     -733956.534923
3364.0000     -733335.030783
3368.0000     -733566.914462
3372.0000     -734027.215479
3376.0000     -734169.100333
3380.0000     -732054.511196
3384.0000     -733270.094667
3388.0000     -732922.339241
3392.0000     -733074.813917
3396.0000     -733485.893026
3400.0000     -733422.626689
3404.0000     -733764.469504
3408.0000     -734210.166846
3412.0000     -733532.030367
3416.0000     -734231.519181
3420.0000     -734095.860690
3424.0000     -734176.409959
3428.0000     -733652.984390
3432.0000     -733385.477544
3436.0000     -733882.449354
3440.0000     -733768.735896
3444.0000     -733957.716443
3448.0000     -734714.641274
3452.0000     -733416.326875
3456.0000     -733907.589988
3460.0000     -734278.717332
3464.0000     -733681.215730
3468.0000     -733791.886847
3472.0000     -733789.726987
3476.0000     -734006.937987
3480.0000     -733688.034132
3484.0000     -733051.873117
3488.0000     -733846.250325
3492.0000     -733326.279719
3496.0000     -733033.961615
3500.0000     -733512.877813
3504.0000     -733281.384164
3508.0000     -733386.702714
3512.0000     -734009.913505
3516.0000     -733053.462990
3520.0000     -733599.340913
3524.0000     -734318.198685
3528.0000     -733823.435497
3532.0000     -733565.740728
3536.0000     -733367.142935
3540.0000     -733370.706902
3544.0000     -733701.599456
3548.0000     -734012.448376
3552.0000     -733588.754043
3556.0000     -733458.767269
3560.0000     -733213.603663
3564.0000     -733545.440656
3568.0000     -733855.074837
3572.0000     -733979.636746
3576.0000     -733708.835220
3580.0000     -733873.730024
3584.0000     -733154.853771
3588.0000     -733736.529340
3592.0000     -733560.189981
3596.0000     -733697.928263
3600.0000     -733955.505993
3604.0000     -734164.053071
3608.0000     -734067.260523
3612.0000     -733352.764241
3616.0000     -733658.866382
3620.0000     -734114.217355
3624.0000     -733521.146638
3628.0000     -734524.616394
3632.0000     -733365.391139
3636.0000     -733808.700522
3640.0000     -733884.473926
3644.0000     -733318.451142
3648.0000     -733552.701584
3652.0000     -734131.922038
3656.0000     -732442.048230
3660.0000     -733449.933662
3664.0000     -733776.604435
3668.0000     -733821.855666
3672.0000     -733205.108046
3676.0000     -733646.838282
3680.0000     -733630.642438
3684.0000     -734449.123026
3688.0000     -734021.016203
3692.0000     -733537.086773
3696.0000     -733841.081340
3700.0000     -733636.848414
3704.0000     -734200.418349
3708.0000     -733418.642639
3712.0000     -732745.075346
3716.0000     -733954.305789
3720.0000     -733624.692142
3724.0000     -733566.853498
3728.0000     -733697.125453
3732.0000     -733667.556444
3736.0000     -732333.448384
3740.0000     -733098.762486
3744.0000     -733933.161721
3748.0000     -733279.394471
3752.0000     -733418.043704
3756.0000     -734069.461536
3760.0000     -734370.594831
3764.0000     -734209.498697
3768.0000     -733477.424013
3772.0000     -733427.935289
3776.0000     -733350.499525
3780.0000     -732981.863313
3784.0000     -733946.959279
3788.0000     -733814.297985
3792.0000     -733546.230247
3796.0000     -733341.150766
3800.0000     -734099.779104
3804.0000     -733455.124890
3808.0000     -733632.258732
3812.0000     -734258.541325
3816.0000     -733953.412621
3820.0000     -732857.678665
3824.0000     -733281.079605
3828.0000     -733468.474408
3832.0000     -733898.962439
3836.0000     -733430.236478
3840.0000     -733449.736068
3844.0000     -734089.781406
3848.0000     -734180.341019
3852.0000     -733835.842819
3856.0000     -733125.438472
3860.0000     -734073.022830
3864.0000     -733496.437971
3868.0000     -733398.403686
3872.0000     -733795.469272
3876.0000     -733552.746724
3880.0000     -733277.980720
3884.0000     -733239.347670
3888.0000     -733766.543806
3892.0000     -733848.296013
3896.0000     -733526.069495
3900.0000     -733094.974698
3904.0000     -733953.853551
3908.0000     -733143.811041
3912.0000     -733420.383781
3916.0000     -733171.695012
3920.0000     -733919.099600
3924.0000     -732796.403558
3928.0000     -733427.222851
3932.0000     -734041.180751
3936.0000     -732948.550057
3940.0000     -733202.660073
3944.0000     -733911.299081
3948.0000     -733269.398639
3952.0000     -734290.140188
3956.0000     -733522.976836
3960.0000     -733158.722378
3964.0000     -733076.009580
3968.0000     -733406.363233
3972.0000     -733776.132072
3976.0000     -733713.657877
3980.0000     -733555.832182
3984.0000     -733203.933053
3988.0000     -732771.480449
3992.0000     -733850.193335
3996.0000     -733795.535980
4000.0000     -733530.843998
4004.0000     -733530.843998
