4.0000     -732949.732953
8.0000     -733102.616362
12.0000     -733046.960629
16.0000     -732410.654238
20.0000     -732634.759662
24.0000     -733422.385766
28.0000     -733610.737164
32.0000     -733381.803616
36.0000     -733147.905419
40.0000     -732627.955703
44.0000     -732249.001672
48.0000     -732624.872707
52.0000     -732816.598796
56.0000     -732790.347826
60.0000     -733292.876115
64.0000     -732760.889595
68.0000     -733324.468663
72.0000     -732906.173205
76.0000     -733513.089852
80.0000     -733306.604417
84.0000     -732280.631343
88.0000     -732262.657512
92.0000     -732121.011556
96.0000     -732399.300540
100.0000     -731696.135924
104.0000     -732752.843249
108.0000     -733246.873223
112.0000     -733644.244412
116.0000     -733297.466161
120.0000     -734043.778675
124.0000     -733327.897533
128.0000     -733002.118844
132.0000     -733525.911939
136.0000     -733077.533558
140.0000     -733006.825952
144.0000     -733304.876563
148.0000     -733059.375319
152.0000     -732998.607096
156.0000     -732621.799521
160.0000     -732822.298205
164.0000     -733073.484542
168.0000     -733656.740423
172.0000     -733640.023977
176.0000     -733229.765000
180.0000     -733868.551294
184.0000     -733040.586704
188.0000     -732886.157865
192.0000     -732599.912411
196.0000     -733171.071358
200.0000     -732842.537854
204.0000     -732762.411930
208.0000     -732953.298989
212.0000     -733492.421324
216.0000     -733454.324434
220.0000     -732337.626447
224.0000     -733230.331280
228.0000     -733328.823223
232.0000     -733209.215162
236.0000     -733065.873564
240.0000     -732680.619521
244.0000     -733639.629139
248.0000     -733913.285722
252.0000     -733636.527914
256.0000     -732949.681370
260.0000     -733106.833551
264.0000     -733204.304605
268.0000     -733322.078331
272.0000     -733491.873849
276.0000     -732844.332691
280.0000     -733641.652341
284.0000     -733184.444199
288.0000     -733008.516260
292.0000     -732805.254158
296.0000     -733170.044066
300.0000     -733225.149805
304.0000     -733385.575508
308.0000     -733050.046944
312.0000     -732256.895012
316.0000     -733565.325173
320.0000     -733381.469631
324.0000     -732903.595725
328.0000     -733430.234580
332.0000     -732013.497203
336.0000     -733696.500538
340.0000     -733124.220290
344.0000     -733084.397531
348.0000     -733894.740578
352.0000     -733000.116295
356.0000     -733521.130364
360.0000     -733830.658964
364.0000     -733874.868156
368.0000     -733194.362409
372.0000     -732988.279792
376.0000     -733405.224641
380.0000     -733429.824849
384.0000     -734169.511093
388.0000     -732980.401315
392.0000     -733340.059582
396.0000     -733298.106813
400.0000     -732896.322562
404.0000     -733198.602529
408.0000     -733641.955638
412.0000     -733620.064157
416.0000     -733706.070860
420.0000     -733957.682894
424.0000     -732948.190294
428.0000     -733202.299561
432.0000     -733997.381177
436.0000     -733698.928418
440.0000     -733284.412831
444.0000     -732972.672294
448.0000     -732856.745504
452.0000     -733913.905529
456.0000     -733679.698223
460.0000     -733128.725903
464.0000     -732769.513962
468.0000     -733279.478902
472.0000     -733542.062727
476.0000     -733664.706522
480.0000     -733078.909633
484.0000     -732871.589017
488.0000     -732369.063170
492.0000     -732641.194540
496.0000     -732676.053436
500.0000     -733628.507838
504.0000     -732752.334361
508.0000     -733366.021198
512.0000     -733359.422870
516.0000     -733286.542681
520.0000     -732927.470265
524.0000     -732873.394787
528.0000     -732718.787087
532.0000     -732720.616825
536.0000     -733031.508841
540.0000     -733227.285554
544.0000     -732573.788609
548.0000     -733132.362417
552.0000     -733028.063583
556.0000     -732429.678756
560.0000     -733054.065479
564.0000     -733533.639330
568.0000     -733074.145033
572.0000     -733818.562848
576.0000     -732323.488509
580.0000     -733164.734837
584.0000     -732765.456772
588.0000     -733336.945193
592.0000     -732793.752855
596.0000     -732683.131322
600.0000     -734336.243188
604.0000     -733120.721854
608.0000     -733781.244335
612.0000     -734027.321152
616.0000     -733452.434018
620.0000     -733591.223740
624.0000     -733464.406088
628.0000     -733673.370176
632.0000     -733334.532102
636.0000     -732880.077061
640.0000     -732776.010510
644.0000     -733870.364558
648.0000     -732989.374367
652.0000     -733896.862600
656.0000     -733389.905514
660.0000     -734229.898839
664.0000     -734181.034701
668.0000     -733880.897656
672.0000     -733551.077699
676.0000     -733475.847737
680.0000     -732558.269419
684.0000     -733087.697385
688.0000     -732567.142097
692.0000     -732398.976675
696.0000     -733703.296122
700.0000     -733246.026269
704.0000     -734278.592217
708.0000     -733097.755689
712.0000     -733509.407427
716.0000     -733660.298092
720.0000     -733322.616183
724.0000     -733150.137826
728.0000     -733390.179359
732.0000     -733041.248337
736.0000     -732466.558581
740.0000     -733160.396230
744.0000     -733171.044267
748.0000     -732342.825507
752.0000     -733436.608608
756.0000     -733172.984018
760.0000     -732908.791838
764.0000     -732483.834886
768.0000     -733425.045252
772.0000     -733042.483825
776.0000     -732903.632139
780.0000     -733091.285910
784.0000     -733104.762174
788.0000     -732649.018760
792.0000     -733632.839964
796.0000     -733435.474667
800.0000     -732818.353370
804.0000     -733179.198551
808.0000     -733355.355952
812.0000     -732638.449276
816.0000     -733214.026310
820.0000     -733619.594145
824.0000     -733217.971919
828.0000     -733772.400833
832.0000     -733526.376132
836.0000     -732729.810040
840.0000     -732864.141313
844.0000     -732245.354391
848.0000     -733649.504038
852.0000     -733253.222843
856.0000     -732542.868478
860.0000     -732192.739178
864.0000     -733675.202220
868.0000     -733113.453376
872.0000     -733625.863626
876.0000     -732213.326335
880.0000     -733319.712770
884.0000     -733441.650501
888.0000     -732814.708405
892.0000     -732677.856129
896.0000     -732172.137044
900.0000     -733922.205650
904.0000     -733813.841609
908.0000     -733197.408313
912.0000     -733618.998204
916.0000     -733485.207243
920.0000     -733484.736895
924.0000     -732885.276557
928.0000     -733425.082977
932.0000     -733071.729377
936.0000     -733801.161515
940.0000     -732764.791427
944.0000     -733194.637009
948.0000     -733379.881213
952.0000     -732608.114030
956.0000     -733234.186194
960.0000     -733757.863683
964.0000     -733460.691796
968.0000     -733144.271333
972.0000     -733383.847436
976.0000     -733280.910767
980.0000     -732849.576842
984.0000     -732796.035703
988.0000     -733149.577787
992.0000     -733101.237032
996.0000     -733424.343596
1000.0000     -732756.968744
1004.0000     -733275.755913
1008.0000     -733158.438123
1012.0000     -732980.248991
1016.0000     -733026.991931
1020.0000     -733149.468797
1024.0000     -733501.408411
1028.0000     -732998.418000
1032.0000     -733103.646429
1036.0000     -733191.618068
1040.0000     -734275.539138
1044.0000     -733445.621530
1048.0000     -733446.248779
1052.0000     -733322.786593
1056.0000     -733959.092033
1060.0000     -732887.258912
1064.0000     -733949.522971
1068.0000     -733832.845588
1072.0000     -733899.608604
1076.0000     -733128.211206
1080.0000     -733268.288034
1084.0000     -733016.867376
1088.0000     -732659.400786
1092.0000     -733937.940800
1096.0000     -734114.436546
1100.0000     -733643.142047
1104.0000     -732620.596667
1108.0000     -732932.363549
1112.0000     -733562.503604
1116.0000     -733709.647866
1120.0000     -733674.918582
1124.0000     -734053.574653
1128.0000     -732421.535355
1132.0000     -733718.631338
1136.0000     -732766.092705
1140.0000     -732873.867818
1144.0000     -733646.352130
1148.0000     -734201.417605
1152.0000     -734392.357907
1156.0000     -732475.699739
1160.0000     -733539.286813
1164.0000     -732921.072834
1168.0000     -733113.796498
1172.0000     -733659.219741
1176.0000     -732816.462123
1180.0000     -733282.837906
1184.0000     -733736.144573
1188.0000     -732995.867265
1192.0000     -732998.295727
1196.0000     -733830.762377
1200.0000     -732362.692698
1204.0000     -733815.523627
1208.0000     -733278.519447
1212.0000     -733022.773245
1216.0000     -733635.104437
1220.0000     -734210.104689
1224.0000     -733040.487370
1228.0000     -732330.472327
1232.0000     -733772.956688
1236.0000     -733372.375668
1240.0000     -733681.995476
1244.0000     -734240.576953
1248.0000     -732870.956768
1252.0000     -733273.078788
1256.0000     -733627.673629
1260.0000     -733724.137916
1264.0000     -732723.448000
1268.0000     -733176.308776
1272.0000     -733499.106396
1276.0000     -733057.018246
1280.0000     -733771.804303
1284.0000     -733304.780149
1288.0000     -732996.709422
1292.0000     -732653.458708
1296.0000     -733422.670601
1300.0000     -733539.099426
1304.0000     -733243.979033
1308.0000     -733934.964206
1312.0000     -733881.329703
1316.0000     -733546.531097
1320.0000     -733865.505513
1324.0000     -734217.037978
1328.0000     -733732.541438
1332.0000     -733978.079582
1336.0000     -733820.104730
1340.0000     -733717.287959
1344.0000     -734111.171927
1348.0000     -733300.846006
1352.0000     -733630.256508
1356.0000     -733594.704054
1360.0000     -733404.832674
1364.0000     -733625.838780
1368.0000     -733611.666620
1372.0000     -734144.882776
1376.0000     -733727.560911
1380.0000     -733449.613002
1384.0000     -732741.191519
1388.0000     -733190.807199
1392.0000     -733317.444687
1396.0000     -733151.581031
1400.0000     -733157.390095
1404.0000     -733284.258248
1408.0000     -733128.695048
1412.0000     -733146.139519
1416.0000     -732903.658746
1420.0000     -733359.723890
1424.0000     -733212.372726
1428.0000     -733402.564938
1432.0000     -733730.725313
1436.0000     -732607.922341
1440.0000     -733352.163408
1444.0000     -733174.608013
1448.0000     -733113.391985
1452.0000     -733887.525005
1456.0000     -733491.735120
1460.0000     -734028.149819
1464.0000     -733125.137975
1468.0000     -733770.652611
1472.0000     -733216.651046
1476.0000     -733840.956194
1480.0000     -732869.696123
1484.0000     -733107.138743
1488.0000     -733295.218883
1492.0000     -732770.278228
1496.0000     -733382.088098
1500.0000     -733073.022985
1504.0000     -732292.091294
1508.0000     -732811.634913
1512.0000     -733412.577796
1516.0000     -732940.141931
1520.0000     -733452.786030
1524.0000     -733282.579685
1528.0000     -733284.962642
1532.0000     -733589.373851
1536.0000     -734092.086385
1540.0000     -733326.670611
1544.0000     -734146.091652
1548.0000     -733766.251720
1552.0000     -733265.106696
1556.0000     -733824.547137
1560.0000     -732955.996937
1564.0000     -732953.305330
1568.0000     -733568.051538
1572.0000     -733930.544239
1576.0000     -733563.194773
1580.0000     -734115.534904
1584.0000     -733346.197702
1588.0000     -733457.180384
1592.0000     -732738.035852
1596.0000     -733018.450885
1600.0000     -733201.048757
1604.0000     -733371.238302
1608.0000     -733077.358022
1612.0000     -733696.341468
1616.0000     -733603.612874
1620.0000     -734270.554155
1624.0000     -734368.958643
1628.0000     -733882.881082
1632.0000     -733242.498923
1636.0000     -733597.217306
1640.0000     -733340.442389
1644.0000     -733114.988440
1648.0000     -733424.245954
1652.0000     -733661.819709
1656.0000     -733627.415190
1660.0000     -732977.786375
1664.0000     -733042.414968
1668.0000     -734139.194989
1672.0000     -734210.861304
1676.0000     -733676.799564
1680.0000     -733308.946982
1684.0000     -734633.161279
1688.0000     -733608.037962
1692.0000     -732804.247877
1696.0000     -733424.358989
1700.0000     -733187.013012
1704.0000     -733696.239305
1708.0000     -733722.661238
1712.0000     -733480.111911
1716.0000     -733380.346106
1720.0000     -733134.488569
1724.0000     -733658.167436
1728.0000     -733327.969109
1732.0000     -733655.866680
1736.0000     -734068.322288
1740.0000     -733643.271694
1744.0000     -733120.808426
1748.0000     -732684.021167
1752.0000     -734115.513202
1756.0000     -732904.888479
1760.0000     -733451.664787
1764.0000     -733274.251066
1768.0000     -733420.706555
1772.0000     -734101.080513
1776.0000     -733296.381872
1780.0000     -733082.975579
1784.0000     -732983.025635
1788.0000     -733070.835421
1792.0000     -733854.937061
1796.0000     -732992.800578
1800.0000     -733427.098515
1804.0000     -733370.332327
1808.0000     -733914.108297
1812.0000     -732992.131076
1816.0000     -733702.961167
1820.0000     -733272.622765
1824.0000     -733519.005387
1828.0000     -733082.267218
1832.0000     -733782.841310
1836.0000     -734277.872545
1840.0000     -733744.332842
1844.0000     -734401.707236
1848.0000     -733540.075230
1852.0000     -733796.063354
1856.0000     -733172.326868
1860.0000     -733880.141223
1864.0000     -734219.735882
1868.0000     -733573.770027
1872.0000     -733025.923395
1876.0000     -733928.317931
1880.0000     -734126.817490
1884.0000     -733012.007527
1888.0000     -734130.097372
1892.0000     -733899.708982
1896.0000     -733354.447410
1900.0000     -733678.099626
1904.0000     -734244.827028
1908.0000     -733772.569960
1912.0000     -733747.606095
1916.0000     -733768.820990
1920.0000     -733898.625740
1924.0000     -733549.670807
1928.0000     -733427.311201
1932.0000     -733942.568083
1936.0000     -733127.529092
1940.0000     -733537.601735
1944.0000     -733728.553720
1948.0000     -733356.339050
1952.0000     -732815.203602
1956.0000     -733831.839315
1960.0000     -732283.833061
1964.0000     -733737.731431
1968.0000     -732812.365669
1972.0000     -733752.088466
1976.0000     -733946.255827
1980.0000     -734406.800519
1984.0000     -734388.564404
1988.0000     -733141.564872
1992.0000     -733622.718319
1996.0000     -733739.225795
2000.0000     -734149.964512
2004.0000     -732667.532248
2008.0000     -733687.723817
2012.0000     -733761.850856
2016.0000     -734259.617785
2020.0000     -733411.752603
2024.0000     -734166.894746
2028.0000     -733490.963686
2032.0000     -733105.568659
2036.0000     -734302.473035
2040.0000     -733978.699268
2044.0000     -734161.068581
2048.0000     -733416.505647
2052.0000     -733299.749818
2056.0000     -733874.905903
2060.0000     -734197.332911
2064.0000     -734024.951444
2068.0000     -734167.309930
2072.0000     -733753.657220
2076.0000     -733378.399227
2080.0000     -733913.823132
2084.0000     -733063.149620
2088.0000     -733852.234953
2092.0000     -732893.559571
2096.0000     -733240.500082
2100.0000     -733243.411021
2104.0000     -734145.633974
2108.0000     -733768.268485
2112.0000     -733803.563740
2116.0000     -734021.157547
2120.0000     -732514.751174
2124.0000     -733123.121008
2128.0000     -732912.960445
2132.0000     -733234.544194
2136.0000     -732829.933989
2140.0000     -733571.245610
2144.0000     -734057.988067
2148.0000     -733752.176543
2152.0000     -732688.916181
2156.0000     -733471.376814
2160.0000     -734506.230382
2164.0000     -733740.591242
2168.0000     -732970.893812
2172.0000     -733232.378190
2176.0000     -733022.832575
2180.0000     -732624.522507
2184.0000     -733582.329624
2188.0000     -733679.007110
2192.0000     -733597.900824
2196.0000     -733017.582296
2200.0000     -733239.212207
2204.0000     -734427.035399
2208.0000     -733759.505142
2212.0000     -734037.741571
2216.0000     -734144.607596
2220.0000     -732900.178323
2224.0000     -733181.387696
2228.0000     -733239.631310
2232.0000     -733396.854466
2236.0000     -732845.190178
2240.0000     -733521.690440
2244.0000     -733354.543267
2248.0000     -732729.215930
2252.0000     -734317.036393
2256.0000     -734219.539532
2260.0000     -733576.685667
2264.0000     -732923.513035
2268.0000     -733764.069475
2272.0000     -732916.334091
2276.0000     -733712.906230
2280.0000     -732891.817011
2284.0000     -733530.139323
2288.0000     -732895.280264
2292.0000     -733266.795899
2296.0000     -733601.668354
2300.0000     -733613.361012
2304.0000     -734076.619321
2308.0000     -733283.022538
2312.0000     -733055.012281
2316.0000     -732796.230252
2320.0000     -734271.659198
2324.0000     -733775.504489
2328.0000     -733637.989888
2332.0000     -733612.497572
2336.0000     -734301.026738
2340.0000     -733657.185930
2344.0000     -734494.084074
2348.0000     -734150.272848
2352.0000     -733577.371629
2356.0000     -733186.504441
2360.0000     -733724.913538
2364.0000     -733078.138232
2368.0000     -733937.617398
2372.0000     -733604.737434
2376.0000     -734274.559690
2380.0000     -733368.136632
2384.0000     -734017.623277
2388.0000     -733821.411035
2392.0000     -733569.219676
2396.0000     -733642.346323
2400.0000     -734123.046503
2404.0000     -734041.912178
2408.0000     -733941.412421
2412.0000     -734101.319416
2416.0000     -734016.513685
2420.0000     -734002.815105
2424.0000     -733648.458989
2428.0000     -734085.294323
2432.0000     -734172.310980
2436.0000     -733052.100339
2440.0000     -733239.560560
2444.0000     -733266.554787
2448.0000     -733418.722415
2452.0000     -734131.815845
2456.0000     -733498.023502
2460.0000     -732972.112487
2464.0000     -733437.629103
2468.0000     -733203.417585
2472.0000     -732805.035167
2476.0000     -732874.063620
2480.0000     -733197.057610
2484.0000     -733497.119033
2488.0000     -733751.088685
2492.0000     -733466.701591
2496.0000     -733298.036228
2500.0000     -732790.077746
2504.0000     -733276.254127
2508.0000     -732763.653636
2512.0000     -733908.746705
2516.0000     -733547.711746
2520.0000     -732508.959165
2524.0000     -733341.512014
2528.0000     -732277.772596
2532.0000     -733469.441974
2536.0000     -732582.805541
2540.0000     -733250.814315
2544.0000     -732620.024531
2548.0000     -733104.668431
2552.0000     -732443.892180
2556.0000     -733506.825215
2560.0000     -732762.205007
2564.0000     -733258.450549
2568.0000     -734069.140212
2572.0000     -733854.972020
2576.0000     -733550.373997
2580.0000     -733416.030900
2584.0000     -733739.012600
2588.0000     -734083.585270
2592.0000     -733201.119229
2596.0000     -733785.159554
2600.0000     -733105.381536
2604.0000     -733631.127127
2608.0000     -732763.482433
2612.0000     -733887.097446
2616.0000     -733710.854582
2620.0000     -733915.814747
2624.0000     -732125.365006
2628.0000     -733083.105242
2632.0000     -733374.490747
2636.0000     -732698.157707
2640.0000     -732729.440542
2644.0000     -732857.594981
2648.0000     -732655.762967
2652.0000     -733260.803281
2656.0000     -733987.366267
2660.0000     -733623.410208
2664.0000     -732770.304469
2668.0000     -733504.228466
2672.0000     -732990.477462
2676.0000     -733627.288086
2680.0000     -734280.039406
2684.0000     -733385.101287
2688.0000     -733975.253692
2692.0000     -733774.103519
2696.0000     -733426.650312
2700.0000     -734219.602075
2704.0000     -733829.699523
2708.0000     -734138.255390
2712.0000     -733175.692872
2716.0000     -733611.959196
2720.0000     -733341.281447
2724.0000     -733819.165857
2728.0000     -733587.927916
2732.0000     -733074.908944
2736.0000     -733064.856217
2740.0000     -733698.769538
2744.0000     -733250.853392
2748.0000     -732942.317943
2752.0000     -733455.271659
2756.0000     -733430.125258
2760.0000     -733782.688510
2764.0000     -733637.838415
2768.0000     -733882.498470
2772.0000     -733333.440576
2776.0000     -734032.647501
2780.0000     -734180.890228
2784.0000     -733256.579196
2788.0000     -733456.712507
2792.0000     -734249.171170
2796.0000     -733704.649602
2800.0000     -733708.415468
2804.0000     -733070.376313
2808.0000     -733692.407140
2812.0000     -733701.764298
2816.0000     -732679.618349
2820.0000     -733307.685280
2824.0000     -733472.780189
2828.0000     -732979.533774
2832.0000     -733343.984051
2836.0000     -733349.404379
2840.0000     -733235.291541
2844.0000     -733074.456501
2848.0000     -734045.304535
2852.0000     -733627.211173
2856.0000     -733362.056462
2860.0000     -732717.701393
2864.0000     -732756.055091
2868.0000     -733873.673241
2872.0000     -734067.143581
2876.0000     -733407.569342
2880.0000     -733430.291783
2884.0000     -733349.879316
2888.0000     -733619.793762
2892.0000     -732864.398080
2896.0000     -733159.876105
2900.0000     -733834.277753
2904.0000     -733166.268456
2908.0000     -733109.139803
2912.0000     -733982.156692
2916.0000     -732946.219977
2920.0000     -732524.291753
2924.0000     -733373.625491
2928.0000     -733286.243243
2932.0000     -732897.436044
2936.0000     -732871.010625
2940.0000     -732604.969400
2944.0000     -733164.803611
2948.0000     -732867.349551
2952.0000     -733357.648424
2956.0000     -733226.589785
2960.0000     -734084.783901
2964.0000     -733086.089185
2968.0000     -733465.410289
2972.0000     -733480.058553
2976.0000     -733272.950958
2980.0000     -733409.663408
2984.0000     -733231.802967
2988.0000     -734016.745907
2992.0000     -733572.858962
2996.0000     -733658.596855
3000.0000     -732539.820653
3004.0000     -733483.169944
3008.0000     -733384.567352
3012.0000     -733708.991194
3016.0000     -732796.510516
3020.0000     -733114.426904
3024.0000     -733389.210802
3028.0000     -732686.416243
3032.0000     -733658.168382
3036.0000     -733272.499503
3040.0000     -733126.439237
3044.0000     -733490.929715
3048.0000     -733571.429459
3052.0000     -733470.382841
3056.0000     -733042.539736
3060.0000     -733812.023485
3064.0000     -733397.725040
3068.0000     -732945.189476
3072.0000     -733416.220422
3076.0000     -733860.301910
3080.0000     -733308.396380
3084.0000     -733258.252093
3088.0000     -733701.729695
3092.0000     -732933.338112
3096.0000     -733504.449411
3100.0000     -733102.029099
3104.0000     -732926.160274
3108.0000     -733666.396372
3112.0000     -734050.305892
3116.0000     -734161.004690
3120.0000     -733304.647192
3124.0000     -733953.958322
3128.0000     -733952.357586
3132.0000     -733708.493107
3136.0000     -733209.412569
3140.0000     -733044.402112
3144.0000     -732942.592336
3148.0000     -732992.487175
3152.0000     -733852.299529
3156.0000     -733237.492979
3160.0000     -733460.683074
3164.0000     -733924.460563
3168.0000     -734011.086206
3172.0000     -733694.254077
3176.0000     -732920.766663
3180.0000     -733132.351341
3184.0000     -733705.661050
3188.0000     -733459.234942
3192.0000     -734387.637466
3196.0000     -733409.699625
3200.0000     -732866.604164
3204.0000     -733597.454789
3208.0000     -733392.456633
3212.0000     -733119.891255
3216.0000     -732682.592836
3220.0000     -734773.492665
3224.0000     -733586.195156
3228.0000     -733791.078688
3232.0000     -733691.926142
3236.0000     -733489.061521
3240.0000     -732805.901486
3244.0000     -733848.097973
3248.0000     -732824.812466
3252.0000     -733765.124338
3256.0000     -733788.479247
3260.0000     -733357.578052
3264.0000     -733127.491692
3268.0000     -733173.996924
3272.0000     -733725.360432
3276.0000     -733728.454219
3280.0000     -733427.019613
3284.0000     -734098.111876
3288.0000     -733288.157050
3292.0000     -732971.093420
3296.0000     -733262.929568
3300.0000     -733970.134373
3304.0000     -733622.656527
3308.0000     -733648.039617
3312.0000     -732939.803094
3316.0000     -733002.512139
3320.0000     -733818.089130
3324.0000     -733666.942735
3328.0000     -733701.099910
3332.0000     -734292.829460
3336.0000     -733430.428426
3340.0000     -733985.789911
3344.0000     -733259.662402
3348.0000     -733343.228703
3352.0000     -733178.093676
3356.0000     -734606.547796
3360.0000     -734269.670695
3364.0000     -733835.883975
3368.0000     -732994.509225
3372.0000     -733835.188740
3376.0000     -733095.481196
3380.0000     -733717.108913
3384.0000     -733571.856403
3388.0000     -733813.215479
3392.0000     -733986.306397
3396.0000     -732660.604940
3400.0000     -733135.209545
3404.0000     -733117.102802
3408.0000     -733251.621231
3412.0000     -732891.761049
3416.0000     -733756.275910
3420.0000     -733228.994773
3424.0000     -733610.601401
3428.0000     -734038.672758
3432.0000     -733083.161278
3436.0000     -733377.045594
3440.0000     -733475.557234
3444.0000     -733360.624261
3448.0000     -734172.024734
3452.0000     -733045.465352
3456.0000     -733825.586604
3460.0000     -733041.682808
3464.0000     -734959.749745
3468.0000     -734162.943256
3472.0000     -733732.409383
3476.0000     -733645.397678
3480.0000     -733472.467383
3484.0000     -733823.772631
3488.0000     -733185.751741
3492.0000     -733603.511415
3496.0000     -733740.436674
3500.0000     -733116.739137
3504.0000     -733018.861706
3508.0000     -733772.381100
3512.0000     -734029.340190
3516.0000     -733553.717427
3520.0000     -733778.431353
3524.0000     -733344.833270
3528.0000     -733296.617575
3532.0000     -733393.702745
3536.0000     -733641.838340
3540.0000     -733498.662398
3544.0000     -733552.553606
3548.0000     -733674.351190
3552.0000     -733335.089385
3556.0000     -733696.896619
3560.0000     -733234.796301
3564.0000     -734338.975002
3568.0000     -733356.539282
3572.0000     -733824.787278
3576.0000     -733236.009658
3580.0000     -732907.961387
3584.0000     -733037.900726
3588.0000     -732989.819206
3592.0000     -733012.872900
3596.0000     -732392.892420
3600.0000     -733381.326336
3604.0000     -733454.711262
3608.0000     -733534.268369
3612.0000     -732917.581676
3616.0000     -733656.295085
3620.0000     -733047.886223
3624.0000     -733901.810255
3628.0000     -733655.019724
3632.0000     -733185.906749
3636.0000     -733312.939585
3640.0000     -733249.806215
3644.0000     -733669.397010
3648.0000     -733459.698909
3652.0000     -733193.291717
3656.0000     -732689.051373
3660.0000     -733260.904671
3664.0000     -733504.931450
3668.0000     -733528.980256
3672.0000     -733922.165508
3676.0000     -733878.429560
3680.0000     -733922.416478
3684.0000     -733335.204435
3688.0000     -733151.138564
3692.0000     -734172.446680
3696.0000     -734549.676755
3700.0000     -733319.946363
3704.0000     -733901.795468
3708.0000     -733482.474994
3712.0000     -732668.198811
3716.0000     -733746.431441
3720.0000     -733395.011714
3724.0000     -733399.517258
3728.0000     -733883.925299
3732.0000     -733614.225891
3736.0000     -734011.387427
3740.0000     -732851.585256
3744.0000     -733212.272381
3748.0000     -733212.475002
3752.0000     -734232.611792
3756.0000     -734003.614887
3760.0000     -734473.726598
3764.0000     -733968.217473
3768.0000     -733736.128297
3772.0000     -733745.972096
3776.0000     -733813.561817
3780.0000     -732648.882256
3784.0000     -733706.907814
3788.0000     -733105.651894
3792.0000     -733540.462132
3796.0000     -733559.292801
3800.0000     -733473.462177
3804.0000     -733554.058712
3808.0000     -733641.569815
3812.0000     -733663.322271
3816.0000     -732790.881509
3820.0000     -733633.991029
3824.0000     -733942.864586
3828.0000     -733327.410465
3832.0000     -732780.541455
3836.0000     -733255.912562
3840.0000     -732570.715934
3844.0000     -733696.865506
3848.0000     -733610.499856
3852.0000     -733101.168761
3856.0000     -734137.852985
3860.0000     -733414.235831
3864.0000     -732919.507288
3868.0000     -733468.862657
3872.0000     -732927.128413
3876.0000     -733089.049070
3880.0000     -732863.118096
3884.0000     -733568.182002
3888.0000     -733276.582051
3892.0000     -733305.773181
3896.0000     -734042.740815
3900.0000     -733378.937048
3904.0000     -733854.648530
3908.0000     -733307.818518
3912.0000     -733509.232207
3916.0000     -734276.752864
3920.0000     -733477.427174
3924.0000     -733719.287641
3928.0000     -734078.360612
3932.0000     -734123.896211
3936.0000     -733622.039491
3940.0000     -732750.230545
3944.0000     -733025.577840
3948.0000     -733157.894474
3952.0000     -733372.744159
3956.0000     -733599.792761
3960.0000     -733449.235651
3964.0000     -733613.919259
3968.0000     -733059.797248
3972.0000     -733687.623317
3976.0000     -733060.958716
3980.0000     -732947.314407
3984.0000     -733524.359985
3988.0000     -733623.378478
3992.0000     -733445.539221
3996.0000     -733103.970142
4000.0000     -733488.659157
4004.0000     -733488.659157
