4.0000      -30938.505484
8.0000      -30755.136792
12.0000      -30906.187692
16.0000      -30752.356526
20.0000      -30650.528793
24.0000      -30760.679799
28.0000      -30678.883796
32.0000      -30927.288187
36.0000      -30809.545502
40.0000      -30696.662676
44.0000      -30845.706966
48.0000      -31050.684698
52.0000      -30860.928560
56.0000      -30754.854063
60.0000      -30828.031357
64.0000      -30881.825964
68.0000      -30944.998224
72.0000      -30854.096751
76.0000      -30825.198168
80.0000      -30872.278100
84.0000      -30578.898738
88.0000      -30713.352107
92.0000      -30858.118116
96.0000      -30879.496353
100.0000      -30589.511782
104.0000      -30901.928020
108.0000      -30776.497903
112.0000      -30737.494042
116.0000      -30634.002905
120.0000      -30541.553479
124.0000      -31035.008313
128.0000      -30816.856819
132.0000      -30731.404586
136.0000      -30784.636779
140.0000      -30954.689237
144.0000      -30730.159117
148.0000      -30655.438683
152.0000      -31045.625867
156.0000      -30779.162847
160.0000      -30915.531332
164.0000      -30978.935357
168.0000      -30788.672893
172.0000      -30887.254995
176.0000      -30750.532329
180.0000      -30814.021650
184.0000      -30806.563712
188.0000      -30941.996955
192.0000      -30778.827122
196.0000      -30953.446314
200.0000      -30885.259013
204.0000      -30911.277677
208.0000      -30683.096363
212.0000      -30709.793953
216.0000      -30683.051338
220.0000      -30762.798003
224.0000      -30713.673484
228.0000      -30719.700958
232.0000      -30746.321081
236.0000      -30609.881140
240.0000      -30852.978817
244.0000      -30696.938623
248.0000      -30391.890645
252.0000      -30798.394176
256.0000      -30781.179431
260.0000      -30851.384240
264.0000      -30830.455824
268.0000      -30792.130518
272.0000      -30870.745475
276.0000      -30890.628255
280.0000      -31018.846359
284.0000      -30848.912753
288.0000      -30720.394099
292.0000      -30947.534188
296.0000      -30798.580674
300.0000      -30656.246111
304.0000      -30978.670658
308.0000      -30861.160921
312.0000      -30932.945982
316.0000      -30830.970690
320.0000      -30707.919847
324.0000      -30755.107274
328.0000      -30696.643664
332.0000      -30763.494150
336.0000      -30855.687073
340.0000      -30900.037660
344.0000      -30819.846152
348.0000      -30835.599944
352.0000      -30847.968558
356.0000      -30808.528409
360.0000      -30997.847313
364.0000      -31000.493661
368.0000      -30754.248877
372.0000      -30702.181362
376.0000      -30823.765870
380.0000      -30776.292573
384.0000      -30775.605463
388.0000      -30886.180328
392.0000      -30940.735820
396.0000      -30953.869981
400.0000      -30778.740055
404.0000      -30787.032751
408.0000      -30931.485856
412.0000      -30827.867150
416.0000      -30592.991215
420.0000      -31041.082921
424.0000      -30799.145597
428.0000      -30828.402573
432.0000      -30786.643206
436.0000      -30989.960621
440.0000      -30855.377044
444.0000      -30915.582688
448.0000      -30879.401801
452.0000      -30824.037920
456.0000      -30766.142449
460.0000      -30770.747790
464.0000      -30710.485632
468.0000      -30807.016778
472.0000      -30800.514347
476.0000      -30859.120288
480.0000      -30761.540660
484.0000      -30742.876507
488.0000      -30815.933578
492.0000      -30798.195839
496.0000      -30648.529518
500.0000      -31007.512063
504.0000      -30450.354938
508.0000      -30787.624502
512.0000      -30897.924721
516.0000      -30692.874061
520.0000      -30800.164976
524.0000      -30911.300531
528.0000      -30782.375126
532.0000      -30888.533730
536.0000      -30851.806329
540.0000      -30761.174504
544.0000      -30770.362525
548.0000      -30333.195513
552.0000      -30922.450747
556.0000      -30807.350815
560.0000      -30786.393033
564.0000      -30732.927678
568.0000      -30587.031434
572.0000      -30793.584478
576.0000      -30747.757870
580.0000      -30845.773830
584.0000      -30926.937976
588.0000      -30728.467146
592.0000      -30685.106152
596.0000      -30695.009829
600.0000      -30694.884262
604.0000      -30879.916359
608.0000      -30846.968635
612.0000      -30955.114091
616.0000      -30952.046004
620.0000      -30849.559443
624.0000      -30975.536754
628.0000      -30937.879637
632.0000      -30848.838207
636.0000      -30787.724940
640.0000      -30852.748278
644.0000      -30837.608421
648.0000      -30818.914281
652.0000      -30919.416800
656.0000      -30677.994001
660.0000      -30870.294350
664.0000      -30994.900501
668.0000      -31007.066899
672.0000      -31148.167572
676.0000      -30936.923923
680.0000      -31045.628131
684.0000      -30957.824533
688.0000      -30860.852429
692.0000      -30878.922063
696.0000      -31025.063260
700.0000      -30862.334811
704.0000      -30797.641822
708.0000      -30946.177639
712.0000      -31064.456614
716.0000      -30721.303382
720.0000      -30906.434613
724.0000      -30847.891227
728.0000      -30850.858466
732.0000      -30899.924293
736.0000      -30760.298859
740.0000      -30970.075386
744.0000      -30873.829766
748.0000      -30704.915085
752.0000      -30847.541285
756.0000      -30719.322715
760.0000      -30902.799095
764.0000      -30716.868521
768.0000      -30952.404077
772.0000      -30758.336916
776.0000      -30890.921925
780.0000      -30723.884264
784.0000      -30887.326072
788.0000      -30889.892049
792.0000      -30776.462804
796.0000      -30782.768312
800.0000      -30870.774583
804.0000      -30679.014596
808.0000      -30816.508465
812.0000      -30800.521555
816.0000      -30832.831130
820.0000      -30957.865277
824.0000      -31074.306961
828.0000      -30893.836219
832.0000      -30861.458785
836.0000      -30812.097915
840.0000      -30660.422813
844.0000      -30806.612971
848.0000      -30755.033091
852.0000      -30573.959265
856.0000      -30738.463835
860.0000      -30913.334301
864.0000      -30812.532470
868.0000      -30782.355431
872.0000      -30921.921181
876.0000      -30611.980013
880.0000      -30909.185960
884.0000      -30876.704601
888.0000      -30741.356565
892.0000      -30693.354630
896.0000      -30666.450883
900.0000      -30937.638723
904.0000      -30750.034625
908.0000      -30588.363015
912.0000      -30992.733185
916.0000      -30858.179450
920.0000      -30730.644290
924.0000      -30741.589809
928.0000      -30862.691574
932.0000      -30808.880287
936.0000      -30818.791342
940.0000      -30900.031763
944.0000      -30771.037628
948.0000      -30921.241622
952.0000      -30932.122733
956.0000      -30966.506516
960.0000      -30941.312014
964.0000      -30867.018571
968.0000      -30800.660824
972.0000      -30930.483655
976.0000      -30840.457962
980.0000      -30899.376230
984.0000      -30849.527401
988.0000      -30737.665671
992.0000      -30917.701212
996.0000      -30624.753965
1000.0000      -30912.080545
1004.0000      -30840.038690
1008.0000      -31005.246407
1012.0000      -30776.250554
1016.0000      -30814.014463
1020.0000      -30923.204648
1024.0000      -30658.835757
1028.0000      -30930.293460
1032.0000      -30846.814964
1036.0000      -30840.507562
1040.0000      -31075.678591
1044.0000      -30936.998366
1048.0000      -30734.372575
1052.0000      -31003.727243
1056.0000      -30711.540942
1060.0000      -30860.048933
1064.0000      -30817.385418
1068.0000      -30744.728589
1072.0000      -30773.199682
1076.0000      -30890.510483
1080.0000      -30680.344228
1084.0000      -30581.553283
1088.0000      -30814.649992
1092.0000      -30585.228469
1096.0000      -30920.852063
1100.0000      -30910.162073
1104.0000      -30678.070191
1108.0000      -30837.225882
1112.0000      -30920.676074
1116.0000      -30805.375363
1120.0000      -31126.008088
1124.0000      -30840.830536
1128.0000      -30934.871031
1132.0000      -30921.464728
1136.0000      -30865.931256
1140.0000      -30753.492746
1144.0000      -30637.336874
1148.0000      -30564.092745
1152.0000      -30706.539385
1156.0000      -30755.817510
1160.0000      -30814.014629
1164.0000      -30866.444668
1168.0000      -30794.712596
1172.0000      -30792.767946
1176.0000      -30792.025589
1180.0000      -30996.095453
1184.0000      -30963.444313
1188.0000      -30755.429333
1192.0000      -30516.356148
1196.0000      -30690.198037
1200.0000      -30791.816806
1204.0000      -30911.799025
1208.0000      -30874.618126
1212.0000      -30815.485775
1216.0000      -30865.542230
1220.0000      -30989.066872
1224.0000      -30714.484760
1228.0000      -30812.869998
1232.0000      -30891.534622
1236.0000      -30691.617269
1240.0000      -30748.627477
1244.0000      -30790.458676
1248.0000      -30701.061320
1252.0000      -30848.911459
1256.0000      -30878.100949
1260.0000      -30904.083460
1264.0000      -30941.180060
1268.0000      -30862.156256
1272.0000      -30626.064646
1276.0000      -30794.173449
1280.0000      -30979.731003
1284.0000      -30920.851195
1288.0000      -30898.132228
1292.0000      -30805.382796
1296.0000      -30855.868537
1300.0000      -30874.308405
1304.0000      -30739.416575
1308.0000      -30688.878636
1312.0000      -30868.579719
1316.0000      -30979.287963
1320.0000      -30902.041516
1324.0000      -30776.333808
1328.0000      -31127.236638
1332.0000      -30885.310101
1336.0000      -30822.473197
1340.0000      -30624.666623
1344.0000      -30798.619271
1348.0000      -30747.626293
1352.0000      -30732.816544
1356.0000      -30853.055596
1360.0000      -30678.941079
1364.0000      -30761.038712
1368.0000      -30744.521512
1372.0000      -30860.410685
1376.0000      -30862.242155
1380.0000      -30780.970483
1384.0000      -30829.387010
1388.0000      -30866.317854
1392.0000      -30858.431368
1396.0000      -30674.614831
1400.0000      -30777.235006
1404.0000      -30858.955427
1408.0000      -30766.850587
1412.0000      -30777.274929
1416.0000      -30755.947214
1420.0000      -30760.191373
1424.0000      -30904.319486
1428.0000      -30731.670419
1432.0000      -30866.044396
1436.0000      -30821.040523
1440.0000      -30610.235635
1444.0000      -30901.784827
1448.0000      -30747.835108
1452.0000      -30773.843644
1456.0000      -30660.622627
1460.0000      -30618.619214
1464.0000      -30842.327547
1468.0000      -30985.537410
1472.0000      -30984.268731
1476.0000      -30807.240026
1480.0000      -30872.823984
1484.0000      -31008.019144
1488.0000      -30801.461186
1492.0000      -30941.783117
1496.0000      -30759.406236
1500.0000      -30757.233808
1504.0000      -30811.774800
1508.0000      -30814.637963
1512.0000      -30671.982247
1516.0000      -30690.769292
1520.0000      -30747.131295
1524.0000      -30877.278447
1528.0000      -30566.523335
1532.0000      -30850.457252
1536.0000      -31014.007309
1540.0000      -30910.564331
1544.0000      -30732.372771
1548.0000      -30799.713976
1552.0000      -30879.419912
1556.0000      -30928.870137
1560.0000      -30882.195554
1564.0000      -30826.038649
1568.0000      -30890.691905
1572.0000      -30837.390673
1576.0000      -30864.487707
1580.0000      -30813.844420
1584.0000      -30830.195036
1588.0000      -30709.417220
1592.0000      -30901.834081
1596.0000      -30991.972431
1600.0000      -30771.085910
1604.0000      -30724.531414
1608.0000      -30740.936303
1612.0000      -30841.543938
1616.0000      -30821.333475
1620.0000      -30861.077134
1624.0000      -30675.739654
1628.0000      -30825.011451
1632.0000      -30791.203290
1636.0000      -30893.443528
1640.0000      -30836.612918
1644.0000      -30948.818387
1648.0000      -30899.768478
1652.0000      -30958.763253
1656.0000      -30996.733938
1660.0000      -30709.486636
1664.0000      -30837.582675
1668.0000      -30976.039046
1672.0000      -30761.676458
1676.0000      -30478.762236
1680.0000      -30797.389088
1684.0000      -30895.515949
1688.0000      -30900.373065
1692.0000      -30858.526898
1696.0000      -30844.728141
1700.0000      -30780.533528
1704.0000      -30652.851225
1708.0000      -30809.915385
1712.0000      -30766.455245
1716.0000      -30785.162418
1720.0000      -30878.085971
1724.0000      -30857.265892
1728.0000      -30610.468351
1732.0000      -30797.088276
1736.0000      -30638.128710
1740.0000      -30689.885989
1744.0000      -30989.301995
1748.0000      -30881.257119
1752.0000      -30758.631831
1756.0000      -30825.378042
1760.0000      -30865.594465
1764.0000      -30791.602614
1768.0000      -30693.132902
1772.0000      -30842.101858
1776.0000      -30932.498235
1780.0000      -30758.305239
1784.0000      -30782.455674
1788.0000      -30835.248942
1792.0000      -30768.479355
1796.0000      -30796.978198
1800.0000      -30921.407256
1804.0000      -30871.165977
1808.0000      -30801.786496
1812.0000      -30775.131977
1816.0000      -30809.373845
1820.0000      -30720.933177
1824.0000      -30698.324616
1828.0000      -30923.299665
1832.0000      -30870.062465
1836.0000      -30804.078941
1840.0000      -30901.805977
1844.0000      -30820.620963
1848.0000      -30898.959879
1852.0000      -30979.524103
1856.0000      -30833.674218
1860.0000      -30606.358146
1864.0000      -30891.905670
1868.0000      -31048.293633
1872.0000      -30913.968715
1876.0000      -30863.352709
1880.0000      -30934.544303
1884.0000      -30811.245330
1888.0000      -30672.495701
1892.0000      -30832.457573
1896.0000      -30860.933816
1900.0000      -30356.706323
1904.0000      -30916.157959
1908.0000      -30752.427818
1912.0000      -30864.074440
1916.0000      -30967.805871
1920.0000      -31007.891990
1924.0000      -30870.187758
1928.0000      -31012.299648
1932.0000      -30784.943417
1936.0000      -30997.120768
1940.0000      -30578.676351
1944.0000      -30838.438886
1948.0000      -30832.314921
1952.0000      -30720.006991
1956.0000      -30913.356797
1960.0000      -30834.218110
1964.0000      -30932.919798
1968.0000      -30792.621048
1972.0000      -30807.714389
1976.0000      -30783.813860
1980.0000      -30517.718513
1984.0000      -30945.727685
1988.0000      -30951.839237
1992.0000      -30956.783446
1996.0000      -30767.256499
2000.0000      -30887.527523
2004.0000      -30784.331616
2008.0000      -30741.081654
2012.0000      -30862.829536
2016.0000      -30686.728645
2020.0000      -30812.059078
2024.0000      -30859.182196
2028.0000      -30512.764288
2032.0000      -30813.775576
2036.0000      -30965.485081
2040.0000      -30976.869875
2044.0000      -31007.936595
2048.0000      -30903.307121
2052.0000      -30807.213730
2056.0000      -30716.478976
2060.0000      -30805.879734
2064.0000      -30812.012997
2068.0000      -30846.010977
2072.0000      -30770.969483
2076.0000      -30957.047930
2080.0000      -30825.101779
2084.0000      -30885.576336
2088.0000      -30757.898450
2092.0000      -30862.874897
2096.0000      -30731.617780
2100.0000      -30774.669677
2104.0000      -30807.385259
2108.0000      -30660.424814
2112.0000      -30576.964068
2116.0000      -30759.138158
2120.0000      -30898.833542
2124.0000      -30738.092482
2128.0000      -30926.199222
2132.0000      -30894.487056
2136.0000      -30782.214779
2140.0000      -30786.641049
2144.0000      -31009.941100
2148.0000      -30879.316215
2152.0000      -30868.810095
2156.0000      -30698.457715
2160.0000      -30912.171761
2164.0000      -30807.118552
2168.0000      -30777.660946
2172.0000      -30775.430958
2176.0000      -30964.196948
2180.0000      -30833.020262
2184.0000      -30954.811663
2188.0000      -30860.221086
2192.0000      -30891.595794
2196.0000      -30934.284148
2200.0000      -30856.086603
2204.0000      -30883.372966
2208.0000      -30870.736180
2212.0000      -30881.812580
2216.0000      -30585.880855
2220.0000      -30883.414214
2224.0000      -30887.816936
2228.0000      -30677.316759
2232.0000      -30996.981069
2236.0000      -30775.052803
2240.0000      -30813.627707
2244.0000      -30852.606712
2248.0000      -30969.882065
2252.0000      -30776.532986
2256.0000      -30516.196108
2260.0000      -30875.756491
2264.0000      -30618.841006
2268.0000      -30760.507237
2272.0000      -30788.929903
2276.0000      -30810.236189
2280.0000      -30665.456240
2284.0000      -30906.649986
2288.0000      -30844.634686
2292.0000      -30863.265954
2296.0000      -30827.980793
2300.0000      -30821.022353
2304.0000      -30871.847030
2308.0000      -30866.509680
2312.0000      -30758.121036
2316.0000      -30745.980996
2320.0000      -30666.038337
2324.0000      -30953.541543
2328.0000      -30802.295127
2332.0000      -30870.229677
2336.0000      -30840.816935
2340.0000      -30804.780318
2344.0000      -30889.749616
2348.0000      -30685.084473
2352.0000      -30837.102558
2356.0000      -30823.095673
2360.0000      -30759.651984
2364.0000      -30810.688681
2368.0000      -30853.909813
2372.0000      -30819.899009
2376.0000      -30732.186163
2380.0000      -30789.697396
2384.0000      -31020.751007
2388.0000      -30863.084389
2392.0000      -30804.008042
2396.0000      -30659.161504
2400.0000      -30827.172460
2404.0000      -30853.138034
2408.0000      -30819.008230
2412.0000      -30781.728791
2416.0000      -30920.830856
2420.0000      -30833.399990
2424.0000      -30873.442831
2428.0000      -30631.839144
2432.0000      -30822.819337
2436.0000      -30802.699845
2440.0000      -30909.593566
2444.0000      -30926.886757
2448.0000      -30983.055982
2452.0000      -30950.332809
2456.0000      -30842.491219
2460.0000      -30621.171175
2464.0000      -30802.041449
2468.0000      -30831.339488
2472.0000      -30996.455527
2476.0000      -30918.045609
2480.0000      -30584.173538
2484.0000      -30915.215245
2488.0000      -30905.735070
2492.0000      -30880.095576
2496.0000      -30767.368303
2500.0000      -30549.986755
2504.0000      -30679.975902
2508.0000      -30851.721557
2512.0000      -30659.373519
2516.0000      -30689.422584
2520.0000      -30857.373402
2524.0000      -30712.294955
2528.0000      -30722.663108
2532.0000      -30603.757537
2536.0000      -30706.149104
2540.0000      -30886.708888
2544.0000      -30832.745719
2548.0000      -30721.484740
2552.0000      -30922.013253
2556.0000      -30790.948870
2560.0000      -30993.675945
2564.0000      -30927.440081
2568.0000      -30819.502871
2572.0000      -30806.652518
2576.0000      -30879.969690
2580.0000      -30771.186090
2584.0000      -30639.468568
2588.0000      -30895.933938
2592.0000      -30712.049073
2596.0000      -30754.393647
2600.0000      -30795.471361
2604.0000      -30815.169521
2608.0000      -30849.076883
2612.0000      -30718.660589
2616.0000      -30784.373759
2620.0000      -30764.135389
2624.0000      -30773.893566
2628.0000      -30957.165040
2632.0000      -30980.461677
2636.0000      -30867.354329
2640.0000      -30719.922266
2644.0000      -30911.926334
2648.0000      -30969.218267
2652.0000      -30681.210352
2656.0000      -30973.385370
2660.0000      -30643.158314
2664.0000      -31050.969264
2668.0000      -30878.539420
2672.0000      -30936.809642
2676.0000      -30821.229344
2680.0000      -30828.623714
2684.0000      -30681.109283
2688.0000      -30815.633009
2692.0000      -31034.145123
2696.0000      -30877.598723
2700.0000      -30789.650596
2704.0000      -30749.981463
2708.0000      -30837.913463
2712.0000      -30790.555226
2716.0000      -30951.147003
2720.0000      -30651.305011
2724.0000      -30865.621488
2728.0000      -30751.683296
2732.0000      -30961.144237
2736.0000      -30669.089366
2740.0000      -30655.896453
2744.0000      -30763.591152
2748.0000      -30870.590376
2752.0000      -30950.717685
2756.0000      -30817.333589
2760.0000      -30884.788407
2764.0000      -30734.776987
2768.0000      -30791.074384
2772.0000      -30916.171924
2776.0000      -30965.519944
2780.0000      -30801.077490
2784.0000      -30694.260462
2788.0000      -30682.358193
2792.0000      -30783.044047
2796.0000      -30995.261219
2800.0000      -30872.325418
2804.0000      -30772.252993
2808.0000      -30922.213822
2812.0000      -30862.561539
2816.0000      -30952.045450
2820.0000      -30815.881401
2824.0000      -30851.275739
2828.0000      -30839.708133
2832.0000      -30838.307488
2836.0000      -30984.010776
2840.0000      -30841.492063
2844.0000      -30938.616965
2848.0000      -30719.951704
2852.0000      -30691.485362
2856.0000      -30819.259390
2860.0000      -30991.167337
2864.0000      -30849.704422
2868.0000      -30744.652342
2872.0000      -30937.967584
2876.0000      -30935.538767
2880.0000      -30907.404165
2884.0000      -31016.312721
2888.0000      -30929.496514
2892.0000      -30969.437865
2896.0000      -30728.078367
2900.0000      -30940.246571
2904.0000      -30891.838007
2908.0000      -30804.880717
2912.0000      -30767.489052
2916.0000      -30733.630317
2920.0000      -30790.511746
2924.0000      -30623.458416
2928.0000      -30742.932935
2932.0000      -30963.637737
2936.0000      -30704.463780
2940.0000      -30875.773834
2944.0000      -30900.613244
2948.0000      -30593.649265
2952.0000      -30769.823289
2956.0000      -30763.470082
2960.0000      -30802.923479
2964.0000      -30601.161362
2968.0000      -30608.959690
2972.0000      -30885.073371
2976.0000      -30875.828102
2980.0000      -30858.812439
2984.0000      -30866.951243
2988.0000      -31071.308593
2992.0000      -30827.324390
2996.0000      -30694.084223
3000.0000      -30710.699573
3004.0000      -30822.790567
3008.0000      -30751.125061
3012.0000      -30971.824409
3016.0000      -30762.849828
3020.0000      -30829.469737
3024.0000      -30728.850156
3028.0000      -30739.731097
3032.0000      -30891.568660
3036.0000      -30772.956168
3040.0000      -30839.404087
3044.0000      -30964.293858
3048.0000      -30576.332056
3052.0000      -30913.544550
3056.0000      -31151.294370
3060.0000      -30872.482697
3064.0000      -30925.588913
3068.0000      -30784.483370
3072.0000      -30693.363663
3076.0000      -30827.787030
3080.0000      -30843.597462
3084.0000      -30897.171882
3088.0000      -30840.489695
3092.0000      -30749.514373
3096.0000      -31086.728936
3100.0000      -30867.866274
3104.0000      -30514.434331
3108.0000      -30863.383150
3112.0000      -30816.458589
3116.0000      -30723.017045
3120.0000      -30838.611240
3124.0000      -30725.739551
3128.0000      -30764.525278
3132.0000      -30833.937406
3136.0000      -30839.019415
3140.0000      -30810.876831
3144.0000      -30898.870732
3148.0000      -30840.628347
3152.0000      -30986.771001
3156.0000      -30923.042140
3160.0000      -30724.300775
3164.0000      -30717.732023
3168.0000      -31019.911228
3172.0000      -30740.824484
3176.0000      -30880.936910
3180.0000      -30770.024416
3184.0000      -30775.228110
3188.0000      -30705.559955
3192.0000      -30710.340677
3196.0000      -30870.564225
3200.0000      -30800.795953
3204.0000      -30888.556029
3208.0000      -30878.806304
3212.0000      -30968.230743
3216.0000      -30870.118159
3220.0000      -30879.889545
3224.0000      -30810.303124
3228.0000      -30824.877428
3232.0000      -30931.765269
3236.0000      -30808.768756
3240.0000      -30857.530863
3244.0000      -30816.451265
3248.0000      -30868.107705
3252.0000      -30839.994792
3256.0000      -30618.555876
3260.0000      -30873.915268
3264.0000      -30843.525254
3268.0000      -30849.514240
3272.0000      -30569.761443
3276.0000      -30605.402069
3280.0000      -30701.049254
3284.0000      -30590.121187
3288.0000      -30703.497144
3292.0000      -30764.313152
3296.0000      -30772.874502
3300.0000      -30756.536787
3304.0000      -30768.942592
3308.0000      -30798.790515
3312.0000      -30728.849792
3316.0000      -30941.278727
3320.0000      -31039.305484
3324.0000      -30919.684672
3328.0000      -30779.897346
3332.0000      -30855.510705
3336.0000      -30923.325456
3340.0000      -30610.410454
3344.0000      -30878.463819
3348.0000      -30835.539071
3352.0000      -30720.654172
3356.0000      -30728.908463
3360.0000      -30745.031778
3364.0000      -30829.942400
3368.0000      -30942.429659
3372.0000      -30538.292166
3376.0000      -30847.252733
3380.0000      -30815.764669
3384.0000      -30717.668353
3388.0000      -31023.261611
3392.0000      -30986.495717
3396.0000      -30997.934927
3400.0000      -30985.682665
3404.0000      -30894.074338
3408.0000      -31087.687029
3412.0000      -30732.787571
3416.0000      -30719.442515
3420.0000      -30833.788767
3424.0000      -31112.583269
3428.0000      -30894.724682
3432.0000      -30707.267111
3436.0000      -30911.414146
3440.0000      -30897.086771
3444.0000      -30816.558878
3448.0000      -30895.215185
3452.0000      -30904.392780
3456.0000      -30873.452285
3460.0000      -30886.808328
3464.0000      -30796.841653
3468.0000      -30893.781885
3472.0000      -30789.987641
3476.0000      -30807.165816
3480.0000      -30644.436662
3484.0000      -30777.267826
3488.0000      -30790.860148
3492.0000      -30773.204142
3496.0000      -30958.004096
3500.0000      -30859.168445
3504.0000      -31057.538631
3508.0000      -30804.257533
3512.0000      -30755.983644
3516.0000      -30729.304339
3520.0000      -30687.527534
3524.0000      -30805.096591
3528.0000      -30935.837243
3532.0000      -30760.185907
3536.0000      -30853.711204
3540.0000      -30881.673263
3544.0000      -30725.750818
3548.0000      -30899.097812
3552.0000      -30730.972030
3556.0000      -30995.785277
3560.0000      -30808.149098
3564.0000      -30890.050707
3568.0000      -30713.952280
3572.0000      -30890.102182
3576.0000      -30900.150955
3580.0000      -30833.475307
3584.0000      -30983.158095
3588.0000      -30834.692554
3592.0000      -30900.131688
3596.0000      -30949.972878
3600.0000      -30800.012454
3604.0000      -30907.135790
3608.0000      -30880.922497
3612.0000      -30773.177974
3616.0000      -30735.408247
3620.0000      -30848.775588
3624.0000      -30817.584698
3628.0000      -30767.475448
3632.0000      -30905.193786
3636.0000      -30766.880159
3640.0000      -30852.406043
3644.0000      -30764.635995
3648.0000      -30784.289527
3652.0000      -30774.768630
3656.0000      -30677.547539
3660.0000      -30858.250871
3664.0000      -30777.887018
3668.0000      -30761.121101
3672.0000      -30873.387399
3676.0000      -30665.226694
3680.0000      -30754.851985
3684.0000      -30720.965021
3688.0000      -30841.963937
3692.0000      -30780.190302
3696.0000      -30802.357089
3700.0000      -30575.681594
3704.0000      -30771.596465
3708.0000      -30939.220051
3712.0000      -30859.280325
3716.0000      -30633.184855
3720.0000      -30757.918227
3724.0000      -30829.418060
3728.0000      -30850.286670
3732.0000      -30763.783528
3736.0000      -30915.569354
3740.0000      -30696.702745
3744.0000      -30887.190909
3748.0000      -30967.147772
3752.0000      -30666.432746
3756.0000      -30868.242046
3760.0000      -30841.038481
3764.0000      -30827.891377
3768.0000      -30883.779396
3772.0000      -30531.551501
3776.0000      -30756.245576
3780.0000      -30816.670299
3784.0000      -30724.470091
3788.0000      -30794.092100
3792.0000      -30808.373182
3796.0000      -30901.220246
3800.0000      -30861.215260
3804.0000      -30856.005777
3808.0000      -30869.126129
3812.0000      -30949.267378
3816.0000      -30734.076721
3820.0000      -30839.163382
3824.0000      -30712.410199
3828.0000      -30941.191527
3832.0000      -30777.613241
3836.0000      -30973.676855
3840.0000      -30917.092536
3844.0000      -30836.924595
3848.0000      -30839.527664
3852.0000      -31047.441928
3856.0000      -30670.432598
3860.0000      -30900.272888
3864.0000      -30945.537722
3868.0000      -30957.854602
3872.0000      -31055.470734
3876.0000      -30726.644448
3880.0000      -30894.312400
3884.0000      -30724.667116
3888.0000      -31030.788967
3892.0000      -30818.677226
3896.0000      -30863.410682
3900.0000      -30866.188588
3904.0000      -30974.008404
3908.0000      -31034.048898
3912.0000      -30819.517833
3916.0000      -30874.812942
3920.0000      -30893.894090
3924.0000      -30733.902631
3928.0000      -30700.799329
3932.0000      -30862.573262
3936.0000      -31003.241508
3940.0000      -30897.386376
3944.0000      -30803.107399
3948.0000      -30837.120675
3952.0000      -30835.874420
3956.0000      -30822.872216
3960.0000      -30857.334102
3964.0000      -30742.800123
3968.0000      -30662.974894
3972.0000      -30690.308445
3976.0000      -30816.820787
3980.0000      -30778.606612
3984.0000      -30764.934017
3988.0000      -30699.244623
3992.0000      -30929.775198
3996.0000      -30608.542273
4000.0000      -30803.398205
4004.0000      -30803.398205
