4.0000      -31013.208428
8.0000      -30899.310197
12.0000      -31010.358505
16.0000      -30833.428296
20.0000      -30918.366684
24.0000      -30847.895452
28.0000      -30830.044415
32.0000      -31002.544963
36.0000      -30887.683257
40.0000      -30800.770579
44.0000      -30907.574499
48.0000      -31124.533892
52.0000      -30941.825363
56.0000      -30924.406950
60.0000      -30993.381643
64.0000      -30961.675643
68.0000      -31004.020618
72.0000      -30957.520301
76.0000      -30889.418861
80.0000      -30956.942224
84.0000      -30962.903447
88.0000      -30891.947641
92.0000      -30924.981994
96.0000      -30949.550233
100.0000      -30845.288046
104.0000      -30979.110271
108.0000      -30842.081757
112.0000      -30927.996928
116.0000      -30706.292746
120.0000      -31074.206313
124.0000      -31109.467709
128.0000      -30987.550348
132.0000      -30864.084021
136.0000      -30847.622072
140.0000      -31043.270808
144.0000      -30804.244129
148.0000      -30801.883856
152.0000      -31167.245925
156.0000      -30863.561559
160.0000      -30989.698154
164.0000      -31039.070947
168.0000      -30848.088720
172.0000      -30989.199818
176.0000      -30837.296568
180.0000      -30899.531764
184.0000      -30882.234919
188.0000      -31021.342601
192.0000      -30942.410487
196.0000      -31022.460418
200.0000      -30960.609902
204.0000      -31023.598429
208.0000      -30777.387691
212.0000      -30849.540391
216.0000      -30751.216792
220.0000      -30863.809703
224.0000      -30805.499709
228.0000      -30829.127699
232.0000      -30904.893334
236.0000      -30732.992142
240.0000      -30934.842183
244.0000      -30767.927464
248.0000      -30794.190239
252.0000      -30886.198649
256.0000      -30869.412345
260.0000      -30923.732305
264.0000      -30913.463814
268.0000      -30870.139602
272.0000      -30994.541656
276.0000      -30972.313111
280.0000      -31095.576880
284.0000      -30942.760922
288.0000      -30859.466824
292.0000      -31017.066138
296.0000      -30858.161137
300.0000      -30890.103746
304.0000      -31058.030092
308.0000      -30932.357288
312.0000      -31088.839288
316.0000      -30956.761405
320.0000      -30802.470158
324.0000      -30858.790614
328.0000      -30963.818375
332.0000      -30913.105395
336.0000      -31027.017110
340.0000      -31011.112180
344.0000      -30935.782092
348.0000      -30915.077473
352.0000      -31007.842816
356.0000      -30893.153016
360.0000      -31074.083878
364.0000      -31066.876584
368.0000      -30834.032258
372.0000      -30861.979355
376.0000      -30891.463992
380.0000      -30857.389617
384.0000      -30876.767683
388.0000      -30976.934713
392.0000      -31059.415428
396.0000      -31032.349210
400.0000      -30878.065622
404.0000      -30971.829859
408.0000      -31068.071043
412.0000      -30900.773751
416.0000      -30913.361807
420.0000      -31107.496984
424.0000      -30920.843636
428.0000      -30949.485225
432.0000      -30867.033749
436.0000      -31065.762025
440.0000      -30925.248831
444.0000      -31075.261925
448.0000      -30944.653683
452.0000      -30893.883593
456.0000      -30888.371491
460.0000      -30847.587434
464.0000      -30858.462212
468.0000      -30916.504009
472.0000      -30872.149982
476.0000      -30945.868623
480.0000      -30847.601462
484.0000      -30808.635172
488.0000      -30999.784084
492.0000      -30864.625176
496.0000      -30867.311878
500.0000      -31077.765294
504.0000      -30952.675754
508.0000      -31016.219363
512.0000      -30974.634804
516.0000      -30834.974331
520.0000      -30988.629655
524.0000      -30973.898910
528.0000      -30923.899774
532.0000      -30968.642217
536.0000      -30970.850763
540.0000      -30978.362064
544.0000      -30955.460956
548.0000      -30779.982332
552.0000      -30996.635870
556.0000      -30889.595817
560.0000      -30854.642651
564.0000      -30827.083781
568.0000      -30760.891272
572.0000      -30880.317194
576.0000      -30832.778881
580.0000      -30933.556140
584.0000      -30999.238790
588.0000      -30820.565633
592.0000      -30771.320377
596.0000      -30945.749408
600.0000      -30778.758491
604.0000      -30954.231452
608.0000      -30923.207173
612.0000      -31019.548665
616.0000      -31012.527352
620.0000      -30936.441081
624.0000      -31073.140132
628.0000      -31007.826112
632.0000      -30962.025815
636.0000      -30864.839122
640.0000      -30995.847837
644.0000      -30914.163168
648.0000      -30907.386050
652.0000      -31031.130245
656.0000      -30788.567443
660.0000      -30937.523600
664.0000      -31075.235218
668.0000      -31090.683836
672.0000      -31227.312210
676.0000      -31011.326467
680.0000      -31114.655960
684.0000      -31025.309884
688.0000      -30950.846627
692.0000      -31010.290637
696.0000      -31093.585032
700.0000      -30961.548475
704.0000      -30870.756890
708.0000      -31018.387598
712.0000      -31141.891841
716.0000      -30792.519321
720.0000      -31038.618460
724.0000      -30944.717327
728.0000      -30924.432369
732.0000      -31000.839809
736.0000      -30844.224836
740.0000      -31048.553064
744.0000      -30946.281025
748.0000      -30799.987368
752.0000      -30928.777508
756.0000      -30825.607535
760.0000      -30992.342426
764.0000      -30822.895275
768.0000      -31030.444733
772.0000      -30839.566755
776.0000      -30957.400749
780.0000      -30842.592313
784.0000      -30970.482682
788.0000      -30951.893390
792.0000      -30849.472071
796.0000      -30956.171451
800.0000      -30982.795900
804.0000      -30753.706109
808.0000      -30899.540387
812.0000      -30893.022621
816.0000      -30919.584882
820.0000      -31054.871552
824.0000      -31148.537236
828.0000      -31042.593276
832.0000      -30939.489935
836.0000      -30891.043572
840.0000      -30858.005986
844.0000      -30869.825799
848.0000      -30937.256131
852.0000      -31096.719477
856.0000      -30899.730039
860.0000      -30985.750736
864.0000      -30915.909819
868.0000      -30871.567814
872.0000      -31043.872863
876.0000      -30737.059675
880.0000      -30992.808539
884.0000      -30991.444061
888.0000      -30815.375376
892.0000      -30767.141695
896.0000      -30746.148109
900.0000      -31024.616226
904.0000      -30856.276119
908.0000      -30936.941410
912.0000      -31066.443896
916.0000      -30960.613701
920.0000      -30907.787976
924.0000      -30873.459486
928.0000      -30980.706331
932.0000      -31016.453768
936.0000      -31058.264853
940.0000      -30971.391127
944.0000      -30874.989350
948.0000      -31005.165276
952.0000      -30989.694291
956.0000      -31038.947671
960.0000      -31019.067096
964.0000      -30971.670004
968.0000      -31022.841158
972.0000      -31041.650063
976.0000      -30904.370021
980.0000      -30970.522972
984.0000      -30935.288442
988.0000      -30811.707551
992.0000      -30994.592530
996.0000      -30879.125151
1000.0000      -31009.928638
1004.0000      -30926.833468
1008.0000      -31075.270253
1012.0000      -30879.220673
1016.0000      -30948.043419
1020.0000      -31065.480833
1024.0000      -30881.618637
1028.0000      -31076.295724
1032.0000      -30943.770285
1036.0000      -30937.541452
1040.0000      -31151.496357
1044.0000      -31010.729719
1048.0000      -30796.239812
1052.0000      -31070.776767
1056.0000      -30781.784822
1060.0000      -30986.355676
1064.0000      -30900.126250
1068.0000      -30856.828535
1072.0000      -30864.276996
1076.0000      -30965.619573
1080.0000      -30779.980525
1084.0000      -30914.630840
1088.0000      -30878.012834
1092.0000      -30698.349675
1096.0000      -30989.869377
1100.0000      -30993.834397
1104.0000      -30905.061779
1108.0000      -31011.174649
1112.0000      -30988.260611
1116.0000      -30871.053440
1120.0000      -31209.430927
1124.0000      -30903.525517
1128.0000      -31003.669124
1132.0000      -31019.345098
1136.0000      -30950.252446
1140.0000      -30880.135880
1144.0000      -30814.513427
1148.0000      -30873.953739
1152.0000      -30788.511183
1156.0000      -30842.163072
1160.0000      -30925.614603
1164.0000      -30957.850817
1168.0000      -30873.361797
1172.0000      -30878.034942
1176.0000      -30879.708359
1180.0000      -31072.271613
1184.0000      -31028.787979
1188.0000      -30883.862386
1192.0000      -30881.589443
1196.0000      -30817.897432
1200.0000      -30961.358167
1204.0000      -30982.114862
1208.0000      -30939.624728
1212.0000      -30888.691114
1216.0000      -30938.268369
1220.0000      -31056.928066
1224.0000      -30814.408196
1228.0000      -30897.475730
1232.0000      -30967.107466
1236.0000      -30828.242818
1240.0000      -30824.765834
1244.0000      -30878.181952
1248.0000      -30859.511746
1252.0000      -30977.761223
1256.0000      -31003.667865
1260.0000      -30994.837997
1264.0000      -31014.490678
1268.0000      -30937.146674
1272.0000      -30738.516626
1276.0000      -30920.086045
1280.0000      -31055.948901
1284.0000      -31074.630630
1288.0000      -30983.419124
1292.0000      -30912.051520
1296.0000      -30933.166690
1300.0000      -30955.146037
1304.0000      -30795.896485
1308.0000      -30809.448631
1312.0000      -30964.662252
1316.0000      -31049.832071
1320.0000      -31012.505809
1324.0000      -30895.113310
1328.0000      -31214.843556
1332.0000      -30972.057210
1336.0000      -30909.883565
1340.0000      -30697.730410
1344.0000      -30900.807628
1348.0000      -30815.755948
1352.0000      -30822.995468
1356.0000      -30910.869739
1360.0000      -30760.034852
1364.0000      -30827.835553
1368.0000      -30881.150140
1372.0000      -30955.414376
1376.0000      -30957.367502
1380.0000      -30895.958201
1384.0000      -30896.580972
1388.0000      -30946.059366
1392.0000      -30932.616755
1396.0000      -30737.795200
1400.0000      -30879.037927
1404.0000      -30939.554349
1408.0000      -30837.682684
1412.0000      -30854.648654
1416.0000      -30837.561353
1420.0000      -30828.828783
1424.0000      -30973.271140
1428.0000      -30797.715796
1432.0000      -30982.186441
1436.0000      -30950.749797
1440.0000      -30799.746236
1444.0000      -30971.749357
1448.0000      -30843.194738
1452.0000      -30935.385530
1456.0000      -30752.278098
1460.0000      -30850.082441
1464.0000      -30970.125002
1468.0000      -31074.677746
1472.0000      -31054.689945
1476.0000      -30900.180343
1480.0000      -30957.227467
1484.0000      -31096.325465
1488.0000      -30862.128411
1492.0000      -31015.462039
1496.0000      -30835.940004
1500.0000      -30831.418155
1504.0000      -30886.961431
1508.0000      -30877.556700
1512.0000      -30738.372994
1516.0000      -30957.094226
1520.0000      -30849.268262
1524.0000      -30958.960545
1528.0000      -30945.387024
1532.0000      -30935.804031
1536.0000      -31102.316489
1540.0000      -31088.378552
1544.0000      -30826.224674
1548.0000      -30894.029876
1552.0000      -30947.389970
1556.0000      -30994.240057
1560.0000      -30941.745248
1564.0000      -30910.928376
1568.0000      -30985.887159
1572.0000      -30929.777591
1576.0000      -30947.829006
1580.0000      -30907.794953
1584.0000      -30933.069333
1588.0000      -30775.946445
1592.0000      -30970.469244
1596.0000      -31081.550121
1600.0000      -30844.555990
1604.0000      -30789.414173
1608.0000      -30825.520528
1612.0000      -30918.189238
1616.0000      -30892.905288
1620.0000      -30930.285037
1624.0000      -30757.356068
1628.0000      -30939.478180
1632.0000      -30861.770835
1636.0000      -30968.031622
1640.0000      -30916.504818
1644.0000      -31047.385414
1648.0000      -30990.422352
1652.0000      -31047.663172
1656.0000      -31066.407295
1660.0000      -30832.296822
1664.0000      -30949.117837
1668.0000      -31037.491225
1672.0000      -30841.702359
1676.0000      -30839.595144
1680.0000      -30860.292922
1684.0000      -30975.258112
1688.0000      -30957.120453
1692.0000      -30950.957912
1696.0000      -30911.580667
1700.0000      -30886.065818
1704.0000      -30714.649204
1708.0000      -30940.147890
1712.0000      -30957.238938
1716.0000      -30924.717089
1720.0000      -30953.222419
1724.0000      -30916.012838
1728.0000      -30679.656130
1732.0000      -30882.681261
1736.0000      -30875.360068
1740.0000      -30815.831682
1744.0000      -31056.039654
1748.0000      -30973.070661
1752.0000      -30825.383603
1756.0000      -30906.152727
1760.0000      -30949.346723
1764.0000      -30887.383281
1768.0000      -30863.774358
1772.0000      -30919.282123
1776.0000      -31020.981963
1780.0000      -30890.806500
1784.0000      -30914.608612
1788.0000      -30925.403842
1792.0000      -30879.717199
1796.0000      -30867.725577
1800.0000      -30994.035613
1804.0000      -30947.574573
1808.0000      -30873.655968
1812.0000      -30861.894528
1816.0000      -30897.713508
1820.0000      -30869.414294
1824.0000      -30765.816055
1828.0000      -30995.086937
1832.0000      -30972.235899
1836.0000      -30871.153686
1840.0000      -31007.463518
1844.0000      -30888.830164
1848.0000      -31033.312170
1852.0000      -31056.956070
1856.0000      -30911.521965
1860.0000      -30843.471986
1864.0000      -30994.012562
1868.0000      -31128.887058
1872.0000      -31009.667149
1876.0000      -30934.003950
1880.0000      -31039.202561
1884.0000      -30870.816224
1888.0000      -30797.766805
1892.0000      -30968.908158
1896.0000      -30948.242204
1900.0000      -30909.913147
1904.0000      -31025.628008
1908.0000      -30844.143972
1912.0000      -30951.363257
1916.0000      -31046.323363
1920.0000      -31073.478821
1924.0000      -30982.990814
1928.0000      -31091.323305
1932.0000      -30852.383187
1936.0000      -31060.901622
1940.0000      -30799.706632
1944.0000      -30931.407634
1948.0000      -30910.543652
1952.0000      -30791.318957
1956.0000      -30993.650360
1960.0000      -30937.617593
1964.0000      -31004.967278
1968.0000      -30868.693497
1972.0000      -30866.909372
1976.0000      -30850.896716
1980.0000      -30978.085377
1984.0000      -31012.454524
1988.0000      -31035.169691
1992.0000      -31028.288660
1996.0000      -30841.854275
2000.0000      -30961.556325
2004.0000      -30848.309443
2008.0000      -30849.869689
2012.0000      -30955.910535
2016.0000      -30872.500564
2020.0000      -31004.943678
2024.0000      -31014.643442
2028.0000      -30875.269222
2032.0000      -30921.549027
2036.0000      -31098.908060
2040.0000      -31036.676485
2044.0000      -31076.126400
2048.0000      -30977.677972
2052.0000      -30902.436601
2056.0000      -30798.071243
2060.0000      -30881.637618
2064.0000      -30886.638629
2068.0000      -30925.445844
2072.0000      -30906.634059
2076.0000      -31027.634472
2080.0000      -30924.646360
2084.0000      -30971.626217
2088.0000      -30898.721692
2092.0000      -30989.149877
2096.0000      -30834.936303
2100.0000      -30921.556454
2104.0000      -30880.841275
2108.0000      -30742.653711
2112.0000      -30823.277081
2116.0000      -30868.056434
2120.0000      -30966.094966
2124.0000      -30946.876429
2128.0000      -30998.855762
2132.0000      -30972.829634
2136.0000      -30864.965399
2140.0000      -30857.383354
2144.0000      -31080.835687
2148.0000      -30966.692284
2152.0000      -30987.382696
2156.0000      -30782.027707
2160.0000      -31013.697507
2164.0000      -30910.543346
2168.0000      -30892.704091
2172.0000      -30886.952765
2176.0000      -31048.073734
2180.0000      -30893.968300
2184.0000      -31043.073110
2188.0000      -31040.261249
2192.0000      -31014.313606
2196.0000      -30998.015443
2200.0000      -31172.505583
2204.0000      -30937.741146
2208.0000      -30944.702660
2212.0000      -30971.479138
2216.0000      -30700.930395
2220.0000      -30974.306805
2224.0000      -30953.815766
2228.0000      -30753.968918
2232.0000      -31179.257132
2236.0000      -30957.948736
2240.0000      -30886.403529
2244.0000      -30937.613564
2248.0000      -31033.620852
2252.0000      -30852.443743
2256.0000      -30608.096707
2260.0000      -31002.962003
2264.0000      -30745.966715
2268.0000      -30958.761199
2272.0000      -30948.162367
2276.0000      -30883.290330
2280.0000      -30759.624431
2284.0000      -31023.229442
2288.0000      -30952.725411
2292.0000      -30949.382082
2296.0000      -30981.562455
2300.0000      -30930.755580
2304.0000      -30968.405691
2308.0000      -30962.263740
2312.0000      -30867.647550
2316.0000      -30811.335776
2320.0000      -30728.454507
2324.0000      -31028.500418
2328.0000      -30901.376292
2332.0000      -30969.148942
2336.0000      -30936.134550
2340.0000      -30925.442636
2344.0000      -31026.979921
2348.0000      -30902.937856
2352.0000      -30897.256539
2356.0000      -30888.602690
2360.0000      -30825.526471
2364.0000      -30892.066466
2368.0000      -30969.974763
2372.0000      -30936.518485
2376.0000      -30799.659624
2380.0000      -30847.989999
2384.0000      -31079.943752
2388.0000      -30959.748570
2392.0000      -30879.474538
2396.0000      -30740.427830
2400.0000      -30982.515836
2404.0000      -30917.030030
2408.0000      -30899.779765
2412.0000      -30876.360148
2416.0000      -31006.444773
2420.0000      -30894.586084
2424.0000      -30957.507240
2428.0000      -30882.449161
2432.0000      -30882.396432
2436.0000      -30940.020722
2440.0000      -31005.166692
2444.0000      -31005.737589
2448.0000      -31039.738931
2452.0000      -31102.068085
2456.0000      -30950.431235
2460.0000      -30789.347212
2464.0000      -30929.734972
2468.0000      -30914.777798
2472.0000      -31068.237419
2476.0000      -31017.304155
2480.0000      -31028.018220
2484.0000      -30988.611250
2488.0000      -30969.579837
2492.0000      -31014.738135
2496.0000      -30838.969416
2500.0000      -30857.510444
2504.0000      -30749.592230
2508.0000      -31000.932433
2512.0000      -30731.437068
2516.0000      -30837.592039
2520.0000      -30950.245519
2524.0000      -30853.053659
2528.0000      -30826.503265
2532.0000      -30694.682951
2536.0000      -30801.051892
2540.0000      -30991.905757
2544.0000      -30891.895780
2548.0000      -30808.274831
2552.0000      -30991.028064
2556.0000      -30877.306595
2560.0000      -31076.799506
2564.0000      -30989.432912
2568.0000      -30909.174319
2572.0000      -30906.932076
2576.0000      -30946.281706
2580.0000      -30844.925236
2584.0000      -30806.128520
2588.0000      -30965.483638
2592.0000      -30874.652700
2596.0000      -30900.012133
2600.0000      -30867.809170
2604.0000      -30908.429410
2608.0000      -30919.052539
2612.0000      -30815.184872
2616.0000      -30865.794090
2620.0000      -30997.601410
2624.0000      -30840.764822
2628.0000      -31073.111216
2632.0000      -31052.482946
2636.0000      -30960.369760
2640.0000      -30856.195793
2644.0000      -30977.199616
2648.0000      -31034.945663
2652.0000      -30776.086252
2656.0000      -31076.262857
2660.0000      -30818.815983
2664.0000      -31120.341611
2668.0000      -30969.880545
2672.0000      -31046.543672
2676.0000      -30890.659745
2680.0000      -30936.986885
2684.0000      -30982.099800
2688.0000      -30952.338453
2692.0000      -31161.193209
2696.0000      -30997.437351
2700.0000      -30855.272789
2704.0000      -31005.498857
2708.0000      -30929.376029
2712.0000      -30879.925341
2716.0000      -31011.431054
2720.0000      -30759.372923
2724.0000      -30969.207239
2728.0000      -30824.312558
2732.0000      -31033.587283
2736.0000      -30785.661312
2740.0000      -30848.054460
2744.0000      -30841.089626
2748.0000      -30933.453776
2752.0000      -31020.616358
2756.0000      -30922.548285
2760.0000      -30958.236819
2764.0000      -30819.248298
2768.0000      -30854.636913
2772.0000      -30989.370522
2776.0000      -31046.934114
2780.0000      -30887.241326
2784.0000      -30795.714322
2788.0000      -30749.714761
2792.0000      -30867.440898
2796.0000      -31074.262989
2800.0000      -30947.463481
2804.0000      -30865.401393
2808.0000      -30976.581757
2812.0000      -30926.898022
2816.0000      -31018.063159
2820.0000      -30905.982680
2824.0000      -30915.589656
2828.0000      -30911.973424
2832.0000      -30933.427880
2836.0000      -31047.562178
2840.0000      -31032.543654
2844.0000      -31037.670085
2848.0000      -30820.616648
2852.0000      -30830.181406
2856.0000      -30894.743379
2860.0000      -31081.320959
2864.0000      -30928.155573
2868.0000      -30979.902580
2872.0000      -31067.599696
2876.0000      -31016.233894
2880.0000      -31015.355608
2884.0000      -31086.622874
2888.0000      -31021.173553
2892.0000      -31075.670660
2896.0000      -30825.465533
2900.0000      -31013.971424
2904.0000      -30978.500022
2908.0000      -31067.310781
2912.0000      -30867.804957
2916.0000      -30833.403095
2920.0000      -30926.736873
2924.0000      -30948.622174
2928.0000      -30817.423407
2932.0000      -31038.996291
2936.0000      -30784.756774
2940.0000      -30966.283267
2944.0000      -30975.141607
2948.0000      -30775.692771
2952.0000      -30874.300135
2956.0000      -30841.857985
2960.0000      -30947.442854
2964.0000      -30711.018059
2968.0000      -30789.833186
2972.0000      -31005.344493
2976.0000      -30953.298199
2980.0000      -30964.588863
2984.0000      -31019.516880
2988.0000      -31145.770562
2992.0000      -30917.566076
2996.0000      -30988.501887
3000.0000      -30796.440610
3004.0000      -30915.747016
3008.0000      -30853.506934
3012.0000      -31078.457891
3016.0000      -30828.173397
3020.0000      -30926.475212
3024.0000      -30805.783655
3028.0000      -30826.734565
3032.0000      -30956.848608
3036.0000      -30849.540215
3040.0000      -30955.178947
3044.0000      -31053.729563
3048.0000      -30885.588630
3052.0000      -30995.513053
3056.0000      -31221.464308
3060.0000      -30939.580138
3064.0000      -31019.122369
3068.0000      -30973.234794
3072.0000      -30798.271695
3076.0000      -30931.638268
3080.0000      -30989.145242
3084.0000      -30992.797253
3088.0000      -30929.079160
3092.0000      -30833.310501
3096.0000      -31159.729621
3100.0000      -30940.951019
3104.0000      -30846.027568
3108.0000      -30951.039960
3112.0000      -30910.981716
3116.0000      -30811.728802
3120.0000      -30912.942624
3124.0000      -31002.931049
3128.0000      -30886.401315
3132.0000      -30901.840767
3136.0000      -30939.624712
3140.0000      -30960.489108
3144.0000      -30961.841637
3148.0000      -30951.343848
3152.0000      -31053.381389
3156.0000      -31000.434684
3160.0000      -30794.330607
3164.0000      -30902.138922
3168.0000      -31119.321555
3172.0000      -30800.068118
3176.0000      -30953.235764
3180.0000      -30842.771042
3184.0000      -30854.879161
3188.0000      -30979.837284
3192.0000      -30935.105125
3196.0000      -30944.053509
3200.0000      -30955.823393
3204.0000      -30975.904163
3208.0000      -30946.234670
3212.0000      -31035.988969
3216.0000      -30968.846431
3220.0000      -30980.317158
3224.0000      -30925.201520
3228.0000      -30900.376574
3232.0000      -31059.781379
3236.0000      -30892.924429
3240.0000      -30936.926726
3244.0000      -30945.927575
3248.0000      -30927.026075
3252.0000      -30950.854034
3256.0000      -30685.796340
3260.0000      -30939.993002
3264.0000      -30932.490612
3268.0000      -30917.024792
3272.0000      -30817.031229
3276.0000      -30731.610864
3280.0000      -30902.134485
3284.0000      -30934.218523
3288.0000      -30815.514383
3292.0000      -30847.363919
3296.0000      -30848.189010
3300.0000      -30856.170574
3304.0000      -30848.048992
3308.0000      -30892.680878
3312.0000      -30806.832060
3316.0000      -31015.248672
3320.0000      -31119.814285
3324.0000      -30984.887916
3328.0000      -30843.151319
3332.0000      -30938.447455
3336.0000      -30999.303460
3340.0000      -30834.610820
3344.0000      -30955.305396
3348.0000      -30930.185808
3352.0000      -30792.738841
3356.0000      -30821.578263
3360.0000      -30812.195352
3364.0000      -30910.468982
3368.0000      -31038.293736
3372.0000      -30771.317813
3376.0000      -30969.823853
3380.0000      -30917.253304
3384.0000      -30810.063353
3388.0000      -31131.272094
3392.0000      -31066.469227
3396.0000      -31093.761959
3400.0000      -31061.445990
3404.0000      -30959.316549
3408.0000      -31148.910472
3412.0000      -30828.716830
3416.0000      -30782.668288
3420.0000      -31017.206719
3424.0000      -31190.157020
3428.0000      -30973.517761
3432.0000      -30786.190227
3436.0000      -30972.047642
3440.0000      -30980.493787
3444.0000      -30908.489407
3448.0000      -30994.759083
3452.0000      -30971.642222
3456.0000      -30974.441885
3460.0000      -30962.767850
3464.0000      -30879.621063
3468.0000      -30962.911170
3472.0000      -30851.603947
3476.0000      -30893.059458
3480.0000      -30811.827247
3484.0000      -30837.313356
3488.0000      -30847.028659
3492.0000      -30850.323876
3496.0000      -31069.235488
3500.0000      -30963.104882
3504.0000      -31139.443810
3508.0000      -30883.694256
3512.0000      -30829.535486
3516.0000      -30818.209287
3520.0000      -30877.935876
3524.0000      -30888.873346
3528.0000      -30999.278534
3532.0000      -30856.799726
3536.0000      -30935.274857
3540.0000      -30977.685726
3544.0000      -30818.306691
3548.0000      -30992.155811
3552.0000      -30825.984353
3556.0000      -31070.303291
3560.0000      -30895.350834
3564.0000      -30966.114952
3568.0000      -30824.086053
3572.0000      -30976.693134
3576.0000      -30993.035607
3580.0000      -30963.470043
3584.0000      -31057.044484
3588.0000      -30900.578519
3592.0000      -30972.058108
3596.0000      -31050.427318
3600.0000      -30893.912808
3604.0000      -30976.832097
3608.0000      -30985.698313
3612.0000      -30858.074431
3616.0000      -30811.564532
3620.0000      -30907.800840
3624.0000      -30932.318669
3628.0000      -30850.273909
3632.0000      -30992.436702
3636.0000      -30849.895725
3640.0000      -30975.715815
3644.0000      -31089.537586
3648.0000      -30875.204407
3652.0000      -30870.000754
3656.0000      -30860.462736
3660.0000      -30952.996791
3664.0000      -30861.937592
3668.0000      -30859.961207
3672.0000      -30949.575200
3676.0000      -30926.399480
3680.0000      -30832.300397
3684.0000      -30829.921253
3688.0000      -30927.339365
3692.0000      -30889.381217
3696.0000      -30907.520832
3700.0000      -30780.164076
3704.0000      -30842.567353
3708.0000      -31058.914588
3712.0000      -30931.815161
3716.0000      -30958.658521
3720.0000      -30858.229301
3724.0000      -30902.963567
3728.0000      -30957.258469
3732.0000      -30870.236845
3736.0000      -30983.181626
3740.0000      -30885.013281
3744.0000      -30972.662924
3748.0000      -31055.334330
3752.0000      -30741.251239
3756.0000      -30988.758290
3760.0000      -30920.499480
3764.0000      -30891.190980
3768.0000      -30966.223057
3772.0000      -30904.078981
3776.0000      -30850.926095
3780.0000      -30889.851164
3784.0000      -30811.924926
3788.0000      -30874.948772
3792.0000      -30908.136784
3796.0000      -31002.729540
3800.0000      -30958.627689
3804.0000      -30926.465032
3808.0000      -30966.447614
3812.0000      -31033.694325
3816.0000      -30835.192605
3820.0000      -30985.304263
3824.0000      -30804.729552
3828.0000      -31040.211330
3832.0000      -30840.777488
3836.0000      -31054.604454
3840.0000      -30984.172792
3844.0000      -30902.018726
3848.0000      -30947.042940
3852.0000      -31119.119479
3856.0000      -30845.705237
3860.0000      -30981.502540
3864.0000      -31029.330899
3868.0000      -31030.223119
3872.0000      -31118.432836
3876.0000      -30868.942600
3880.0000      -30993.500316
3884.0000      -30823.732127
3888.0000      -31126.270232
3892.0000      -30925.769105
3896.0000      -30930.403407
3900.0000      -30965.190572
3904.0000      -31088.781585
3908.0000      -31127.938490
3912.0000      -31073.591231
3916.0000      -30954.783795
3920.0000      -30962.324489
3924.0000      -30807.254697
3928.0000      -30802.284012
3932.0000      -30950.034902
3936.0000      -31082.850618
3940.0000      -31022.840550
3944.0000      -30928.682551
3948.0000      -30936.329684
3952.0000      -30907.509972
3956.0000      -30893.020472
3960.0000      -30949.209853
3964.0000      -30821.104316
3968.0000      -30918.041492
3972.0000      -30864.626543
3976.0000      -30909.614937
3980.0000      -30961.853261
3984.0000      -31039.506278
3988.0000      -30777.094799
3992.0000      -31002.105057
3996.0000      -30907.937953
4000.0000      -30873.140471
4004.0000      -30873.140471
